Date,Light Score ,Locality,Genus,Species,Family,Flight,Flight Call,Habitat,Stratum
2000-03-06,3.0,MP,Melospiza,melodia,Passerellidae,5124,Yes,Edge,Lower
2000-03-06,3.0,MP,Junco,hyemalis,Passerellidae,6303,Yes,Edge,Lower
2000-03-06,3.0,MP,Spizelloides,arborea,Passerellidae,1262,Yes,Edge,Lower
2000-03-06,3.0,MP,Melospiza,melodia,Passerellidae,5124,Yes,Edge,Lower
2000-03-08,15.0,MP,Passerella,iliaca,Passerellidae,2443,Yes,Edge,Lower
2000-03-08,15.0,MP,Passerella,iliaca,Passerellidae,2443,Yes,Edge,Lower
2000-03-08,15.0,MP,Melospiza,melodia,Passerellidae,5124,Yes,Edge,Lower
2000-03-08,15.0,MP,Melospiza,melodia,Passerellidae,5124,Yes,Edge,Lower
2000-03-08,15.0,MP,Passerella,iliaca,Passerellidae,2443,Yes,Edge,Lower
2000-03-08,15.0,MP,Melospiza,melodia,Passerellidae,5124,Yes,Edge,Lower
2000-03-08,15.0,MP,Melospiza,melodia,Passerellidae,5124,Yes,Edge,Lower
2000-03-08,15.0,MP,Spizelloides,arborea,Passerellidae,1262,Yes,Edge,Lower
2000-03-08,15.0,MP,Melospiza,melodia,Passerellidae,5124,Yes,Edge,Lower
2000-03-08,15.0,MP,Melospiza,melodia,Passerellidae,5124,Yes,Edge,Lower
2000-03-08,15.0,MP,Spizelloides,arborea,Passerellidae,1262,Yes,Edge,Lower
2000-03-08,15.0,MP,Melospiza,melodia,Passerellidae,5124,Yes,Edge,Lower
2000-03-08,15.0,MP,Spizelloides,arborea,Passerellidae,1262,Yes,Edge,Lower
2000-03-08,15.0,MP,Melospiza,melodia,Passerellidae,5124,Yes,Edge,Lower
2000-03-08,15.0,MP,Melospiza,melodia,Passerellidae,5124,Yes,Edge,Lower
2000-03-10,3.0,MP,Melospiza,melodia,Passerellidae,5124,Yes,Edge,Lower
2000-03-31,3.0,MP,Melospiza,melodia,Passerellidae,5124,Yes,Edge,Lower
2000-03-31,3.0,MP,Melospiza,melodia,Passerellidae,5124,Yes,Edge,Lower
2000-04-02,17.0,MP,Melospiza,melodia,Passerellidae,5124,Yes,Edge,Lower
2000-04-02,17.0,MP,Passerella,iliaca,Passerellidae,2443,Yes,Edge,Lower
2000-04-02,17.0,MP,Junco,hyemalis,Passerellidae,6303,Yes,Edge,Lower
2000-04-02,17.0,MP,Melospiza,melodia,Passerellidae,5124,Yes,Edge,Lower
2000-04-02,17.0,MP,Melospiza,melodia,Passerellidae,5124,Yes,Edge,Lower
2000-04-02,17.0,MP,Melospiza,melodia,Passerellidae,5124,Yes,Edge,Lower
2000-04-14,4.0,MP,Melospiza,melodia,Passerellidae,5124,Yes,Edge,Lower
2000-04-14,4.0,MP,Melospiza,melodia,Passerellidae,5124,Yes,Edge,Lower
2000-04-14,4.0,MP,Junco,hyemalis,Passerellidae,6303,Yes,Edge,Lower
2000-04-14,4.0,MP,Catharus,guttatus,Turdidae,3729,Yes,Forest,Lower
2000-04-14,4.0,MP,Catharus,guttatus,Turdidae,3729,Yes,Forest,Lower
2000-04-14,4.0,MP,Junco,hyemalis,Passerellidae,6303,Yes,Edge,Lower
2000-04-14,4.0,MP,Catharus,guttatus,Turdidae,3729,Yes,Forest,Lower
2000-04-14,4.0,MP,Melospiza,melodia,Passerellidae,5124,Yes,Edge,Lower
2000-04-15,4.0,MP,Catharus,guttatus,Turdidae,3729,Yes,Forest,Lower
2000-04-15,4.0,MP,Passerella,iliaca,Passerellidae,2443,Yes,Edge,Lower
2000-04-30,14.0,MP,Catharus,guttatus,Turdidae,3729,Yes,Forest,Lower
2000-05-01,14.0,MP,Melospiza,lincolnii,Passerellidae,2029,yes,edge,Lower
2000-05-01,14.0,MP,Zonotrichia,albicollis,Passerellidae,10133,Yes,Forest,Lower
2000-05-01,14.0,MP,Zonotrichia,albicollis,Passerellidae,10133,Yes,Forest,Lower
2000-05-01,14.0,MP,Hylocichla,mustelina,Turdidae,500,Yes,Forest,Lower
2000-05-01,14.0,MP,Passerculus,sandwichensis,Passerellidae,274,yes,open,Lower	
2000-05-01,14.0,MP,Catharus,fuscescens,Turdidae,727,Yes,Forest,Lower
2000-05-01,14.0,MP,Zonotrichia,albicollis,Passerellidae,10133,Yes,Forest,Lower
2000-05-01,14.0,MP,Seiurus,aurocapilla,Parulidae,4580,Yes,Forest,Lower
2000-05-01,14.0,MP,Zonotrichia,albicollis,Passerellidae,10133,Yes,Forest,Lower
2000-05-01,14.0,MP,Melospiza,lincolnii,Passerellidae,2029,yes,edge,Lower
2000-05-01,14.0,MP,Seiurus,aurocapilla,Parulidae,4580,Yes,Forest,Lower
2000-05-01,14.0,MP,Seiurus,aurocapilla,Parulidae,4580,Yes,Forest,Lower
2000-05-01,14.0,CHI,Seiurus,aurocapilla,Parulidae,4580,Yes,Forest,Lower
2000-05-01,14.0,CHI,Seiurus,aurocapilla,Parulidae,4580,Yes,Forest,Lower
2000-05-01,14.0,MP,Passerculus,sandwichensis,Passerellidae,274,yes,open,Lower	
2000-05-01,14.0,MP,Vermivora,chrysoptera,Parulidae,53,Yes,Edge,Upper
2000-05-01,14.0,MP,Ammodramus,savannarum,Passerellidae,106,Yes,Open,Lower
2000-05-01,14.0,MP,Spizella,pusilla,Passerellidae,325,Yes,Open,Lower
2000-05-01,14.0,MP,catharus,ustulatus,Turdidae,2331,Yes,Forest,Lower
2000-05-01,14.0,MP,catharus,ustulatus,Turdidae,2331,Yes,Forest,Lower
2000-05-01,14.0,MP,Zonotrichia,leucophrys,Passerellidae,1090,Yes,Edge,Lower
2000-05-01,14.0,MP,Passerculus,sandwichensis,Passerellidae,274,yes,open,Lower	
2000-05-01,14.0,MP,Zonotrichia,albicollis,Passerellidae,10133,Yes,Forest,Lower
2000-05-03,3.0,MP,Zonotrichia,albicollis,Passerellidae,10133,Yes,Forest,Lower
2000-05-03,3.0,MP,Zonotrichia,albicollis,Passerellidae,10133,Yes,Forest,Lower
2000-05-03,3.0,MP,Geothlypis,trichas,Parulidae,1555,Yes,Open,Lower
2000-05-04,14.0,MP,Seiurus,aurocapilla,Parulidae,4580,Yes,Forest,Lower
2000-05-04,14.0,MP,Passerculus,sandwichensis,Passerellidae,274,yes,open,Lower	
2000-05-04,14.0,MP,Zonotrichia,leucophrys,Passerellidae,1090,Yes,Edge,Lower
2000-05-04,14.0,MP,Zonotrichia,leucophrys,Passerellidae,1090,Yes,Edge,Lower
2000-05-04,14.0,MP,Zonotrichia,leucophrys,Passerellidae,1090,Yes,Edge,Lower
2000-05-04,14.0,MP,Zonotrichia,leucophrys,Passerellidae,1090,Yes,Edge,Lower
2000-05-04,14.0,MP,Zonotrichia,leucophrys,Passerellidae,1090,Yes,Edge,Lower
2000-05-04,14.0,MP,Zonotrichia,leucophrys,Passerellidae,1090,Yes,Edge,Lower
2000-05-04,14.0,MP,catharus,ustulatus,Turdidae,2331,Yes,Forest,Lower
2000-05-04,14.0,MP,Junco,hyemalis,Passerellidae,6303,Yes,Edge,Lower
2000-05-04,14.0,MP,Geothlypis,trichas,Parulidae,1555,Yes,Open,Lower
2000-05-04,14.0,MP,Zonotrichia,albicollis,Passerellidae,10133,Yes,Forest,Lower
2000-05-04,14.0,MP,Zonotrichia,albicollis,Passerellidae,10133,Yes,Forest,Lower
2000-05-04,14.0,MP,Zonotrichia,albicollis,Passerellidae,10133,Yes,Forest,Lower
2000-05-04,14.0,MP,Passerina,cyanea,Cardinalidae,725,yes,edge,Upper
2000-05-04,14.0,MP,dumetella,carolinensis,Mimidae,599,no,edge,Lower
2000-05-04,14.0,MP,dumetella,carolinensis,Mimidae,599,no,edge,Lower
2000-05-04,14.0,MP,Passerina,cyanea,Cardinalidae,725,yes,edge,Upper
2000-05-04,14.0,MP,Oreothlypis,celata,Parulidae,227,Yes,Edge,Lower
2000-05-04,14.0,MP,Zonotrichia,albicollis,Passerellidae,10133,Yes,Forest,Lower
2000-05-04,14.0,MP,Oreothlypis,peregrina,Parulidae,2515,Yes,Edge,Upper
2000-05-04,14.0,MP,Zonotrichia,albicollis,Passerellidae,10133,Yes,Forest,Lower
2000-05-04,14.0,MP,Melospiza,lincolnii,Passerellidae,2029,yes,edge,Lower
2000-05-04,14.0,MP,Melospiza,lincolnii,Passerellidae,2029,yes,edge,Lower
2000-05-04,14.0,MP,Catharus,fuscescens,Turdidae,727,Yes,Forest,Lower
2000-05-04,14.0,MP,Oreothlypis,ruficapilla,Parulidae,1690,Yes,Forest,Upper
2000-05-04,14.0,MP,Catharus,fuscescens,Turdidae,727,Yes,Forest,Lower
2000-05-04,14.0,MP,Melospiza,lincolnii,Passerellidae,2029,yes,edge,Lower
2000-05-04,14.0,MP,Catharus,fuscescens,Turdidae,727,Yes,Forest,Lower
2000-05-04,14.0,MP,Seiurus,aurocapilla,Parulidae,4580,Yes,Forest,Lower
2000-05-04,14.0,MP,Geothlypis,trichas,Parulidae,1555,Yes,Open,Lower
2000-05-05,16.0,MP,Pheucticus,ludovicianus,Cardinalidae,397,Yes,Forest,Upper
2000-05-05,16.0,MP,Parkesia,noveboracensis,Parulidae,916,Yes,Forest,Lower
2000-05-05,16.0,MP,Zonotrichia,leucophrys,Passerellidae,1090,Yes,Edge,Lower
2000-05-05,16.0,MP,Setophaga,palmarum,Parulidae,694,Yes,Edge,Lower
2000-05-05,16.0,MP,Setophaga,coronata,Parulidae,887,yes,forest,Upper
2000-05-05,16.0,MP,dumetella,carolinensis,Mimidae,599,no,edge,Lower
2000-05-05,16.0,MP,Zonotrichia,albicollis,Passerellidae,10133,Yes,Forest,Lower
2000-05-05,16.0,MP,Zonotrichia,albicollis,Passerellidae,10133,Yes,Forest,Lower
2000-05-05,16.0,MP,Zonotrichia,albicollis,Passerellidae,10133,Yes,Forest,Lower
2000-05-05,16.0,MP,Zonotrichia,albicollis,Passerellidae,10133,Yes,Forest,Lower
2000-05-05,16.0,MP,Spizella,pusilla,Passerellidae,325,Yes,Open,Lower
2000-05-05,16.0,MP,Hylocichla,mustelina,Turdidae,500,Yes,Forest,Lower
2000-05-05,16.0,MP,Oreothlypis,peregrina,Parulidae,2515,Yes,Edge,Upper
2000-05-05,16.0,MP,Parkesia,noveboracensis,Parulidae,916,Yes,Forest,Lower
2000-05-05,16.0,CHI,Setophaga,virens,Parulidae,223,Yes,Forest,Upper
2000-05-05,16.0,MP,Spizella,pallida,Passerellidae,50,Yes,Open,Lower
2000-05-05,16.0,MP,Melospiza,lincolnii,Passerellidae,2029,yes,edge,Lower
2000-05-05,16.0,MP,Melospiza,lincolnii,Passerellidae,2029,yes,edge,Lower
2000-05-05,16.0,MP,Melospiza,lincolnii,Passerellidae,2029,yes,edge,Lower
2000-05-05,16.0,MP,Melospiza,lincolnii,Passerellidae,2029,yes,edge,Lower
2000-05-05,16.0,MP,Catharus,fuscescens,Turdidae,727,Yes,Forest,Lower
2000-05-06,4.0,CHI,Oreothlypis,peregrina,Parulidae,2515,Yes,Edge,Upper
2000-05-06,4.0,MP,Cardellina,canadensis,Parulidae,241,Yes,Forest,Lower
2000-05-06,4.0,CHI,Parkesia,noveboracensis,Parulidae,916,Yes,Forest,Lower
2000-05-06,4.0,MP,Catharus,guttatus,Turdidae,3729,Yes,Forest,Lower
2000-05-06,4.0,MP,Parkesia,noveboracensis,Parulidae,916,Yes,Forest,Lower
2000-05-06,4.0,CHI,Setophaga,castanea,Parulidae,287,Yes,Forest,Upper
2000-05-06,4.0,MP,dumetella,carolinensis,Mimidae,599,no,edge,Lower
2000-05-06,4.0,MP,Zonotrichia,albicollis,Passerellidae,10133,Yes,Forest,Lower
2000-05-06,4.0,CHI,Zonotrichia,albicollis,Passerellidae,10133,Yes,Forest,Lower
2000-05-06,4.0,MP,Zonotrichia,albicollis,Passerellidae,10133,Yes,Forest,Lower
2000-05-08,4.0,CHI,Setophaga,palmarum,Parulidae,694,Yes,Edge,Lower
2000-05-08,4.0,MP,Seiurus,aurocapilla,Parulidae,4580,Yes,Forest,Lower
2000-05-08,4.0,MP,Geothlypis,trichas,Parulidae,1555,Yes,Open,Lower
2000-05-08,4.0,MP,Geothlypis,trichas,Parulidae,1555,Yes,Open,Lower
2000-05-08,4.0,CHI,Mniotilta,varia,Parulidae,620,Yes,Forest,Upper
2000-05-11,9.0,MP,Melospiza,lincolnii,Passerellidae,2029,yes,edge,Lower
2000-05-11,9.0,MP,Spizella,pallida,Passerellidae,50,Yes,Open,Lower
2000-05-12,10.0,MP,Melospiza,lincolnii,Passerellidae,2029,yes,edge,Lower
2000-05-12,10.0,MP,Spizella,pusilla,Passerellidae,325,Yes,Open,Lower
2000-05-12,10.0,MP,Melospiza,lincolnii,Passerellidae,2029,yes,edge,Lower
2000-05-12,10.0,CHI,Seiurus,aurocapilla,Parulidae,4580,Yes,Forest,Lower
2000-05-12,10.0,MP,Passerina,cyanea,Cardinalidae,725,yes,edge,Upper
2000-05-12,10.0,MP,Passerina,cyanea,Cardinalidae,725,yes,edge,Upper
2000-05-12,10.0,MP,Seiurus,aurocapilla,Parulidae,4580,Yes,Forest,Lower
2000-05-12,10.0,MP,Hylocichla,mustelina,Turdidae,500,Yes,Forest,Lower
2000-05-12,10.0,MP,Melospiza,lincolnii,Passerellidae,2029,yes,edge,Lower
2000-05-12,10.0,MP,Zonotrichia,leucophrys,Passerellidae,1090,Yes,Edge,Lower
2000-05-12,10.0,MP,Geothlypis,trichas,Parulidae,1555,Yes,Open,Lower
2000-05-12,10.0,MP,geothlypis,philadelphia,Parulidae,430,Yes,Edge,Lower
2000-05-12,10.0,MP,Passerculus,sandwichensis,Passerellidae,274,yes,open,Lower	
2000-05-13,9.0,MP,Setophaga,striata,Parulidae,787,Yes,Forest,Upper
2000-05-13,9.0,CHI,Setophaga,tigrina,Parulidae,182,Yes,Forest,Upper
2000-05-13,9.0,MP,setophaga,ruticilla,Parulidae,868,Yes,Edge,Upper
2000-05-13,9.0,CHI,Zonotrichia,leucophrys,Passerellidae,1090,Yes,Edge,Lower
2000-05-13,9.0,MP,Geothlypis,trichas,Parulidae,1555,Yes,Open,Lower
2000-05-13,9.0,MP,Geothlypis,trichas,Parulidae,1555,Yes,Open,Lower
2000-05-13,9.0,MP,Catharus,fuscescens,Turdidae,727,Yes,Forest,Lower
2000-05-17,3.0,MP,Piranga,olivacea,Cardinalidae,127,Yes,Forest,Upper
2000-05-17,3.0,MP,Geothlypis,trichas,Parulidae,1555,Yes,Open,Lower
2000-05-17,3.0,MP,Melospiza,lincolnii,Passerellidae,2029,yes,edge,Lower
2000-05-17,3.0,MP,Setophaga,castanea,Parulidae,287,Yes,Forest,Upper
2000-05-23,11.0,CHI,Geothlypis,trichas,Parulidae,1555,Yes,Open,Lower
2000-05-23,11.0,CHI,catharus,ustulatus,Turdidae,2331,Yes,Forest,Lower
2000-05-23,11.0,MP,catharus,ustulatus,Turdidae,2331,Yes,Forest,Lower
2000-05-23,11.0,MP,Geothlypis,trichas,Parulidae,1555,Yes,Open,Lower
2000-05-23,11.0,MP,Geothlypis,trichas,Parulidae,1555,Yes,Open,Lower
2000-05-23,11.0,CHI,geothlypis,philadelphia,Parulidae,430,Yes,Edge,Lower
2000-05-24,3.0,CHI,Geothlypis,trichas,Parulidae,1555,Yes,Open,Lower
2000-05-24,3.0,CHI,Zonotrichia,leucophrys,Passerellidae,1090,Yes,Edge,Lower
2000-05-24,3.0,CHI,Seiurus,aurocapilla,Parulidae,4580,Yes,Forest,Lower
2000-05-24,3.0,MP,catharus,ustulatus,Turdidae,2331,Yes,Forest,Lower
2000-05-24,3.0,CHI,Seiurus,aurocapilla,Parulidae,4580,Yes,Forest,Lower
2000-05-24,3.0,MP,Geothlypis,trichas,Parulidae,1555,Yes,Open,Lower
2000-05-29,17.0,MP,Catharus,minimus,Turdidae,822,Yes,Forest,Lower
2000-05-29,17.0,MP,setophaga,ruticilla,Parulidae,868,Yes,Edge,Upper
2000-05-30,9.0,CHI,catharus,ustulatus,Turdidae,2331,Yes,Forest,Lower
2000-09-04,16.0,MP,geothlypis,philadelphia,Parulidae,430,Yes,Edge,Lower
2000-09-04,16.0,MP,Oreothlypis,peregrina,Parulidae,2515,Yes,Edge,Upper
2000-09-04,16.0,MP,Setophaga,pensylvanica,Parulidae,303,Yes,Edge,Upper
2000-09-04,16.0,MP,catharus,ustulatus,Turdidae,2331,Yes,Forest,Lower
2000-09-05,16.0,MP,Oreothlypis,peregrina,Parulidae,2515,Yes,Edge,Upper
2000-09-08,16.0,MP,Oreothlypis,peregrina,Parulidae,2515,Yes,Edge,Upper
2000-09-08,16.0,MP,Catharus,fuscescens,Turdidae,727,Yes,Forest,Lower
2000-09-08,16.0,MP,Oreothlypis,peregrina,Parulidae,2515,Yes,Edge,Upper
2000-09-08,16.0,MP,Setophaga,tigrina,Parulidae,182,Yes,Forest,Upper
2000-09-08,16.0,MP,Oreothlypis,peregrina,Parulidae,2515,Yes,Edge,Upper
2000-09-08,16.0,MP,Oreothlypis,peregrina,Parulidae,2515,Yes,Edge,Upper
2000-09-08,16.0,MP,Oreothlypis,peregrina,Parulidae,2515,Yes,Edge,Upper
2000-09-08,16.0,MP,Oreothlypis,ruficapilla,Parulidae,1690,Yes,Forest,Upper
2000-09-08,16.0,CHI,catharus,ustulatus,Turdidae,2331,Yes,Forest,Lower
2000-09-08,16.0,MP,Setophaga,magnolia,Parulidae,1224,yes,forest,Upper
2000-09-08,16.0,MP,Parkesia,noveboracensis,Parulidae,916,Yes,Forest,Lower
2000-09-08,16.0,MP,Seiurus,aurocapilla,Parulidae,4580,Yes,Forest,Lower
2000-09-08,16.0,MP,Seiurus,aurocapilla,Parulidae,4580,Yes,Forest,Lower
2000-09-08,16.0,MP,Oreothlypis,peregrina,Parulidae,2515,Yes,Edge,Upper
2000-09-08,16.0,MP,catharus,ustulatus,Turdidae,2331,Yes,Forest,Lower
2000-09-08,16.0,MP,Oreothlypis,peregrina,Parulidae,2515,Yes,Edge,Upper
2000-09-08,16.0,MP,Oreothlypis,peregrina,Parulidae,2515,Yes,Edge,Upper
2000-09-08,16.0,MP,Oreothlypis,peregrina,Parulidae,2515,Yes,Edge,Upper
2000-09-08,16.0,MP,catharus,ustulatus,Turdidae,2331,Yes,Forest,Lower
2000-09-08,16.0,MP,Seiurus,aurocapilla,Parulidae,4580,Yes,Forest,Lower
2000-09-08,16.0,MP,Oreothlypis,peregrina,Parulidae,2515,Yes,Edge,Upper
2000-09-08,16.0,MP,Catharus,fuscescens,Turdidae,727,Yes,Forest,Lower
2000-09-08,16.0,MP,Seiurus,aurocapilla,Parulidae,4580,Yes,Forest,Lower
2000-09-08,16.0,MP,setophaga,ruticilla,Parulidae,868,Yes,Edge,Upper
2000-09-09,16.0,MP,Oreothlypis,peregrina,Parulidae,2515,Yes,Edge,Upper
2000-09-09,16.0,MP,Oreothlypis,peregrina,Parulidae,2515,Yes,Edge,Upper
2000-09-09,16.0,MP,Catharus,fuscescens,Turdidae,727,Yes,Forest,Lower
2000-09-09,16.0,MP,Setophaga,striata,Parulidae,787,Yes,Forest,Upper
2000-09-09,16.0,MP,Setophaga,castanea,Parulidae,287,Yes,Forest,Upper
2000-09-09,16.0,MP,Oreothlypis,peregrina,Parulidae,2515,Yes,Edge,Upper
2000-09-09,16.0,MP,Seiurus,aurocapilla,Parulidae,4580,Yes,Forest,Lower
2000-09-09,16.0,MP,Oreothlypis,peregrina,Parulidae,2515,Yes,Edge,Upper
2000-09-09,16.0,MP,Oreothlypis,peregrina,Parulidae,2515,Yes,Edge,Upper
2000-09-09,16.0,MP,Seiurus,aurocapilla,Parulidae,4580,Yes,Forest,Lower
2000-09-09,16.0,MP,Oreothlypis,peregrina,Parulidae,2515,Yes,Edge,Upper
2000-09-09,16.0,MP,Catharus,fuscescens,Turdidae,727,Yes,Forest,Lower
2000-09-09,16.0,MP,Oreothlypis,peregrina,Parulidae,2515,Yes,Edge,Upper
2000-09-09,16.0,MP,Parkesia,noveboracensis,Parulidae,916,Yes,Forest,Lower
2000-09-09,16.0,MP,Oreothlypis,peregrina,Parulidae,2515,Yes,Edge,Upper
2000-09-09,16.0,MP,Catharus,fuscescens,Turdidae,727,Yes,Forest,Lower
2000-09-09,16.0,MP,Oreothlypis,peregrina,Parulidae,2515,Yes,Edge,Upper
2000-09-09,16.0,MP,Oreothlypis,peregrina,Parulidae,2515,Yes,Edge,Upper
2000-09-09,16.0,MP,Oreothlypis,peregrina,Parulidae,2515,Yes,Edge,Upper
2000-09-09,16.0,MP,Oreothlypis,peregrina,Parulidae,2515,Yes,Edge,Upper
2000-09-09,16.0,MP,catharus,ustulatus,Turdidae,2331,Yes,Forest,Lower
2000-09-09,16.0,MP,Oreothlypis,peregrina,Parulidae,2515,Yes,Edge,Upper
2000-09-09,16.0,MP,Oreothlypis,peregrina,Parulidae,2515,Yes,Edge,Upper
2000-09-09,16.0,MP,Oreothlypis,peregrina,Parulidae,2515,Yes,Edge,Upper
2000-09-09,16.0,MP,Oreothlypis,peregrina,Parulidae,2515,Yes,Edge,Upper
2000-09-09,16.0,MP,Oreothlypis,peregrina,Parulidae,2515,Yes,Edge,Upper
2000-09-09,16.0,MP,Catharus,fuscescens,Turdidae,727,Yes,Forest,Lower
2000-09-09,16.0,MP,Oreothlypis,peregrina,Parulidae,2515,Yes,Edge,Upper
2000-09-09,16.0,MP,Oreothlypis,peregrina,Parulidae,2515,Yes,Edge,Upper
2000-09-09,16.0,MP,Oreothlypis,peregrina,Parulidae,2515,Yes,Edge,Upper
2000-09-10,16.0,MP,Oreothlypis,peregrina,Parulidae,2515,Yes,Edge,Upper
2000-09-10,16.0,CHI,Seiurus,aurocapilla,Parulidae,4580,Yes,Forest,Lower
2000-09-10,16.0,MP,catharus,ustulatus,Turdidae,2331,Yes,Forest,Lower
2000-09-10,16.0,MP,Oreothlypis,peregrina,Parulidae,2515,Yes,Edge,Upper
2000-09-10,16.0,MP,Oreothlypis,peregrina,Parulidae,2515,Yes,Edge,Upper
2000-09-10,16.0,MP,Seiurus,aurocapilla,Parulidae,4580,Yes,Forest,Lower
2000-09-10,16.0,MP,Oreothlypis,peregrina,Parulidae,2515,Yes,Edge,Upper
2000-09-10,16.0,MP,Oreothlypis,peregrina,Parulidae,2515,Yes,Edge,Upper
2000-09-10,16.0,MP,Oreothlypis,peregrina,Parulidae,2515,Yes,Edge,Upper
2000-09-10,16.0,MP,geothlypis,philadelphia,Parulidae,430,Yes,Edge,Lower
2000-09-10,16.0,MP,Setophaga,striata,Parulidae,787,Yes,Forest,Upper
2000-09-11,16.0,MP,Oreothlypis,peregrina,Parulidae,2515,Yes,Edge,Upper
2000-09-11,16.0,MP,Setophaga,virens,Parulidae,223,Yes,Forest,Upper
2000-09-11,16.0,MP,Oreothlypis,peregrina,Parulidae,2515,Yes,Edge,Upper
2000-09-11,16.0,MP,Oreothlypis,peregrina,Parulidae,2515,Yes,Edge,Upper
2000-09-11,16.0,MP,Oreothlypis,peregrina,Parulidae,2515,Yes,Edge,Upper
2000-09-11,16.0,MP,Mniotilta,varia,Parulidae,620,Yes,Forest,Upper
2000-09-11,16.0,MP,Oreothlypis,peregrina,Parulidae,2515,Yes,Edge,Upper
2000-09-11,16.0,MP,Oreothlypis,peregrina,Parulidae,2515,Yes,Edge,Upper
2000-09-11,16.0,CHI,catharus,ustulatus,Turdidae,2331,Yes,Forest,Lower
2000-09-12,16.0,MP,Oreothlypis,peregrina,Parulidae,2515,Yes,Edge,Upper
2000-09-12,16.0,MP,Oreothlypis,peregrina,Parulidae,2515,Yes,Edge,Upper
2000-09-12,16.0,MP,Oreothlypis,peregrina,Parulidae,2515,Yes,Edge,Upper
2000-09-12,16.0,MP,Oreothlypis,peregrina,Parulidae,2515,Yes,Edge,Upper
2000-09-12,16.0,MP,Parkesia,noveboracensis,Parulidae,916,Yes,Forest,Lower
2000-09-12,16.0,MP,Seiurus,aurocapilla,Parulidae,4580,Yes,Forest,Lower
2000-09-12,16.0,MP,Mniotilta,varia,Parulidae,620,Yes,Forest,Upper
2000-09-12,16.0,MP,Seiurus,aurocapilla,Parulidae,4580,Yes,Forest,Lower
2000-09-12,16.0,MP,catharus,ustulatus,Turdidae,2331,Yes,Forest,Lower
2000-09-12,16.0,MP,Seiurus,aurocapilla,Parulidae,4580,Yes,Forest,Lower
2000-09-12,16.0,MP,Pheucticus,ludovicianus,Cardinalidae,397,Yes,Forest,Upper
2000-09-12,16.0,MP,catharus,ustulatus,Turdidae,2331,Yes,Forest,Lower
2000-09-12,16.0,MP,catharus,ustulatus,Turdidae,2331,Yes,Forest,Lower
2000-09-12,16.0,MP,Oreothlypis,peregrina,Parulidae,2515,Yes,Edge,Upper
2000-09-12,16.0,MP,Oreothlypis,peregrina,Parulidae,2515,Yes,Edge,Upper
2000-09-12,16.0,MP,Oreothlypis,peregrina,Parulidae,2515,Yes,Edge,Upper
2000-09-12,16.0,MP,catharus,ustulatus,Turdidae,2331,Yes,Forest,Lower
2000-09-12,16.0,CHI,catharus,ustulatus,Turdidae,2331,Yes,Forest,Lower
2000-09-12,16.0,MP,Seiurus,aurocapilla,Parulidae,4580,Yes,Forest,Lower
2000-09-12,16.0,MP,Oreothlypis,peregrina,Parulidae,2515,Yes,Edge,Upper
2000-09-12,16.0,MP,setophaga,ruticilla,Parulidae,868,Yes,Edge,Upper
2000-09-12,16.0,MP,Oreothlypis,peregrina,Parulidae,2515,Yes,Edge,Upper
2000-09-12,16.0,MP,setophaga,ruticilla,Parulidae,868,Yes,Edge,Upper
2000-09-12,16.0,MP,catharus,ustulatus,Turdidae,2331,Yes,Forest,Lower
2000-09-12,16.0,MP,catharus,ustulatus,Turdidae,2331,Yes,Forest,Lower
2000-09-12,16.0,MP,catharus,ustulatus,Turdidae,2331,Yes,Forest,Lower
2000-09-12,16.0,MP,catharus,ustulatus,Turdidae,2331,Yes,Forest,Lower
2000-09-12,16.0,MP,Seiurus,aurocapilla,Parulidae,4580,Yes,Forest,Lower
2000-09-12,16.0,MP,Setophaga,magnolia,Parulidae,1224,yes,forest,Upper
2000-09-13,16.0,MP,Toxostoma,rufum,Mimidae,166,No,Edge,Lower
2000-09-13,16.0,MP,Setophaga,pensylvanica,Parulidae,303,Yes,Edge,Upper
2000-09-13,16.0,MP,catharus,ustulatus,Turdidae,2331,Yes,Forest,Lower
2000-09-13,16.0,MP,catharus,ustulatus,Turdidae,2331,Yes,Forest,Lower
2000-09-13,16.0,MP,Oreothlypis,peregrina,Parulidae,2515,Yes,Edge,Upper
2000-09-13,16.0,MP,Oreothlypis,peregrina,Parulidae,2515,Yes,Edge,Upper
2000-09-13,16.0,MP,Catharus,minimus,Turdidae,822,Yes,Forest,Lower
2000-09-13,16.0,MP,Oreothlypis,peregrina,Parulidae,2515,Yes,Edge,Upper
2000-09-13,16.0,MP,Oreothlypis,peregrina,Parulidae,2515,Yes,Edge,Upper
2000-09-13,16.0,MP,catharus,ustulatus,Turdidae,2331,Yes,Forest,Lower
2000-09-13,16.0,MP,Catharus,guttatus,Turdidae,3729,Yes,Forest,Lower
2000-09-13,16.0,MP,Parkesia,noveboracensis,Parulidae,916,Yes,Forest,Lower
2000-09-13,16.0,MP,Oreothlypis,peregrina,Parulidae,2515,Yes,Edge,Upper
2000-09-13,16.0,MP,Seiurus,aurocapilla,Parulidae,4580,Yes,Forest,Lower
2000-09-13,16.0,MP,Setophaga,castanea,Parulidae,287,Yes,Forest,Upper
2000-09-13,16.0,MP,setophaga,ruticilla,Parulidae,868,Yes,Edge,Upper
2000-09-13,16.0,MP,Catharus,minimus,Turdidae,822,Yes,Forest,Lower
2000-09-13,16.0,MP,Oreothlypis,peregrina,Parulidae,2515,Yes,Edge,Upper
2000-09-13,16.0,MP,Seiurus,aurocapilla,Parulidae,4580,Yes,Forest,Lower
2000-09-13,16.0,MP,catharus,ustulatus,Turdidae,2331,Yes,Forest,Lower
2000-09-13,16.0,MP,Seiurus,aurocapilla,Parulidae,4580,Yes,Forest,Lower
2000-09-13,16.0,MP,Oporornis,agilis,Parulidae,365,Yes,Forest,Lower
2000-09-14,16.0,MP,Setophaga,magnolia,Parulidae,1224,yes,forest,Upper
2000-09-14,16.0,MP,Oreothlypis,peregrina,Parulidae,2515,Yes,Edge,Upper
2000-09-14,16.0,MP,catharus,ustulatus,Turdidae,2331,Yes,Forest,Lower
2000-09-14,16.0,CHI,catharus,ustulatus,Turdidae,2331,Yes,Forest,Lower
2000-09-14,16.0,MP,catharus,ustulatus,Turdidae,2331,Yes,Forest,Lower
2000-09-14,16.0,MP,Oreothlypis,peregrina,Parulidae,2515,Yes,Edge,Upper
2000-09-15,15.0,CHI,Zonotrichia,albicollis,Passerellidae,10133,Yes,Forest,Lower
2000-09-15,15.0,MP,Oreothlypis,peregrina,Parulidae,2515,Yes,Edge,Upper
2000-09-15,15.0,MP,Oreothlypis,peregrina,Parulidae,2515,Yes,Edge,Upper
2000-09-15,15.0,MP,Zonotrichia,albicollis,Passerellidae,10133,Yes,Forest,Lower
2000-09-15,15.0,MP,geothlypis,philadelphia,Parulidae,430,Yes,Edge,Lower
2000-09-15,15.0,MP,Cistothorus,platensis,Troglodytidae,60,no,open,Lower
2000-09-15,15.0,MP,Oporornis,agilis,Parulidae,365,Yes,Forest,Lower
2000-09-15,15.0,MP,Oporornis,agilis,Parulidae,365,Yes,Forest,Lower
2000-09-15,15.0,MP,Melospiza,lincolnii,Passerellidae,2029,yes,edge,Lower
2000-09-15,15.0,MP,Geothlypis,trichas,Parulidae,1555,Yes,Open,Lower
2000-09-15,15.0,MP,Sitta,canadensis,Sittidae,260,Yes,Forest,Upper
2000-09-15,15.0,MP,Oreothlypis,ruficapilla,Parulidae,1690,Yes,Forest,Upper
2000-09-15,15.0,MP,Setophaga,striata,Parulidae,787,Yes,Forest,Upper
2000-09-15,15.0,MP,Oreothlypis,ruficapilla,Parulidae,1690,Yes,Forest,Upper
2000-09-15,15.0,MP,Setophaga,magnolia,Parulidae,1224,yes,forest,Upper
2000-09-15,15.0,MP,Parkesia,noveboracensis,Parulidae,916,Yes,Forest,Lower
2000-09-15,15.0,MP,Parkesia,noveboracensis,Parulidae,916,Yes,Forest,Lower
2000-09-15,15.0,MP,dumetella,carolinensis,Mimidae,599,no,edge,Lower
2000-09-15,15.0,MP,Setophaga,caerulescens,Parulidae,183,Yes,Forest,Upper
2000-09-15,15.0,MP,Seiurus,aurocapilla,Parulidae,4580,Yes,Forest,Lower
2000-09-15,15.0,MP,Oreothlypis,ruficapilla,Parulidae,1690,Yes,Forest,Upper
2000-09-15,15.0,MP,Setophaga,striata,Parulidae,787,Yes,Forest,Upper
2000-09-15,15.0,MP,catharus,ustulatus,Turdidae,2331,Yes,Forest,Lower
2000-09-15,15.0,MP,Setophaga,striata,Parulidae,787,Yes,Forest,Upper
2000-09-15,15.0,MP,Cistothorus,platensis,Troglodytidae,60,no,open,Lower
2000-09-15,15.0,MP,Setophaga,striata,Parulidae,787,Yes,Forest,Upper
2000-09-15,15.0,MP,Melospiza,lincolnii,Passerellidae,2029,yes,edge,Lower
2000-09-15,15.0,MP,Geothlypis,trichas,Parulidae,1555,Yes,Open,Lower
2000-09-17,15.0,MP,Oreothlypis,ruficapilla,Parulidae,1690,Yes,Forest,Upper
2000-09-17,15.0,MP,Seiurus,aurocapilla,Parulidae,4580,Yes,Forest,Lower
2000-09-17,15.0,MP,Seiurus,aurocapilla,Parulidae,4580,Yes,Forest,Lower
2000-09-17,15.0,MP,Melospiza,lincolnii,Passerellidae,2029,yes,edge,Lower
2000-09-17,15.0,MP,Seiurus,aurocapilla,Parulidae,4580,Yes,Forest,Lower
2000-09-17,15.0,MP,geothlypis,philadelphia,Parulidae,430,Yes,Edge,Lower
2000-09-17,15.0,MP,Setophaga,magnolia,Parulidae,1224,yes,forest,Upper
2000-09-17,15.0,MP,Seiurus,aurocapilla,Parulidae,4580,Yes,Forest,Lower
2000-09-18,15.0,MP,Melospiza,lincolnii,Passerellidae,2029,yes,edge,Lower
2000-09-18,15.0,MP,Seiurus,aurocapilla,Parulidae,4580,Yes,Forest,Lower
2000-09-20,15.0,MP,catharus,ustulatus,Turdidae,2331,Yes,Forest,Lower
2000-09-20,15.0,MP,catharus,ustulatus,Turdidae,2331,Yes,Forest,Lower
2000-09-20,15.0,MP,Seiurus,aurocapilla,Parulidae,4580,Yes,Forest,Lower
2000-09-20,15.0,MP,Seiurus,aurocapilla,Parulidae,4580,Yes,Forest,Lower
2000-09-20,15.0,CHI,Contopus,virens,Tyrannidae,70,No,Forest,Upper
2000-09-20,15.0,MP,Catharus,minimus,Turdidae,822,Yes,Forest,Lower
2000-09-21,4.0,MP,Seiurus,aurocapilla,Parulidae,4580,Yes,Forest,Lower
2000-09-21,4.0,MP,setophaga,ruticilla,Parulidae,868,Yes,Edge,Upper
2000-09-21,4.0,MP,Seiurus,aurocapilla,Parulidae,4580,Yes,Forest,Lower
2000-09-21,4.0,MP,Setophaga,striata,Parulidae,787,Yes,Forest,Upper
2000-09-21,4.0,MP,Parkesia,noveboracensis,Parulidae,916,Yes,Forest,Lower
2000-09-21,4.0,MP,Setophaga,magnolia,Parulidae,1224,yes,forest,Upper
2000-09-21,4.0,MP,Hylocichla,mustelina,Turdidae,500,Yes,Forest,Lower
2000-09-21,4.0,MP,Oreothlypis,peregrina,Parulidae,2515,Yes,Edge,Upper
2000-09-21,4.0,MP,Seiurus,aurocapilla,Parulidae,4580,Yes,Forest,Lower
2000-09-21,4.0,MP,Seiurus,aurocapilla,Parulidae,4580,Yes,Forest,Lower
2000-09-21,4.0,MP,Passerina,cyanea,Cardinalidae,725,yes,edge,Upper
2000-09-21,4.0,MP,Seiurus,aurocapilla,Parulidae,4580,Yes,Forest,Lower
2000-09-21,4.0,MP,Seiurus,aurocapilla,Parulidae,4580,Yes,Forest,Lower
2000-09-21,4.0,MP,Geothlypis,trichas,Parulidae,1555,Yes,Open,Lower
2000-09-21,4.0,MP,Geothlypis,trichas,Parulidae,1555,Yes,Open,Lower
2000-09-21,4.0,MP,Geothlypis,trichas,Parulidae,1555,Yes,Open,Lower
2000-09-21,4.0,MP,Oreothlypis,peregrina,Parulidae,2515,Yes,Edge,Upper
2000-09-21,4.0,MP,Geothlypis,trichas,Parulidae,1555,Yes,Open,Lower
2000-09-21,4.0,MP,Geothlypis,trichas,Parulidae,1555,Yes,Open,Lower
2000-09-21,4.0,MP,Seiurus,aurocapilla,Parulidae,4580,Yes,Forest,Lower
2000-09-22,10.0,MP,Geothlypis,trichas,Parulidae,1555,Yes,Open,Lower
2000-09-22,10.0,MP,Mniotilta,varia,Parulidae,620,Yes,Forest,Upper
2000-09-22,10.0,MP,Seiurus,aurocapilla,Parulidae,4580,Yes,Forest,Lower
2000-09-24,10.0,MP,Passerculus,sandwichensis,Passerellidae,274,yes,open,Lower	
2000-09-24,10.0,CHI,Oreothlypis,ruficapilla,Parulidae,1690,Yes,Forest,Upper
2000-09-25,6.0,MP,Melospiza,lincolnii,Passerellidae,2029,yes,edge,Lower
2000-09-25,6.0,CHI,Oreothlypis,ruficapilla,Parulidae,1690,Yes,Forest,Upper
2000-09-25,6.0,CHI,Melospiza,lincolnii,Passerellidae,2029,yes,edge,Lower
2000-09-25,6.0,CHI,Zonotrichia,albicollis,Passerellidae,10133,Yes,Forest,Lower
2000-09-25,6.0,CHI,Zonotrichia,albicollis,Passerellidae,10133,Yes,Forest,Lower
2000-09-26,12.0,MP,Setophaga,magnolia,Parulidae,1224,yes,forest,Upper
2000-09-26,12.0,MP,Catharus,fuscescens,Turdidae,727,Yes,Forest,Lower
2000-09-26,12.0,MP,Setophaga,palmarum,Parulidae,694,Yes,Edge,Lower
2000-09-26,12.0,CHI,Junco,hyemalis,Passerellidae,6303,Yes,Edge,Lower
2000-09-26,12.0,MP,Setophaga,coronata,Parulidae,887,yes,forest,Upper
2000-09-26,12.0,MP,Zonotrichia,albicollis,Passerellidae,10133,Yes,Forest,Lower
2000-09-26,12.0,MP,Zonotrichia,albicollis,Passerellidae,10133,Yes,Forest,Lower
2000-09-27,13.0,MP,Zonotrichia,albicollis,Passerellidae,10133,Yes,Forest,Lower
2000-09-27,13.0,MP,catharus,ustulatus,Turdidae,2331,Yes,Forest,Lower
2000-09-27,13.0,MP,Setophaga,palmarum,Parulidae,694,Yes,Edge,Lower
2000-09-27,13.0,MP,Catharus,minimus,Turdidae,822,Yes,Forest,Lower
2000-09-27,13.0,MP,Contopus,virens,Tyrannidae,70,No,Forest,Upper
2000-09-27,13.0,MP,Piranga,olivacea,Cardinalidae,127,Yes,Forest,Upper
2000-09-27,13.0,CHI,Seiurus,aurocapilla,Parulidae,4580,Yes,Forest,Lower
2000-09-27,13.0,MP,Spizella,pallida,Passerellidae,50,Yes,Open,Lower
2000-09-28,11.0,MP,Oreothlypis,ruficapilla,Parulidae,1690,Yes,Forest,Upper
2000-09-28,11.0,CHI,Sitta,canadensis,Sittidae,260,Yes,Forest,Upper
2000-09-28,11.0,MP,Oreothlypis,peregrina,Parulidae,2515,Yes,Edge,Upper
2000-09-28,11.0,MP,Oreothlypis,peregrina,Parulidae,2515,Yes,Edge,Upper
2000-09-28,11.0,MP,Zonotrichia,albicollis,Passerellidae,10133,Yes,Forest,Lower
2000-09-28,11.0,MP,Oreothlypis,peregrina,Parulidae,2515,Yes,Edge,Upper
2000-09-28,11.0,MP,Seiurus,aurocapilla,Parulidae,4580,Yes,Forest,Lower
2000-09-28,11.0,MP,Melospiza,lincolnii,Passerellidae,2029,yes,edge,Lower
2000-09-28,11.0,MP,Melospiza,melodia,Passerellidae,5124,Yes,Edge,Lower
2000-10-02,10.0,MP,Oreothlypis,ruficapilla,Parulidae,1690,Yes,Forest,Upper
2000-10-02,10.0,MP,Oreothlypis,peregrina,Parulidae,2515,Yes,Edge,Upper
2000-10-02,10.0,CHI,catharus,ustulatus,Turdidae,2331,Yes,Forest,Lower
2000-10-02,10.0,MP,Oreothlypis,peregrina,Parulidae,2515,Yes,Edge,Upper
2000-10-03,14.0,MP,Catharus,guttatus,Turdidae,3729,Yes,Forest,Lower
2000-10-03,14.0,CHI,Zonotrichia,albicollis,Passerellidae,10133,Yes,Forest,Lower
2000-10-03,14.0,CHI,Zonotrichia,albicollis,Passerellidae,10133,Yes,Forest,Lower
2000-10-03,14.0,MP,Catharus,guttatus,Turdidae,3729,Yes,Forest,Lower
2000-10-03,14.0,MP,Catharus,guttatus,Turdidae,3729,Yes,Forest,Lower
2000-10-03,14.0,MP,Catharus,guttatus,Turdidae,3729,Yes,Forest,Lower
2000-10-03,14.0,MP,Regulus,calendula,Regulidae,416,No,Forest,Upper
2000-10-03,14.0,MP,Catharus,guttatus,Turdidae,3729,Yes,Forest,Lower
2000-10-03,14.0,MP,Catharus,guttatus,Turdidae,3729,Yes,Forest,Lower
2000-10-03,14.0,MP,Catharus,guttatus,Turdidae,3729,Yes,Forest,Lower
2000-10-03,14.0,MP,Catharus,guttatus,Turdidae,3729,Yes,Forest,Lower
2000-10-03,14.0,MP,Catharus,guttatus,Turdidae,3729,Yes,Forest,Lower
2000-10-03,14.0,MP,Setophaga,coronata,Parulidae,887,yes,forest,Upper
2000-10-03,14.0,CHI,Zonotrichia,albicollis,Passerellidae,10133,Yes,Forest,Lower
2000-10-03,14.0,MP,Catharus,guttatus,Turdidae,3729,Yes,Forest,Lower
2000-10-03,14.0,MP,Melospiza,melodia,Passerellidae,5124,Yes,Edge,Lower
2000-10-03,14.0,CHI,Zonotrichia,albicollis,Passerellidae,10133,Yes,Forest,Lower
2000-10-03,14.0,CHI,Junco,hyemalis,Passerellidae,6303,Yes,Edge,Lower
2000-10-03,14.0,CHI,Junco,hyemalis,Passerellidae,6303,Yes,Edge,Lower
2000-10-03,14.0,MP,Junco,hyemalis,Passerellidae,6303,Yes,Edge,Lower
2000-10-03,14.0,CHI,Zonotrichia,albicollis,Passerellidae,10133,Yes,Forest,Lower
2000-10-03,14.0,MP,Zonotrichia,albicollis,Passerellidae,10133,Yes,Forest,Lower
2000-10-03,14.0,CHI,Passerella,iliaca,Passerellidae,2443,Yes,Edge,Lower
2000-10-03,14.0,MP,Zonotrichia,albicollis,Passerellidae,10133,Yes,Forest,Lower
2000-10-03,14.0,MP,Zonotrichia,albicollis,Passerellidae,10133,Yes,Forest,Lower
2000-10-03,14.0,MP,Melospiza,lincolnii,Passerellidae,2029,yes,edge,Lower
2000-10-03,14.0,CHI,Catharus,guttatus,Turdidae,3729,Yes,Forest,Lower
2000-10-03,14.0,MP,Zonotrichia,albicollis,Passerellidae,10133,Yes,Forest,Lower
2000-10-03,14.0,MP,Oreothlypis,peregrina,Parulidae,2515,Yes,Edge,Upper
2000-10-03,14.0,MP,Oreothlypis,peregrina,Parulidae,2515,Yes,Edge,Upper
2000-10-03,14.0,CHI,Zonotrichia,albicollis,Passerellidae,10133,Yes,Forest,Lower
2000-10-03,14.0,MP,Oreothlypis,ruficapilla,Parulidae,1690,Yes,Forest,Upper
2000-10-03,14.0,MP,Melospiza,lincolnii,Passerellidae,2029,yes,edge,Lower
2000-10-03,14.0,MP,Regulus,calendula,Regulidae,416,No,Forest,Upper
2000-10-03,14.0,CHI,Zonotrichia,albicollis,Passerellidae,10133,Yes,Forest,Lower
2000-10-03,14.0,CHI,Catharus,guttatus,Turdidae,3729,Yes,Forest,Lower
2000-10-03,14.0,MP,Zonotrichia,albicollis,Passerellidae,10133,Yes,Forest,Lower
2000-10-03,14.0,CHI,Catharus,guttatus,Turdidae,3729,Yes,Forest,Lower
2000-10-04,17.0,MP,Zonotrichia,albicollis,Passerellidae,10133,Yes,Forest,Lower
2000-10-04,17.0,MP,Melospiza,lincolnii,Passerellidae,2029,yes,edge,Lower
2000-10-04,17.0,CHI,Junco,hyemalis,Passerellidae,6303,Yes,Edge,Lower
2000-10-04,17.0,MP,Melospiza,lincolnii,Passerellidae,2029,yes,edge,Lower
2000-10-04,17.0,MP,Melospiza,melodia,Passerellidae,5124,Yes,Edge,Lower
2000-10-04,17.0,MP,Catharus,guttatus,Turdidae,3729,Yes,Forest,Lower
2000-10-04,17.0,MP,Zonotrichia,albicollis,Passerellidae,10133,Yes,Forest,Lower
2000-10-04,17.0,MP,Oreothlypis,peregrina,Parulidae,2515,Yes,Edge,Upper
2000-10-05,14.0,CHI,Zonotrichia,albicollis,Passerellidae,10133,Yes,Forest,Lower
2000-10-05,14.0,MP,Melospiza,lincolnii,Passerellidae,2029,yes,edge,Lower
2000-10-05,14.0,MP,Zonotrichia,albicollis,Passerellidae,10133,Yes,Forest,Lower
2000-10-05,14.0,CHI,Zonotrichia,albicollis,Passerellidae,10133,Yes,Forest,Lower
2000-10-05,14.0,MP,Melospiza,lincolnii,Passerellidae,2029,yes,edge,Lower
2000-10-05,14.0,MP,Zonotrichia,albicollis,Passerellidae,10133,Yes,Forest,Lower
2000-10-05,14.0,MP,Melospiza,melodia,Passerellidae,5124,Yes,Edge,Lower
2000-10-05,14.0,MP,Passerina,cyanea,Cardinalidae,725,yes,edge,Upper
2000-10-05,14.0,MP,Zonotrichia,albicollis,Passerellidae,10133,Yes,Forest,Lower
2000-10-05,14.0,MP,Zonotrichia,albicollis,Passerellidae,10133,Yes,Forest,Lower
2000-10-05,14.0,CHI,Zonotrichia,albicollis,Passerellidae,10133,Yes,Forest,Lower
2000-10-05,14.0,CHI,Zonotrichia,albicollis,Passerellidae,10133,Yes,Forest,Lower
2000-10-06,15.0,MP,Melospiza,melodia,Passerellidae,5124,Yes,Edge,Lower
2000-10-06,15.0,CHI,Zonotrichia,albicollis,Passerellidae,10133,Yes,Forest,Lower
2000-10-06,15.0,MP,Melospiza,lincolnii,Passerellidae,2029,yes,edge,Lower
2000-10-06,15.0,MP,Zonotrichia,albicollis,Passerellidae,10133,Yes,Forest,Lower
2000-10-06,15.0,CHI,Oreothlypis,peregrina,Parulidae,2515,Yes,Edge,Upper
2000-10-07,16.0,MP,Passerculus,sandwichensis,Passerellidae,274,yes,open,Lower	
2000-10-07,16.0,MP,Catharus,guttatus,Turdidae,3729,Yes,Forest,Lower
2000-10-07,16.0,MP,Passerculus,sandwichensis,Passerellidae,274,yes,open,Lower	
2000-10-07,16.0,MP,Passerculus,sandwichensis,Passerellidae,274,yes,open,Lower	
2000-10-07,16.0,MP,Zonotrichia,albicollis,Passerellidae,10133,Yes,Forest,Lower
2000-10-07,16.0,MP,Zonotrichia,albicollis,Passerellidae,10133,Yes,Forest,Lower
2000-10-07,16.0,MP,Zonotrichia,albicollis,Passerellidae,10133,Yes,Forest,Lower
2000-10-07,16.0,MP,Zonotrichia,albicollis,Passerellidae,10133,Yes,Forest,Lower
2000-10-07,16.0,MP,Passerculus,sandwichensis,Passerellidae,274,yes,open,Lower	
2000-10-07,16.0,MP,Passerella,iliaca,Passerellidae,2443,Yes,Edge,Lower
2000-10-07,16.0,MP,Oreothlypis,peregrina,Parulidae,2515,Yes,Edge,Upper
2000-10-07,16.0,MP,Passerella,iliaca,Passerellidae,2443,Yes,Edge,Lower
2000-10-07,16.0,MP,Zonotrichia,leucophrys,Passerellidae,1090,Yes,Edge,Lower
2000-10-07,16.0,MP,Passerella,iliaca,Passerellidae,2443,Yes,Edge,Lower
2000-10-07,16.0,MP,Oreothlypis,ruficapilla,Parulidae,1690,Yes,Forest,Upper
2000-10-07,16.0,MP,Junco,hyemalis,Passerellidae,6303,Yes,Edge,Lower
2000-10-07,16.0,MP,Melospiza,melodia,Passerellidae,5124,Yes,Edge,Lower
2000-10-07,16.0,MP,Seiurus,aurocapilla,Parulidae,4580,Yes,Forest,Lower
2000-10-07,16.0,MP,Passerculus,sandwichensis,Passerellidae,274,yes,open,Lower	
2000-10-07,16.0,MP,Setophaga,coronata,Parulidae,887,yes,forest,Upper
2000-10-07,16.0,MP,Passerella,iliaca,Passerellidae,2443,Yes,Edge,Lower
2000-10-08,17.0,MP,Oreothlypis,peregrina,Parulidae,2515,Yes,Edge,Upper
2000-10-08,17.0,MP,Passerella,iliaca,Passerellidae,2443,Yes,Edge,Lower
2000-10-08,17.0,MP,Catharus,guttatus,Turdidae,3729,Yes,Forest,Lower
2000-10-08,17.0,MP,Zonotrichia,albicollis,Passerellidae,10133,Yes,Forest,Lower
2000-10-08,17.0,MP,Zonotrichia,leucophrys,Passerellidae,1090,Yes,Edge,Lower
2000-10-08,17.0,MP,Zonotrichia,leucophrys,Passerellidae,1090,Yes,Edge,Lower
2000-10-08,17.0,MP,Oreothlypis,celata,Parulidae,227,Yes,Edge,Lower
2000-10-08,17.0,MP,Zonotrichia,leucophrys,Passerellidae,1090,Yes,Edge,Lower
2000-10-08,17.0,MP,Seiurus,aurocapilla,Parulidae,4580,Yes,Forest,Lower
2000-10-08,17.0,MP,Passerella,iliaca,Passerellidae,2443,Yes,Edge,Lower
2000-10-08,17.0,MP,Zonotrichia,albicollis,Passerellidae,10133,Yes,Forest,Lower
2000-10-08,17.0,MP,Passerculus,sandwichensis,Passerellidae,274,yes,open,Lower	
2000-10-08,17.0,MP,Zonotrichia,albicollis,Passerellidae,10133,Yes,Forest,Lower
2000-10-08,17.0,MP,Zonotrichia,albicollis,Passerellidae,10133,Yes,Forest,Lower
2000-10-08,17.0,MP,Zonotrichia,albicollis,Passerellidae,10133,Yes,Forest,Lower
2000-10-08,17.0,MP,Zonotrichia,albicollis,Passerellidae,10133,Yes,Forest,Lower
2000-10-08,17.0,MP,Zonotrichia,albicollis,Passerellidae,10133,Yes,Forest,Lower
2000-10-08,17.0,MP,Zonotrichia,albicollis,Passerellidae,10133,Yes,Forest,Lower
2000-10-08,17.0,MP,Zonotrichia,albicollis,Passerellidae,10133,Yes,Forest,Lower
2000-10-08,17.0,MP,Oreothlypis,ruficapilla,Parulidae,1690,Yes,Forest,Upper
2000-10-08,17.0,MP,Oreothlypis,ruficapilla,Parulidae,1690,Yes,Forest,Upper
2000-10-08,17.0,MP,Melospiza,lincolnii,Passerellidae,2029,yes,edge,Lower
2000-10-08,17.0,MP,Zonotrichia,leucophrys,Passerellidae,1090,Yes,Edge,Lower
2000-10-08,17.0,MP,Melospiza,lincolnii,Passerellidae,2029,yes,edge,Lower
2000-10-08,17.0,MP,Melospiza,lincolnii,Passerellidae,2029,yes,edge,Lower
2000-10-08,17.0,MP,Melospiza,lincolnii,Passerellidae,2029,yes,edge,Lower
2000-10-08,17.0,MP,Melospiza,lincolnii,Passerellidae,2029,yes,edge,Lower
2000-10-08,17.0,MP,Junco,hyemalis,Passerellidae,6303,Yes,Edge,Lower
2000-10-08,17.0,MP,Passerculus,sandwichensis,Passerellidae,274,yes,open,Lower	
2000-10-08,17.0,MP,Melospiza,lincolnii,Passerellidae,2029,yes,edge,Lower
2000-10-08,17.0,MP,Passerculus,sandwichensis,Passerellidae,274,yes,open,Lower	
2000-10-08,17.0,MP,Melospiza,lincolnii,Passerellidae,2029,yes,edge,Lower
2000-10-08,17.0,MP,Regulus,calendula,Regulidae,416,No,Forest,Upper
2000-10-09,17.0,MP,Zonotrichia,albicollis,Passerellidae,10133,Yes,Forest,Lower
2000-10-09,17.0,MP,Zonotrichia,albicollis,Passerellidae,10133,Yes,Forest,Lower
2000-10-09,17.0,MP,Zonotrichia,albicollis,Passerellidae,10133,Yes,Forest,Lower
2000-10-09,17.0,MP,Zonotrichia,albicollis,Passerellidae,10133,Yes,Forest,Lower
2000-10-09,17.0,MP,Zonotrichia,albicollis,Passerellidae,10133,Yes,Forest,Lower
2000-10-09,17.0,MP,Zonotrichia,albicollis,Passerellidae,10133,Yes,Forest,Lower
2000-10-09,17.0,MP,Oreothlypis,ruficapilla,Parulidae,1690,Yes,Forest,Upper
2000-10-09,17.0,MP,Zonotrichia,albicollis,Passerellidae,10133,Yes,Forest,Lower
2000-10-09,17.0,MP,Zonotrichia,albicollis,Passerellidae,10133,Yes,Forest,Lower
2000-10-09,17.0,MP,Zonotrichia,albicollis,Passerellidae,10133,Yes,Forest,Lower
2000-10-09,17.0,MP,Zonotrichia,albicollis,Passerellidae,10133,Yes,Forest,Lower
2000-10-09,17.0,MP,Zonotrichia,albicollis,Passerellidae,10133,Yes,Forest,Lower
2000-10-09,17.0,MP,Oreothlypis,ruficapilla,Parulidae,1690,Yes,Forest,Upper
2000-10-09,17.0,MP,Oreothlypis,ruficapilla,Parulidae,1690,Yes,Forest,Upper
2000-10-09,17.0,MP,Regulus,satrapa,Regulidae,1029,Yes,Forest,Upper
2000-10-09,17.0,MP,Zonotrichia,albicollis,Passerellidae,10133,Yes,Forest,Lower
2000-10-09,17.0,MP,Zonotrichia,albicollis,Passerellidae,10133,Yes,Forest,Lower
2000-10-09,17.0,MP,Zonotrichia,albicollis,Passerellidae,10133,Yes,Forest,Lower
2000-10-09,17.0,MP,Zonotrichia,albicollis,Passerellidae,10133,Yes,Forest,Lower
2000-10-09,17.0,MP,Zonotrichia,albicollis,Passerellidae,10133,Yes,Forest,Lower
2000-10-09,17.0,MP,Zonotrichia,albicollis,Passerellidae,10133,Yes,Forest,Lower
2000-10-09,17.0,MP,Zonotrichia,albicollis,Passerellidae,10133,Yes,Forest,Lower
2000-10-09,17.0,MP,Zonotrichia,albicollis,Passerellidae,10133,Yes,Forest,Lower
2000-10-09,17.0,MP,Oreothlypis,ruficapilla,Parulidae,1690,Yes,Forest,Upper
2000-10-09,17.0,MP,Zonotrichia,albicollis,Passerellidae,10133,Yes,Forest,Lower
2000-10-09,17.0,MP,Zonotrichia,albicollis,Passerellidae,10133,Yes,Forest,Lower
2000-10-09,17.0,MP,Zonotrichia,leucophrys,Passerellidae,1090,Yes,Edge,Lower
2000-10-09,17.0,MP,Catharus,guttatus,Turdidae,3729,Yes,Forest,Lower
2000-10-09,17.0,MP,Catharus,guttatus,Turdidae,3729,Yes,Forest,Lower
2000-10-09,17.0,MP,Catharus,guttatus,Turdidae,3729,Yes,Forest,Lower
2000-10-09,17.0,MP,Oreothlypis,peregrina,Parulidae,2515,Yes,Edge,Upper
2000-10-10,16.0,MP,Junco,hyemalis,Passerellidae,6303,Yes,Edge,Lower
2000-10-10,16.0,CHI,Zonotrichia,albicollis,Passerellidae,10133,Yes,Forest,Lower
2000-10-10,16.0,MP,Setophaga,coronata,Parulidae,887,yes,forest,Upper
2000-10-10,16.0,CHI,Zonotrichia,albicollis,Passerellidae,10133,Yes,Forest,Lower
2000-10-10,16.0,MP,Oreothlypis,celata,Parulidae,227,Yes,Edge,Lower
2000-10-10,16.0,MP,Passerella,iliaca,Passerellidae,2443,Yes,Edge,Lower
2000-10-10,16.0,MP,Zonotrichia,albicollis,Passerellidae,10133,Yes,Forest,Lower
2000-10-10,16.0,MP,Zonotrichia,albicollis,Passerellidae,10133,Yes,Forest,Lower
2000-10-10,16.0,MP,Zonotrichia,albicollis,Passerellidae,10133,Yes,Forest,Lower
2000-10-10,16.0,MP,Junco,hyemalis,Passerellidae,6303,Yes,Edge,Lower
2000-10-10,16.0,MP,Passerella,iliaca,Passerellidae,2443,Yes,Edge,Lower
2000-10-10,16.0,MP,Oreothlypis,peregrina,Parulidae,2515,Yes,Edge,Upper
2000-10-10,16.0,CHI,Oreothlypis,ruficapilla,Parulidae,1690,Yes,Forest,Upper
2000-10-10,16.0,MP,Junco,hyemalis,Passerellidae,6303,Yes,Edge,Lower
2000-10-10,16.0,CHI,Catharus,guttatus,Turdidae,3729,Yes,Forest,Lower
2000-10-10,16.0,CHI,Catharus,guttatus,Turdidae,3729,Yes,Forest,Lower
2000-10-10,16.0,MP,Catharus,guttatus,Turdidae,3729,Yes,Forest,Lower
2000-10-10,16.0,MP,Catharus,guttatus,Turdidae,3729,Yes,Forest,Lower
2000-10-10,16.0,MP,Catharus,guttatus,Turdidae,3729,Yes,Forest,Lower
2000-10-10,16.0,MP,Catharus,guttatus,Turdidae,3729,Yes,Forest,Lower
2000-10-10,16.0,MP,Catharus,guttatus,Turdidae,3729,Yes,Forest,Lower
2000-10-10,16.0,MP,Catharus,guttatus,Turdidae,3729,Yes,Forest,Lower
2000-10-10,16.0,MP,Catharus,guttatus,Turdidae,3729,Yes,Forest,Lower
2000-10-10,16.0,MP,Catharus,guttatus,Turdidae,3729,Yes,Forest,Lower
2000-10-10,16.0,MP,Zonotrichia,leucophrys,Passerellidae,1090,Yes,Edge,Lower
2000-10-10,16.0,MP,Zonotrichia,albicollis,Passerellidae,10133,Yes,Forest,Lower
2000-10-10,16.0,CHI,Zonotrichia,albicollis,Passerellidae,10133,Yes,Forest,Lower
2000-10-10,16.0,MP,Junco,hyemalis,Passerellidae,6303,Yes,Edge,Lower
2000-10-11,16.0,MP,Catharus,guttatus,Turdidae,3729,Yes,Forest,Lower
2000-10-11,16.0,MP,Melospiza,lincolnii,Passerellidae,2029,yes,edge,Lower
2000-10-11,16.0,MP,Passerella,iliaca,Passerellidae,2443,Yes,Edge,Lower
2000-10-11,16.0,MP,Catharus,guttatus,Turdidae,3729,Yes,Forest,Lower
2000-10-11,16.0,MP,Zonotrichia,albicollis,Passerellidae,10133,Yes,Forest,Lower
2000-10-11,16.0,MP,Geothlypis,trichas,Parulidae,1555,Yes,Open,Lower
2000-10-11,16.0,MP,Zonotrichia,albicollis,Passerellidae,10133,Yes,Forest,Lower
2000-10-11,16.0,MP,Zonotrichia,albicollis,Passerellidae,10133,Yes,Forest,Lower
2000-10-11,16.0,MP,Catharus,guttatus,Turdidae,3729,Yes,Forest,Lower
2000-10-11,16.0,MP,Melospiza,lincolnii,Passerellidae,2029,yes,edge,Lower
2000-10-11,16.0,MP,Catharus,guttatus,Turdidae,3729,Yes,Forest,Lower
2000-10-11,16.0,MP,Catharus,guttatus,Turdidae,3729,Yes,Forest,Lower
2000-10-11,16.0,MP,Catharus,guttatus,Turdidae,3729,Yes,Forest,Lower
2000-10-11,16.0,MP,Catharus,guttatus,Turdidae,3729,Yes,Forest,Lower
2000-10-11,16.0,MP,Zonotrichia,albicollis,Passerellidae,10133,Yes,Forest,Lower
2000-10-11,16.0,MP,Zonotrichia,albicollis,Passerellidae,10133,Yes,Forest,Lower
2000-10-11,16.0,MP,Catharus,guttatus,Turdidae,3729,Yes,Forest,Lower
2000-10-12,17.0,MP,Regulus,satrapa,Regulidae,1029,Yes,Forest,Upper
2000-10-12,17.0,CHI,Junco,hyemalis,Passerellidae,6303,Yes,Edge,Lower
2000-10-12,17.0,MP,Catharus,guttatus,Turdidae,3729,Yes,Forest,Lower
2000-10-13,16.0,MP,Zonotrichia,albicollis,Passerellidae,10133,Yes,Forest,Lower
2000-10-13,16.0,MP,Oreothlypis,peregrina,Parulidae,2515,Yes,Edge,Upper
2000-10-14,16.0,CHI,Catharus,guttatus,Turdidae,3729,Yes,Forest,Lower
2000-10-15,16.0,MP,Setophaga,coronata,Parulidae,887,yes,forest,Upper
2000-10-15,16.0,MP,Passerella,iliaca,Passerellidae,2443,Yes,Edge,Lower
2000-10-15,16.0,MP,Spizella,pallida,Passerellidae,50,Yes,Open,Lower
2000-10-15,16.0,MP,Passerina,cyanea,Cardinalidae,725,yes,edge,Upper
2000-10-15,16.0,MP,Setophaga,coronata,Parulidae,887,yes,forest,Upper
2000-10-15,16.0,MP,Setophaga,coronata,Parulidae,887,yes,forest,Upper
2000-10-15,16.0,MP,Passerina,cyanea,Cardinalidae,725,yes,edge,Upper
2000-10-15,16.0,CHI,Setophaga,coronata,Parulidae,887,yes,forest,Upper
2000-10-15,16.0,MP,Setophaga,coronata,Parulidae,887,yes,forest,Upper
2000-10-15,16.0,MP,Setophaga,coronata,Parulidae,887,yes,forest,Upper
2000-10-15,16.0,MP,Spizella,pusilla,Passerellidae,325,Yes,Open,Lower
2000-10-15,16.0,MP,Melospiza,melodia,Passerellidae,5124,Yes,Edge,Lower
2000-10-15,16.0,MP,Melospiza,melodia,Passerellidae,5124,Yes,Edge,Lower
2000-10-15,16.0,MP,Melospiza,melodia,Passerellidae,5124,Yes,Edge,Lower
2000-10-15,16.0,MP,Junco,hyemalis,Passerellidae,6303,Yes,Edge,Lower
2000-10-15,16.0,MP,Setophaga,coronata,Parulidae,887,yes,forest,Upper
2000-10-15,16.0,MP,Setophaga,coronata,Parulidae,887,yes,forest,Upper
2000-10-15,16.0,MP,Setophaga,coronata,Parulidae,887,yes,forest,Upper
2000-10-15,16.0,MP,Passerella,iliaca,Passerellidae,2443,Yes,Edge,Lower
2000-10-15,16.0,MP,Catharus,guttatus,Turdidae,3729,Yes,Forest,Lower
2000-10-15,16.0,MP,Setophaga,coronata,Parulidae,887,yes,forest,Upper
2000-10-15,16.0,MP,Setophaga,coronata,Parulidae,887,yes,forest,Upper
2000-10-15,16.0,MP,Setophaga,coronata,Parulidae,887,yes,forest,Upper
2000-10-15,16.0,MP,Passerculus,sandwichensis,Passerellidae,274,yes,open,Lower	
2000-10-15,16.0,MP,Passerculus,sandwichensis,Passerellidae,274,yes,open,Lower	
2000-10-15,16.0,MP,Setophaga,coronata,Parulidae,887,yes,forest,Upper
2000-10-15,16.0,MP,Setophaga,coronata,Parulidae,887,yes,forest,Upper
2000-10-15,16.0,MP,Setophaga,coronata,Parulidae,887,yes,forest,Upper
2000-10-15,16.0,MP,Setophaga,coronata,Parulidae,887,yes,forest,Upper
2000-10-15,16.0,MP,Setophaga,coronata,Parulidae,887,yes,forest,Upper
2000-10-15,16.0,MP,Setophaga,coronata,Parulidae,887,yes,forest,Upper
2000-10-15,16.0,MP,Setophaga,coronata,Parulidae,887,yes,forest,Upper
2000-10-15,16.0,MP,Setophaga,coronata,Parulidae,887,yes,forest,Upper
2000-10-15,16.0,MP,Setophaga,coronata,Parulidae,887,yes,forest,Upper
2000-10-15,16.0,MP,Setophaga,coronata,Parulidae,887,yes,forest,Upper
2000-10-15,16.0,MP,Setophaga,coronata,Parulidae,887,yes,forest,Upper
2000-10-15,16.0,MP,Setophaga,coronata,Parulidae,887,yes,forest,Upper
2000-10-15,16.0,MP,Setophaga,coronata,Parulidae,887,yes,forest,Upper
2000-10-15,16.0,MP,Passerella,iliaca,Passerellidae,2443,Yes,Edge,Lower
2000-10-15,16.0,MP,Setophaga,coronata,Parulidae,887,yes,forest,Upper
2000-10-15,16.0,MP,Setophaga,coronata,Parulidae,887,yes,forest,Upper
2000-10-15,16.0,MP,Melospiza,melodia,Passerellidae,5124,Yes,Edge,Lower
2000-10-15,16.0,MP,Setophaga,coronata,Parulidae,887,yes,forest,Upper
2000-10-15,16.0,MP,Setophaga,tigrina,Parulidae,182,Yes,Forest,Upper
2000-10-15,16.0,CHI,Catharus,guttatus,Turdidae,3729,Yes,Forest,Lower
2000-10-15,16.0,CHI,Catharus,guttatus,Turdidae,3729,Yes,Forest,Lower
2000-10-15,16.0,MP,Catharus,guttatus,Turdidae,3729,Yes,Forest,Lower
2000-10-15,16.0,MP,Catharus,guttatus,Turdidae,3729,Yes,Forest,Lower
2000-10-15,16.0,MP,Setophaga,coronata,Parulidae,887,yes,forest,Upper
2000-10-15,16.0,MP,Passerella,iliaca,Passerellidae,2443,Yes,Edge,Lower
2000-10-15,16.0,MP,Setophaga,coronata,Parulidae,887,yes,forest,Upper
2000-10-15,16.0,MP,Catharus,guttatus,Turdidae,3729,Yes,Forest,Lower
2000-10-15,16.0,MP,Catharus,guttatus,Turdidae,3729,Yes,Forest,Lower
2000-10-15,16.0,MP,Catharus,guttatus,Turdidae,3729,Yes,Forest,Lower
2000-10-15,16.0,MP,Catharus,guttatus,Turdidae,3729,Yes,Forest,Lower
2000-10-15,16.0,MP,Melospiza,lincolnii,Passerellidae,2029,yes,edge,Lower
2000-10-15,16.0,MP,Melospiza,lincolnii,Passerellidae,2029,yes,edge,Lower
2000-10-15,16.0,MP,Catharus,guttatus,Turdidae,3729,Yes,Forest,Lower
2000-10-15,16.0,MP,Junco,hyemalis,Passerellidae,6303,Yes,Edge,Lower
2000-10-15,16.0,MP,Oreothlypis,celata,Parulidae,227,Yes,Edge,Lower
2000-10-15,16.0,MP,Oreothlypis,peregrina,Parulidae,2515,Yes,Edge,Upper
2000-10-15,16.0,MP,Zonotrichia,albicollis,Passerellidae,10133,Yes,Forest,Lower
2000-10-15,16.0,MP,Zonotrichia,albicollis,Passerellidae,10133,Yes,Forest,Lower
2000-10-15,16.0,MP,Junco,hyemalis,Passerellidae,6303,Yes,Edge,Lower
2000-10-15,16.0,MP,Zonotrichia,albicollis,Passerellidae,10133,Yes,Forest,Lower
2000-10-15,16.0,MP,Zonotrichia,albicollis,Passerellidae,10133,Yes,Forest,Lower
2000-10-15,16.0,MP,Zonotrichia,albicollis,Passerellidae,10133,Yes,Forest,Lower
2000-10-15,16.0,MP,Zonotrichia,albicollis,Passerellidae,10133,Yes,Forest,Lower
2000-10-15,16.0,CHI,Zonotrichia,albicollis,Passerellidae,10133,Yes,Forest,Lower
2000-10-15,16.0,CHI,Zonotrichia,albicollis,Passerellidae,10133,Yes,Forest,Lower
2000-10-15,16.0,MP,Setophaga,coronata,Parulidae,887,yes,forest,Upper
2000-10-15,16.0,CHI,Zonotrichia,albicollis,Passerellidae,10133,Yes,Forest,Lower
2000-10-15,16.0,CHI,Zonotrichia,albicollis,Passerellidae,10133,Yes,Forest,Lower
2000-10-15,16.0,MP,Setophaga,coronata,Parulidae,887,yes,forest,Upper
2000-10-15,16.0,MP,Oreothlypis,peregrina,Parulidae,2515,Yes,Edge,Upper
2000-10-15,16.0,CHI,Zonotrichia,albicollis,Passerellidae,10133,Yes,Forest,Lower
2000-10-15,16.0,MP,Zonotrichia,albicollis,Passerellidae,10133,Yes,Forest,Lower
2000-10-15,16.0,MP,Zonotrichia,albicollis,Passerellidae,10133,Yes,Forest,Lower
2000-10-15,16.0,MP,Zonotrichia,albicollis,Passerellidae,10133,Yes,Forest,Lower
2000-10-15,16.0,MP,Setophaga,coronata,Parulidae,887,yes,forest,Upper
2000-10-15,16.0,MP,Setophaga,coronata,Parulidae,887,yes,forest,Upper
2000-10-15,16.0,MP,Setophaga,coronata,Parulidae,887,yes,forest,Upper
2000-10-15,16.0,MP,Setophaga,coronata,Parulidae,887,yes,forest,Upper
2000-10-15,16.0,CHI,catharus,ustulatus,Turdidae,2331,Yes,Forest,Lower
2000-10-15,16.0,MP,Cistothorus,platensis,Troglodytidae,60,no,open,Lower
2000-10-15,16.0,MP,Zonotrichia,albicollis,Passerellidae,10133,Yes,Forest,Lower
2000-10-15,16.0,MP,Oreothlypis,ruficapilla,Parulidae,1690,Yes,Forest,Upper
2000-10-15,16.0,MP,Zonotrichia,albicollis,Passerellidae,10133,Yes,Forest,Lower
2000-10-15,16.0,MP,Zonotrichia,albicollis,Passerellidae,10133,Yes,Forest,Lower
2000-10-15,16.0,MP,Zonotrichia,albicollis,Passerellidae,10133,Yes,Forest,Lower
2000-10-15,16.0,MP,Zonotrichia,albicollis,Passerellidae,10133,Yes,Forest,Lower
2000-10-15,16.0,MP,Zonotrichia,albicollis,Passerellidae,10133,Yes,Forest,Lower
2000-10-15,16.0,MP,Zonotrichia,albicollis,Passerellidae,10133,Yes,Forest,Lower
2000-10-15,16.0,MP,Zonotrichia,albicollis,Passerellidae,10133,Yes,Forest,Lower
2000-10-15,16.0,MP,Setophaga,coronata,Parulidae,887,yes,forest,Upper
2000-10-15,16.0,MP,Zonotrichia,albicollis,Passerellidae,10133,Yes,Forest,Lower
2000-10-15,16.0,MP,Junco,hyemalis,Passerellidae,6303,Yes,Edge,Lower
2000-10-15,16.0,MP,Melospiza,melodia,Passerellidae,5124,Yes,Edge,Lower
2000-10-15,16.0,MP,Setophaga,coronata,Parulidae,887,yes,forest,Upper
2000-10-15,16.0,MP,Oreothlypis,peregrina,Parulidae,2515,Yes,Edge,Upper
2000-10-15,16.0,MP,Setophaga,coronata,Parulidae,887,yes,forest,Upper
2000-10-15,16.0,MP,Oreothlypis,peregrina,Parulidae,2515,Yes,Edge,Upper
2000-10-15,16.0,MP,Oreothlypis,peregrina,Parulidae,2515,Yes,Edge,Upper
2000-10-15,16.0,MP,Setophaga,coronata,Parulidae,887,yes,forest,Upper
2000-10-15,16.0,MP,Setophaga,coronata,Parulidae,887,yes,forest,Upper
2000-10-15,16.0,MP,Oreothlypis,peregrina,Parulidae,2515,Yes,Edge,Upper
2000-10-15,16.0,MP,Setophaga,palmarum,Parulidae,694,Yes,Edge,Lower
2000-10-15,16.0,MP,Oreothlypis,peregrina,Parulidae,2515,Yes,Edge,Upper
2000-10-15,16.0,MP,Oreothlypis,peregrina,Parulidae,2515,Yes,Edge,Upper
2000-10-15,16.0,MP,Melospiza,melodia,Passerellidae,5124,Yes,Edge,Lower
2000-10-15,16.0,MP,Setophaga,palmarum,Parulidae,694,Yes,Edge,Lower
2000-10-15,16.0,MP,Setophaga,palmarum,Parulidae,694,Yes,Edge,Lower
2000-10-15,16.0,MP,Melospiza,melodia,Passerellidae,5124,Yes,Edge,Lower
2000-10-15,16.0,MP,Setophaga,coronata,Parulidae,887,yes,forest,Upper
2000-10-15,16.0,MP,Setophaga,coronata,Parulidae,887,yes,forest,Upper
2000-10-15,16.0,MP,Oreothlypis,peregrina,Parulidae,2515,Yes,Edge,Upper
2000-10-15,16.0,MP,Setophaga,coronata,Parulidae,887,yes,forest,Upper
2000-10-15,16.0,MP,Setophaga,coronata,Parulidae,887,yes,forest,Upper
2000-10-15,16.0,MP,Junco,hyemalis,Passerellidae,6303,Yes,Edge,Lower
2000-10-15,16.0,MP,Setophaga,coronata,Parulidae,887,yes,forest,Upper
2000-10-16,14.0,CHI,Zonotrichia,albicollis,Passerellidae,10133,Yes,Forest,Lower
2000-10-16,14.0,MP,Regulus,satrapa,Regulidae,1029,Yes,Forest,Upper
2000-10-16,14.0,CHI,Zonotrichia,albicollis,Passerellidae,10133,Yes,Forest,Lower
2000-10-16,14.0,CHI,Zonotrichia,albicollis,Passerellidae,10133,Yes,Forest,Lower
2000-10-16,14.0,CHI,Zonotrichia,albicollis,Passerellidae,10133,Yes,Forest,Lower
2000-10-16,14.0,MP,Melospiza,melodia,Passerellidae,5124,Yes,Edge,Lower
2000-10-16,14.0,MP,Zonotrichia,albicollis,Passerellidae,10133,Yes,Forest,Lower
2000-10-16,14.0,MP,Zonotrichia,albicollis,Passerellidae,10133,Yes,Forest,Lower
2000-10-16,14.0,MP,Catharus,guttatus,Turdidae,3729,Yes,Forest,Lower
2000-10-16,14.0,MP,Catharus,guttatus,Turdidae,3729,Yes,Forest,Lower
2000-10-16,14.0,MP,Zonotrichia,albicollis,Passerellidae,10133,Yes,Forest,Lower
2000-10-16,14.0,CHI,troglodytes,hiemalis,Troglodytidae,474,No,Forest,Lower
2000-10-16,14.0,CHI,Zonotrichia,albicollis,Passerellidae,10133,Yes,Forest,Lower
2000-10-16,14.0,MP,Zonotrichia,albicollis,Passerellidae,10133,Yes,Forest,Lower
2000-10-16,14.0,CHI,Zonotrichia,albicollis,Passerellidae,10133,Yes,Forest,Lower
2000-10-16,14.0,MP,Zonotrichia,albicollis,Passerellidae,10133,Yes,Forest,Lower
2000-10-18,11.0,CHI,Zonotrichia,albicollis,Passerellidae,10133,Yes,Forest,Lower
2000-10-18,11.0,MP,Melospiza,melodia,Passerellidae,5124,Yes,Edge,Lower
2000-10-19,11.0,CHI,Passerella,iliaca,Passerellidae,2443,Yes,Edge,Lower
2000-10-19,11.0,MP,Zonotrichia,albicollis,Passerellidae,10133,Yes,Forest,Lower
2000-10-19,11.0,CHI,Zonotrichia,albicollis,Passerellidae,10133,Yes,Forest,Lower
2000-10-19,11.0,CHI,Junco,hyemalis,Passerellidae,6303,Yes,Edge,Lower
2000-10-19,11.0,CHI,Catharus,guttatus,Turdidae,3729,Yes,Forest,Lower
2000-10-19,11.0,MP,cistothorus,palustris,Troglodytidae,91,No,Open,Lower
2000-10-21,10.0,MP,Zonotrichia,albicollis,Passerellidae,10133,Yes,Forest,Lower
2000-10-21,10.0,MP,Junco,hyemalis,Passerellidae,6303,Yes,Edge,Lower
2000-10-21,10.0,MP,Junco,hyemalis,Passerellidae,6303,Yes,Edge,Lower
2000-10-21,10.0,MP,Junco,hyemalis,Passerellidae,6303,Yes,Edge,Lower
2000-10-21,10.0,MP,Melospiza,lincolnii,Passerellidae,2029,yes,edge,Lower
2000-10-22,10.0,MP,Junco,hyemalis,Passerellidae,6303,Yes,Edge,Lower
2000-10-22,10.0,MP,Junco,hyemalis,Passerellidae,6303,Yes,Edge,Lower
2000-10-22,10.0,CHI,Catharus,guttatus,Turdidae,3729,Yes,Forest,Lower
2000-10-22,10.0,MP,Catharus,guttatus,Turdidae,3729,Yes,Forest,Lower
2000-10-25,17.0,MP,Melospiza,melodia,Passerellidae,5124,Yes,Edge,Lower
2000-10-25,17.0,MP,Melospiza,melodia,Passerellidae,5124,Yes,Edge,Lower
2000-10-25,17.0,CHI,Regulus,satrapa,Regulidae,1029,Yes,Forest,Upper
2000-10-25,17.0,CHI,Regulus,calendula,Regulidae,416,No,Forest,Upper
2000-10-26,17.0,MP,Zonotrichia,leucophrys,Passerellidae,1090,Yes,Edge,Lower
2000-10-26,17.0,MP,Zonotrichia,albicollis,Passerellidae,10133,Yes,Forest,Lower
2000-10-26,17.0,MP,Setophaga,caerulescens,Parulidae,183,Yes,Forest,Upper
2000-10-26,17.0,MP,Zonotrichia,albicollis,Passerellidae,10133,Yes,Forest,Lower
2000-10-27,17.0,MP,Zonotrichia,albicollis,Passerellidae,10133,Yes,Forest,Lower
2000-10-27,17.0,MP,Zonotrichia,albicollis,Passerellidae,10133,Yes,Forest,Lower
2000-10-27,17.0,CHI,Zonotrichia,albicollis,Passerellidae,10133,Yes,Forest,Lower
2000-10-27,17.0,CHI,Catharus,guttatus,Turdidae,3729,Yes,Forest,Lower
2000-10-27,17.0,MP,Junco,hyemalis,Passerellidae,6303,Yes,Edge,Lower
2000-10-27,17.0,MP,Melospiza,melodia,Passerellidae,5124,Yes,Edge,Lower
2000-10-27,17.0,MP,Zonotrichia,albicollis,Passerellidae,10133,Yes,Forest,Lower
2000-10-27,17.0,MP,Zonotrichia,albicollis,Passerellidae,10133,Yes,Forest,Lower
2000-10-29,17.0,MP,Catharus,guttatus,Turdidae,3729,Yes,Forest,Lower
2000-10-29,17.0,MP,Melospiza,melodia,Passerellidae,5124,Yes,Edge,Lower
2000-10-31,17.0,MP,Spizelloides,arborea,Passerellidae,1262,Yes,Edge,Lower
2000-11-01,17.0,MP,Junco,hyemalis,Passerellidae,6303,Yes,Edge,Lower
2000-11-01,17.0,MP,Junco,hyemalis,Passerellidae,6303,Yes,Edge,Lower
2000-11-02,17.0,MP,Junco,hyemalis,Passerellidae,6303,Yes,Edge,Lower
2000-11-03,17.0,MP,Junco,hyemalis,Passerellidae,6303,Yes,Edge,Lower
2000-11-03,17.0,MP,Melospiza,melodia,Passerellidae,5124,Yes,Edge,Lower
2000-11-03,17.0,MP,Junco,hyemalis,Passerellidae,6303,Yes,Edge,Lower
2000-11-03,17.0,MP,Junco,hyemalis,Passerellidae,6303,Yes,Edge,Lower
2000-11-03,17.0,MP,Junco,hyemalis,Passerellidae,6303,Yes,Edge,Lower
2000-11-03,17.0,MP,Junco,hyemalis,Passerellidae,6303,Yes,Edge,Lower
2000-11-03,17.0,MP,Melospiza,melodia,Passerellidae,5124,Yes,Edge,Lower
2000-11-03,17.0,MP,Junco,hyemalis,Passerellidae,6303,Yes,Edge,Lower
2000-11-03,17.0,MP,Junco,hyemalis,Passerellidae,6303,Yes,Edge,Lower
2000-11-03,17.0,MP,Spizella,pusilla,Passerellidae,325,Yes,Open,Lower
2000-11-03,17.0,MP,Junco,hyemalis,Passerellidae,6303,Yes,Edge,Lower
2000-11-04,17.0,MP,Junco,hyemalis,Passerellidae,6303,Yes,Edge,Lower
2000-11-04,17.0,MP,Junco,hyemalis,Passerellidae,6303,Yes,Edge,Lower
2000-11-04,17.0,MP,Melospiza,melodia,Passerellidae,5124,Yes,Edge,Lower
2000-11-04,17.0,MP,Junco,hyemalis,Passerellidae,6303,Yes,Edge,Lower
2000-11-04,17.0,MP,Melospiza,melodia,Passerellidae,5124,Yes,Edge,Lower
2000-11-04,17.0,MP,Junco,hyemalis,Passerellidae,6303,Yes,Edge,Lower
2000-11-04,17.0,MP,Junco,hyemalis,Passerellidae,6303,Yes,Edge,Lower
2000-11-04,17.0,MP,Junco,hyemalis,Passerellidae,6303,Yes,Edge,Lower
2000-11-04,17.0,MP,Junco,hyemalis,Passerellidae,6303,Yes,Edge,Lower
2000-11-04,17.0,MP,Junco,hyemalis,Passerellidae,6303,Yes,Edge,Lower
2000-11-04,17.0,MP,Melospiza,melodia,Passerellidae,5124,Yes,Edge,Lower
2000-11-04,17.0,MP,Junco,hyemalis,Passerellidae,6303,Yes,Edge,Lower
2000-11-04,17.0,MP,Junco,hyemalis,Passerellidae,6303,Yes,Edge,Lower
2000-11-04,17.0,MP,Junco,hyemalis,Passerellidae,6303,Yes,Edge,Lower
2000-11-04,17.0,MP,Junco,hyemalis,Passerellidae,6303,Yes,Edge,Lower
2000-11-04,17.0,MP,Junco,hyemalis,Passerellidae,6303,Yes,Edge,Lower
2000-11-04,17.0,MP,Junco,hyemalis,Passerellidae,6303,Yes,Edge,Lower
2000-11-04,17.0,MP,Passerella,iliaca,Passerellidae,2443,Yes,Edge,Lower
2000-11-04,17.0,MP,Junco,hyemalis,Passerellidae,6303,Yes,Edge,Lower
2000-11-04,17.0,MP,Zonotrichia,albicollis,Passerellidae,10133,Yes,Forest,Lower
2000-11-04,17.0,MP,Junco,hyemalis,Passerellidae,6303,Yes,Edge,Lower
2000-11-04,17.0,MP,Junco,hyemalis,Passerellidae,6303,Yes,Edge,Lower
2000-11-04,17.0,MP,Junco,hyemalis,Passerellidae,6303,Yes,Edge,Lower
2000-11-04,17.0,MP,Spizelloides,arborea,Passerellidae,1262,Yes,Edge,Lower
2000-11-04,17.0,MP,Junco,hyemalis,Passerellidae,6303,Yes,Edge,Lower
2000-11-04,17.0,MP,Junco,hyemalis,Passerellidae,6303,Yes,Edge,Lower
2000-11-04,17.0,MP,Junco,hyemalis,Passerellidae,6303,Yes,Edge,Lower
2000-11-04,17.0,MP,Junco,hyemalis,Passerellidae,6303,Yes,Edge,Lower
2000-11-04,17.0,MP,Junco,hyemalis,Passerellidae,6303,Yes,Edge,Lower
2000-11-04,17.0,MP,Junco,hyemalis,Passerellidae,6303,Yes,Edge,Lower
2000-11-04,17.0,MP,Junco,hyemalis,Passerellidae,6303,Yes,Edge,Lower
2000-11-04,17.0,MP,Junco,hyemalis,Passerellidae,6303,Yes,Edge,Lower
2000-11-04,17.0,MP,Junco,hyemalis,Passerellidae,6303,Yes,Edge,Lower
2000-11-04,17.0,MP,Junco,hyemalis,Passerellidae,6303,Yes,Edge,Lower
2000-11-04,17.0,MP,Junco,hyemalis,Passerellidae,6303,Yes,Edge,Lower
2000-11-04,17.0,MP,Junco,hyemalis,Passerellidae,6303,Yes,Edge,Lower
2000-11-04,17.0,MP,Junco,hyemalis,Passerellidae,6303,Yes,Edge,Lower
2000-11-04,17.0,MP,Junco,hyemalis,Passerellidae,6303,Yes,Edge,Lower
2000-11-04,17.0,MP,Junco,hyemalis,Passerellidae,6303,Yes,Edge,Lower
2000-11-04,17.0,MP,Junco,hyemalis,Passerellidae,6303,Yes,Edge,Lower
2000-11-04,17.0,MP,Junco,hyemalis,Passerellidae,6303,Yes,Edge,Lower
2000-11-04,17.0,MP,Junco,hyemalis,Passerellidae,6303,Yes,Edge,Lower
2000-11-04,17.0,MP,Junco,hyemalis,Passerellidae,6303,Yes,Edge,Lower
2000-11-04,17.0,MP,Junco,hyemalis,Passerellidae,6303,Yes,Edge,Lower
2000-11-04,17.0,MP,Junco,hyemalis,Passerellidae,6303,Yes,Edge,Lower
2000-11-04,17.0,MP,Junco,hyemalis,Passerellidae,6303,Yes,Edge,Lower
2000-11-04,17.0,MP,Junco,hyemalis,Passerellidae,6303,Yes,Edge,Lower
2000-11-04,17.0,MP,Junco,hyemalis,Passerellidae,6303,Yes,Edge,Lower
2000-11-04,17.0,MP,Junco,hyemalis,Passerellidae,6303,Yes,Edge,Lower
2000-11-04,17.0,MP,Junco,hyemalis,Passerellidae,6303,Yes,Edge,Lower
2000-11-04,17.0,MP,Junco,hyemalis,Passerellidae,6303,Yes,Edge,Lower
2000-11-04,17.0,MP,Junco,hyemalis,Passerellidae,6303,Yes,Edge,Lower
2000-11-04,17.0,MP,Junco,hyemalis,Passerellidae,6303,Yes,Edge,Lower
2000-11-04,17.0,MP,Junco,hyemalis,Passerellidae,6303,Yes,Edge,Lower
2000-11-04,17.0,MP,Junco,hyemalis,Passerellidae,6303,Yes,Edge,Lower
2000-11-04,17.0,MP,Junco,hyemalis,Passerellidae,6303,Yes,Edge,Lower
2000-11-04,17.0,MP,Junco,hyemalis,Passerellidae,6303,Yes,Edge,Lower
2000-11-04,17.0,MP,Junco,hyemalis,Passerellidae,6303,Yes,Edge,Lower
2000-11-04,17.0,MP,Junco,hyemalis,Passerellidae,6303,Yes,Edge,Lower
2000-11-05,17.0,MP,Passerella,iliaca,Passerellidae,2443,Yes,Edge,Lower
2000-11-05,17.0,MP,Melospiza,melodia,Passerellidae,5124,Yes,Edge,Lower
2000-11-05,17.0,MP,Junco,hyemalis,Passerellidae,6303,Yes,Edge,Lower
2000-11-05,17.0,MP,Junco,hyemalis,Passerellidae,6303,Yes,Edge,Lower
2000-11-05,17.0,MP,Melospiza,melodia,Passerellidae,5124,Yes,Edge,Lower
2000-11-05,17.0,MP,Junco,hyemalis,Passerellidae,6303,Yes,Edge,Lower
2000-11-07,17.0,MP,Junco,hyemalis,Passerellidae,6303,Yes,Edge,Lower
2000-11-09,15.0,MP,Junco,hyemalis,Passerellidae,6303,Yes,Edge,Lower
2000-11-10,15.0,MP,Junco,hyemalis,Passerellidae,6303,Yes,Edge,Lower
2000-11-10,15.0,MP,Spizelloides,arborea,Passerellidae,1262,Yes,Edge,Lower
2000-11-10,15.0,MP,Junco,hyemalis,Passerellidae,6303,Yes,Edge,Lower
2000-11-10,15.0,MP,Junco,hyemalis,Passerellidae,6303,Yes,Edge,Lower
2000-11-10,15.0,MP,Junco,hyemalis,Passerellidae,6303,Yes,Edge,Lower
2000-11-10,15.0,MP,Melospiza,melodia,Passerellidae,5124,Yes,Edge,Lower
2000-11-10,15.0,MP,Junco,hyemalis,Passerellidae,6303,Yes,Edge,Lower
2000-11-11,14.0,MP,Junco,hyemalis,Passerellidae,6303,Yes,Edge,Lower
2000-11-11,14.0,MP,Junco,hyemalis,Passerellidae,6303,Yes,Edge,Lower
2000-11-11,14.0,CHI,Zonotrichia,albicollis,Passerellidae,10133,Yes,Forest,Lower
2000-11-11,14.0,MP,Spizelloides,arborea,Passerellidae,1262,Yes,Edge,Lower
2000-11-11,14.0,MP,Junco,hyemalis,Passerellidae,6303,Yes,Edge,Lower
2000-11-13,16.0,MP,Spizelloides,arborea,Passerellidae,1262,Yes,Edge,Lower
2000-11-14,14.0,CHI,Spizelloides,arborea,Passerellidae,1262,Yes,Edge,Lower
2000-11-14,14.0,MP,Spizelloides,arborea,Passerellidae,1262,Yes,Edge,Lower
2000-11-15,14.0,MP,Spizelloides,arborea,Passerellidae,1262,Yes,Edge,Lower
2000-11-15,14.0,MP,Passerculus,sandwichensis,Passerellidae,274,yes,open,Lower	
2000-11-15,14.0,MP,Passerella,iliaca,Passerellidae,2443,Yes,Edge,Lower
2000-11-15,14.0,MP,Spizelloides,arborea,Passerellidae,1262,Yes,Edge,Lower
2000-11-15,14.0,MP,Spizelloides,arborea,Passerellidae,1262,Yes,Edge,Lower
2000-11-15,14.0,MP,Spizelloides,arborea,Passerellidae,1262,Yes,Edge,Lower
2000-11-15,14.0,MP,Spizelloides,arborea,Passerellidae,1262,Yes,Edge,Lower
2000-11-15,14.0,MP,Spizelloides,arborea,Passerellidae,1262,Yes,Edge,Lower
2000-11-15,14.0,MP,Passerella,iliaca,Passerellidae,2443,Yes,Edge,Lower
2000-11-15,14.0,MP,Junco,hyemalis,Passerellidae,6303,Yes,Edge,Lower
2000-11-15,14.0,MP,Spizelloides,arborea,Passerellidae,1262,Yes,Edge,Lower
2000-11-15,14.0,MP,Spizelloides,arborea,Passerellidae,1262,Yes,Edge,Lower
2000-11-15,14.0,MP,Junco,hyemalis,Passerellidae,6303,Yes,Edge,Lower
2000-11-16,14.0,MP,Spizelloides,arborea,Passerellidae,1262,Yes,Edge,Lower
2000-11-16,14.0,MP,Spizelloides,arborea,Passerellidae,1262,Yes,Edge,Lower
2000-11-16,14.0,MP,Melospiza,melodia,Passerellidae,5124,Yes,Edge,Lower
2000-11-17,3.0,MP,Junco,hyemalis,Passerellidae,6303,Yes,Edge,Lower
2000-11-17,3.0,MP,Junco,hyemalis,Passerellidae,6303,Yes,Edge,Lower
2000-11-17,3.0,MP,Junco,hyemalis,Passerellidae,6303,Yes,Edge,Lower
2000-11-17,3.0,MP,Spizelloides,arborea,Passerellidae,1262,Yes,Edge,Lower
2000-11-17,3.0,MP,Spizelloides,arborea,Passerellidae,1262,Yes,Edge,Lower
2000-11-17,3.0,MP,Spizelloides,arborea,Passerellidae,1262,Yes,Edge,Lower
2000-11-17,3.0,MP,Spizelloides,arborea,Passerellidae,1262,Yes,Edge,Lower
2000-11-19,6.0,CHI,Regulus,satrapa,Regulidae,1029,Yes,Forest,Upper
2001-03-28,15.0,MP,Melospiza,melodia,Passerellidae,5124,Yes,Edge,Lower
2001-03-29,15.0,MP,Melospiza,melodia,Passerellidae,5124,Yes,Edge,Lower
2001-03-31,14.0,MP,Junco,hyemalis,Passerellidae,6303,Yes,Edge,Lower
2001-04-02,17.0,MP,Melospiza,melodia,Passerellidae,5124,Yes,Edge,Lower
2001-04-02,17.0,MP,Melospiza,melodia,Passerellidae,5124,Yes,Edge,Lower
2001-04-03,14.0,MP,Passerella,iliaca,Passerellidae,2443,Yes,Edge,Lower
2001-04-03,14.0,MP,Melospiza,melodia,Passerellidae,5124,Yes,Edge,Lower
2001-04-05,17.0,MP,Catharus,guttatus,Turdidae,3729,Yes,Forest,Lower
2001-04-05,17.0,MP,Melospiza,melodia,Passerellidae,5124,Yes,Edge,Lower
2001-04-05,17.0,CHI,Catharus,guttatus,Turdidae,3729,Yes,Forest,Lower
2001-04-06,14.0,MP,Catharus,guttatus,Turdidae,3729,Yes,Forest,Lower
2001-04-06,14.0,MP,Melospiza,melodia,Passerellidae,5124,Yes,Edge,Lower
2001-04-06,14.0,MP,Melospiza,melodia,Passerellidae,5124,Yes,Edge,Lower
2001-04-06,14.0,MP,Melospiza,melodia,Passerellidae,5124,Yes,Edge,Lower
2001-04-06,14.0,MP,Spizelloides,arborea,Passerellidae,1262,Yes,Edge,Lower
2001-04-06,14.0,MP,Melospiza,melodia,Passerellidae,5124,Yes,Edge,Lower
2001-04-06,14.0,MP,Melospiza,melodia,Passerellidae,5124,Yes,Edge,Lower
2001-04-06,14.0,MP,Melospiza,melodia,Passerellidae,5124,Yes,Edge,Lower
2001-04-06,14.0,MP,Catharus,guttatus,Turdidae,3729,Yes,Forest,Lower
2001-04-06,14.0,MP,Melospiza,melodia,Passerellidae,5124,Yes,Edge,Lower
2001-04-06,14.0,MP,Melospiza,melodia,Passerellidae,5124,Yes,Edge,Lower
2001-04-06,14.0,MP,Melospiza,melodia,Passerellidae,5124,Yes,Edge,Lower
2001-04-06,14.0,MP,Passerella,iliaca,Passerellidae,2443,Yes,Edge,Lower
2001-04-07,17.0,MP,Catharus,guttatus,Turdidae,3729,Yes,Forest,Lower
2001-04-07,17.0,MP,Junco,hyemalis,Passerellidae,6303,Yes,Edge,Lower
2001-04-09,3.0,CHI,Catharus,guttatus,Turdidae,3729,Yes,Forest,Lower
2001-04-09,3.0,CHI,Catharus,guttatus,Turdidae,3729,Yes,Forest,Lower
2001-04-09,3.0,MP,Catharus,guttatus,Turdidae,3729,Yes,Forest,Lower
2001-04-11,14.0,MP,Melospiza,melodia,Passerellidae,5124,Yes,Edge,Lower
2001-04-11,14.0,MP,Catharus,guttatus,Turdidae,3729,Yes,Forest,Lower
2001-04-12,14.0,MP,Junco,hyemalis,Passerellidae,6303,Yes,Edge,Lower
2001-04-12,14.0,MP,Pipilo,erythrophthalmus,Passerellidae,82,Rare,Edge,Lower
2001-04-12,14.0,MP,Spizella,pusilla,Passerellidae,325,Yes,Open,Lower
2001-04-12,14.0,MP,Spizella,pusilla,Passerellidae,325,Yes,Open,Lower
2001-04-12,14.0,MP,Melospiza,melodia,Passerellidae,5124,Yes,Edge,Lower
2001-04-12,14.0,MP,Junco,hyemalis,Passerellidae,6303,Yes,Edge,Lower
2001-04-12,14.0,MP,Passerella,iliaca,Passerellidae,2443,Yes,Edge,Lower
2001-04-13,3.0,MP,Melospiza,melodia,Passerellidae,5124,Yes,Edge,Lower
2001-04-14,3.0,MP,Catharus,guttatus,Turdidae,3729,Yes,Forest,Lower
2001-04-20,4.0,MP,Catharus,guttatus,Turdidae,3729,Yes,Forest,Lower
2001-04-20,4.0,MP,Catharus,guttatus,Turdidae,3729,Yes,Forest,Lower
2001-04-20,4.0,MP,Zonotrichia,albicollis,Passerellidae,10133,Yes,Forest,Lower
2001-04-21,14.0,MP,Catharus,guttatus,Turdidae,3729,Yes,Forest,Lower
2001-04-21,14.0,MP,Setophaga,coronata,Parulidae,887,yes,forest,Upper
2001-04-21,14.0,MP,Catharus,guttatus,Turdidae,3729,Yes,Forest,Lower
2001-04-21,14.0,MP,Zonotrichia,albicollis,Passerellidae,10133,Yes,Forest,Lower
2001-04-22,14.0,MP,Catharus,guttatus,Turdidae,3729,Yes,Forest,Lower
2001-04-22,14.0,MP,Zonotrichia,albicollis,Passerellidae,10133,Yes,Forest,Lower
2001-04-23,16.0,MP,Ammodramus,savannarum,Passerellidae,106,Yes,Open,Lower
2001-04-23,16.0,CHI,Melospiza,lincolnii,Passerellidae,2029,yes,edge,Lower
2001-04-23,16.0,MP,Melospiza,melodia,Passerellidae,5124,Yes,Edge,Lower
2001-04-23,16.0,MP,Zonotrichia,albicollis,Passerellidae,10133,Yes,Forest,Lower
2001-04-23,16.0,MP,Zonotrichia,albicollis,Passerellidae,10133,Yes,Forest,Lower
2001-04-23,16.0,MP,Spizella,pusilla,Passerellidae,325,Yes,Open,Lower
2001-04-23,16.0,MP,Spizella,pusilla,Passerellidae,325,Yes,Open,Lower
2001-04-23,16.0,MP,Catharus,guttatus,Turdidae,3729,Yes,Forest,Lower
2001-04-23,16.0,CHI,Zonotrichia,albicollis,Passerellidae,10133,Yes,Forest,Lower
2001-04-23,16.0,MP,Zonotrichia,albicollis,Passerellidae,10133,Yes,Forest,Lower
2001-04-23,16.0,MP,Zonotrichia,albicollis,Passerellidae,10133,Yes,Forest,Lower
2001-04-23,16.0,MP,Zonotrichia,albicollis,Passerellidae,10133,Yes,Forest,Lower
2001-04-23,16.0,MP,Zonotrichia,albicollis,Passerellidae,10133,Yes,Forest,Lower
2001-04-23,16.0,MP,Passerculus,sandwichensis,Passerellidae,274,yes,open,Lower	
2001-04-23,16.0,MP,Zonotrichia,albicollis,Passerellidae,10133,Yes,Forest,Lower
2001-04-25,14.0,MP,Melospiza,melodia,Passerellidae,5124,Yes,Edge,Lower
2001-04-25,14.0,MP,Catharus,guttatus,Turdidae,3729,Yes,Forest,Lower
2001-04-26,14.0,MP,Zonotrichia,albicollis,Passerellidae,10133,Yes,Forest,Lower
2001-04-26,14.0,MP,Junco,hyemalis,Passerellidae,6303,Yes,Edge,Lower
2001-04-26,14.0,CHI,Regulus,calendula,Regulidae,416,No,Forest,Upper
2001-04-26,14.0,MP,Piranga,olivacea,Cardinalidae,127,Yes,Forest,Upper
2001-04-27,14.0,MP,Zonotrichia,albicollis,Passerellidae,10133,Yes,Forest,Lower
2001-04-27,14.0,MP,Zonotrichia,albicollis,Passerellidae,10133,Yes,Forest,Lower
2001-04-27,14.0,CHI,Zonotrichia,albicollis,Passerellidae,10133,Yes,Forest,Lower
2001-04-27,14.0,MP,Catharus,guttatus,Turdidae,3729,Yes,Forest,Lower
2001-04-27,14.0,MP,Zonotrichia,albicollis,Passerellidae,10133,Yes,Forest,Lower
2001-04-27,14.0,MP,Zonotrichia,albicollis,Passerellidae,10133,Yes,Forest,Lower
2001-04-29,14.0,MP,Catharus,guttatus,Turdidae,3729,Yes,Forest,Lower
2001-05-01,4.0,CHI,Melospiza,lincolnii,Passerellidae,2029,yes,edge,Lower
2001-05-01,4.0,CHI,dumetella,carolinensis,Mimidae,599,no,edge,Lower
2001-05-01,4.0,CHI,Zonotrichia,albicollis,Passerellidae,10133,Yes,Forest,Lower
2001-05-01,4.0,CHI,Vermivora,chrysoptera,Parulidae,53,Yes,Edge,Upper
2001-05-01,4.0,MP,Zonotrichia,albicollis,Passerellidae,10133,Yes,Forest,Lower
2001-05-01,4.0,CHI,Zonotrichia,albicollis,Passerellidae,10133,Yes,Forest,Lower
2001-05-01,4.0,MP,Zonotrichia,albicollis,Passerellidae,10133,Yes,Forest,Lower
2001-05-01,4.0,CHI,Oreothlypis,ruficapilla,Parulidae,1690,Yes,Forest,Upper
2001-05-01,4.0,CHI,Seiurus,aurocapilla,Parulidae,4580,Yes,Forest,Lower
2001-05-02,5.0,MP,Zonotrichia,albicollis,Passerellidae,10133,Yes,Forest,Lower
2001-05-02,5.0,MP,Zonotrichia,albicollis,Passerellidae,10133,Yes,Forest,Lower
2001-05-02,5.0,MP,Zonotrichia,albicollis,Passerellidae,10133,Yes,Forest,Lower
2001-05-02,5.0,MP,Zonotrichia,albicollis,Passerellidae,10133,Yes,Forest,Lower
2001-05-03,4.0,MP,Melospiza,lincolnii,Passerellidae,2029,yes,edge,Lower
2001-05-03,4.0,MP,dumetella,carolinensis,Mimidae,599,no,edge,Lower
2001-05-03,4.0,MP,Parkesia,noveboracensis,Parulidae,916,Yes,Forest,Lower
2001-05-03,4.0,MP,Parkesia,noveboracensis,Parulidae,916,Yes,Forest,Lower
2001-05-03,4.0,CHI,Zonotrichia,albicollis,Passerellidae,10133,Yes,Forest,Lower
2001-05-03,4.0,MP,Zonotrichia,albicollis,Passerellidae,10133,Yes,Forest,Lower
2001-05-03,4.0,CHI,Zonotrichia,albicollis,Passerellidae,10133,Yes,Forest,Lower
2001-05-03,4.0,CHI,Seiurus,aurocapilla,Parulidae,4580,Yes,Forest,Lower
2001-05-05,4.0,CHI,Piranga,olivacea,Cardinalidae,127,Yes,Forest,Upper
2001-05-05,4.0,CHI,Piranga,olivacea,Cardinalidae,127,Yes,Forest,Upper
2001-05-07,5.0,CHI,Geothlypis,trichas,Parulidae,1555,Yes,Open,Lower
2001-05-07,5.0,MP,Hylocichla,mustelina,Turdidae,500,Yes,Forest,Lower
2001-05-07,5.0,MP,Catharus,minimus,Turdidae,822,Yes,Forest,Lower
2001-05-07,5.0,MP,Catharus,minimus,Turdidae,822,Yes,Forest,Lower
2001-05-07,5.0,MP,Seiurus,aurocapilla,Parulidae,4580,Yes,Forest,Lower
2001-05-07,5.0,MP,dumetella,carolinensis,Mimidae,599,no,edge,Lower
2001-05-07,5.0,MP,Passerculus,sandwichensis,Passerellidae,274,yes,open,Lower	
2001-05-07,5.0,MP,Geothlypis,trichas,Parulidae,1555,Yes,Open,Lower
2001-05-08,7.0,MP,Parkesia,noveboracensis,Parulidae,916,Yes,Forest,Lower
2001-05-09,4.0,CHI,Setophaga,fusca,Parulidae,201,Yes,Forest,Upper
2001-05-09,4.0,CHI,Pheucticus,ludovicianus,Cardinalidae,397,Yes,Forest,Upper
2001-05-09,4.0,MP,Parkesia,noveboracensis,Parulidae,916,Yes,Forest,Lower
2001-05-09,4.0,MP,Hylocichla,mustelina,Turdidae,500,Yes,Forest,Lower
2001-05-10,4.0,CHI,icteria,virens,Icteriidae,15,no,edge,Lower
2001-05-10,4.0,CHI,Seiurus,aurocapilla,Parulidae,4580,Yes,Forest,Lower
2001-05-10,4.0,MP,Zonotrichia,leucophrys,Passerellidae,1090,Yes,Edge,Lower
2001-05-10,4.0,MP,dumetella,carolinensis,Mimidae,599,no,edge,Lower
2001-05-10,4.0,CHI,dumetella,carolinensis,Mimidae,599,no,edge,Lower
2001-05-10,4.0,MP,Catharus,fuscescens,Turdidae,727,Yes,Forest,Lower
2001-05-10,4.0,MP,dumetella,carolinensis,Mimidae,599,no,edge,Lower
2001-05-11,3.0,MP,Hylocichla,mustelina,Turdidae,500,Yes,Forest,Lower
2001-05-11,3.0,MP,Hylocichla,mustelina,Turdidae,500,Yes,Forest,Lower
2001-05-11,3.0,MP,Seiurus,aurocapilla,Parulidae,4580,Yes,Forest,Lower
2001-05-11,3.0,MP,Passerina,cyanea,Cardinalidae,725,yes,edge,Upper
2001-05-11,3.0,MP,Melospiza,lincolnii,Passerellidae,2029,yes,edge,Lower
2001-05-11,3.0,MP,Seiurus,aurocapilla,Parulidae,4580,Yes,Forest,Lower
2001-05-11,3.0,MP,Melospiza,lincolnii,Passerellidae,2029,yes,edge,Lower
2001-05-11,3.0,MP,Cistothorus,platensis,Troglodytidae,60,no,open,Lower
2001-05-14,3.0,MP,Seiurus,aurocapilla,Parulidae,4580,Yes,Forest,Lower
2001-05-14,3.0,CHI,Geothlypis,trichas,Parulidae,1555,Yes,Open,Lower
2001-05-15,4.0,CHI,catharus,ustulatus,Turdidae,2331,Yes,Forest,Lower
2001-05-15,4.0,CHI,dumetella,carolinensis,Mimidae,599,no,edge,Lower
2001-05-15,4.0,MP,catharus,ustulatus,Turdidae,2331,Yes,Forest,Lower
2001-05-15,4.0,MP,Catharus,fuscescens,Turdidae,727,Yes,Forest,Lower
2001-05-15,4.0,MP,Melospiza,lincolnii,Passerellidae,2029,yes,edge,Lower
2001-05-16,3.0,CHI,Geothlypis,formosa,Parulidae,16,Yes,Forest,Lower
2001-05-19,17.0,MP,Passerina,cyanea,Cardinalidae,725,yes,edge,Upper
2001-05-21,15.0,MP,Geothlypis,trichas,Parulidae,1555,Yes,Open,Lower
2001-05-23,15.0,MP,Melospiza,lincolnii,Passerellidae,2029,yes,edge,Lower
2001-05-23,15.0,MP,Catharus,fuscescens,Turdidae,727,Yes,Forest,Lower
2001-05-24,17.0,MP,Icterus,galbula,Icteridae,83,Yes,Edge,Upper
2001-05-24,17.0,MP,Seiurus,aurocapilla,Parulidae,4580,Yes,Forest,Lower
2001-05-24,17.0,MP,Oreothlypis,peregrina,Parulidae,2515,Yes,Edge,Upper
2001-05-29,3.0,CHI,Geothlypis,trichas,Parulidae,1555,Yes,Open,Lower
2001-05-29,3.0,CHI,setophaga,ruticilla,Parulidae,868,Yes,Edge,Upper
2001-08-20,4.0,MP,Seiurus,aurocapilla,Parulidae,4580,Yes,Forest,Lower
2001-08-24,17.0,MP,geothlypis,philadelphia,Parulidae,430,Yes,Edge,Lower
2001-08-24,17.0,MP,geothlypis,philadelphia,Parulidae,430,Yes,Edge,Lower
2001-08-25,17.0,MP,Oreothlypis,peregrina,Parulidae,2515,Yes,Edge,Upper
2001-08-25,17.0,MP,geothlypis,philadelphia,Parulidae,430,Yes,Edge,Lower
2001-08-27,17.0,MP,Oreothlypis,peregrina,Parulidae,2515,Yes,Edge,Upper
2001-08-27,17.0,MP,Oreothlypis,peregrina,Parulidae,2515,Yes,Edge,Upper
2001-08-31,10.0,MP,Seiurus,aurocapilla,Parulidae,4580,Yes,Forest,Lower
2001-08-31,10.0,MP,catharus,ustulatus,Turdidae,2331,Yes,Forest,Lower
2001-08-31,10.0,MP,catharus,ustulatus,Turdidae,2331,Yes,Forest,Lower
2001-08-31,10.0,MP,catharus,ustulatus,Turdidae,2331,Yes,Forest,Lower
2001-08-31,10.0,MP,Oreothlypis,peregrina,Parulidae,2515,Yes,Edge,Upper
2001-08-31,10.0,MP,Catharus,fuscescens,Turdidae,727,Yes,Forest,Lower
2001-08-31,10.0,CHI,Oreothlypis,peregrina,Parulidae,2515,Yes,Edge,Upper
2001-08-31,10.0,MP,Oreothlypis,peregrina,Parulidae,2515,Yes,Edge,Upper
2001-09-02,7.0,CHI,Setophaga,striata,Parulidae,787,Yes,Forest,Upper
2001-09-03,6.0,MP,catharus,ustulatus,Turdidae,2331,Yes,Forest,Lower
2001-09-06,3.0,MP,Sitta,canadensis,Sittidae,260,Yes,Forest,Upper
2001-09-09,5.0,MP,Catharus,minimus,Turdidae,822,Yes,Forest,Lower
2001-09-09,5.0,MP,setophaga,ruticilla,Parulidae,868,Yes,Edge,Upper
2001-09-10,7.0,MP,catharus,ustulatus,Turdidae,2331,Yes,Forest,Lower
2001-09-10,7.0,MP,catharus,ustulatus,Turdidae,2331,Yes,Forest,Lower
2001-09-10,7.0,MP,Empidonax,minimus,Tyrannidae,96,No,Edge,Upper
2001-09-20,3.0,CHI,Seiurus,aurocapilla,Parulidae,4580,Yes,Forest,Lower
2001-09-20,3.0,MP,Cistothorus,platensis,Troglodytidae,60,no,open,Lower
2001-09-24,4.0,MP,Setophaga,coronata,Parulidae,887,yes,forest,Upper
2001-09-24,4.0,MP,Seiurus,aurocapilla,Parulidae,4580,Yes,Forest,Lower
2001-09-24,4.0,CHI,Geothlypis,trichas,Parulidae,1555,Yes,Open,Lower
2001-09-25,6.0,MP,Toxostoma,rufum,Mimidae,166,No,Edge,Lower
2001-09-25,6.0,MP,Zonotrichia,albicollis,Passerellidae,10133,Yes,Forest,Lower
2001-09-25,6.0,CHI,Zonotrichia,albicollis,Passerellidae,10133,Yes,Forest,Lower
2001-09-25,6.0,CHI,Zonotrichia,albicollis,Passerellidae,10133,Yes,Forest,Lower
2001-09-25,6.0,CHI,Zonotrichia,albicollis,Passerellidae,10133,Yes,Forest,Lower
2001-09-25,6.0,CHI,Setophaga,magnolia,Parulidae,1224,yes,forest,Upper
2001-09-25,6.0,CHI,Catharus,minimus,Turdidae,822,Yes,Forest,Lower
2001-09-25,6.0,CHI,Regulus,satrapa,Regulidae,1029,Yes,Forest,Upper
2001-09-25,6.0,MP,Melospiza,lincolnii,Passerellidae,2029,yes,edge,Lower
2001-09-25,6.0,MP,Pheucticus,ludovicianus,Cardinalidae,397,Yes,Forest,Upper
2001-09-25,6.0,CHI,Zonotrichia,leucophrys,Passerellidae,1090,Yes,Edge,Lower
2001-09-25,6.0,CHI,Melospiza,lincolnii,Passerellidae,2029,yes,edge,Lower
2001-09-26,11.0,CHI,Melospiza,lincolnii,Passerellidae,2029,yes,edge,Lower
2001-09-26,11.0,CHI,Vireo,olivaceus,Vireonidae,133,No,Forest,Upper
2001-09-26,11.0,CHI,Zonotrichia,albicollis,Passerellidae,10133,Yes,Forest,Lower
2001-09-26,11.0,MP,Zonotrichia,albicollis,Passerellidae,10133,Yes,Forest,Lower
2001-09-26,11.0,MP,Zonotrichia,albicollis,Passerellidae,10133,Yes,Forest,Lower
2001-09-27,10.0,MP,Oreothlypis,peregrina,Parulidae,2515,Yes,Edge,Upper
2001-09-27,10.0,CHI,Setophaga,virens,Parulidae,223,Yes,Forest,Upper
2001-09-27,10.0,MP,Melospiza,lincolnii,Passerellidae,2029,yes,edge,Lower
2001-09-27,10.0,MP,Sitta,canadensis,Sittidae,260,Yes,Forest,Upper
2001-09-27,10.0,MP,Zonotrichia,albicollis,Passerellidae,10133,Yes,Forest,Lower
2001-09-29,7.0,MP,Zonotrichia,albicollis,Passerellidae,10133,Yes,Forest,Lower
2001-09-29,7.0,MP,Spizella,pusilla,Passerellidae,325,Yes,Open,Lower
2001-09-29,7.0,MP,Melospiza,lincolnii,Passerellidae,2029,yes,edge,Lower
2001-09-29,7.0,MP,Melospiza,lincolnii,Passerellidae,2029,yes,edge,Lower
2001-09-30,7.0,MP,Zonotrichia,albicollis,Passerellidae,10133,Yes,Forest,Lower
2001-09-30,7.0,MP,Setophaga,palmarum,Parulidae,694,Yes,Edge,Lower
2001-10-01,7.0,CHI,Junco,hyemalis,Passerellidae,6303,Yes,Edge,Lower
2001-10-01,7.0,CHI,Regulus,calendula,Regulidae,416,No,Forest,Upper
2001-10-01,7.0,CHI,Zonotrichia,albicollis,Passerellidae,10133,Yes,Forest,Lower
2001-10-01,7.0,CHI,Zonotrichia,albicollis,Passerellidae,10133,Yes,Forest,Lower
2001-10-01,7.0,CHI,Zonotrichia,albicollis,Passerellidae,10133,Yes,Forest,Lower
2001-10-01,7.0,CHI,Zonotrichia,albicollis,Passerellidae,10133,Yes,Forest,Lower
2001-10-01,7.0,CHI,Zonotrichia,albicollis,Passerellidae,10133,Yes,Forest,Lower
2001-10-02,6.0,CHI,Passerella,iliaca,Passerellidae,2443,Yes,Edge,Lower
2001-10-02,6.0,MP,catharus,ustulatus,Turdidae,2331,Yes,Forest,Lower
2001-10-02,6.0,CHI,Zonotrichia,albicollis,Passerellidae,10133,Yes,Forest,Lower
2001-10-02,6.0,MP,Zonotrichia,albicollis,Passerellidae,10133,Yes,Forest,Lower
2001-10-03,7.0,CHI,Zonotrichia,albicollis,Passerellidae,10133,Yes,Forest,Lower
2001-10-03,7.0,CHI,Zonotrichia,albicollis,Passerellidae,10133,Yes,Forest,Lower
2001-10-04,7.0,CHI,Catharus,guttatus,Turdidae,3729,Yes,Forest,Lower
2001-10-05,6.0,CHI,Setophaga,magnolia,Parulidae,1224,yes,forest,Upper
2001-10-05,6.0,MP,Passerella,iliaca,Passerellidae,2443,Yes,Edge,Lower
2001-10-05,6.0,MP,Zonotrichia,albicollis,Passerellidae,10133,Yes,Forest,Lower
2001-10-05,6.0,CHI,Zonotrichia,albicollis,Passerellidae,10133,Yes,Forest,Lower
2001-10-05,6.0,MP,Setophaga,coronata,Parulidae,887,yes,forest,Upper
2001-10-06,5.0,MP,Catharus,guttatus,Turdidae,3729,Yes,Forest,Lower
2001-10-06,5.0,CHI,Catharus,guttatus,Turdidae,3729,Yes,Forest,Lower
2001-10-06,5.0,MP,Junco,hyemalis,Passerellidae,6303,Yes,Edge,Lower
2001-10-06,5.0,MP,Zonotrichia,albicollis,Passerellidae,10133,Yes,Forest,Lower
2001-10-06,5.0,MP,Setophaga,coronata,Parulidae,887,yes,forest,Upper
2001-10-06,5.0,CHI,Zonotrichia,albicollis,Passerellidae,10133,Yes,Forest,Lower
2001-10-06,5.0,CHI,Zonotrichia,albicollis,Passerellidae,10133,Yes,Forest,Lower
2001-10-06,5.0,MP,Melospiza,lincolnii,Passerellidae,2029,yes,edge,Lower
2001-10-07,5.0,MP,Oreothlypis,peregrina,Parulidae,2515,Yes,Edge,Upper
2001-10-07,5.0,MP,Junco,hyemalis,Passerellidae,6303,Yes,Edge,Lower
2001-10-07,5.0,MP,Setophaga,striata,Parulidae,787,Yes,Forest,Upper
2001-10-07,5.0,MP,Zonotrichia,albicollis,Passerellidae,10133,Yes,Forest,Lower
2001-10-08,3.0,CHI,Zonotrichia,leucophrys,Passerellidae,1090,Yes,Edge,Lower
2001-10-08,3.0,CHI,Zonotrichia,albicollis,Passerellidae,10133,Yes,Forest,Lower
2001-10-11,15.0,MP,Setophaga,palmarum,Parulidae,694,Yes,Edge,Lower
2001-10-11,15.0,MP,Setophaga,coronata,Parulidae,887,yes,forest,Upper
2001-10-11,15.0,MP,Oreothlypis,peregrina,Parulidae,2515,Yes,Edge,Upper
2001-10-11,15.0,MP,Melospiza,lincolnii,Passerellidae,2029,yes,edge,Lower
2001-10-11,15.0,MP,Setophaga,caerulescens,Parulidae,183,Yes,Forest,Upper
2001-10-11,15.0,CHI,Oreothlypis,peregrina,Parulidae,2515,Yes,Edge,Upper
2001-10-11,15.0,MP,Setophaga,coronata,Parulidae,887,yes,forest,Upper
2001-10-12,17.0,MP,Catharus,guttatus,Turdidae,3729,Yes,Forest,Lower
2001-10-12,17.0,MP,Setophaga,coronata,Parulidae,887,yes,forest,Upper
2001-10-12,17.0,MP,Setophaga,coronata,Parulidae,887,yes,forest,Upper
2001-10-12,17.0,CHI,Catharus,guttatus,Turdidae,3729,Yes,Forest,Lower
2001-10-13,17.0,MP,Setophaga,coronata,Parulidae,887,yes,forest,Upper
2001-10-13,17.0,MP,Setophaga,coronata,Parulidae,887,yes,forest,Upper
2001-10-13,17.0,MP,Setophaga,coronata,Parulidae,887,yes,forest,Upper
2001-10-13,17.0,MP,Setophaga,coronata,Parulidae,887,yes,forest,Upper
2001-10-13,17.0,MP,Setophaga,coronata,Parulidae,887,yes,forest,Upper
2001-10-13,17.0,MP,Setophaga,coronata,Parulidae,887,yes,forest,Upper
2001-10-13,17.0,MP,Setophaga,coronata,Parulidae,887,yes,forest,Upper
2001-10-13,17.0,MP,Setophaga,coronata,Parulidae,887,yes,forest,Upper
2001-10-13,17.0,MP,Setophaga,coronata,Parulidae,887,yes,forest,Upper
2001-10-13,17.0,MP,Setophaga,coronata,Parulidae,887,yes,forest,Upper
2001-10-13,17.0,MP,Setophaga,coronata,Parulidae,887,yes,forest,Upper
2001-10-13,17.0,MP,Setophaga,coronata,Parulidae,887,yes,forest,Upper
2001-10-13,17.0,MP,Setophaga,coronata,Parulidae,887,yes,forest,Upper
2001-10-13,17.0,MP,Setophaga,coronata,Parulidae,887,yes,forest,Upper
2001-10-13,17.0,MP,Setophaga,coronata,Parulidae,887,yes,forest,Upper
2001-10-13,17.0,MP,Setophaga,coronata,Parulidae,887,yes,forest,Upper
2001-10-13,17.0,MP,Setophaga,coronata,Parulidae,887,yes,forest,Upper
2001-10-13,17.0,MP,Setophaga,coronata,Parulidae,887,yes,forest,Upper
2001-10-13,17.0,MP,Setophaga,coronata,Parulidae,887,yes,forest,Upper
2001-10-13,17.0,MP,Setophaga,coronata,Parulidae,887,yes,forest,Upper
2001-10-13,17.0,MP,Setophaga,coronata,Parulidae,887,yes,forest,Upper
2001-10-13,17.0,MP,Setophaga,coronata,Parulidae,887,yes,forest,Upper
2001-10-13,17.0,MP,Setophaga,coronata,Parulidae,887,yes,forest,Upper
2001-10-13,17.0,MP,Setophaga,coronata,Parulidae,887,yes,forest,Upper
2001-10-13,17.0,MP,Setophaga,coronata,Parulidae,887,yes,forest,Upper
2001-10-13,17.0,MP,Setophaga,coronata,Parulidae,887,yes,forest,Upper
2001-10-13,17.0,MP,Zonotrichia,leucophrys,Passerellidae,1090,Yes,Edge,Lower
2001-10-13,17.0,MP,Zonotrichia,leucophrys,Passerellidae,1090,Yes,Edge,Lower
2001-10-13,17.0,MP,Setophaga,coronata,Parulidae,887,yes,forest,Upper
2001-10-13,17.0,MP,Setophaga,coronata,Parulidae,887,yes,forest,Upper
2001-10-13,17.0,MP,Setophaga,coronata,Parulidae,887,yes,forest,Upper
2001-10-13,17.0,MP,Setophaga,coronata,Parulidae,887,yes,forest,Upper
2001-10-13,17.0,MP,Setophaga,coronata,Parulidae,887,yes,forest,Upper
2001-10-13,17.0,MP,Setophaga,coronata,Parulidae,887,yes,forest,Upper
2001-10-13,17.0,MP,Setophaga,coronata,Parulidae,887,yes,forest,Upper
2001-10-13,17.0,MP,Setophaga,coronata,Parulidae,887,yes,forest,Upper
2001-10-13,17.0,MP,Setophaga,coronata,Parulidae,887,yes,forest,Upper
2001-10-13,17.0,CHI,Regulus,satrapa,Regulidae,1029,Yes,Forest,Upper
2001-10-13,17.0,MP,Setophaga,coronata,Parulidae,887,yes,forest,Upper
2001-10-13,17.0,MP,Setophaga,coronata,Parulidae,887,yes,forest,Upper
2001-10-13,17.0,MP,Setophaga,coronata,Parulidae,887,yes,forest,Upper
2001-10-13,17.0,MP,Zonotrichia,albicollis,Passerellidae,10133,Yes,Forest,Lower
2001-10-13,17.0,MP,Setophaga,coronata,Parulidae,887,yes,forest,Upper
2001-10-13,17.0,MP,Catharus,guttatus,Turdidae,3729,Yes,Forest,Lower
2001-10-13,17.0,MP,Catharus,guttatus,Turdidae,3729,Yes,Forest,Lower
2001-10-13,17.0,MP,Melospiza,lincolnii,Passerellidae,2029,yes,edge,Lower
2001-10-13,17.0,MP,Melospiza,lincolnii,Passerellidae,2029,yes,edge,Lower
2001-10-13,17.0,MP,Melospiza,lincolnii,Passerellidae,2029,yes,edge,Lower
2001-10-13,17.0,MP,Ammodramus,savannarum,Passerellidae,106,Yes,Open,Lower
2001-10-13,17.0,MP,Geothlypis,trichas,Parulidae,1555,Yes,Open,Lower
2001-10-13,17.0,MP,Setophaga,palmarum,Parulidae,694,Yes,Edge,Lower
2001-10-13,17.0,MP,Setophaga,palmarum,Parulidae,694,Yes,Edge,Lower
2001-10-13,17.0,MP,Setophaga,coronata,Parulidae,887,yes,forest,Upper
2001-10-13,17.0,MP,Setophaga,palmarum,Parulidae,694,Yes,Edge,Lower
2001-10-13,17.0,MP,Setophaga,palmarum,Parulidae,694,Yes,Edge,Lower
2001-10-13,17.0,MP,Setophaga,palmarum,Parulidae,694,Yes,Edge,Lower
2001-10-13,17.0,MP,Setophaga,palmarum,Parulidae,694,Yes,Edge,Lower
2001-10-13,17.0,MP,Setophaga,palmarum,Parulidae,694,Yes,Edge,Lower
2001-10-13,17.0,MP,Passerculus,sandwichensis,Passerellidae,274,yes,open,Lower	
2001-10-13,17.0,MP,Melospiza,melodia,Passerellidae,5124,Yes,Edge,Lower
2001-10-15,17.0,MP,Setophaga,palmarum,Parulidae,694,Yes,Edge,Lower
2001-10-15,17.0,CHI,Zonotrichia,albicollis,Passerellidae,10133,Yes,Forest,Lower
2001-10-15,17.0,MP,Zonotrichia,albicollis,Passerellidae,10133,Yes,Forest,Lower
2001-10-15,17.0,MP,Passerella,iliaca,Passerellidae,2443,Yes,Edge,Lower
2001-10-15,17.0,MP,Oreothlypis,peregrina,Parulidae,2515,Yes,Edge,Upper
2001-10-15,17.0,MP,Passerella,iliaca,Passerellidae,2443,Yes,Edge,Lower
2001-10-15,17.0,MP,Setophaga,coronata,Parulidae,887,yes,forest,Upper
2001-10-15,17.0,MP,Setophaga,coronata,Parulidae,887,yes,forest,Upper
2001-10-15,17.0,MP,Melospiza,melodia,Passerellidae,5124,Yes,Edge,Lower
2001-10-15,17.0,CHI,Seiurus,aurocapilla,Parulidae,4580,Yes,Forest,Lower
2001-10-15,17.0,MP,Setophaga,coronata,Parulidae,887,yes,forest,Upper
2001-10-15,17.0,MP,Zonotrichia,albicollis,Passerellidae,10133,Yes,Forest,Lower
2001-10-15,17.0,MP,Setophaga,coronata,Parulidae,887,yes,forest,Upper
2001-10-15,17.0,MP,Setophaga,coronata,Parulidae,887,yes,forest,Upper
2001-10-15,17.0,CHI,Melospiza,melodia,Passerellidae,5124,Yes,Edge,Lower
2001-10-15,17.0,MP,Setophaga,coronata,Parulidae,887,yes,forest,Upper
2001-10-15,17.0,MP,Catharus,guttatus,Turdidae,3729,Yes,Forest,Lower
2001-10-15,17.0,MP,Melospiza,lincolnii,Passerellidae,2029,yes,edge,Lower
2001-10-15,17.0,MP,Setophaga,coronata,Parulidae,887,yes,forest,Upper
2001-10-15,17.0,MP,Catharus,guttatus,Turdidae,3729,Yes,Forest,Lower
2001-10-15,17.0,MP,Catharus,guttatus,Turdidae,3729,Yes,Forest,Lower
2001-10-15,17.0,MP,Setophaga,coronata,Parulidae,887,yes,forest,Upper
2001-10-16,17.0,MP,Setophaga,coronata,Parulidae,887,yes,forest,Upper
2001-10-16,17.0,CHI,Setophaga,coronata,Parulidae,887,yes,forest,Upper
2001-10-16,17.0,MP,Junco,hyemalis,Passerellidae,6303,Yes,Edge,Lower
2001-10-16,17.0,MP,Junco,hyemalis,Passerellidae,6303,Yes,Edge,Lower
2001-10-16,17.0,CHI,Junco,hyemalis,Passerellidae,6303,Yes,Edge,Lower
2001-10-16,17.0,MP,Setophaga,palmarum,Parulidae,694,Yes,Edge,Lower
2001-10-16,17.0,MP,Melospiza,melodia,Passerellidae,5124,Yes,Edge,Lower
2001-10-16,17.0,CHI,Setophaga,magnolia,Parulidae,1224,yes,forest,Upper
2001-10-16,17.0,MP,Melospiza,lincolnii,Passerellidae,2029,yes,edge,Lower
2001-10-16,17.0,MP,Setophaga,palmarum,Parulidae,694,Yes,Edge,Lower
2001-10-16,17.0,MP,Setophaga,palmarum,Parulidae,694,Yes,Edge,Lower
2001-10-16,17.0,MP,Setophaga,coronata,Parulidae,887,yes,forest,Upper
2001-10-16,17.0,MP,Setophaga,palmarum,Parulidae,694,Yes,Edge,Lower
2001-10-16,17.0,CHI,Regulus,satrapa,Regulidae,1029,Yes,Forest,Upper
2001-10-16,17.0,CHI,Junco,hyemalis,Passerellidae,6303,Yes,Edge,Lower
2001-10-16,17.0,MP,Passerella,iliaca,Passerellidae,2443,Yes,Edge,Lower
2001-10-16,17.0,MP,Setophaga,coronata,Parulidae,887,yes,forest,Upper
2001-10-16,17.0,MP,Catharus,guttatus,Turdidae,3729,Yes,Forest,Lower
2001-10-16,17.0,MP,Setophaga,coronata,Parulidae,887,yes,forest,Upper
2001-10-16,17.0,MP,Setophaga,coronata,Parulidae,887,yes,forest,Upper
2001-10-16,17.0,MP,Setophaga,coronata,Parulidae,887,yes,forest,Upper
2001-10-16,17.0,MP,Setophaga,coronata,Parulidae,887,yes,forest,Upper
2001-10-16,17.0,MP,Setophaga,coronata,Parulidae,887,yes,forest,Upper
2001-10-16,17.0,MP,Setophaga,coronata,Parulidae,887,yes,forest,Upper
2001-10-16,17.0,MP,Setophaga,coronata,Parulidae,887,yes,forest,Upper
2001-10-16,17.0,MP,Setophaga,coronata,Parulidae,887,yes,forest,Upper
2001-10-16,17.0,MP,Zonotrichia,leucophrys,Passerellidae,1090,Yes,Edge,Lower
2001-10-16,17.0,CHI,Zonotrichia,albicollis,Passerellidae,10133,Yes,Forest,Lower
2001-10-16,17.0,MP,Zonotrichia,albicollis,Passerellidae,10133,Yes,Forest,Lower
2001-10-16,17.0,MP,Setophaga,coronata,Parulidae,887,yes,forest,Upper
2001-10-16,17.0,MP,Setophaga,coronata,Parulidae,887,yes,forest,Upper
2001-10-16,17.0,MP,Zonotrichia,albicollis,Passerellidae,10133,Yes,Forest,Lower
2001-10-16,17.0,MP,Zonotrichia,albicollis,Passerellidae,10133,Yes,Forest,Lower
2001-10-16,17.0,MP,Setophaga,coronata,Parulidae,887,yes,forest,Upper
2001-10-16,17.0,MP,Setophaga,coronata,Parulidae,887,yes,forest,Upper
2001-10-16,17.0,CHI,Zonotrichia,albicollis,Passerellidae,10133,Yes,Forest,Lower
2001-10-16,17.0,MP,Zonotrichia,albicollis,Passerellidae,10133,Yes,Forest,Lower
2001-10-16,17.0,CHI,Catharus,guttatus,Turdidae,3729,Yes,Forest,Lower
2001-10-16,17.0,MP,Zonotrichia,leucophrys,Passerellidae,1090,Yes,Edge,Lower
2001-10-16,17.0,MP,Catharus,guttatus,Turdidae,3729,Yes,Forest,Lower
2001-10-17,17.0,CHI,Zonotrichia,albicollis,Passerellidae,10133,Yes,Forest,Lower
2001-10-17,17.0,MP,Junco,hyemalis,Passerellidae,6303,Yes,Edge,Lower
2001-10-17,17.0,MP,Catharus,guttatus,Turdidae,3729,Yes,Forest,Lower
2001-10-17,17.0,MP,Junco,hyemalis,Passerellidae,6303,Yes,Edge,Lower
2001-10-17,17.0,MP,Melospiza,lincolnii,Passerellidae,2029,yes,edge,Lower
2001-10-17,17.0,MP,Setophaga,coronata,Parulidae,887,yes,forest,Upper
2001-10-17,17.0,MP,Junco,hyemalis,Passerellidae,6303,Yes,Edge,Lower
2001-10-17,17.0,MP,Setophaga,coronata,Parulidae,887,yes,forest,Upper
2001-10-17,17.0,MP,Setophaga,coronata,Parulidae,887,yes,forest,Upper
2001-10-17,17.0,MP,Zonotrichia,albicollis,Passerellidae,10133,Yes,Forest,Lower
2001-10-17,17.0,MP,Setophaga,coronata,Parulidae,887,yes,forest,Upper
2001-10-17,17.0,MP,Catharus,guttatus,Turdidae,3729,Yes,Forest,Lower
2001-10-17,17.0,MP,Junco,hyemalis,Passerellidae,6303,Yes,Edge,Lower
2001-10-17,17.0,CHI,Zonotrichia,albicollis,Passerellidae,10133,Yes,Forest,Lower
2001-10-17,17.0,MP,Junco,hyemalis,Passerellidae,6303,Yes,Edge,Lower
2001-10-17,17.0,MP,Catharus,guttatus,Turdidae,3729,Yes,Forest,Lower
2001-10-17,17.0,MP,Catharus,guttatus,Turdidae,3729,Yes,Forest,Lower
2001-10-17,17.0,MP,Junco,hyemalis,Passerellidae,6303,Yes,Edge,Lower
2001-10-17,17.0,MP,Catharus,guttatus,Turdidae,3729,Yes,Forest,Lower
2001-10-17,17.0,CHI,Catharus,guttatus,Turdidae,3729,Yes,Forest,Lower
2001-10-17,17.0,MP,Passerella,iliaca,Passerellidae,2443,Yes,Edge,Lower
2001-10-17,17.0,MP,Junco,hyemalis,Passerellidae,6303,Yes,Edge,Lower
2001-10-17,17.0,MP,Passerella,iliaca,Passerellidae,2443,Yes,Edge,Lower
2001-10-17,17.0,MP,Junco,hyemalis,Passerellidae,6303,Yes,Edge,Lower
2001-10-17,17.0,MP,Junco,hyemalis,Passerellidae,6303,Yes,Edge,Lower
2001-10-17,17.0,MP,Junco,hyemalis,Passerellidae,6303,Yes,Edge,Lower
2001-10-17,17.0,MP,Junco,hyemalis,Passerellidae,6303,Yes,Edge,Lower
2001-10-17,17.0,MP,Catharus,guttatus,Turdidae,3729,Yes,Forest,Lower
2001-10-18,14.0,MP,Zonotrichia,leucophrys,Passerellidae,1090,Yes,Edge,Lower
2001-10-18,14.0,MP,Zonotrichia,leucophrys,Passerellidae,1090,Yes,Edge,Lower
2001-10-18,14.0,MP,Junco,hyemalis,Passerellidae,6303,Yes,Edge,Lower
2001-10-18,14.0,MP,Junco,hyemalis,Passerellidae,6303,Yes,Edge,Lower
2001-10-18,14.0,MP,Junco,hyemalis,Passerellidae,6303,Yes,Edge,Lower
2001-10-18,14.0,CHI,catharus,ustulatus,Turdidae,2331,Yes,Forest,Lower
2001-10-18,14.0,CHI,Catharus,guttatus,Turdidae,3729,Yes,Forest,Lower
2001-10-18,14.0,CHI,Catharus,guttatus,Turdidae,3729,Yes,Forest,Lower
2001-10-18,14.0,CHI,Zonotrichia,albicollis,Passerellidae,10133,Yes,Forest,Lower
2001-10-19,17.0,MP,Catharus,guttatus,Turdidae,3729,Yes,Forest,Lower
2001-10-20,15.0,MP,Junco,hyemalis,Passerellidae,6303,Yes,Edge,Lower
2001-10-20,15.0,MP,Setophaga,coronata,Parulidae,887,yes,forest,Upper
2001-10-22,4.0,MP,Junco,hyemalis,Passerellidae,6303,Yes,Edge,Lower
2001-10-22,4.0,MP,Passerella,iliaca,Passerellidae,2443,Yes,Edge,Lower
2001-10-22,4.0,CHI,Catharus,guttatus,Turdidae,3729,Yes,Forest,Lower
2001-10-22,4.0,CHI,Catharus,guttatus,Turdidae,3729,Yes,Forest,Lower
2001-10-22,4.0,MP,Junco,hyemalis,Passerellidae,6303,Yes,Edge,Lower
2001-10-22,4.0,CHI,Junco,hyemalis,Passerellidae,6303,Yes,Edge,Lower
2001-10-22,4.0,MP,Setophaga,coronata,Parulidae,887,yes,forest,Upper
2001-10-23,14.0,MP,Zonotrichia,albicollis,Passerellidae,10133,Yes,Forest,Lower
2001-10-23,14.0,MP,Zonotrichia,albicollis,Passerellidae,10133,Yes,Forest,Lower
2001-10-23,14.0,MP,Zonotrichia,albicollis,Passerellidae,10133,Yes,Forest,Lower
2001-10-23,14.0,MP,Melospiza,melodia,Passerellidae,5124,Yes,Edge,Lower
2001-10-23,14.0,MP,Zonotrichia,albicollis,Passerellidae,10133,Yes,Forest,Lower
2001-10-23,14.0,MP,Zonotrichia,leucophrys,Passerellidae,1090,Yes,Edge,Lower
2001-10-23,14.0,MP,Zonotrichia,leucophrys,Passerellidae,1090,Yes,Edge,Lower
2001-10-23,14.0,MP,Zonotrichia,leucophrys,Passerellidae,1090,Yes,Edge,Lower
2001-10-23,14.0,MP,Zonotrichia,leucophrys,Passerellidae,1090,Yes,Edge,Lower
2001-10-23,14.0,MP,Zonotrichia,leucophrys,Passerellidae,1090,Yes,Edge,Lower
2001-10-23,14.0,MP,Zonotrichia,leucophrys,Passerellidae,1090,Yes,Edge,Lower
2001-10-23,14.0,MP,Zonotrichia,leucophrys,Passerellidae,1090,Yes,Edge,Lower
2001-10-23,14.0,MP,Zonotrichia,leucophrys,Passerellidae,1090,Yes,Edge,Lower
2001-10-23,14.0,MP,Zonotrichia,leucophrys,Passerellidae,1090,Yes,Edge,Lower
2001-10-23,14.0,MP,Melospiza,lincolnii,Passerellidae,2029,yes,edge,Lower
2001-10-24,14.0,MP,Junco,hyemalis,Passerellidae,6303,Yes,Edge,Lower
2001-10-24,14.0,CHI,Zonotrichia,albicollis,Passerellidae,10133,Yes,Forest,Lower
2001-10-24,14.0,MP,Zonotrichia,albicollis,Passerellidae,10133,Yes,Forest,Lower
2001-10-24,14.0,MP,Melospiza,melodia,Passerellidae,5124,Yes,Edge,Lower
2001-10-24,14.0,MP,Melospiza,melodia,Passerellidae,5124,Yes,Edge,Lower
2001-10-24,14.0,MP,Oreothlypis,ruficapilla,Parulidae,1690,Yes,Forest,Upper
2001-10-24,14.0,MP,Catharus,guttatus,Turdidae,3729,Yes,Forest,Lower
2001-10-24,14.0,CHI,Junco,hyemalis,Passerellidae,6303,Yes,Edge,Lower
2001-10-24,14.0,MP,Zonotrichia,leucophrys,Passerellidae,1090,Yes,Edge,Lower
2001-10-24,14.0,MP,Zonotrichia,leucophrys,Passerellidae,1090,Yes,Edge,Lower
2001-10-25,17.0,MP,Zonotrichia,leucophrys,Passerellidae,1090,Yes,Edge,Lower
2001-10-25,17.0,CHI,Zonotrichia,albicollis,Passerellidae,10133,Yes,Forest,Lower
2001-10-25,17.0,MP,Passerella,iliaca,Passerellidae,2443,Yes,Edge,Lower
2001-10-25,17.0,MP,Spizella,pusilla,Passerellidae,325,Yes,Open,Lower
2001-10-25,17.0,MP,Junco,hyemalis,Passerellidae,6303,Yes,Edge,Lower
2001-10-25,17.0,MP,Junco,hyemalis,Passerellidae,6303,Yes,Edge,Lower
2001-10-25,17.0,MP,Melospiza,melodia,Passerellidae,5124,Yes,Edge,Lower
2001-10-25,17.0,MP,Melospiza,melodia,Passerellidae,5124,Yes,Edge,Lower
2001-10-25,17.0,CHI,Catharus,guttatus,Turdidae,3729,Yes,Forest,Lower
2001-10-25,17.0,MP,Zonotrichia,leucophrys,Passerellidae,1090,Yes,Edge,Lower
2001-10-25,17.0,MP,Passerculus,sandwichensis,Passerellidae,274,yes,open,Lower	
2001-10-25,17.0,MP,Passerculus,sandwichensis,Passerellidae,274,yes,open,Lower	
2001-10-25,17.0,CHI,Catharus,guttatus,Turdidae,3729,Yes,Forest,Lower
2001-10-26,16.0,CHI,Junco,hyemalis,Passerellidae,6303,Yes,Edge,Lower
2001-10-26,16.0,MP,Melospiza,melodia,Passerellidae,5124,Yes,Edge,Lower
2001-10-26,16.0,MP,Junco,hyemalis,Passerellidae,6303,Yes,Edge,Lower
2001-10-26,16.0,MP,Passerella,iliaca,Passerellidae,2443,Yes,Edge,Lower
2001-10-26,16.0,MP,Passerella,iliaca,Passerellidae,2443,Yes,Edge,Lower
2001-10-26,16.0,CHI,Setophaga,palmarum,Parulidae,694,Yes,Edge,Lower
2001-10-26,16.0,MP,Passerculus,sandwichensis,Passerellidae,274,yes,open,Lower	
2001-10-26,16.0,MP,Passerculus,sandwichensis,Passerellidae,274,yes,open,Lower	
2001-10-26,16.0,MP,Passerella,iliaca,Passerellidae,2443,Yes,Edge,Lower
2001-10-26,16.0,MP,Passerculus,sandwichensis,Passerellidae,274,yes,open,Lower	
2001-10-27,17.0,MP,Junco,hyemalis,Passerellidae,6303,Yes,Edge,Lower
2001-10-27,17.0,MP,Junco,hyemalis,Passerellidae,6303,Yes,Edge,Lower
2001-10-27,17.0,MP,Catharus,guttatus,Turdidae,3729,Yes,Forest,Lower
2001-10-27,17.0,MP,Junco,hyemalis,Passerellidae,6303,Yes,Edge,Lower
2001-10-27,17.0,MP,Junco,hyemalis,Passerellidae,6303,Yes,Edge,Lower
2001-10-27,17.0,MP,Zonotrichia,albicollis,Passerellidae,10133,Yes,Forest,Lower
2001-10-27,17.0,MP,Zonotrichia,albicollis,Passerellidae,10133,Yes,Forest,Lower
2001-10-27,17.0,MP,Zonotrichia,albicollis,Passerellidae,10133,Yes,Forest,Lower
2001-10-27,17.0,MP,Junco,hyemalis,Passerellidae,6303,Yes,Edge,Lower
2001-10-27,17.0,MP,Catharus,guttatus,Turdidae,3729,Yes,Forest,Lower
2001-10-27,17.0,MP,Junco,hyemalis,Passerellidae,6303,Yes,Edge,Lower
2001-10-27,17.0,MP,Oreothlypis,celata,Parulidae,227,Yes,Edge,Lower
2001-10-27,17.0,MP,Junco,hyemalis,Passerellidae,6303,Yes,Edge,Lower
2001-10-27,17.0,MP,Junco,hyemalis,Passerellidae,6303,Yes,Edge,Lower
2001-10-27,17.0,MP,Junco,hyemalis,Passerellidae,6303,Yes,Edge,Lower
2001-10-27,17.0,MP,Junco,hyemalis,Passerellidae,6303,Yes,Edge,Lower
2001-10-28,15.0,MP,Melospiza,melodia,Passerellidae,5124,Yes,Edge,Lower
2001-10-28,15.0,MP,Catharus,guttatus,Turdidae,3729,Yes,Forest,Lower
2001-10-28,15.0,MP,Junco,hyemalis,Passerellidae,6303,Yes,Edge,Lower
2001-10-28,15.0,MP,Junco,hyemalis,Passerellidae,6303,Yes,Edge,Lower
2001-10-28,15.0,MP,Junco,hyemalis,Passerellidae,6303,Yes,Edge,Lower
2001-10-28,15.0,MP,Junco,hyemalis,Passerellidae,6303,Yes,Edge,Lower
2001-10-28,15.0,MP,Zonotrichia,albicollis,Passerellidae,10133,Yes,Forest,Lower
2001-10-28,15.0,MP,Junco,hyemalis,Passerellidae,6303,Yes,Edge,Lower
2001-10-28,15.0,CHI,Catharus,guttatus,Turdidae,3729,Yes,Forest,Lower
2001-10-28,15.0,MP,Junco,hyemalis,Passerellidae,6303,Yes,Edge,Lower
2001-10-29,15.0,MP,Junco,hyemalis,Passerellidae,6303,Yes,Edge,Lower
2001-10-29,15.0,CHI,Catharus,guttatus,Turdidae,3729,Yes,Forest,Lower
2001-10-30,15.0,MP,Catharus,guttatus,Turdidae,3729,Yes,Forest,Lower
2001-10-31,14.0,MP,Spizelloides,arborea,Passerellidae,1262,Yes,Edge,Lower
2001-10-31,14.0,MP,Junco,hyemalis,Passerellidae,6303,Yes,Edge,Lower
2001-10-31,14.0,MP,Junco,hyemalis,Passerellidae,6303,Yes,Edge,Lower
2001-11-01,4.0,CHI,Sitta,canadensis,Sittidae,260,Yes,Forest,Upper
2001-11-02,5.0,MP,Regulus,satrapa,Regulidae,1029,Yes,Forest,Upper
2001-11-02,5.0,MP,Passerella,iliaca,Passerellidae,2443,Yes,Edge,Lower
2001-11-02,5.0,MP,Passerella,iliaca,Passerellidae,2443,Yes,Edge,Lower
2001-11-02,5.0,CHI,Passerella,iliaca,Passerellidae,2443,Yes,Edge,Lower
2001-11-02,5.0,MP,Zonotrichia,albicollis,Passerellidae,10133,Yes,Forest,Lower
2001-11-02,5.0,MP,Spizelloides,arborea,Passerellidae,1262,Yes,Edge,Lower
2001-11-02,5.0,CHI,Zonotrichia,albicollis,Passerellidae,10133,Yes,Forest,Lower
2001-11-02,5.0,MP,Junco,hyemalis,Passerellidae,6303,Yes,Edge,Lower
2001-11-02,5.0,MP,Junco,hyemalis,Passerellidae,6303,Yes,Edge,Lower
2001-11-02,5.0,CHI,Catharus,guttatus,Turdidae,3729,Yes,Forest,Lower
2001-11-03,3.0,MP,Passerella,iliaca,Passerellidae,2443,Yes,Edge,Lower
2001-11-03,3.0,MP,Junco,hyemalis,Passerellidae,6303,Yes,Edge,Lower
2001-11-03,3.0,MP,Junco,hyemalis,Passerellidae,6303,Yes,Edge,Lower
2001-11-03,3.0,MP,Junco,hyemalis,Passerellidae,6303,Yes,Edge,Lower
2001-11-03,3.0,MP,Junco,hyemalis,Passerellidae,6303,Yes,Edge,Lower
2001-11-03,3.0,MP,Junco,hyemalis,Passerellidae,6303,Yes,Edge,Lower
2001-11-03,3.0,MP,Catharus,guttatus,Turdidae,3729,Yes,Forest,Lower
2001-11-03,3.0,CHI,Junco,hyemalis,Passerellidae,6303,Yes,Edge,Lower
2001-11-03,3.0,MP,Spizelloides,arborea,Passerellidae,1262,Yes,Edge,Lower
2001-11-04,4.0,MP,Junco,hyemalis,Passerellidae,6303,Yes,Edge,Lower
2001-11-04,4.0,MP,Junco,hyemalis,Passerellidae,6303,Yes,Edge,Lower
2001-11-05,4.0,MP,Junco,hyemalis,Passerellidae,6303,Yes,Edge,Lower
2001-11-05,4.0,CHI,Junco,hyemalis,Passerellidae,6303,Yes,Edge,Lower
2001-11-09,7.0,MP,Spizelloides,arborea,Passerellidae,1262,Yes,Edge,Lower
2001-11-09,7.0,MP,Passerella,iliaca,Passerellidae,2443,Yes,Edge,Lower
2001-11-10,10.0,MP,Spizelloides,arborea,Passerellidae,1262,Yes,Edge,Lower
2001-11-11,10.0,CHI,Zonotrichia,albicollis,Passerellidae,10133,Yes,Forest,Lower
2001-11-11,10.0,MP,Junco,hyemalis,Passerellidae,6303,Yes,Edge,Lower
2001-11-11,10.0,MP,Junco,hyemalis,Passerellidae,6303,Yes,Edge,Lower
2001-11-13,11.0,MP,Spizelloides,arborea,Passerellidae,1262,Yes,Edge,Lower
2001-11-13,11.0,MP,Melospiza,melodia,Passerellidae,5124,Yes,Edge,Lower
2001-11-13,11.0,MP,Spizelloides,arborea,Passerellidae,1262,Yes,Edge,Lower
2001-11-13,11.0,MP,Spizelloides,arborea,Passerellidae,1262,Yes,Edge,Lower
2001-11-13,11.0,MP,Spizelloides,arborea,Passerellidae,1262,Yes,Edge,Lower
2001-11-14,13.0,MP,Melospiza,melodia,Passerellidae,5124,Yes,Edge,Lower
2001-11-14,13.0,MP,Junco,hyemalis,Passerellidae,6303,Yes,Edge,Lower
2001-11-16,9.0,MP,Spizelloides,arborea,Passerellidae,1262,Yes,Edge,Lower
2001-11-16,9.0,MP,Junco,hyemalis,Passerellidae,6303,Yes,Edge,Lower
2001-11-16,9.0,MP,Spizelloides,arborea,Passerellidae,1262,Yes,Edge,Lower
2001-11-18,9.0,MP,Spizelloides,arborea,Passerellidae,1262,Yes,Edge,Lower
2001-11-18,9.0,MP,Spizelloides,arborea,Passerellidae,1262,Yes,Edge,Lower
2002-03-08,3.0,MP,Melospiza,melodia,Passerellidae,5124,Yes,Edge,Lower
2002-03-13,3.0,MP,Melospiza,melodia,Passerellidae,5124,Yes,Edge,Lower
2002-03-15,4.0,MP,Melospiza,melodia,Passerellidae,5124,Yes,Edge,Lower
2002-03-15,4.0,MP,Melospiza,melodia,Passerellidae,5124,Yes,Edge,Lower
2002-03-15,4.0,MP,Melospiza,melodia,Passerellidae,5124,Yes,Edge,Lower
2002-03-15,4.0,MP,Melospiza,melodia,Passerellidae,5124,Yes,Edge,Lower
2002-03-15,4.0,MP,Melospiza,melodia,Passerellidae,5124,Yes,Edge,Lower
2002-03-15,4.0,MP,Melospiza,melodia,Passerellidae,5124,Yes,Edge,Lower
2002-03-15,4.0,MP,Junco,hyemalis,Passerellidae,6303,Yes,Edge,Lower
2002-03-15,4.0,MP,Melospiza,melodia,Passerellidae,5124,Yes,Edge,Lower
2002-03-15,4.0,MP,Melospiza,melodia,Passerellidae,5124,Yes,Edge,Lower
2002-03-15,4.0,MP,Melospiza,melodia,Passerellidae,5124,Yes,Edge,Lower
2002-03-15,4.0,MP,Spizelloides,arborea,Passerellidae,1262,Yes,Edge,Lower
2002-03-21,3.0,MP,Melospiza,melodia,Passerellidae,5124,Yes,Edge,Lower
2002-03-30,5.0,MP,Melospiza,melodia,Passerellidae,5124,Yes,Edge,Lower
2002-04-02,6.0,MP,Passerella,iliaca,Passerellidae,2443,Yes,Edge,Lower
2002-04-03,15.0,CHI,Regulus,satrapa,Regulidae,1029,Yes,Forest,Upper
2002-04-07,17.0,MP,Melospiza,melodia,Passerellidae,5124,Yes,Edge,Lower
2002-04-07,17.0,MP,Melospiza,melodia,Passerellidae,5124,Yes,Edge,Lower
2002-04-07,17.0,MP,Melospiza,melodia,Passerellidae,5124,Yes,Edge,Lower
2002-04-07,17.0,MP,Melospiza,melodia,Passerellidae,5124,Yes,Edge,Lower
2002-04-07,17.0,MP,Passerella,iliaca,Passerellidae,2443,Yes,Edge,Lower
2002-04-07,17.0,MP,Melospiza,melodia,Passerellidae,5124,Yes,Edge,Lower
2002-04-07,17.0,MP,Junco,hyemalis,Passerellidae,6303,Yes,Edge,Lower
2002-04-07,17.0,MP,Junco,hyemalis,Passerellidae,6303,Yes,Edge,Lower
2002-04-07,17.0,MP,Junco,hyemalis,Passerellidae,6303,Yes,Edge,Lower
2002-04-07,17.0,MP,Junco,hyemalis,Passerellidae,6303,Yes,Edge,Lower
2002-04-07,17.0,MP,Junco,hyemalis,Passerellidae,6303,Yes,Edge,Lower
2002-04-08,14.0,MP,Passerella,iliaca,Passerellidae,2443,Yes,Edge,Lower
2002-04-08,14.0,MP,Melospiza,melodia,Passerellidae,5124,Yes,Edge,Lower
2002-04-08,14.0,MP,Junco,hyemalis,Passerellidae,6303,Yes,Edge,Lower
2002-04-08,14.0,MP,Junco,hyemalis,Passerellidae,6303,Yes,Edge,Lower
2002-04-08,14.0,MP,Passerella,iliaca,Passerellidae,2443,Yes,Edge,Lower
2002-04-08,14.0,MP,Passerella,iliaca,Passerellidae,2443,Yes,Edge,Lower
2002-04-08,14.0,MP,Melospiza,melodia,Passerellidae,5124,Yes,Edge,Lower
2002-04-08,14.0,MP,Melospiza,melodia,Passerellidae,5124,Yes,Edge,Lower
2002-04-08,14.0,MP,Melospiza,melodia,Passerellidae,5124,Yes,Edge,Lower
2002-04-09,14.0,MP,Toxostoma,rufum,Mimidae,166,No,Edge,Lower
2002-04-10,14.0,MP,Toxostoma,rufum,Mimidae,166,No,Edge,Lower
2002-04-10,14.0,MP,Junco,hyemalis,Passerellidae,6303,Yes,Edge,Lower
2002-04-11,13.0,MP,Junco,hyemalis,Passerellidae,6303,Yes,Edge,Lower
2002-04-11,13.0,MP,Junco,hyemalis,Passerellidae,6303,Yes,Edge,Lower
2002-04-11,13.0,MP,Passerella,iliaca,Passerellidae,2443,Yes,Edge,Lower
2002-04-11,13.0,MP,Passerculus,sandwichensis,Passerellidae,274,yes,open,Lower	
2002-04-11,13.0,MP,Passerella,iliaca,Passerellidae,2443,Yes,Edge,Lower
2002-04-11,13.0,MP,Catharus,guttatus,Turdidae,3729,Yes,Forest,Lower
2002-04-12,13.0,MP,Spizelloides,arborea,Passerellidae,1262,Yes,Edge,Lower
2002-04-12,13.0,MP,Junco,hyemalis,Passerellidae,6303,Yes,Edge,Lower
2002-04-12,13.0,MP,Catharus,guttatus,Turdidae,3729,Yes,Forest,Lower
2002-04-12,13.0,MP,Melospiza,melodia,Passerellidae,5124,Yes,Edge,Lower
2002-04-12,13.0,MP,Melospiza,melodia,Passerellidae,5124,Yes,Edge,Lower
2002-04-12,13.0,MP,Junco,hyemalis,Passerellidae,6303,Yes,Edge,Lower
2002-04-12,13.0,MP,Junco,hyemalis,Passerellidae,6303,Yes,Edge,Lower
2002-04-12,13.0,MP,Catharus,guttatus,Turdidae,3729,Yes,Forest,Lower
2002-04-12,13.0,MP,Junco,hyemalis,Passerellidae,6303,Yes,Edge,Lower
2002-04-12,13.0,MP,Melospiza,melodia,Passerellidae,5124,Yes,Edge,Lower
2002-04-12,13.0,MP,Passerella,iliaca,Passerellidae,2443,Yes,Edge,Lower
2002-04-16,9.0,MP,Zonotrichia,albicollis,Passerellidae,10133,Yes,Forest,Lower
2002-04-16,9.0,MP,Catharus,guttatus,Turdidae,3729,Yes,Forest,Lower
2002-04-16,9.0,MP,Melospiza,melodia,Passerellidae,5124,Yes,Edge,Lower
2002-04-16,9.0,MP,Melospiza,melodia,Passerellidae,5124,Yes,Edge,Lower
2002-04-16,9.0,MP,Melospiza,melodia,Passerellidae,5124,Yes,Edge,Lower
2002-04-16,9.0,MP,Catharus,guttatus,Turdidae,3729,Yes,Forest,Lower
2002-04-16,9.0,MP,Catharus,guttatus,Turdidae,3729,Yes,Forest,Lower
2002-04-16,9.0,MP,Catharus,guttatus,Turdidae,3729,Yes,Forest,Lower
2002-04-16,9.0,MP,Catharus,guttatus,Turdidae,3729,Yes,Forest,Lower
2002-04-16,9.0,MP,Passerculus,sandwichensis,Passerellidae,274,yes,open,Lower	
2002-04-16,9.0,MP,Spizella,pusilla,Passerellidae,325,Yes,Open,Lower
2002-04-16,9.0,MP,Regulus,calendula,Regulidae,416,No,Forest,Upper
2002-04-16,9.0,MP,Melospiza,melodia,Passerellidae,5124,Yes,Edge,Lower
2002-04-17,9.0,CHI,Zonotrichia,albicollis,Passerellidae,10133,Yes,Forest,Lower
2002-04-17,9.0,MP,Zonotrichia,albicollis,Passerellidae,10133,Yes,Forest,Lower
2002-04-17,9.0,CHI,Zonotrichia,albicollis,Passerellidae,10133,Yes,Forest,Lower
2002-04-17,9.0,MP,Catharus,guttatus,Turdidae,3729,Yes,Forest,Lower
2002-04-17,9.0,MP,Zonotrichia,albicollis,Passerellidae,10133,Yes,Forest,Lower
2002-04-17,9.0,MP,Zonotrichia,albicollis,Passerellidae,10133,Yes,Forest,Lower
2002-04-17,9.0,MP,Spizella,pusilla,Passerellidae,325,Yes,Open,Lower
2002-04-17,9.0,MP,Melospiza,melodia,Passerellidae,5124,Yes,Edge,Lower
2002-04-17,9.0,CHI,Zonotrichia,albicollis,Passerellidae,10133,Yes,Forest,Lower
2002-04-18,9.0,MP,Catharus,guttatus,Turdidae,3729,Yes,Forest,Lower
2002-04-22,3.0,CHI,Zonotrichia,albicollis,Passerellidae,10133,Yes,Forest,Lower
2002-04-22,3.0,CHI,Zonotrichia,albicollis,Passerellidae,10133,Yes,Forest,Lower
2002-04-24,15.0,MP,Zonotrichia,albicollis,Passerellidae,10133,Yes,Forest,Lower
2002-04-24,15.0,MP,Zonotrichia,albicollis,Passerellidae,10133,Yes,Forest,Lower
2002-04-24,15.0,MP,Zonotrichia,albicollis,Passerellidae,10133,Yes,Forest,Lower
2002-04-24,15.0,MP,Zonotrichia,albicollis,Passerellidae,10133,Yes,Forest,Lower
2002-04-24,15.0,MP,Zonotrichia,albicollis,Passerellidae,10133,Yes,Forest,Lower
2002-04-24,15.0,MP,Zonotrichia,albicollis,Passerellidae,10133,Yes,Forest,Lower
2002-04-24,15.0,MP,Zonotrichia,albicollis,Passerellidae,10133,Yes,Forest,Lower
2002-04-24,15.0,MP,Zonotrichia,albicollis,Passerellidae,10133,Yes,Forest,Lower
2002-04-25,15.0,CHI,Zonotrichia,albicollis,Passerellidae,10133,Yes,Forest,Lower
2002-04-25,15.0,MP,Zonotrichia,albicollis,Passerellidae,10133,Yes,Forest,Lower
2002-04-25,15.0,MP,Zonotrichia,albicollis,Passerellidae,10133,Yes,Forest,Lower
2002-04-25,15.0,MP,Spizella,pusilla,Passerellidae,325,Yes,Open,Lower
2002-04-25,15.0,MP,Zonotrichia,albicollis,Passerellidae,10133,Yes,Forest,Lower
2002-04-25,15.0,CHI,Zonotrichia,albicollis,Passerellidae,10133,Yes,Forest,Lower
2002-04-28,17.0,MP,Zonotrichia,albicollis,Passerellidae,10133,Yes,Forest,Lower
2002-04-28,17.0,MP,Melospiza,lincolnii,Passerellidae,2029,yes,edge,Lower
2002-04-28,17.0,MP,Zonotrichia,albicollis,Passerellidae,10133,Yes,Forest,Lower
2002-04-29,15.0,CHI,Seiurus,aurocapilla,Parulidae,4580,Yes,Forest,Lower
2002-04-30,15.0,MP,Seiurus,aurocapilla,Parulidae,4580,Yes,Forest,Lower
2002-04-30,15.0,MP,Seiurus,aurocapilla,Parulidae,4580,Yes,Forest,Lower
2002-04-30,15.0,MP,Hylocichla,mustelina,Turdidae,500,Yes,Forest,Lower
2002-04-30,15.0,MP,Seiurus,aurocapilla,Parulidae,4580,Yes,Forest,Lower
2002-04-30,15.0,MP,Zonotrichia,albicollis,Passerellidae,10133,Yes,Forest,Lower
2002-04-30,15.0,MP,Seiurus,aurocapilla,Parulidae,4580,Yes,Forest,Lower
2002-04-30,15.0,MP,Zonotrichia,albicollis,Passerellidae,10133,Yes,Forest,Lower
2002-05-01,14.0,MP,Zonotrichia,albicollis,Passerellidae,10133,Yes,Forest,Lower
2002-05-01,14.0,MP,Zonotrichia,albicollis,Passerellidae,10133,Yes,Forest,Lower
2002-05-02,17.0,CHI,Zonotrichia,albicollis,Passerellidae,10133,Yes,Forest,Lower
2002-05-05,15.0,MP,Zonotrichia,albicollis,Passerellidae,10133,Yes,Forest,Lower
2002-05-05,15.0,CHI,Zonotrichia,albicollis,Passerellidae,10133,Yes,Forest,Lower
2002-05-05,15.0,CHI,Zonotrichia,albicollis,Passerellidae,10133,Yes,Forest,Lower
2002-05-05,15.0,CHI,Zonotrichia,albicollis,Passerellidae,10133,Yes,Forest,Lower
2002-05-05,15.0,MP,dumetella,carolinensis,Mimidae,599,no,edge,Lower
2002-05-05,15.0,MP,troglodytes,hiemalis,Troglodytidae,474,No,Forest,Lower
2002-05-05,15.0,CHI,Zonotrichia,albicollis,Passerellidae,10133,Yes,Forest,Lower
2002-05-05,15.0,CHI,Zonotrichia,albicollis,Passerellidae,10133,Yes,Forest,Lower
2002-05-05,15.0,MP,Zonotrichia,albicollis,Passerellidae,10133,Yes,Forest,Lower
2002-05-05,15.0,CHI,Zonotrichia,albicollis,Passerellidae,10133,Yes,Forest,Lower
2002-05-05,15.0,CHI,Zonotrichia,albicollis,Passerellidae,10133,Yes,Forest,Lower
2002-05-05,15.0,MP,Zonotrichia,albicollis,Passerellidae,10133,Yes,Forest,Lower
2002-05-05,15.0,MP,Zonotrichia,albicollis,Passerellidae,10133,Yes,Forest,Lower
2002-05-05,15.0,MP,Zonotrichia,albicollis,Passerellidae,10133,Yes,Forest,Lower
2002-05-05,15.0,MP,Zonotrichia,albicollis,Passerellidae,10133,Yes,Forest,Lower
2002-05-05,15.0,MP,Zonotrichia,albicollis,Passerellidae,10133,Yes,Forest,Lower
2002-05-05,15.0,CHI,Hylocichla,mustelina,Turdidae,500,Yes,Forest,Lower
2002-05-05,15.0,CHI,Hylocichla,mustelina,Turdidae,500,Yes,Forest,Lower
2002-05-05,15.0,MP,Zonotrichia,albicollis,Passerellidae,10133,Yes,Forest,Lower
2002-05-05,15.0,MP,Zonotrichia,albicollis,Passerellidae,10133,Yes,Forest,Lower
2002-05-05,15.0,MP,Zonotrichia,albicollis,Passerellidae,10133,Yes,Forest,Lower
2002-05-05,15.0,MP,Piranga,olivacea,Cardinalidae,127,Yes,Forest,Upper
2002-05-05,15.0,MP,Zonotrichia,albicollis,Passerellidae,10133,Yes,Forest,Lower
2002-05-05,15.0,CHI,Seiurus,aurocapilla,Parulidae,4580,Yes,Forest,Lower
2002-05-05,15.0,CHI,Geothlypis,trichas,Parulidae,1555,Yes,Open,Lower
2002-05-05,15.0,CHI,Geothlypis,trichas,Parulidae,1555,Yes,Open,Lower
2002-05-05,15.0,CHI,Geothlypis,trichas,Parulidae,1555,Yes,Open,Lower
2002-05-05,15.0,MP,Spizella,pallida,Passerellidae,50,Yes,Open,Lower
2002-05-05,15.0,MP,Geothlypis,trichas,Parulidae,1555,Yes,Open,Lower
2002-05-05,15.0,MP,Parkesia,noveboracensis,Parulidae,916,Yes,Forest,Lower
2002-05-05,15.0,MP,Zonotrichia,albicollis,Passerellidae,10133,Yes,Forest,Lower
2002-05-05,15.0,CHI,Zonotrichia,albicollis,Passerellidae,10133,Yes,Forest,Lower
2002-05-05,15.0,CHI,Zonotrichia,albicollis,Passerellidae,10133,Yes,Forest,Lower
2002-05-05,15.0,MP,Zonotrichia,albicollis,Passerellidae,10133,Yes,Forest,Lower
2002-05-05,15.0,CHI,Zonotrichia,albicollis,Passerellidae,10133,Yes,Forest,Lower
2002-05-05,15.0,CHI,Zonotrichia,albicollis,Passerellidae,10133,Yes,Forest,Lower
2002-05-06,17.0,MP,Zonotrichia,albicollis,Passerellidae,10133,Yes,Forest,Lower
2002-05-06,17.0,MP,Zonotrichia,albicollis,Passerellidae,10133,Yes,Forest,Lower
2002-05-06,17.0,MP,Parkesia,noveboracensis,Parulidae,916,Yes,Forest,Lower
2002-05-06,17.0,MP,Zonotrichia,albicollis,Passerellidae,10133,Yes,Forest,Lower
2002-05-06,17.0,MP,Zonotrichia,leucophrys,Passerellidae,1090,Yes,Edge,Lower
2002-05-06,17.0,MP,Zonotrichia,leucophrys,Passerellidae,1090,Yes,Edge,Lower
2002-05-06,17.0,MP,Zonotrichia,leucophrys,Passerellidae,1090,Yes,Edge,Lower
2002-05-06,17.0,MP,Zonotrichia,leucophrys,Passerellidae,1090,Yes,Edge,Lower
2002-05-06,17.0,MP,Zonotrichia,albicollis,Passerellidae,10133,Yes,Forest,Lower
2002-05-06,17.0,MP,Zonotrichia,albicollis,Passerellidae,10133,Yes,Forest,Lower
2002-05-06,17.0,MP,Zonotrichia,leucophrys,Passerellidae,1090,Yes,Edge,Lower
2002-05-06,17.0,MP,Zonotrichia,leucophrys,Passerellidae,1090,Yes,Edge,Lower
2002-05-06,17.0,MP,Setophaga,palmarum,Parulidae,694,Yes,Edge,Lower
2002-05-06,17.0,MP,Zonotrichia,leucophrys,Passerellidae,1090,Yes,Edge,Lower
2002-05-06,17.0,MP,Zonotrichia,albicollis,Passerellidae,10133,Yes,Forest,Lower
2002-05-06,17.0,MP,Zonotrichia,leucophrys,Passerellidae,1090,Yes,Edge,Lower
2002-05-06,17.0,MP,Catharus,guttatus,Turdidae,3729,Yes,Forest,Lower
2002-05-06,17.0,MP,Zonotrichia,albicollis,Passerellidae,10133,Yes,Forest,Lower
2002-05-06,17.0,MP,Passerculus,sandwichensis,Passerellidae,274,yes,open,Lower	
2002-05-06,17.0,MP,Zonotrichia,albicollis,Passerellidae,10133,Yes,Forest,Lower
2002-05-06,17.0,MP,Setophaga,coronata,Parulidae,887,yes,forest,Upper
2002-05-06,17.0,MP,Catharus,fuscescens,Turdidae,727,Yes,Forest,Lower
2002-05-06,17.0,MP,Oreothlypis,ruficapilla,Parulidae,1690,Yes,Forest,Upper
2002-05-06,17.0,MP,Hylocichla,mustelina,Turdidae,500,Yes,Forest,Lower
2002-05-06,17.0,MP,Seiurus,aurocapilla,Parulidae,4580,Yes,Forest,Lower
2002-05-06,17.0,MP,Seiurus,aurocapilla,Parulidae,4580,Yes,Forest,Lower
2002-05-06,17.0,MP,Seiurus,aurocapilla,Parulidae,4580,Yes,Forest,Lower
2002-05-06,17.0,MP,Seiurus,aurocapilla,Parulidae,4580,Yes,Forest,Lower
2002-05-06,17.0,MP,Seiurus,aurocapilla,Parulidae,4580,Yes,Forest,Lower
2002-05-06,17.0,MP,Seiurus,aurocapilla,Parulidae,4580,Yes,Forest,Lower
2002-05-06,17.0,MP,Seiurus,aurocapilla,Parulidae,4580,Yes,Forest,Lower
2002-05-06,17.0,MP,Seiurus,aurocapilla,Parulidae,4580,Yes,Forest,Lower
2002-05-06,17.0,MP,Seiurus,aurocapilla,Parulidae,4580,Yes,Forest,Lower
2002-05-06,17.0,MP,Seiurus,aurocapilla,Parulidae,4580,Yes,Forest,Lower
2002-05-06,17.0,MP,Seiurus,aurocapilla,Parulidae,4580,Yes,Forest,Lower
2002-05-06,17.0,MP,Seiurus,aurocapilla,Parulidae,4580,Yes,Forest,Lower
2002-05-06,17.0,MP,Seiurus,aurocapilla,Parulidae,4580,Yes,Forest,Lower
2002-05-06,17.0,MP,Seiurus,aurocapilla,Parulidae,4580,Yes,Forest,Lower
2002-05-06,17.0,MP,Seiurus,aurocapilla,Parulidae,4580,Yes,Forest,Lower
2002-05-06,17.0,MP,Parkesia,noveboracensis,Parulidae,916,Yes,Forest,Lower
2002-05-06,17.0,MP,Parkesia,noveboracensis,Parulidae,916,Yes,Forest,Lower
2002-05-06,17.0,MP,Parkesia,noveboracensis,Parulidae,916,Yes,Forest,Lower
2002-05-06,17.0,MP,Parkesia,noveboracensis,Parulidae,916,Yes,Forest,Lower
2002-05-06,17.0,MP,Parkesia,noveboracensis,Parulidae,916,Yes,Forest,Lower
2002-05-06,17.0,MP,Hylocichla,mustelina,Turdidae,500,Yes,Forest,Lower
2002-05-06,17.0,MP,setophaga,ruticilla,Parulidae,868,Yes,Edge,Upper
2002-05-06,17.0,MP,Hylocichla,mustelina,Turdidae,500,Yes,Forest,Lower
2002-05-06,17.0,CHI,Hylocichla,mustelina,Turdidae,500,Yes,Forest,Lower
2002-05-06,17.0,MP,Zonotrichia,albicollis,Passerellidae,10133,Yes,Forest,Lower
2002-05-06,17.0,MP,Zonotrichia,albicollis,Passerellidae,10133,Yes,Forest,Lower
2002-05-06,17.0,MP,Catharus,fuscescens,Turdidae,727,Yes,Forest,Lower
2002-05-06,17.0,MP,Parkesia,noveboracensis,Parulidae,916,Yes,Forest,Lower
2002-05-06,17.0,MP,Catharus,fuscescens,Turdidae,727,Yes,Forest,Lower
2002-05-06,17.0,MP,Catharus,fuscescens,Turdidae,727,Yes,Forest,Lower
2002-05-06,17.0,MP,Catharus,fuscescens,Turdidae,727,Yes,Forest,Lower
2002-05-06,17.0,MP,Catharus,fuscescens,Turdidae,727,Yes,Forest,Lower
2002-05-06,17.0,MP,Zonotrichia,albicollis,Passerellidae,10133,Yes,Forest,Lower
2002-05-06,17.0,MP,Zonotrichia,albicollis,Passerellidae,10133,Yes,Forest,Lower
2002-05-06,17.0,MP,Zonotrichia,albicollis,Passerellidae,10133,Yes,Forest,Lower
2002-05-06,17.0,MP,Zonotrichia,albicollis,Passerellidae,10133,Yes,Forest,Lower
2002-05-06,17.0,MP,Zonotrichia,albicollis,Passerellidae,10133,Yes,Forest,Lower
2002-05-06,17.0,MP,Zonotrichia,albicollis,Passerellidae,10133,Yes,Forest,Lower
2002-05-06,17.0,MP,Zonotrichia,albicollis,Passerellidae,10133,Yes,Forest,Lower
2002-05-06,17.0,MP,Zonotrichia,albicollis,Passerellidae,10133,Yes,Forest,Lower
2002-05-06,17.0,MP,Zonotrichia,albicollis,Passerellidae,10133,Yes,Forest,Lower
2002-05-06,17.0,MP,Zonotrichia,albicollis,Passerellidae,10133,Yes,Forest,Lower
2002-05-06,17.0,MP,Zonotrichia,albicollis,Passerellidae,10133,Yes,Forest,Lower
2002-05-06,17.0,MP,Zonotrichia,albicollis,Passerellidae,10133,Yes,Forest,Lower
2002-05-06,17.0,CHI,Hylocichla,mustelina,Turdidae,500,Yes,Forest,Lower
2002-05-06,17.0,MP,Hylocichla,mustelina,Turdidae,500,Yes,Forest,Lower
2002-05-06,17.0,MP,Setophaga,coronata,Parulidae,887,yes,forest,Upper
2002-05-06,17.0,MP,Zonotrichia,leucophrys,Passerellidae,1090,Yes,Edge,Lower
2002-05-06,17.0,MP,Mniotilta,varia,Parulidae,620,Yes,Forest,Upper
2002-05-06,17.0,MP,Geothlypis,trichas,Parulidae,1555,Yes,Open,Lower
2002-05-06,17.0,MP,Spizella,passerina,Passerellidae,68,Yes,Edge,Lower
2002-05-06,17.0,MP,Geothlypis,trichas,Parulidae,1555,Yes,Open,Lower
2002-05-06,17.0,MP,Geothlypis,trichas,Parulidae,1555,Yes,Open,Lower
2002-05-06,17.0,MP,Icterus,galbula,Icteridae,83,Yes,Edge,Upper
2002-05-06,17.0,MP,Mniotilta,varia,Parulidae,620,Yes,Forest,Upper
2002-05-06,17.0,MP,Geothlypis,trichas,Parulidae,1555,Yes,Open,Lower
2002-05-06,17.0,MP,Geothlypis,trichas,Parulidae,1555,Yes,Open,Lower
2002-05-06,17.0,MP,Geothlypis,trichas,Parulidae,1555,Yes,Open,Lower
2002-05-06,17.0,MP,Ammodramus,savannarum,Passerellidae,106,Yes,Open,Lower
2002-05-06,17.0,MP,Setophaga,tigrina,Parulidae,182,Yes,Forest,Upper
2002-05-06,17.0,MP,dumetella,carolinensis,Mimidae,599,no,edge,Lower
2002-05-06,17.0,MP,dumetella,carolinensis,Mimidae,599,no,edge,Lower
2002-05-06,17.0,MP,Catharus,minimus,Turdidae,822,Yes,Forest,Lower
2002-05-06,17.0,MP,Setophaga,americana,Parulidae,59,Yes,Forest,Upper
2002-05-06,17.0,MP,Passerina,cyanea,Cardinalidae,725,yes,edge,Upper
2002-05-06,17.0,MP,dumetella,carolinensis,Mimidae,599,no,edge,Lower
2002-05-06,17.0,MP,dumetella,carolinensis,Mimidae,599,no,edge,Lower
2002-05-06,17.0,MP,Melospiza,lincolnii,Passerellidae,2029,yes,edge,Lower
2002-05-06,17.0,MP,Melospiza,lincolnii,Passerellidae,2029,yes,edge,Lower
2002-05-06,17.0,MP,dumetella,carolinensis,Mimidae,599,no,edge,Lower
2002-05-06,17.0,MP,dumetella,carolinensis,Mimidae,599,no,edge,Lower
2002-05-06,17.0,MP,Vermivora,cyanoptera,Parulidae,16,Yes,Edge,Upper
2002-05-06,17.0,MP,dumetella,carolinensis,Mimidae,599,no,edge,Lower
2002-05-06,17.0,MP,Melospiza,lincolnii,Passerellidae,2029,yes,edge,Lower
2002-05-06,17.0,MP,Melospiza,lincolnii,Passerellidae,2029,yes,edge,Lower
2002-05-06,17.0,MP,dumetella,carolinensis,Mimidae,599,no,edge,Lower
2002-05-07,17.0,MP,Melospiza,lincolnii,Passerellidae,2029,yes,edge,Lower
2002-05-07,17.0,MP,Melospiza,lincolnii,Passerellidae,2029,yes,edge,Lower
2002-05-07,17.0,MP,Melospiza,lincolnii,Passerellidae,2029,yes,edge,Lower
2002-05-07,17.0,MP,Zonotrichia,albicollis,Passerellidae,10133,Yes,Forest,Lower
2002-05-07,17.0,MP,Melospiza,lincolnii,Passerellidae,2029,yes,edge,Lower
2002-05-07,17.0,MP,Zonotrichia,albicollis,Passerellidae,10133,Yes,Forest,Lower
2002-05-07,17.0,MP,Zonotrichia,albicollis,Passerellidae,10133,Yes,Forest,Lower
2002-05-07,17.0,MP,Zonotrichia,albicollis,Passerellidae,10133,Yes,Forest,Lower
2002-05-07,17.0,MP,Oreothlypis,ruficapilla,Parulidae,1690,Yes,Forest,Upper
2002-05-07,17.0,MP,Catharus,fuscescens,Turdidae,727,Yes,Forest,Lower
2002-05-07,17.0,MP,Catharus,fuscescens,Turdidae,727,Yes,Forest,Lower
2002-05-07,17.0,MP,Catharus,fuscescens,Turdidae,727,Yes,Forest,Lower
2002-05-07,17.0,MP,Geothlypis,trichas,Parulidae,1555,Yes,Open,Lower
2002-05-07,17.0,MP,Geothlypis,trichas,Parulidae,1555,Yes,Open,Lower
2002-05-07,17.0,MP,Geothlypis,trichas,Parulidae,1555,Yes,Open,Lower
2002-05-07,17.0,MP,Catharus,fuscescens,Turdidae,727,Yes,Forest,Lower
2002-05-07,17.0,MP,Seiurus,aurocapilla,Parulidae,4580,Yes,Forest,Lower
2002-05-07,17.0,MP,Seiurus,aurocapilla,Parulidae,4580,Yes,Forest,Lower
2002-05-07,17.0,MP,Seiurus,aurocapilla,Parulidae,4580,Yes,Forest,Lower
2002-05-07,17.0,MP,Zonotrichia,albicollis,Passerellidae,10133,Yes,Forest,Lower
2002-05-07,17.0,MP,Passerina,cyanea,Cardinalidae,725,yes,edge,Upper
2002-05-07,17.0,MP,Setophaga,palmarum,Parulidae,694,Yes,Edge,Lower
2002-05-07,17.0,MP,Zonotrichia,albicollis,Passerellidae,10133,Yes,Forest,Lower
2002-05-07,17.0,MP,Zonotrichia,albicollis,Passerellidae,10133,Yes,Forest,Lower
2002-05-07,17.0,MP,Zonotrichia,albicollis,Passerellidae,10133,Yes,Forest,Lower
2002-05-07,17.0,MP,Zonotrichia,albicollis,Passerellidae,10133,Yes,Forest,Lower
2002-05-07,17.0,MP,Zonotrichia,albicollis,Passerellidae,10133,Yes,Forest,Lower
2002-05-07,17.0,MP,Zonotrichia,albicollis,Passerellidae,10133,Yes,Forest,Lower
2002-05-07,17.0,MP,Zonotrichia,albicollis,Passerellidae,10133,Yes,Forest,Lower
2002-05-07,17.0,MP,Zonotrichia,albicollis,Passerellidae,10133,Yes,Forest,Lower
2002-05-07,17.0,MP,Zonotrichia,albicollis,Passerellidae,10133,Yes,Forest,Lower
2002-05-07,17.0,MP,Zonotrichia,albicollis,Passerellidae,10133,Yes,Forest,Lower
2002-05-07,17.0,MP,Setophaga,palmarum,Parulidae,694,Yes,Edge,Lower
2002-05-07,17.0,MP,Parkesia,noveboracensis,Parulidae,916,Yes,Forest,Lower
2002-05-07,17.0,MP,Zonotrichia,albicollis,Passerellidae,10133,Yes,Forest,Lower
2002-05-07,17.0,MP,Zonotrichia,leucophrys,Passerellidae,1090,Yes,Edge,Lower
2002-05-07,17.0,MP,Zonotrichia,leucophrys,Passerellidae,1090,Yes,Edge,Lower
2002-05-07,17.0,MP,Oreothlypis,peregrina,Parulidae,2515,Yes,Edge,Upper
2002-05-07,17.0,MP,Oreothlypis,peregrina,Parulidae,2515,Yes,Edge,Upper
2002-05-07,17.0,MP,dumetella,carolinensis,Mimidae,599,no,edge,Lower
2002-05-07,17.0,MP,Protonotaria,citrea,Parulidae,6,Yes,Forest,Upper
2002-05-07,17.0,MP,dumetella,carolinensis,Mimidae,599,no,edge,Lower
2002-05-07,17.0,MP,Parkesia,noveboracensis,Parulidae,916,Yes,Forest,Lower
2002-05-07,17.0,MP,Parkesia,noveboracensis,Parulidae,916,Yes,Forest,Lower
2002-05-08,17.0,MP,Zonotrichia,albicollis,Passerellidae,10133,Yes,Forest,Lower
2002-05-08,17.0,MP,Zonotrichia,albicollis,Passerellidae,10133,Yes,Forest,Lower
2002-05-08,17.0,MP,Zonotrichia,albicollis,Passerellidae,10133,Yes,Forest,Lower
2002-05-08,17.0,CHI,Geothlypis,trichas,Parulidae,1555,Yes,Open,Lower
2002-05-08,17.0,MP,Melospiza,lincolnii,Passerellidae,2029,yes,edge,Lower
2002-05-08,17.0,MP,dumetella,carolinensis,Mimidae,599,no,edge,Lower
2002-05-08,17.0,MP,dumetella,carolinensis,Mimidae,599,no,edge,Lower
2002-05-08,17.0,MP,Hylocichla,mustelina,Turdidae,500,Yes,Forest,Lower
2002-05-09,15.0,MP,Geothlypis,trichas,Parulidae,1555,Yes,Open,Lower
2002-05-09,15.0,MP,Zonotrichia,albicollis,Passerellidae,10133,Yes,Forest,Lower
2002-05-09,15.0,MP,Zonotrichia,albicollis,Passerellidae,10133,Yes,Forest,Lower
2002-05-09,15.0,MP,Zonotrichia,albicollis,Passerellidae,10133,Yes,Forest,Lower
2002-05-09,15.0,MP,Pheucticus,ludovicianus,Cardinalidae,397,Yes,Forest,Upper
2002-05-09,15.0,MP,Melospiza,lincolnii,Passerellidae,2029,yes,edge,Lower
2002-05-09,15.0,MP,dumetella,carolinensis,Mimidae,599,no,edge,Lower
2002-05-09,15.0,MP,Setophaga,palmarum,Parulidae,694,Yes,Edge,Lower
2002-05-09,15.0,MP,Geothlypis,trichas,Parulidae,1555,Yes,Open,Lower
2002-05-09,15.0,MP,dumetella,carolinensis,Mimidae,599,no,edge,Lower
2002-05-09,15.0,MP,Geothlypis,trichas,Parulidae,1555,Yes,Open,Lower
2002-05-09,15.0,MP,dumetella,carolinensis,Mimidae,599,no,edge,Lower
2002-05-09,15.0,MP,dumetella,carolinensis,Mimidae,599,no,edge,Lower
2002-05-09,15.0,CHI,dumetella,carolinensis,Mimidae,599,no,edge,Lower
2002-05-09,15.0,MP,Seiurus,aurocapilla,Parulidae,4580,Yes,Forest,Lower
2002-05-09,15.0,MP,Seiurus,aurocapilla,Parulidae,4580,Yes,Forest,Lower
2002-05-09,15.0,MP,Catharus,fuscescens,Turdidae,727,Yes,Forest,Lower
2002-05-09,15.0,MP,Seiurus,aurocapilla,Parulidae,4580,Yes,Forest,Lower
2002-05-09,15.0,CHI,Seiurus,aurocapilla,Parulidae,4580,Yes,Forest,Lower
2002-05-09,15.0,MP,Setophaga,magnolia,Parulidae,1224,yes,forest,Upper
2002-05-09,15.0,MP,Seiurus,aurocapilla,Parulidae,4580,Yes,Forest,Lower
2002-05-09,15.0,MP,Zonotrichia,albicollis,Passerellidae,10133,Yes,Forest,Lower
2002-05-09,15.0,MP,Geothlypis,trichas,Parulidae,1555,Yes,Open,Lower
2002-05-09,15.0,MP,Geothlypis,trichas,Parulidae,1555,Yes,Open,Lower
2002-05-09,15.0,MP,Geothlypis,trichas,Parulidae,1555,Yes,Open,Lower
2002-05-10,15.0,MP,Seiurus,aurocapilla,Parulidae,4580,Yes,Forest,Lower
2002-05-10,15.0,MP,Troglodytes,aedon,Troglodytidae,104,No,Edge,Lower
2002-05-10,15.0,MP,Seiurus,aurocapilla,Parulidae,4580,Yes,Forest,Lower
2002-05-11,4.0,CHI,Seiurus,aurocapilla,Parulidae,4580,Yes,Forest,Lower
2002-05-11,4.0,CHI,Seiurus,aurocapilla,Parulidae,4580,Yes,Forest,Lower
2002-05-11,4.0,CHI,Hylocichla,mustelina,Turdidae,500,Yes,Forest,Lower
2002-05-12,4.0,CHI,Parkesia,noveboracensis,Parulidae,916,Yes,Forest,Lower
2002-05-13,3.0,CHI,Mniotilta,varia,Parulidae,620,Yes,Forest,Upper
2002-05-14,4.0,CHI,Passerina,cyanea,Cardinalidae,725,yes,edge,Upper
2002-05-15,4.0,CHI,Seiurus,aurocapilla,Parulidae,4580,Yes,Forest,Lower
2002-05-16,5.0,MP,geothlypis,philadelphia,Parulidae,430,Yes,Edge,Lower
2002-05-16,5.0,MP,Melospiza,lincolnii,Passerellidae,2029,yes,edge,Lower
2002-05-16,5.0,MP,Melospiza,lincolnii,Passerellidae,2029,yes,edge,Lower
2002-05-16,5.0,CHI,Setophaga,pensylvanica,Parulidae,303,Yes,Edge,Upper
2002-05-16,5.0,CHI,Vireo,olivaceus,Vireonidae,133,No,Forest,Upper
2002-05-16,5.0,MP,Passerculus,sandwichensis,Passerellidae,274,yes,open,Lower	
2002-05-16,5.0,MP,Catharus,fuscescens,Turdidae,727,Yes,Forest,Lower
2002-05-16,5.0,MP,Hylocichla,mustelina,Turdidae,500,Yes,Forest,Lower
2002-05-16,5.0,MP,Catharus,minimus,Turdidae,822,Yes,Forest,Lower
2002-05-16,5.0,MP,Seiurus,aurocapilla,Parulidae,4580,Yes,Forest,Lower
2002-05-16,5.0,MP,Seiurus,aurocapilla,Parulidae,4580,Yes,Forest,Lower
2002-05-16,5.0,CHI,catharus,ustulatus,Turdidae,2331,Yes,Forest,Lower
2002-05-17,5.0,CHI,Zonotrichia,albicollis,Passerellidae,10133,Yes,Forest,Lower
2002-05-18,5.0,CHI,Hylocichla,mustelina,Turdidae,500,Yes,Forest,Lower
2002-05-19,3.0,CHI,Setophaga,magnolia,Parulidae,1224,yes,forest,Upper
2002-05-19,3.0,CHI,Seiurus,aurocapilla,Parulidae,4580,Yes,Forest,Lower
2002-05-19,3.0,CHI,dumetella,carolinensis,Mimidae,599,no,edge,Lower
2002-05-22,4.0,CHI,Geothlypis,trichas,Parulidae,1555,Yes,Open,Lower
2002-05-23,6.0,MP,Cardellina,canadensis,Parulidae,241,Yes,Forest,Lower
2002-05-23,6.0,CHI,Cardellina,canadensis,Parulidae,241,Yes,Forest,Lower
2002-05-23,6.0,MP,Passerina,cyanea,Cardinalidae,725,yes,edge,Upper
2002-05-28,4.0,MP,Passerina,cyanea,Cardinalidae,725,yes,edge,Upper
2002-05-29,15.0,CHI,dumetella,carolinensis,Mimidae,599,no,edge,Lower
2002-05-30,15.0,MP,Geothlypis,trichas,Parulidae,1555,Yes,Open,Lower
2002-08-26,17.0,MP,catharus,ustulatus,Turdidae,2331,Yes,Forest,Lower
2002-08-28,17.0,MP,geothlypis,philadelphia,Parulidae,430,Yes,Edge,Lower
2002-09-03,17.0,MP,catharus,ustulatus,Turdidae,2331,Yes,Forest,Lower
2002-09-03,17.0,CHI,Setophaga,castanea,Parulidae,287,Yes,Forest,Upper
2002-09-03,17.0,MP,catharus,ustulatus,Turdidae,2331,Yes,Forest,Lower
2002-09-04,17.0,MP,Oreothlypis,peregrina,Parulidae,2515,Yes,Edge,Upper
2002-09-05,17.0,CHI,Mniotilta,varia,Parulidae,620,Yes,Forest,Upper
2002-09-05,17.0,CHI,Vireo,olivaceus,Vireonidae,133,No,Forest,Upper
2002-09-05,17.0,MP,Oreothlypis,peregrina,Parulidae,2515,Yes,Edge,Upper
2002-09-06,17.0,MP,geothlypis,philadelphia,Parulidae,430,Yes,Edge,Lower
2002-09-07,17.0,CHI,Seiurus,aurocapilla,Parulidae,4580,Yes,Forest,Lower
2002-09-10,17.0,CHI,Setophaga,magnolia,Parulidae,1224,yes,forest,Upper
2002-09-10,17.0,CHI,Setophaga,castanea,Parulidae,287,Yes,Forest,Upper
2002-09-10,17.0,CHI,setophaga,ruticilla,Parulidae,868,Yes,Edge,Upper
2002-09-10,17.0,CHI,setophaga,ruticilla,Parulidae,868,Yes,Edge,Upper
2002-09-10,17.0,CHI,Seiurus,aurocapilla,Parulidae,4580,Yes,Forest,Lower
2002-09-10,17.0,CHI,Oreothlypis,peregrina,Parulidae,2515,Yes,Edge,Upper
2002-09-10,17.0,CHI,Setophaga,magnolia,Parulidae,1224,yes,forest,Upper
2002-09-10,17.0,CHI,setophaga,ruticilla,Parulidae,868,Yes,Edge,Upper
2002-09-10,17.0,CHI,setophaga,ruticilla,Parulidae,868,Yes,Edge,Upper
2002-09-10,17.0,CHI,Setophaga,magnolia,Parulidae,1224,yes,forest,Upper
2002-09-10,17.0,CHI,Seiurus,aurocapilla,Parulidae,4580,Yes,Forest,Lower
2002-09-10,17.0,CHI,Setophaga,magnolia,Parulidae,1224,yes,forest,Upper
2002-09-10,17.0,CHI,Seiurus,aurocapilla,Parulidae,4580,Yes,Forest,Lower
2002-09-10,17.0,CHI,Seiurus,aurocapilla,Parulidae,4580,Yes,Forest,Lower
2002-09-10,17.0,CHI,setophaga,ruticilla,Parulidae,868,Yes,Edge,Upper
2002-09-10,17.0,CHI,Oporornis,agilis,Parulidae,365,Yes,Forest,Lower
2002-09-10,17.0,MP,Seiurus,aurocapilla,Parulidae,4580,Yes,Forest,Lower
2002-09-10,17.0,CHI,Seiurus,aurocapilla,Parulidae,4580,Yes,Forest,Lower
2002-09-10,17.0,CHI,Seiurus,aurocapilla,Parulidae,4580,Yes,Forest,Lower
2002-09-10,17.0,CHI,Seiurus,aurocapilla,Parulidae,4580,Yes,Forest,Lower
2002-09-10,17.0,CHI,Seiurus,aurocapilla,Parulidae,4580,Yes,Forest,Lower
2002-09-10,17.0,CHI,setophaga,ruticilla,Parulidae,868,Yes,Edge,Upper
2002-09-10,17.0,CHI,setophaga,ruticilla,Parulidae,868,Yes,Edge,Upper
2002-09-10,17.0,CHI,setophaga,ruticilla,Parulidae,868,Yes,Edge,Upper
2002-09-10,17.0,CHI,Oporornis,agilis,Parulidae,365,Yes,Forest,Lower
2002-09-10,17.0,CHI,setophaga,ruticilla,Parulidae,868,Yes,Edge,Upper
2002-09-10,17.0,MP,Oreothlypis,peregrina,Parulidae,2515,Yes,Edge,Upper
2002-09-10,17.0,MP,Oreothlypis,peregrina,Parulidae,2515,Yes,Edge,Upper
2002-09-10,17.0,CHI,Mniotilta,varia,Parulidae,620,Yes,Forest,Upper
2002-09-10,17.0,CHI,Mniotilta,varia,Parulidae,620,Yes,Forest,Upper
2002-09-10,17.0,CHI,Mniotilta,varia,Parulidae,620,Yes,Forest,Upper
2002-09-10,17.0,CHI,Setophaga,magnolia,Parulidae,1224,yes,forest,Upper
2002-09-10,17.0,CHI,Oporornis,agilis,Parulidae,365,Yes,Forest,Lower
2002-09-10,17.0,CHI,Oreothlypis,peregrina,Parulidae,2515,Yes,Edge,Upper
2002-09-10,17.0,CHI,setophaga,ruticilla,Parulidae,868,Yes,Edge,Upper
2002-09-10,17.0,CHI,Setophaga,magnolia,Parulidae,1224,yes,forest,Upper
2002-09-10,17.0,CHI,Seiurus,aurocapilla,Parulidae,4580,Yes,Forest,Lower
2002-09-10,17.0,CHI,Parkesia,noveboracensis,Parulidae,916,Yes,Forest,Lower
2002-09-10,17.0,MP,Oreothlypis,ruficapilla,Parulidae,1690,Yes,Forest,Upper
2002-09-10,17.0,MP,geothlypis,philadelphia,Parulidae,430,Yes,Edge,Lower
2002-09-10,17.0,CHI,Oreothlypis,peregrina,Parulidae,2515,Yes,Edge,Upper
2002-09-10,17.0,CHI,Parkesia,noveboracensis,Parulidae,916,Yes,Forest,Lower
2002-09-10,17.0,CHI,geothlypis,philadelphia,Parulidae,430,Yes,Edge,Lower
2002-09-10,17.0,MP,Oreothlypis,ruficapilla,Parulidae,1690,Yes,Forest,Upper
2002-09-10,17.0,CHI,Oreothlypis,peregrina,Parulidae,2515,Yes,Edge,Upper
2002-09-10,17.0,CHI,Oreothlypis,peregrina,Parulidae,2515,Yes,Edge,Upper
2002-09-10,17.0,CHI,geothlypis,philadelphia,Parulidae,430,Yes,Edge,Lower
2002-09-10,17.0,MP,Oreothlypis,ruficapilla,Parulidae,1690,Yes,Forest,Upper
2002-09-10,17.0,CHI,Oreothlypis,peregrina,Parulidae,2515,Yes,Edge,Upper
2002-09-11,17.0,CHI,Setophaga,striata,Parulidae,787,Yes,Forest,Upper
2002-09-11,17.0,CHI,setophaga,ruticilla,Parulidae,868,Yes,Edge,Upper
2002-09-11,17.0,MP,Oreothlypis,peregrina,Parulidae,2515,Yes,Edge,Upper
2002-09-11,17.0,CHI,Geothlypis,trichas,Parulidae,1555,Yes,Open,Lower
2002-09-11,17.0,MP,setophaga,ruticilla,Parulidae,868,Yes,Edge,Upper
2002-09-11,17.0,CHI,geothlypis,philadelphia,Parulidae,430,Yes,Edge,Lower
2002-09-11,17.0,MP,Setophaga,striata,Parulidae,787,Yes,Forest,Upper
2002-09-11,17.0,MP,Oreothlypis,peregrina,Parulidae,2515,Yes,Edge,Upper
2002-09-11,17.0,MP,Setophaga,striata,Parulidae,787,Yes,Forest,Upper
2002-09-11,17.0,CHI,Setophaga,caerulescens,Parulidae,183,Yes,Forest,Upper
2002-09-11,17.0,CHI,Vermivora,chrysoptera,Parulidae,53,Yes,Edge,Upper
2002-09-11,17.0,MP,Oreothlypis,ruficapilla,Parulidae,1690,Yes,Forest,Upper
2002-09-11,17.0,MP,Setophaga,striata,Parulidae,787,Yes,Forest,Upper
2002-09-11,17.0,CHI,Oreothlypis,peregrina,Parulidae,2515,Yes,Edge,Upper
2002-09-11,17.0,MP,Seiurus,aurocapilla,Parulidae,4580,Yes,Forest,Lower
2002-09-11,17.0,CHI,Mniotilta,varia,Parulidae,620,Yes,Forest,Upper
2002-09-11,17.0,CHI,Mniotilta,varia,Parulidae,620,Yes,Forest,Upper
2002-09-11,17.0,CHI,Oreothlypis,peregrina,Parulidae,2515,Yes,Edge,Upper
2002-09-11,17.0,CHI,Oreothlypis,peregrina,Parulidae,2515,Yes,Edge,Upper
2002-09-12,17.0,MP,Oreothlypis,ruficapilla,Parulidae,1690,Yes,Forest,Upper
2002-09-12,17.0,MP,Melospiza,lincolnii,Passerellidae,2029,yes,edge,Lower
2002-09-12,17.0,CHI,Geothlypis,trichas,Parulidae,1555,Yes,Open,Lower
2002-09-12,17.0,MP,Parkesia,noveboracensis,Parulidae,916,Yes,Forest,Lower
2002-09-12,17.0,MP,Oreothlypis,ruficapilla,Parulidae,1690,Yes,Forest,Upper
2002-09-12,17.0,MP,Oporornis,agilis,Parulidae,365,Yes,Forest,Lower
2002-09-13,17.0,CHI,Zonotrichia,albicollis,Passerellidae,10133,Yes,Forest,Lower
2002-09-13,17.0,CHI,Melospiza,lincolnii,Passerellidae,2029,yes,edge,Lower
2002-09-13,17.0,MP,catharus,ustulatus,Turdidae,2331,Yes,Forest,Lower
2002-09-13,17.0,MP,Seiurus,aurocapilla,Parulidae,4580,Yes,Forest,Lower
2002-09-14,17.0,MP,Oreothlypis,peregrina,Parulidae,2515,Yes,Edge,Upper
2002-09-14,17.0,MP,Seiurus,aurocapilla,Parulidae,4580,Yes,Forest,Lower
2002-09-14,17.0,CHI,catharus,ustulatus,Turdidae,2331,Yes,Forest,Lower
2002-09-15,17.0,MP,Oreothlypis,peregrina,Parulidae,2515,Yes,Edge,Upper
2002-09-15,17.0,MP,Setophaga,striata,Parulidae,787,Yes,Forest,Upper
2002-09-16,15.0,MP,Oreothlypis,peregrina,Parulidae,2515,Yes,Edge,Upper
2002-09-16,15.0,MP,Melospiza,lincolnii,Passerellidae,2029,yes,edge,Lower
2002-09-16,15.0,MP,Melospiza,lincolnii,Passerellidae,2029,yes,edge,Lower
2002-09-16,15.0,CHI,Catharus,minimus,Turdidae,822,Yes,Forest,Lower
2002-09-16,15.0,MP,catharus,ustulatus,Turdidae,2331,Yes,Forest,Lower
2002-09-17,15.0,MP,Setophaga,pensylvanica,Parulidae,303,Yes,Edge,Upper
2002-09-17,15.0,CHI,geothlypis,philadelphia,Parulidae,430,Yes,Edge,Lower
2002-09-17,15.0,CHI,Setophaga,tigrina,Parulidae,182,Yes,Forest,Upper
2002-09-17,15.0,MP,Setophaga,striata,Parulidae,787,Yes,Forest,Upper
2002-09-18,15.0,CHI,Pheucticus,ludovicianus,Cardinalidae,397,Yes,Forest,Upper
2002-09-22,14.0,MP,Geothlypis,trichas,Parulidae,1555,Yes,Open,Lower
2002-09-22,14.0,CHI,Geothlypis,trichas,Parulidae,1555,Yes,Open,Lower
2002-09-22,14.0,MP,Mniotilta,varia,Parulidae,620,Yes,Forest,Upper
2002-09-22,14.0,CHI,Seiurus,aurocapilla,Parulidae,4580,Yes,Forest,Lower
2002-09-22,14.0,CHI,Vireo,olivaceus,Vireonidae,133,No,Forest,Upper
2002-09-22,14.0,MP,Seiurus,aurocapilla,Parulidae,4580,Yes,Forest,Lower
2002-09-22,14.0,MP,Piranga,olivacea,Cardinalidae,127,Yes,Forest,Upper
2002-09-22,14.0,CHI,Catharus,minimus,Turdidae,822,Yes,Forest,Lower
2002-09-22,14.0,CHI,catharus,ustulatus,Turdidae,2331,Yes,Forest,Lower
2002-09-22,14.0,MP,Contopus,virens,Tyrannidae,70,No,Forest,Upper
2002-09-22,14.0,CHI,Setophaga,magnolia,Parulidae,1224,yes,forest,Upper
2002-09-22,14.0,MP,dumetella,carolinensis,Mimidae,599,no,edge,Lower
2002-09-22,14.0,MP,Setophaga,castanea,Parulidae,287,Yes,Forest,Upper
2002-09-22,14.0,CHI,Geothlypis,trichas,Parulidae,1555,Yes,Open,Lower
2002-09-22,14.0,MP,Seiurus,aurocapilla,Parulidae,4580,Yes,Forest,Lower
2002-09-22,14.0,MP,Oreothlypis,ruficapilla,Parulidae,1690,Yes,Forest,Upper
2002-09-22,14.0,CHI,Seiurus,aurocapilla,Parulidae,4580,Yes,Forest,Lower
2002-09-22,14.0,CHI,Seiurus,aurocapilla,Parulidae,4580,Yes,Forest,Lower
2002-09-22,14.0,MP,Seiurus,aurocapilla,Parulidae,4580,Yes,Forest,Lower
2002-09-22,14.0,CHI,setophaga,ruticilla,Parulidae,868,Yes,Edge,Upper
2002-09-22,14.0,CHI,Oreothlypis,peregrina,Parulidae,2515,Yes,Edge,Upper
2002-09-22,14.0,CHI,Setophaga,caerulescens,Parulidae,183,Yes,Forest,Upper
2002-09-22,14.0,CHI,Oreothlypis,peregrina,Parulidae,2515,Yes,Edge,Upper
2002-09-22,14.0,MP,Oreothlypis,peregrina,Parulidae,2515,Yes,Edge,Upper
2002-09-22,14.0,CHI,Oreothlypis,peregrina,Parulidae,2515,Yes,Edge,Upper
2002-09-22,14.0,CHI,Oreothlypis,peregrina,Parulidae,2515,Yes,Edge,Upper
2002-09-22,14.0,CHI,Seiurus,aurocapilla,Parulidae,4580,Yes,Forest,Lower
2002-09-22,14.0,CHI,Setophaga,magnolia,Parulidae,1224,yes,forest,Upper
2002-09-23,17.0,MP,Oreothlypis,peregrina,Parulidae,2515,Yes,Edge,Upper
2002-09-23,17.0,MP,Oreothlypis,peregrina,Parulidae,2515,Yes,Edge,Upper
2002-09-23,17.0,MP,Geothlypis,trichas,Parulidae,1555,Yes,Open,Lower
2002-09-23,17.0,MP,Geothlypis,trichas,Parulidae,1555,Yes,Open,Lower
2002-09-23,17.0,MP,Setophaga,tigrina,Parulidae,182,Yes,Forest,Upper
2002-09-23,17.0,MP,Parkesia,noveboracensis,Parulidae,916,Yes,Forest,Lower
2002-09-23,17.0,MP,Setophaga,palmarum,Parulidae,694,Yes,Edge,Lower
2002-09-23,17.0,MP,Geothlypis,trichas,Parulidae,1555,Yes,Open,Lower
2002-09-24,17.0,CHI,catharus,ustulatus,Turdidae,2331,Yes,Forest,Lower
2002-09-24,17.0,CHI,Seiurus,aurocapilla,Parulidae,4580,Yes,Forest,Lower
2002-09-24,17.0,CHI,Oreothlypis,ruficapilla,Parulidae,1690,Yes,Forest,Upper
2002-09-24,17.0,CHI,Catharus,minimus,Turdidae,822,Yes,Forest,Lower
2002-09-24,17.0,CHI,Seiurus,aurocapilla,Parulidae,4580,Yes,Forest,Lower
2002-09-24,17.0,CHI,Geothlypis,trichas,Parulidae,1555,Yes,Open,Lower
2002-09-25,13.0,MP,Geothlypis,trichas,Parulidae,1555,Yes,Open,Lower
2002-09-25,13.0,MP,Melospiza,lincolnii,Passerellidae,2029,yes,edge,Lower
2002-09-25,13.0,MP,Seiurus,aurocapilla,Parulidae,4580,Yes,Forest,Lower
2002-09-25,13.0,MP,Melospiza,lincolnii,Passerellidae,2029,yes,edge,Lower
2002-09-26,13.0,MP,Melospiza,lincolnii,Passerellidae,2029,yes,edge,Lower
2002-09-26,13.0,MP,Melospiza,lincolnii,Passerellidae,2029,yes,edge,Lower
2002-09-26,13.0,MP,Geothlypis,trichas,Parulidae,1555,Yes,Open,Lower
2002-09-27,13.0,CHI,Zonotrichia,albicollis,Passerellidae,10133,Yes,Forest,Lower
2002-09-27,13.0,CHI,Geothlypis,trichas,Parulidae,1555,Yes,Open,Lower
2002-09-27,13.0,MP,Geothlypis,trichas,Parulidae,1555,Yes,Open,Lower
2002-09-27,13.0,CHI,Toxostoma,rufum,Mimidae,166,No,Edge,Lower
2002-09-27,13.0,CHI,Seiurus,aurocapilla,Parulidae,4580,Yes,Forest,Lower
2002-09-27,13.0,CHI,Seiurus,aurocapilla,Parulidae,4580,Yes,Forest,Lower
2002-09-27,13.0,CHI,Seiurus,aurocapilla,Parulidae,4580,Yes,Forest,Lower
2002-09-27,13.0,CHI,Zonotrichia,albicollis,Passerellidae,10133,Yes,Forest,Lower
2002-09-27,13.0,MP,Oreothlypis,ruficapilla,Parulidae,1690,Yes,Forest,Upper
2002-09-27,13.0,MP,Oreothlypis,ruficapilla,Parulidae,1690,Yes,Forest,Upper
2002-09-28,13.0,MP,Zonotrichia,albicollis,Passerellidae,10133,Yes,Forest,Lower
2002-09-28,13.0,CHI,Zonotrichia,albicollis,Passerellidae,10133,Yes,Forest,Lower
2002-09-28,13.0,CHI,Zonotrichia,albicollis,Passerellidae,10133,Yes,Forest,Lower
2002-09-28,13.0,MP,Zonotrichia,albicollis,Passerellidae,10133,Yes,Forest,Lower
2002-09-28,13.0,MP,Zonotrichia,albicollis,Passerellidae,10133,Yes,Forest,Lower
2002-09-29,11.0,CHI,Mniotilta,varia,Parulidae,620,Yes,Forest,Upper
2002-09-29,11.0,CHI,Zonotrichia,albicollis,Passerellidae,10133,Yes,Forest,Lower
2002-09-29,11.0,CHI,Zonotrichia,albicollis,Passerellidae,10133,Yes,Forest,Lower
2002-09-29,11.0,CHI,Zonotrichia,albicollis,Passerellidae,10133,Yes,Forest,Lower
2002-09-29,11.0,MP,Catharus,minimus,Turdidae,822,Yes,Forest,Lower
2002-09-29,11.0,CHI,Zonotrichia,albicollis,Passerellidae,10133,Yes,Forest,Lower
2002-09-29,11.0,CHI,Seiurus,aurocapilla,Parulidae,4580,Yes,Forest,Lower
2002-09-29,11.0,MP,Oreothlypis,ruficapilla,Parulidae,1690,Yes,Forest,Upper
2002-09-30,11.0,CHI,Zonotrichia,albicollis,Passerellidae,10133,Yes,Forest,Lower
2002-09-30,11.0,CHI,Zonotrichia,albicollis,Passerellidae,10133,Yes,Forest,Lower
2002-10-02,15.0,CHI,Zonotrichia,albicollis,Passerellidae,10133,Yes,Forest,Lower
2002-10-02,15.0,CHI,Zonotrichia,albicollis,Passerellidae,10133,Yes,Forest,Lower
2002-10-02,15.0,CHI,Setophaga,palmarum,Parulidae,694,Yes,Edge,Lower
2002-10-02,15.0,CHI,Setophaga,palmarum,Parulidae,694,Yes,Edge,Lower
2002-10-02,15.0,CHI,Zonotrichia,albicollis,Passerellidae,10133,Yes,Forest,Lower
2002-10-03,13.0,CHI,Zonotrichia,albicollis,Passerellidae,10133,Yes,Forest,Lower
2002-10-03,13.0,CHI,Zonotrichia,albicollis,Passerellidae,10133,Yes,Forest,Lower
2002-10-04,14.0,MP,Zonotrichia,albicollis,Passerellidae,10133,Yes,Forest,Lower
2002-10-04,14.0,CHI,Geothlypis,trichas,Parulidae,1555,Yes,Open,Lower
2002-10-05,13.0,CHI,Seiurus,aurocapilla,Parulidae,4580,Yes,Forest,Lower
2002-10-05,13.0,CHI,Zonotrichia,albicollis,Passerellidae,10133,Yes,Forest,Lower
2002-10-05,13.0,CHI,Junco,hyemalis,Passerellidae,6303,Yes,Edge,Lower
2002-10-05,13.0,CHI,dumetella,carolinensis,Mimidae,599,no,edge,Lower
2002-10-05,13.0,CHI,Seiurus,aurocapilla,Parulidae,4580,Yes,Forest,Lower
2002-10-05,13.0,CHI,Seiurus,aurocapilla,Parulidae,4580,Yes,Forest,Lower
2002-10-05,13.0,CHI,Seiurus,aurocapilla,Parulidae,4580,Yes,Forest,Lower
2002-10-05,13.0,MP,Zonotrichia,albicollis,Passerellidae,10133,Yes,Forest,Lower
2002-10-05,13.0,CHI,Regulus,satrapa,Regulidae,1029,Yes,Forest,Upper
2002-10-05,13.0,CHI,Zonotrichia,albicollis,Passerellidae,10133,Yes,Forest,Lower
2002-10-05,13.0,CHI,Zonotrichia,albicollis,Passerellidae,10133,Yes,Forest,Lower
2002-10-05,13.0,CHI,Parkesia,noveboracensis,Parulidae,916,Yes,Forest,Lower
2002-10-05,13.0,CHI,Passerella,iliaca,Passerellidae,2443,Yes,Edge,Lower
2002-10-05,13.0,MP,Seiurus,aurocapilla,Parulidae,4580,Yes,Forest,Lower
2002-10-05,13.0,MP,Zonotrichia,albicollis,Passerellidae,10133,Yes,Forest,Lower
2002-10-05,13.0,CHI,Setophaga,palmarum,Parulidae,694,Yes,Edge,Lower
2002-10-05,13.0,CHI,Zonotrichia,albicollis,Passerellidae,10133,Yes,Forest,Lower
2002-10-05,13.0,CHI,Seiurus,aurocapilla,Parulidae,4580,Yes,Forest,Lower
2002-10-05,13.0,CHI,Seiurus,aurocapilla,Parulidae,4580,Yes,Forest,Lower
2002-10-05,13.0,CHI,Seiurus,aurocapilla,Parulidae,4580,Yes,Forest,Lower
2002-10-05,13.0,CHI,Seiurus,aurocapilla,Parulidae,4580,Yes,Forest,Lower
2002-10-05,13.0,CHI,Setophaga,palmarum,Parulidae,694,Yes,Edge,Lower
2002-10-05,13.0,CHI,Setophaga,palmarum,Parulidae,694,Yes,Edge,Lower
2002-10-05,13.0,MP,Regulus,calendula,Regulidae,416,No,Forest,Upper
2002-10-05,13.0,MP,Geothlypis,trichas,Parulidae,1555,Yes,Open,Lower
2002-10-05,13.0,MP,Catharus,fuscescens,Turdidae,727,Yes,Forest,Lower
2002-10-05,13.0,MP,Melospiza,lincolnii,Passerellidae,2029,yes,edge,Lower
2002-10-05,13.0,CHI,Seiurus,aurocapilla,Parulidae,4580,Yes,Forest,Lower
2002-10-05,13.0,CHI,catharus,ustulatus,Turdidae,2331,Yes,Forest,Lower
2002-10-05,13.0,MP,Setophaga,coronata,Parulidae,887,yes,forest,Upper
2002-10-05,13.0,CHI,Setophaga,coronata,Parulidae,887,yes,forest,Upper
2002-10-05,13.0,CHI,Seiurus,aurocapilla,Parulidae,4580,Yes,Forest,Lower
2002-10-05,13.0,CHI,Seiurus,aurocapilla,Parulidae,4580,Yes,Forest,Lower
2002-10-05,13.0,CHI,Setophaga,tigrina,Parulidae,182,Yes,Forest,Upper
2002-10-05,13.0,MP,Seiurus,aurocapilla,Parulidae,4580,Yes,Forest,Lower
2002-10-05,13.0,CHI,Zonotrichia,albicollis,Passerellidae,10133,Yes,Forest,Lower
2002-10-05,13.0,CHI,Zonotrichia,albicollis,Passerellidae,10133,Yes,Forest,Lower
2002-10-05,13.0,CHI,Seiurus,aurocapilla,Parulidae,4580,Yes,Forest,Lower
2002-10-05,13.0,MP,Catharus,minimus,Turdidae,822,Yes,Forest,Lower
2002-10-06,11.0,MP,Melospiza,lincolnii,Passerellidae,2029,yes,edge,Lower
2002-10-06,11.0,MP,Melospiza,lincolnii,Passerellidae,2029,yes,edge,Lower
2002-10-06,11.0,MP,Regulus,satrapa,Regulidae,1029,Yes,Forest,Upper
2002-10-06,11.0,MP,Melospiza,lincolnii,Passerellidae,2029,yes,edge,Lower
2002-10-06,11.0,MP,Zonotrichia,leucophrys,Passerellidae,1090,Yes,Edge,Lower
2002-10-06,11.0,MP,Zonotrichia,leucophrys,Passerellidae,1090,Yes,Edge,Lower
2002-10-06,11.0,MP,Zonotrichia,leucophrys,Passerellidae,1090,Yes,Edge,Lower
2002-10-06,11.0,MP,Melospiza,lincolnii,Passerellidae,2029,yes,edge,Lower
2002-10-06,11.0,MP,dumetella,carolinensis,Mimidae,599,no,edge,Lower
2002-10-06,11.0,MP,Melospiza,lincolnii,Passerellidae,2029,yes,edge,Lower
2002-10-06,11.0,MP,Melospiza,lincolnii,Passerellidae,2029,yes,edge,Lower
2002-10-06,11.0,MP,Melospiza,lincolnii,Passerellidae,2029,yes,edge,Lower
2002-10-06,11.0,MP,Melospiza,lincolnii,Passerellidae,2029,yes,edge,Lower
2002-10-06,11.0,MP,Melospiza,lincolnii,Passerellidae,2029,yes,edge,Lower
2002-10-06,11.0,MP,Melospiza,lincolnii,Passerellidae,2029,yes,edge,Lower
2002-10-06,11.0,MP,Melospiza,lincolnii,Passerellidae,2029,yes,edge,Lower
2002-10-06,11.0,MP,Melospiza,lincolnii,Passerellidae,2029,yes,edge,Lower
2002-10-06,11.0,MP,Melospiza,lincolnii,Passerellidae,2029,yes,edge,Lower
2002-10-06,11.0,MP,Setophaga,coronata,Parulidae,887,yes,forest,Upper
2002-10-06,11.0,MP,Passerculus,sandwichensis,Passerellidae,274,yes,open,Lower	
2002-10-06,11.0,MP,Melospiza,lincolnii,Passerellidae,2029,yes,edge,Lower
2002-10-06,11.0,MP,Melospiza,lincolnii,Passerellidae,2029,yes,edge,Lower
2002-10-06,11.0,MP,Melospiza,lincolnii,Passerellidae,2029,yes,edge,Lower
2002-10-06,11.0,MP,Oreothlypis,ruficapilla,Parulidae,1690,Yes,Forest,Upper
2002-10-06,11.0,CHI,Geothlypis,trichas,Parulidae,1555,Yes,Open,Lower
2002-10-06,11.0,MP,Oreothlypis,ruficapilla,Parulidae,1690,Yes,Forest,Upper
2002-10-06,11.0,MP,Oreothlypis,ruficapilla,Parulidae,1690,Yes,Forest,Upper
2002-10-06,11.0,MP,Oreothlypis,peregrina,Parulidae,2515,Yes,Edge,Upper
2002-10-06,11.0,CHI,Zonotrichia,albicollis,Passerellidae,10133,Yes,Forest,Lower
2002-10-06,11.0,CHI,Zonotrichia,albicollis,Passerellidae,10133,Yes,Forest,Lower
2002-10-06,11.0,CHI,Zonotrichia,albicollis,Passerellidae,10133,Yes,Forest,Lower
2002-10-06,11.0,CHI,Zonotrichia,albicollis,Passerellidae,10133,Yes,Forest,Lower
2002-10-06,11.0,CHI,Zonotrichia,albicollis,Passerellidae,10133,Yes,Forest,Lower
2002-10-06,11.0,MP,Oreothlypis,ruficapilla,Parulidae,1690,Yes,Forest,Upper
2002-10-06,11.0,MP,Zonotrichia,albicollis,Passerellidae,10133,Yes,Forest,Lower
2002-10-06,11.0,MP,Zonotrichia,albicollis,Passerellidae,10133,Yes,Forest,Lower
2002-10-06,11.0,MP,Oreothlypis,celata,Parulidae,227,Yes,Edge,Lower
2002-10-06,11.0,MP,Oreothlypis,ruficapilla,Parulidae,1690,Yes,Forest,Upper
2002-10-06,11.0,MP,Seiurus,aurocapilla,Parulidae,4580,Yes,Forest,Lower
2002-10-06,11.0,MP,dumetella,carolinensis,Mimidae,599,no,edge,Lower
2002-10-07,13.0,MP,Catharus,guttatus,Turdidae,3729,Yes,Forest,Lower
2002-10-07,13.0,CHI,Setophaga,americana,Parulidae,59,Yes,Forest,Upper
2002-10-07,13.0,CHI,Melospiza,lincolnii,Passerellidae,2029,yes,edge,Lower
2002-10-07,13.0,CHI,Oreothlypis,ruficapilla,Parulidae,1690,Yes,Forest,Upper
2002-10-07,13.0,CHI,Catharus,guttatus,Turdidae,3729,Yes,Forest,Lower
2002-10-07,13.0,CHI,Catharus,guttatus,Turdidae,3729,Yes,Forest,Lower
2002-10-07,13.0,CHI,Zonotrichia,albicollis,Passerellidae,10133,Yes,Forest,Lower
2002-10-07,13.0,CHI,catharus,ustulatus,Turdidae,2331,Yes,Forest,Lower
2002-10-07,13.0,CHI,Setophaga,palmarum,Parulidae,694,Yes,Edge,Lower
2002-10-07,13.0,CHI,Regulus,calendula,Regulidae,416,No,Forest,Upper
2002-10-07,13.0,CHI,Zonotrichia,albicollis,Passerellidae,10133,Yes,Forest,Lower
2002-10-07,13.0,CHI,Zonotrichia,albicollis,Passerellidae,10133,Yes,Forest,Lower
2002-10-07,13.0,CHI,Zonotrichia,albicollis,Passerellidae,10133,Yes,Forest,Lower
2002-10-07,13.0,CHI,Zonotrichia,albicollis,Passerellidae,10133,Yes,Forest,Lower
2002-10-07,13.0,MP,Melospiza,lincolnii,Passerellidae,2029,yes,edge,Lower
2002-10-07,13.0,CHI,Geothlypis,trichas,Parulidae,1555,Yes,Open,Lower
2002-10-07,13.0,CHI,Geothlypis,trichas,Parulidae,1555,Yes,Open,Lower
2002-10-07,13.0,CHI,Oreothlypis,ruficapilla,Parulidae,1690,Yes,Forest,Upper
2002-10-07,13.0,CHI,Zonotrichia,albicollis,Passerellidae,10133,Yes,Forest,Lower
2002-10-07,13.0,CHI,Zonotrichia,albicollis,Passerellidae,10133,Yes,Forest,Lower
2002-10-07,13.0,CHI,Zonotrichia,albicollis,Passerellidae,10133,Yes,Forest,Lower
2002-10-07,13.0,MP,Passerina,cyanea,Cardinalidae,725,yes,edge,Upper
2002-10-07,13.0,CHI,Oreothlypis,ruficapilla,Parulidae,1690,Yes,Forest,Upper
2002-10-07,13.0,CHI,Catharus,guttatus,Turdidae,3729,Yes,Forest,Lower
2002-10-07,13.0,MP,Oreothlypis,ruficapilla,Parulidae,1690,Yes,Forest,Upper
2002-10-07,13.0,CHI,Catharus,guttatus,Turdidae,3729,Yes,Forest,Lower
2002-10-07,13.0,CHI,Seiurus,aurocapilla,Parulidae,4580,Yes,Forest,Lower
2002-10-07,13.0,CHI,Setophaga,striata,Parulidae,787,Yes,Forest,Upper
2002-10-07,13.0,CHI,Seiurus,aurocapilla,Parulidae,4580,Yes,Forest,Lower
2002-10-07,13.0,MP,Oreothlypis,peregrina,Parulidae,2515,Yes,Edge,Upper
2002-10-07,13.0,CHI,Passerculus,sandwichensis,Passerellidae,274,yes,open,Lower	
2002-10-07,13.0,CHI,Catharus,guttatus,Turdidae,3729,Yes,Forest,Lower
2002-10-07,13.0,MP,Seiurus,aurocapilla,Parulidae,4580,Yes,Forest,Lower
2002-10-07,13.0,MP,Oreothlypis,ruficapilla,Parulidae,1690,Yes,Forest,Upper
2002-10-07,13.0,CHI,Seiurus,aurocapilla,Parulidae,4580,Yes,Forest,Lower
2002-10-07,13.0,CHI,Melospiza,lincolnii,Passerellidae,2029,yes,edge,Lower
2002-10-07,13.0,CHI,Catharus,guttatus,Turdidae,3729,Yes,Forest,Lower
2002-10-07,13.0,MP,Passerella,iliaca,Passerellidae,2443,Yes,Edge,Lower
2002-10-07,13.0,CHI,Troglodytes,aedon,Troglodytidae,104,No,Edge,Lower
2002-10-08,13.0,MP,Zonotrichia,leucophrys,Passerellidae,1090,Yes,Edge,Lower
2002-10-08,13.0,MP,Zonotrichia,albicollis,Passerellidae,10133,Yes,Forest,Lower
2002-10-08,13.0,MP,Zonotrichia,leucophrys,Passerellidae,1090,Yes,Edge,Lower
2002-10-08,13.0,MP,Zonotrichia,leucophrys,Passerellidae,1090,Yes,Edge,Lower
2002-10-08,13.0,MP,Junco,hyemalis,Passerellidae,6303,Yes,Edge,Lower
2002-10-08,13.0,MP,Regulus,calendula,Regulidae,416,No,Forest,Upper
2002-10-08,13.0,MP,Regulus,calendula,Regulidae,416,No,Forest,Upper
2002-10-08,13.0,MP,Oreothlypis,ruficapilla,Parulidae,1690,Yes,Forest,Upper
2002-10-08,13.0,MP,Melospiza,lincolnii,Passerellidae,2029,yes,edge,Lower
2002-10-08,13.0,MP,Melospiza,lincolnii,Passerellidae,2029,yes,edge,Lower
2002-10-08,13.0,MP,Melospiza,lincolnii,Passerellidae,2029,yes,edge,Lower
2002-10-08,13.0,MP,dumetella,carolinensis,Mimidae,599,no,edge,Lower
2002-10-09,11.0,CHI,Hylocichla,mustelina,Turdidae,500,Yes,Forest,Lower
2002-10-09,11.0,CHI,Melospiza,lincolnii,Passerellidae,2029,yes,edge,Lower
2002-10-09,11.0,CHI,Regulus,calendula,Regulidae,416,No,Forest,Upper
2002-10-09,11.0,CHI,Setophaga,pinus,Parulidae,49,Yes,Forest,Upper
2002-10-09,11.0,MP,Oreothlypis,peregrina,Parulidae,2515,Yes,Edge,Upper
2002-10-09,11.0,CHI,Seiurus,aurocapilla,Parulidae,4580,Yes,Forest,Lower
2002-10-09,11.0,CHI,Oreothlypis,peregrina,Parulidae,2515,Yes,Edge,Upper
2002-10-09,11.0,CHI,Zonotrichia,albicollis,Passerellidae,10133,Yes,Forest,Lower
2002-10-10,11.0,CHI,Zonotrichia,albicollis,Passerellidae,10133,Yes,Forest,Lower
2002-10-10,11.0,MP,Zonotrichia,albicollis,Passerellidae,10133,Yes,Forest,Lower
2002-10-10,11.0,CHI,Zonotrichia,albicollis,Passerellidae,10133,Yes,Forest,Lower
2002-10-10,11.0,MP,Zonotrichia,leucophrys,Passerellidae,1090,Yes,Edge,Lower
2002-10-10,11.0,MP,Setophaga,coronata,Parulidae,887,yes,forest,Upper
2002-10-10,11.0,MP,Catharus,guttatus,Turdidae,3729,Yes,Forest,Lower
2002-10-10,11.0,MP,Zonotrichia,albicollis,Passerellidae,10133,Yes,Forest,Lower
2002-10-10,11.0,MP,Catharus,guttatus,Turdidae,3729,Yes,Forest,Lower
2002-10-10,11.0,MP,Melospiza,melodia,Passerellidae,5124,Yes,Edge,Lower
2002-10-10,11.0,CHI,Geothlypis,trichas,Parulidae,1555,Yes,Open,Lower
2002-10-10,11.0,MP,Melospiza,lincolnii,Passerellidae,2029,yes,edge,Lower
2002-10-10,11.0,CHI,Melospiza,lincolnii,Passerellidae,2029,yes,edge,Lower
2002-10-10,11.0,MP,Zonotrichia,leucophrys,Passerellidae,1090,Yes,Edge,Lower
2002-10-10,11.0,MP,Oreothlypis,ruficapilla,Parulidae,1690,Yes,Forest,Upper
2002-10-10,11.0,CHI,Catharus,guttatus,Turdidae,3729,Yes,Forest,Lower
2002-10-11,11.0,CHI,Zonotrichia,albicollis,Passerellidae,10133,Yes,Forest,Lower
2002-10-11,11.0,CHI,Zonotrichia,albicollis,Passerellidae,10133,Yes,Forest,Lower
2002-10-11,11.0,MP,Zonotrichia,albicollis,Passerellidae,10133,Yes,Forest,Lower
2002-10-11,11.0,CHI,Zonotrichia,albicollis,Passerellidae,10133,Yes,Forest,Lower
2002-10-11,11.0,CHI,Zonotrichia,albicollis,Passerellidae,10133,Yes,Forest,Lower
2002-10-11,11.0,CHI,Seiurus,aurocapilla,Parulidae,4580,Yes,Forest,Lower
2002-10-11,11.0,MP,Zonotrichia,albicollis,Passerellidae,10133,Yes,Forest,Lower
2002-10-11,11.0,CHI,Melospiza,lincolnii,Passerellidae,2029,yes,edge,Lower
2002-10-11,11.0,MP,Catharus,guttatus,Turdidae,3729,Yes,Forest,Lower
2002-10-11,11.0,MP,Zonotrichia,albicollis,Passerellidae,10133,Yes,Forest,Lower
2002-10-11,11.0,MP,Zonotrichia,albicollis,Passerellidae,10133,Yes,Forest,Lower
2002-10-11,11.0,MP,Zonotrichia,albicollis,Passerellidae,10133,Yes,Forest,Lower
2002-10-11,11.0,MP,Zonotrichia,albicollis,Passerellidae,10133,Yes,Forest,Lower
2002-10-12,11.0,MP,Catharus,guttatus,Turdidae,3729,Yes,Forest,Lower
2002-10-12,11.0,CHI,Zonotrichia,albicollis,Passerellidae,10133,Yes,Forest,Lower
2002-10-12,11.0,CHI,Junco,hyemalis,Passerellidae,6303,Yes,Edge,Lower
2002-10-12,11.0,CHI,Zonotrichia,albicollis,Passerellidae,10133,Yes,Forest,Lower
2002-10-12,11.0,CHI,Zonotrichia,albicollis,Passerellidae,10133,Yes,Forest,Lower
2002-10-12,11.0,CHI,Zonotrichia,albicollis,Passerellidae,10133,Yes,Forest,Lower
2002-10-12,11.0,MP,Zonotrichia,albicollis,Passerellidae,10133,Yes,Forest,Lower
2002-10-12,11.0,MP,Melospiza,lincolnii,Passerellidae,2029,yes,edge,Lower
2002-10-12,11.0,MP,Melospiza,lincolnii,Passerellidae,2029,yes,edge,Lower
2002-10-12,11.0,MP,Zonotrichia,leucophrys,Passerellidae,1090,Yes,Edge,Lower
2002-10-12,11.0,MP,Zonotrichia,albicollis,Passerellidae,10133,Yes,Forest,Lower
2002-10-12,11.0,CHI,Zonotrichia,albicollis,Passerellidae,10133,Yes,Forest,Lower
2002-10-12,11.0,CHI,Zonotrichia,albicollis,Passerellidae,10133,Yes,Forest,Lower
2002-10-12,11.0,CHI,Zonotrichia,albicollis,Passerellidae,10133,Yes,Forest,Lower
2002-10-12,11.0,CHI,Setophaga,caerulescens,Parulidae,183,Yes,Forest,Upper
2002-10-12,11.0,MP,Zonotrichia,leucophrys,Passerellidae,1090,Yes,Edge,Lower
2002-10-12,11.0,MP,Setophaga,caerulescens,Parulidae,183,Yes,Forest,Upper
2002-10-12,11.0,CHI,Zonotrichia,albicollis,Passerellidae,10133,Yes,Forest,Lower
2002-10-12,11.0,CHI,Zonotrichia,albicollis,Passerellidae,10133,Yes,Forest,Lower
2002-10-12,11.0,CHI,Passerella,iliaca,Passerellidae,2443,Yes,Edge,Lower
2002-10-12,11.0,MP,Zonotrichia,leucophrys,Passerellidae,1090,Yes,Edge,Lower
2002-10-12,11.0,MP,Zonotrichia,leucophrys,Passerellidae,1090,Yes,Edge,Lower
2002-10-12,11.0,CHI,Zonotrichia,albicollis,Passerellidae,10133,Yes,Forest,Lower
2002-10-12,11.0,CHI,Zonotrichia,albicollis,Passerellidae,10133,Yes,Forest,Lower
2002-10-12,11.0,CHI,Zonotrichia,albicollis,Passerellidae,10133,Yes,Forest,Lower
2002-10-12,11.0,MP,Junco,hyemalis,Passerellidae,6303,Yes,Edge,Lower
2002-10-12,11.0,MP,Zonotrichia,leucophrys,Passerellidae,1090,Yes,Edge,Lower
2002-10-12,11.0,CHI,Zonotrichia,leucophrys,Passerellidae,1090,Yes,Edge,Lower
2002-10-12,11.0,MP,Junco,hyemalis,Passerellidae,6303,Yes,Edge,Lower
2002-10-12,11.0,CHI,Zonotrichia,albicollis,Passerellidae,10133,Yes,Forest,Lower
2002-10-12,11.0,CHI,Zonotrichia,albicollis,Passerellidae,10133,Yes,Forest,Lower
2002-10-12,11.0,CHI,Zonotrichia,albicollis,Passerellidae,10133,Yes,Forest,Lower
2002-10-12,11.0,MP,Zonotrichia,leucophrys,Passerellidae,1090,Yes,Edge,Lower
2002-10-12,11.0,CHI,Regulus,satrapa,Regulidae,1029,Yes,Forest,Upper
2002-10-12,11.0,CHI,Zonotrichia,albicollis,Passerellidae,10133,Yes,Forest,Lower
2002-10-12,11.0,CHI,Oreothlypis,ruficapilla,Parulidae,1690,Yes,Forest,Upper
2002-10-12,11.0,MP,Zonotrichia,albicollis,Passerellidae,10133,Yes,Forest,Lower
2002-10-12,11.0,MP,Zonotrichia,albicollis,Passerellidae,10133,Yes,Forest,Lower
2002-10-12,11.0,MP,Oreothlypis,ruficapilla,Parulidae,1690,Yes,Forest,Upper
2002-10-12,11.0,MP,Zonotrichia,albicollis,Passerellidae,10133,Yes,Forest,Lower
2002-10-12,11.0,CHI,Oreothlypis,ruficapilla,Parulidae,1690,Yes,Forest,Upper
2002-10-12,11.0,CHI,Zonotrichia,albicollis,Passerellidae,10133,Yes,Forest,Lower
2002-10-12,11.0,CHI,Zonotrichia,leucophrys,Passerellidae,1090,Yes,Edge,Lower
2002-10-12,11.0,MP,Melospiza,melodia,Passerellidae,5124,Yes,Edge,Lower
2002-10-12,11.0,CHI,Zonotrichia,albicollis,Passerellidae,10133,Yes,Forest,Lower
2002-10-12,11.0,MP,Zonotrichia,albicollis,Passerellidae,10133,Yes,Forest,Lower
2002-10-12,11.0,MP,Zonotrichia,albicollis,Passerellidae,10133,Yes,Forest,Lower
2002-10-12,11.0,CHI,Zonotrichia,albicollis,Passerellidae,10133,Yes,Forest,Lower
2002-10-13,11.0,CHI,Junco,hyemalis,Passerellidae,6303,Yes,Edge,Lower
2002-10-13,11.0,CHI,Junco,hyemalis,Passerellidae,6303,Yes,Edge,Lower
2002-10-13,11.0,CHI,Zonotrichia,albicollis,Passerellidae,10133,Yes,Forest,Lower
2002-10-13,11.0,CHI,Setophaga,coronata,Parulidae,887,yes,forest,Upper
2002-10-13,11.0,CHI,Zonotrichia,albicollis,Passerellidae,10133,Yes,Forest,Lower
2002-10-13,11.0,CHI,Zonotrichia,albicollis,Passerellidae,10133,Yes,Forest,Lower
2002-10-13,11.0,CHI,Catharus,guttatus,Turdidae,3729,Yes,Forest,Lower
2002-10-13,11.0,CHI,Catharus,guttatus,Turdidae,3729,Yes,Forest,Lower
2002-10-13,11.0,CHI,Catharus,guttatus,Turdidae,3729,Yes,Forest,Lower
2002-10-13,11.0,CHI,Junco,hyemalis,Passerellidae,6303,Yes,Edge,Lower
2002-10-13,11.0,CHI,Zonotrichia,albicollis,Passerellidae,10133,Yes,Forest,Lower
2002-10-13,11.0,CHI,Zonotrichia,albicollis,Passerellidae,10133,Yes,Forest,Lower
2002-10-13,11.0,CHI,Zonotrichia,albicollis,Passerellidae,10133,Yes,Forest,Lower
2002-10-13,11.0,CHI,Zonotrichia,albicollis,Passerellidae,10133,Yes,Forest,Lower
2002-10-13,11.0,MP,Catharus,guttatus,Turdidae,3729,Yes,Forest,Lower
2002-10-13,11.0,CHI,Zonotrichia,albicollis,Passerellidae,10133,Yes,Forest,Lower
2002-10-13,11.0,MP,Zonotrichia,albicollis,Passerellidae,10133,Yes,Forest,Lower
2002-10-13,11.0,MP,Zonotrichia,albicollis,Passerellidae,10133,Yes,Forest,Lower
2002-10-13,11.0,CHI,Zonotrichia,albicollis,Passerellidae,10133,Yes,Forest,Lower
2002-10-13,11.0,CHI,Catharus,guttatus,Turdidae,3729,Yes,Forest,Lower
2002-10-13,11.0,MP,Setophaga,caerulescens,Parulidae,183,Yes,Forest,Upper
2002-10-13,11.0,CHI,Zonotrichia,albicollis,Passerellidae,10133,Yes,Forest,Lower
2002-10-13,11.0,CHI,Zonotrichia,leucophrys,Passerellidae,1090,Yes,Edge,Lower
2002-10-13,11.0,CHI,Troglodytes,aedon,Troglodytidae,104,No,Edge,Lower
2002-10-13,11.0,CHI,Catharus,guttatus,Turdidae,3729,Yes,Forest,Lower
2002-10-13,11.0,MP,Melospiza,lincolnii,Passerellidae,2029,yes,edge,Lower
2002-10-13,11.0,MP,Melospiza,lincolnii,Passerellidae,2029,yes,edge,Lower
2002-10-13,11.0,CHI,Zonotrichia,albicollis,Passerellidae,10133,Yes,Forest,Lower
2002-10-13,11.0,MP,Setophaga,coronata,Parulidae,887,yes,forest,Upper
2002-10-13,11.0,CHI,Zonotrichia,albicollis,Passerellidae,10133,Yes,Forest,Lower
2002-10-13,11.0,MP,Zonotrichia,albicollis,Passerellidae,10133,Yes,Forest,Lower
2002-10-13,11.0,MP,Zonotrichia,albicollis,Passerellidae,10133,Yes,Forest,Lower
2002-10-13,11.0,CHI,Zonotrichia,albicollis,Passerellidae,10133,Yes,Forest,Lower
2002-10-13,11.0,CHI,Zonotrichia,albicollis,Passerellidae,10133,Yes,Forest,Lower
2002-10-13,11.0,CHI,Zonotrichia,albicollis,Passerellidae,10133,Yes,Forest,Lower
2002-10-13,11.0,CHI,Sayornis,phoebe,Tyrannidae,24,No,Edge,Upper
2002-10-13,11.0,CHI,Zonotrichia,albicollis,Passerellidae,10133,Yes,Forest,Lower
2002-10-13,11.0,CHI,Passerella,iliaca,Passerellidae,2443,Yes,Edge,Lower
2002-10-13,11.0,MP,Melospiza,melodia,Passerellidae,5124,Yes,Edge,Lower
2002-10-13,11.0,MP,Melospiza,lincolnii,Passerellidae,2029,yes,edge,Lower
2002-10-13,11.0,MP,Zonotrichia,leucophrys,Passerellidae,1090,Yes,Edge,Lower
2002-10-13,11.0,CHI,Zonotrichia,albicollis,Passerellidae,10133,Yes,Forest,Lower
2002-10-13,11.0,CHI,Zonotrichia,albicollis,Passerellidae,10133,Yes,Forest,Lower
2002-10-13,11.0,CHI,Catharus,guttatus,Turdidae,3729,Yes,Forest,Lower
2002-10-13,11.0,CHI,Catharus,guttatus,Turdidae,3729,Yes,Forest,Lower
2002-10-13,11.0,CHI,Zonotrichia,albicollis,Passerellidae,10133,Yes,Forest,Lower
2002-10-13,11.0,CHI,Zonotrichia,albicollis,Passerellidae,10133,Yes,Forest,Lower
2002-10-13,11.0,MP,Setophaga,coronata,Parulidae,887,yes,forest,Upper
2002-10-13,11.0,CHI,Zonotrichia,albicollis,Passerellidae,10133,Yes,Forest,Lower
2002-10-13,11.0,CHI,Catharus,guttatus,Turdidae,3729,Yes,Forest,Lower
2002-10-13,11.0,CHI,Catharus,guttatus,Turdidae,3729,Yes,Forest,Lower
2002-10-13,11.0,CHI,Zonotrichia,albicollis,Passerellidae,10133,Yes,Forest,Lower
2002-10-13,11.0,CHI,Zonotrichia,albicollis,Passerellidae,10133,Yes,Forest,Lower
2002-10-13,11.0,CHI,Zonotrichia,albicollis,Passerellidae,10133,Yes,Forest,Lower
2002-10-14,13.0,MP,Junco,hyemalis,Passerellidae,6303,Yes,Edge,Lower
2002-10-14,13.0,MP,Melospiza,melodia,Passerellidae,5124,Yes,Edge,Lower
2002-10-14,13.0,MP,Catharus,guttatus,Turdidae,3729,Yes,Forest,Lower
2002-10-14,13.0,CHI,Catharus,guttatus,Turdidae,3729,Yes,Forest,Lower
2002-10-14,13.0,MP,Catharus,guttatus,Turdidae,3729,Yes,Forest,Lower
2002-10-14,13.0,MP,Catharus,guttatus,Turdidae,3729,Yes,Forest,Lower
2002-10-14,13.0,MP,Passerella,iliaca,Passerellidae,2443,Yes,Edge,Lower
2002-10-14,13.0,MP,Catharus,guttatus,Turdidae,3729,Yes,Forest,Lower
2002-10-14,13.0,MP,Passerella,iliaca,Passerellidae,2443,Yes,Edge,Lower
2002-10-14,13.0,MP,troglodytes,hiemalis,Troglodytidae,474,No,Forest,Lower
2002-10-14,13.0,MP,Zonotrichia,albicollis,Passerellidae,10133,Yes,Forest,Lower
2002-10-14,13.0,MP,Passerella,iliaca,Passerellidae,2443,Yes,Edge,Lower
2002-10-14,13.0,MP,Passerella,iliaca,Passerellidae,2443,Yes,Edge,Lower
2002-10-14,13.0,MP,Catharus,guttatus,Turdidae,3729,Yes,Forest,Lower
2002-10-14,13.0,MP,Zonotrichia,albicollis,Passerellidae,10133,Yes,Forest,Lower
2002-10-14,13.0,MP,Catharus,guttatus,Turdidae,3729,Yes,Forest,Lower
2002-10-14,13.0,MP,Catharus,guttatus,Turdidae,3729,Yes,Forest,Lower
2002-10-14,13.0,MP,Zonotrichia,albicollis,Passerellidae,10133,Yes,Forest,Lower
2002-10-14,13.0,MP,Zonotrichia,albicollis,Passerellidae,10133,Yes,Forest,Lower
2002-10-14,13.0,MP,Melospiza,lincolnii,Passerellidae,2029,yes,edge,Lower
2002-10-14,13.0,MP,Catharus,guttatus,Turdidae,3729,Yes,Forest,Lower
2002-10-14,13.0,MP,Setophaga,coronata,Parulidae,887,yes,forest,Upper
2002-10-14,13.0,MP,Melospiza,lincolnii,Passerellidae,2029,yes,edge,Lower
2002-10-14,13.0,MP,Catharus,guttatus,Turdidae,3729,Yes,Forest,Lower
2002-10-14,13.0,MP,Zonotrichia,albicollis,Passerellidae,10133,Yes,Forest,Lower
2002-10-14,13.0,MP,Zonotrichia,albicollis,Passerellidae,10133,Yes,Forest,Lower
2002-10-15,13.0,CHI,Zonotrichia,albicollis,Passerellidae,10133,Yes,Forest,Lower
2002-10-16,13.0,CHI,Zonotrichia,albicollis,Passerellidae,10133,Yes,Forest,Lower
2002-10-16,13.0,CHI,Zonotrichia,leucophrys,Passerellidae,1090,Yes,Edge,Lower
2002-10-16,13.0,CHI,Zonotrichia,albicollis,Passerellidae,10133,Yes,Forest,Lower
2002-10-16,13.0,CHI,Zonotrichia,albicollis,Passerellidae,10133,Yes,Forest,Lower
2002-10-16,13.0,CHI,Zonotrichia,leucophrys,Passerellidae,1090,Yes,Edge,Lower
2002-10-16,13.0,CHI,Catharus,guttatus,Turdidae,3729,Yes,Forest,Lower
2002-10-16,13.0,CHI,Zonotrichia,albicollis,Passerellidae,10133,Yes,Forest,Lower
2002-10-16,13.0,CHI,Zonotrichia,albicollis,Passerellidae,10133,Yes,Forest,Lower
2002-10-16,13.0,CHI,Zonotrichia,albicollis,Passerellidae,10133,Yes,Forest,Lower
2002-10-16,13.0,MP,Zonotrichia,albicollis,Passerellidae,10133,Yes,Forest,Lower
2002-10-16,13.0,CHI,Zonotrichia,albicollis,Passerellidae,10133,Yes,Forest,Lower
2002-10-16,13.0,CHI,Catharus,guttatus,Turdidae,3729,Yes,Forest,Lower
2002-10-16,13.0,MP,Catharus,guttatus,Turdidae,3729,Yes,Forest,Lower
2002-10-16,13.0,MP,Catharus,guttatus,Turdidae,3729,Yes,Forest,Lower
2002-10-16,13.0,CHI,Regulus,calendula,Regulidae,416,No,Forest,Upper
2002-10-16,13.0,MP,Catharus,guttatus,Turdidae,3729,Yes,Forest,Lower
2002-10-16,13.0,MP,Catharus,guttatus,Turdidae,3729,Yes,Forest,Lower
2002-10-16,13.0,MP,Catharus,guttatus,Turdidae,3729,Yes,Forest,Lower
2002-10-16,13.0,MP,Catharus,guttatus,Turdidae,3729,Yes,Forest,Lower
2002-10-16,13.0,CHI,Toxostoma,rufum,Mimidae,166,No,Edge,Lower
2002-10-16,13.0,CHI,Cistothorus,platensis,Troglodytidae,60,no,open,Lower
2002-10-16,13.0,CHI,Setophaga,fusca,Parulidae,201,Yes,Forest,Upper
2002-10-16,13.0,CHI,Catharus,guttatus,Turdidae,3729,Yes,Forest,Lower
2002-10-16,13.0,CHI,Regulus,satrapa,Regulidae,1029,Yes,Forest,Upper
2002-10-16,13.0,CHI,Zonotrichia,albicollis,Passerellidae,10133,Yes,Forest,Lower
2002-10-16,13.0,CHI,Regulus,satrapa,Regulidae,1029,Yes,Forest,Upper
2002-10-16,13.0,CHI,Zonotrichia,albicollis,Passerellidae,10133,Yes,Forest,Lower
2002-10-16,13.0,CHI,Zonotrichia,albicollis,Passerellidae,10133,Yes,Forest,Lower
2002-10-16,13.0,CHI,Zonotrichia,albicollis,Passerellidae,10133,Yes,Forest,Lower
2002-10-16,13.0,CHI,Zonotrichia,albicollis,Passerellidae,10133,Yes,Forest,Lower
2002-10-16,13.0,CHI,Zonotrichia,albicollis,Passerellidae,10133,Yes,Forest,Lower
2002-10-16,13.0,CHI,Passerella,iliaca,Passerellidae,2443,Yes,Edge,Lower
2002-10-16,13.0,CHI,Passerella,iliaca,Passerellidae,2443,Yes,Edge,Lower
2002-10-16,13.0,CHI,Regulus,satrapa,Regulidae,1029,Yes,Forest,Upper
2002-10-16,13.0,CHI,Zonotrichia,albicollis,Passerellidae,10133,Yes,Forest,Lower
2002-10-16,13.0,CHI,Zonotrichia,albicollis,Passerellidae,10133,Yes,Forest,Lower
2002-10-16,13.0,CHI,Zonotrichia,albicollis,Passerellidae,10133,Yes,Forest,Lower
2002-10-16,13.0,CHI,Zonotrichia,albicollis,Passerellidae,10133,Yes,Forest,Lower
2002-10-16,13.0,CHI,Zonotrichia,albicollis,Passerellidae,10133,Yes,Forest,Lower
2002-10-16,13.0,CHI,Zonotrichia,albicollis,Passerellidae,10133,Yes,Forest,Lower
2002-10-16,13.0,CHI,Zonotrichia,albicollis,Passerellidae,10133,Yes,Forest,Lower
2002-10-16,13.0,CHI,troglodytes,hiemalis,Troglodytidae,474,No,Forest,Lower
2002-10-16,13.0,CHI,Pipilo,erythrophthalmus,Passerellidae,82,Rare,Edge,Lower
2002-10-16,13.0,CHI,Passerella,iliaca,Passerellidae,2443,Yes,Edge,Lower
2002-10-16,13.0,CHI,Zonotrichia,albicollis,Passerellidae,10133,Yes,Forest,Lower
2002-10-16,13.0,CHI,Regulus,satrapa,Regulidae,1029,Yes,Forest,Upper
2002-10-16,13.0,CHI,Regulus,satrapa,Regulidae,1029,Yes,Forest,Upper
2002-10-16,13.0,MP,Zonotrichia,leucophrys,Passerellidae,1090,Yes,Edge,Lower
2002-10-16,13.0,MP,Zonotrichia,leucophrys,Passerellidae,1090,Yes,Edge,Lower
2002-10-16,13.0,CHI,Regulus,satrapa,Regulidae,1029,Yes,Forest,Upper
2002-10-16,13.0,MP,Melospiza,lincolnii,Passerellidae,2029,yes,edge,Lower
2002-10-16,13.0,CHI,Zonotrichia,albicollis,Passerellidae,10133,Yes,Forest,Lower
2002-10-16,13.0,CHI,Regulus,satrapa,Regulidae,1029,Yes,Forest,Upper
2002-10-16,13.0,CHI,Junco,hyemalis,Passerellidae,6303,Yes,Edge,Lower
2002-10-16,13.0,CHI,Melospiza,lincolnii,Passerellidae,2029,yes,edge,Lower
2002-10-16,13.0,MP,Junco,hyemalis,Passerellidae,6303,Yes,Edge,Lower
2002-10-16,13.0,MP,Melospiza,melodia,Passerellidae,5124,Yes,Edge,Lower
2002-10-16,13.0,CHI,Regulus,satrapa,Regulidae,1029,Yes,Forest,Upper
2002-10-16,13.0,MP,Junco,hyemalis,Passerellidae,6303,Yes,Edge,Lower
2002-10-16,13.0,MP,Regulus,satrapa,Regulidae,1029,Yes,Forest,Upper
2002-10-17,13.0,CHI,Catharus,guttatus,Turdidae,3729,Yes,Forest,Lower
2002-10-17,13.0,CHI,Melospiza,melodia,Passerellidae,5124,Yes,Edge,Lower
2002-10-17,13.0,MP,Melospiza,melodia,Passerellidae,5124,Yes,Edge,Lower
2002-10-17,13.0,MP,Melospiza,melodia,Passerellidae,5124,Yes,Edge,Lower
2002-10-17,13.0,MP,Junco,hyemalis,Passerellidae,6303,Yes,Edge,Lower
2002-10-17,13.0,MP,troglodytes,hiemalis,Troglodytidae,474,No,Forest,Lower
2002-10-17,13.0,MP,Junco,hyemalis,Passerellidae,6303,Yes,Edge,Lower
2002-10-17,13.0,MP,Junco,hyemalis,Passerellidae,6303,Yes,Edge,Lower
2002-10-17,13.0,CHI,Catharus,guttatus,Turdidae,3729,Yes,Forest,Lower
2002-10-17,13.0,MP,Zonotrichia,albicollis,Passerellidae,10133,Yes,Forest,Lower
2002-10-17,13.0,CHI,Zonotrichia,albicollis,Passerellidae,10133,Yes,Forest,Lower
2002-10-17,13.0,CHI,Zonotrichia,albicollis,Passerellidae,10133,Yes,Forest,Lower
2002-10-17,13.0,CHI,Zonotrichia,albicollis,Passerellidae,10133,Yes,Forest,Lower
2002-10-17,13.0,CHI,Zonotrichia,albicollis,Passerellidae,10133,Yes,Forest,Lower
2002-10-17,13.0,CHI,Zonotrichia,albicollis,Passerellidae,10133,Yes,Forest,Lower
2002-10-17,13.0,CHI,Zonotrichia,albicollis,Passerellidae,10133,Yes,Forest,Lower
2002-10-17,13.0,CHI,Zonotrichia,albicollis,Passerellidae,10133,Yes,Forest,Lower
2002-10-17,13.0,CHI,Zonotrichia,albicollis,Passerellidae,10133,Yes,Forest,Lower
2002-10-17,13.0,CHI,Zonotrichia,albicollis,Passerellidae,10133,Yes,Forest,Lower
2002-10-17,13.0,CHI,Zonotrichia,albicollis,Passerellidae,10133,Yes,Forest,Lower
2002-10-17,13.0,MP,Zonotrichia,albicollis,Passerellidae,10133,Yes,Forest,Lower
2002-10-17,13.0,MP,Zonotrichia,albicollis,Passerellidae,10133,Yes,Forest,Lower
2002-10-17,13.0,MP,Zonotrichia,albicollis,Passerellidae,10133,Yes,Forest,Lower
2002-10-18,11.0,MP,Catharus,guttatus,Turdidae,3729,Yes,Forest,Lower
2002-10-19,11.0,MP,Catharus,guttatus,Turdidae,3729,Yes,Forest,Lower
2002-10-19,11.0,MP,Setophaga,coronata,Parulidae,887,yes,forest,Upper
2002-10-19,11.0,MP,Junco,hyemalis,Passerellidae,6303,Yes,Edge,Lower
2002-10-19,11.0,MP,Geothlypis,trichas,Parulidae,1555,Yes,Open,Lower
2002-10-20,10.0,MP,Catharus,guttatus,Turdidae,3729,Yes,Forest,Lower
2002-10-20,10.0,MP,Zonotrichia,albicollis,Passerellidae,10133,Yes,Forest,Lower
2002-10-20,10.0,MP,Catharus,guttatus,Turdidae,3729,Yes,Forest,Lower
2002-10-21,5.0,CHI,Catharus,guttatus,Turdidae,3729,Yes,Forest,Lower
2002-10-22,11.0,MP,Passerella,iliaca,Passerellidae,2443,Yes,Edge,Lower
2002-10-22,11.0,CHI,Zonotrichia,albicollis,Passerellidae,10133,Yes,Forest,Lower
2002-10-22,11.0,CHI,Zonotrichia,albicollis,Passerellidae,10133,Yes,Forest,Lower
2002-10-23,13.0,CHI,Zonotrichia,leucophrys,Passerellidae,1090,Yes,Edge,Lower
2002-10-23,13.0,CHI,Junco,hyemalis,Passerellidae,6303,Yes,Edge,Lower
2002-10-23,13.0,CHI,Regulus,satrapa,Regulidae,1029,Yes,Forest,Upper
2002-10-23,13.0,CHI,Regulus,satrapa,Regulidae,1029,Yes,Forest,Upper
2002-10-23,13.0,CHI,Regulus,satrapa,Regulidae,1029,Yes,Forest,Upper
2002-10-23,13.0,CHI,Zonotrichia,albicollis,Passerellidae,10133,Yes,Forest,Lower
2002-10-23,13.0,CHI,Zonotrichia,albicollis,Passerellidae,10133,Yes,Forest,Lower
2002-10-23,13.0,MP,Zonotrichia,albicollis,Passerellidae,10133,Yes,Forest,Lower
2002-10-23,13.0,MP,Spizelloides,arborea,Passerellidae,1262,Yes,Edge,Lower
2002-10-23,13.0,CHI,Junco,hyemalis,Passerellidae,6303,Yes,Edge,Lower
2002-10-23,13.0,CHI,Junco,hyemalis,Passerellidae,6303,Yes,Edge,Lower
2002-10-23,13.0,CHI,Catharus,guttatus,Turdidae,3729,Yes,Forest,Lower
2002-10-24,13.0,MP,Melospiza,melodia,Passerellidae,5124,Yes,Edge,Lower
2002-10-24,13.0,MP,Zonotrichia,albicollis,Passerellidae,10133,Yes,Forest,Lower
2002-10-25,10.0,CHI,Zonotrichia,albicollis,Passerellidae,10133,Yes,Forest,Lower
2002-10-25,10.0,MP,Spizelloides,arborea,Passerellidae,1262,Yes,Edge,Lower
2002-10-25,10.0,MP,Melospiza,melodia,Passerellidae,5124,Yes,Edge,Lower
2002-10-26,13.0,CHI,Regulus,satrapa,Regulidae,1029,Yes,Forest,Upper
2002-10-26,13.0,CHI,Zonotrichia,albicollis,Passerellidae,10133,Yes,Forest,Lower
2002-10-27,13.0,MP,Melospiza,melodia,Passerellidae,5124,Yes,Edge,Lower
2002-10-27,13.0,MP,Melospiza,melodia,Passerellidae,5124,Yes,Edge,Lower
2002-10-27,13.0,MP,Setophaga,coronata,Parulidae,887,yes,forest,Upper
2002-10-27,13.0,MP,Passerella,iliaca,Passerellidae,2443,Yes,Edge,Lower
2002-10-27,13.0,MP,Zonotrichia,albicollis,Passerellidae,10133,Yes,Forest,Lower
2002-10-27,13.0,MP,Passerella,iliaca,Passerellidae,2443,Yes,Edge,Lower
2002-10-27,13.0,MP,Melospiza,melodia,Passerellidae,5124,Yes,Edge,Lower
2002-10-27,13.0,MP,Zonotrichia,albicollis,Passerellidae,10133,Yes,Forest,Lower
2002-10-27,13.0,MP,Zonotrichia,albicollis,Passerellidae,10133,Yes,Forest,Lower
2002-10-27,13.0,MP,Junco,hyemalis,Passerellidae,6303,Yes,Edge,Lower
2002-10-27,13.0,CHI,Junco,hyemalis,Passerellidae,6303,Yes,Edge,Lower
2002-10-27,13.0,MP,Zonotrichia,albicollis,Passerellidae,10133,Yes,Forest,Lower
2002-10-27,13.0,MP,Passerella,iliaca,Passerellidae,2443,Yes,Edge,Lower
2002-10-27,13.0,MP,Zonotrichia,albicollis,Passerellidae,10133,Yes,Forest,Lower
2002-10-28,11.0,MP,Zonotrichia,albicollis,Passerellidae,10133,Yes,Forest,Lower
2002-10-28,11.0,MP,Zonotrichia,albicollis,Passerellidae,10133,Yes,Forest,Lower
2002-10-28,11.0,MP,Catharus,guttatus,Turdidae,3729,Yes,Forest,Lower
2002-10-28,11.0,MP,Regulus,satrapa,Regulidae,1029,Yes,Forest,Upper
2002-10-30,17.0,CHI,Zonotrichia,albicollis,Passerellidae,10133,Yes,Forest,Lower
2002-10-30,17.0,CHI,Zonotrichia,albicollis,Passerellidae,10133,Yes,Forest,Lower
2002-10-31,17.0,MP,Junco,hyemalis,Passerellidae,6303,Yes,Edge,Lower
2002-11-01,14.0,MP,Junco,hyemalis,Passerellidae,6303,Yes,Edge,Lower
2002-11-01,14.0,MP,Junco,hyemalis,Passerellidae,6303,Yes,Edge,Lower
2002-11-01,14.0,MP,Junco,hyemalis,Passerellidae,6303,Yes,Edge,Lower
2002-11-01,14.0,MP,Spizelloides,arborea,Passerellidae,1262,Yes,Edge,Lower
2002-11-01,14.0,MP,Passerella,iliaca,Passerellidae,2443,Yes,Edge,Lower
2002-11-01,14.0,MP,Catharus,guttatus,Turdidae,3729,Yes,Forest,Lower
2002-11-01,14.0,MP,Passerella,iliaca,Passerellidae,2443,Yes,Edge,Lower
2002-11-01,14.0,MP,Junco,hyemalis,Passerellidae,6303,Yes,Edge,Lower
2002-11-01,14.0,MP,Regulus,calendula,Regulidae,416,No,Forest,Upper
2002-11-01,14.0,MP,Passerella,iliaca,Passerellidae,2443,Yes,Edge,Lower
2002-11-01,14.0,MP,Junco,hyemalis,Passerellidae,6303,Yes,Edge,Lower
2002-11-01,14.0,MP,Junco,hyemalis,Passerellidae,6303,Yes,Edge,Lower
2002-11-02,17.0,MP,Catharus,guttatus,Turdidae,3729,Yes,Forest,Lower
2002-11-03,17.0,MP,Junco,hyemalis,Passerellidae,6303,Yes,Edge,Lower
2002-11-03,17.0,MP,Spizelloides,arborea,Passerellidae,1262,Yes,Edge,Lower
2002-11-03,17.0,MP,Setophaga,palmarum,Parulidae,694,Yes,Edge,Lower
2002-11-03,17.0,MP,Spizelloides,arborea,Passerellidae,1262,Yes,Edge,Lower
2002-11-03,17.0,MP,Junco,hyemalis,Passerellidae,6303,Yes,Edge,Lower
2002-11-03,17.0,MP,Junco,hyemalis,Passerellidae,6303,Yes,Edge,Lower
2002-11-03,17.0,MP,Junco,hyemalis,Passerellidae,6303,Yes,Edge,Lower
2002-11-03,17.0,MP,Junco,hyemalis,Passerellidae,6303,Yes,Edge,Lower
2002-11-03,17.0,MP,Junco,hyemalis,Passerellidae,6303,Yes,Edge,Lower
2002-11-03,17.0,MP,Junco,hyemalis,Passerellidae,6303,Yes,Edge,Lower
2002-11-03,17.0,MP,Passerella,iliaca,Passerellidae,2443,Yes,Edge,Lower
2002-11-03,17.0,MP,Junco,hyemalis,Passerellidae,6303,Yes,Edge,Lower
2002-11-03,17.0,MP,Zonotrichia,albicollis,Passerellidae,10133,Yes,Forest,Lower
2002-11-03,17.0,MP,Junco,hyemalis,Passerellidae,6303,Yes,Edge,Lower
2002-11-04,17.0,CHI,Passerella,iliaca,Passerellidae,2443,Yes,Edge,Lower
2002-11-05,17.0,MP,Passerculus,sandwichensis,Passerellidae,274,yes,open,Lower	
2002-11-05,17.0,MP,Zonotrichia,albicollis,Passerellidae,10133,Yes,Forest,Lower
2002-11-05,17.0,MP,Junco,hyemalis,Passerellidae,6303,Yes,Edge,Lower
2002-11-07,17.0,MP,Spizelloides,arborea,Passerellidae,1262,Yes,Edge,Lower
2002-11-07,17.0,MP,troglodytes,hiemalis,Troglodytidae,474,No,Forest,Lower
2002-11-08,17.0,MP,Junco,hyemalis,Passerellidae,6303,Yes,Edge,Lower
2002-11-08,17.0,CHI,Spizelloides,arborea,Passerellidae,1262,Yes,Edge,Lower
2002-11-10,14.0,MP,Junco,hyemalis,Passerellidae,6303,Yes,Edge,Lower
2002-11-12,15.0,MP,Junco,hyemalis,Passerellidae,6303,Yes,Edge,Lower
2002-11-12,15.0,MP,Zonotrichia,albicollis,Passerellidae,10133,Yes,Forest,Lower
2002-11-13,17.0,MP,Junco,hyemalis,Passerellidae,6303,Yes,Edge,Lower
2002-11-13,17.0,MP,Junco,hyemalis,Passerellidae,6303,Yes,Edge,Lower
2002-11-14,14.0,MP,Junco,hyemalis,Passerellidae,6303,Yes,Edge,Lower
2002-11-14,14.0,CHI,Zonotrichia,albicollis,Passerellidae,10133,Yes,Forest,Lower
2002-11-14,14.0,MP,Spizelloides,arborea,Passerellidae,1262,Yes,Edge,Lower
2002-11-14,14.0,MP,Junco,hyemalis,Passerellidae,6303,Yes,Edge,Lower
2003-03-17,16.0,MP,Melospiza,melodia,Passerellidae,5124,Yes,Edge,Lower
2003-03-17,16.0,MP,Melospiza,melodia,Passerellidae,5124,Yes,Edge,Lower
2003-03-17,16.0,MP,Melospiza,melodia,Passerellidae,5124,Yes,Edge,Lower
2003-03-17,16.0,MP,Melospiza,melodia,Passerellidae,5124,Yes,Edge,Lower
2003-03-17,16.0,MP,Melospiza,melodia,Passerellidae,5124,Yes,Edge,Lower
2003-03-17,16.0,MP,Melospiza,melodia,Passerellidae,5124,Yes,Edge,Lower
2003-03-18,4.0,CHI,Passerella,iliaca,Passerellidae,2443,Yes,Edge,Lower
2003-03-18,4.0,CHI,Passerella,iliaca,Passerellidae,2443,Yes,Edge,Lower
2003-03-20,4.0,MP,Melospiza,melodia,Passerellidae,5124,Yes,Edge,Lower
2003-03-21,4.0,MP,Melospiza,melodia,Passerellidae,5124,Yes,Edge,Lower
2003-03-24,6.0,MP,Melospiza,melodia,Passerellidae,5124,Yes,Edge,Lower
2003-03-24,6.0,MP,Melospiza,melodia,Passerellidae,5124,Yes,Edge,Lower
2003-03-24,6.0,CHI,Melospiza,melodia,Passerellidae,5124,Yes,Edge,Lower
2003-03-25,6.0,MP,Junco,hyemalis,Passerellidae,6303,Yes,Edge,Lower
2003-03-28,7.0,MP,Passerella,iliaca,Passerellidae,2443,Yes,Edge,Lower
2003-03-28,7.0,MP,Catharus,guttatus,Turdidae,3729,Yes,Forest,Lower
2003-03-28,7.0,CHI,Passerella,iliaca,Passerellidae,2443,Yes,Edge,Lower
2003-03-28,7.0,MP,Melospiza,melodia,Passerellidae,5124,Yes,Edge,Lower
2003-03-28,7.0,CHI,Junco,hyemalis,Passerellidae,6303,Yes,Edge,Lower
2003-03-28,7.0,MP,Junco,hyemalis,Passerellidae,6303,Yes,Edge,Lower
2003-03-28,7.0,MP,Junco,hyemalis,Passerellidae,6303,Yes,Edge,Lower
2003-03-28,7.0,MP,Junco,hyemalis,Passerellidae,6303,Yes,Edge,Lower
2003-03-28,7.0,MP,Melospiza,melodia,Passerellidae,5124,Yes,Edge,Lower
2003-03-28,7.0,MP,Melospiza,melodia,Passerellidae,5124,Yes,Edge,Lower
2003-03-29,7.0,MP,Junco,hyemalis,Passerellidae,6303,Yes,Edge,Lower
2003-03-29,7.0,MP,Junco,hyemalis,Passerellidae,6303,Yes,Edge,Lower
2003-03-29,7.0,MP,Junco,hyemalis,Passerellidae,6303,Yes,Edge,Lower
2003-03-29,7.0,MP,Melospiza,melodia,Passerellidae,5124,Yes,Edge,Lower
2003-03-29,7.0,MP,Junco,hyemalis,Passerellidae,6303,Yes,Edge,Lower
2003-03-30,7.0,MP,Junco,hyemalis,Passerellidae,6303,Yes,Edge,Lower
2003-03-30,7.0,MP,Melospiza,melodia,Passerellidae,5124,Yes,Edge,Lower
2003-03-30,7.0,MP,Melospiza,melodia,Passerellidae,5124,Yes,Edge,Lower
2003-03-30,7.0,CHI,Passerella,iliaca,Passerellidae,2443,Yes,Edge,Lower
2003-03-31,6.0,CHI,Regulus,satrapa,Regulidae,1029,Yes,Forest,Upper
2003-03-31,6.0,CHI,Junco,hyemalis,Passerellidae,6303,Yes,Edge,Lower
2003-04-01,6.0,MP,Melospiza,melodia,Passerellidae,5124,Yes,Edge,Lower
2003-04-02,7.0,MP,Melospiza,melodia,Passerellidae,5124,Yes,Edge,Lower
2003-04-02,7.0,MP,Melospiza,melodia,Passerellidae,5124,Yes,Edge,Lower
2003-04-02,7.0,CHI,Passerella,iliaca,Passerellidae,2443,Yes,Edge,Lower
2003-04-03,6.0,CHI,Regulus,satrapa,Regulidae,1029,Yes,Forest,Upper
2003-04-14,14.0,MP,Junco,hyemalis,Passerellidae,6303,Yes,Edge,Lower
2003-04-14,14.0,MP,Passerella,iliaca,Passerellidae,2443,Yes,Edge,Lower
2003-04-14,14.0,MP,Junco,hyemalis,Passerellidae,6303,Yes,Edge,Lower
2003-04-15,3.0,MP,Melospiza,melodia,Passerellidae,5124,Yes,Edge,Lower
2003-04-15,3.0,CHI,Mniotilta,varia,Parulidae,620,Yes,Forest,Upper
2003-04-15,3.0,MP,Toxostoma,rufum,Mimidae,166,No,Edge,Lower
2003-04-15,3.0,MP,Spizella,pusilla,Passerellidae,325,Yes,Open,Lower
2003-04-16,3.0,CHI,Junco,hyemalis,Passerellidae,6303,Yes,Edge,Lower
2003-04-16,3.0,CHI,Catharus,guttatus,Turdidae,3729,Yes,Forest,Lower
2003-04-16,3.0,MP,Junco,hyemalis,Passerellidae,6303,Yes,Edge,Lower
2003-04-16,3.0,MP,Zonotrichia,albicollis,Passerellidae,10133,Yes,Forest,Lower
2003-04-16,3.0,CHI,Zonotrichia,albicollis,Passerellidae,10133,Yes,Forest,Lower
2003-04-16,3.0,CHI,Melospiza,melodia,Passerellidae,5124,Yes,Edge,Lower
2003-04-16,3.0,MP,Catharus,guttatus,Turdidae,3729,Yes,Forest,Lower
2003-04-16,3.0,CHI,Catharus,guttatus,Turdidae,3729,Yes,Forest,Lower
2003-04-17,14.0,CHI,Spizella,pusilla,Passerellidae,325,Yes,Open,Lower
2003-04-21,4.0,CHI,Zonotrichia,albicollis,Passerellidae,10133,Yes,Forest,Lower
2003-04-21,4.0,CHI,Zonotrichia,albicollis,Passerellidae,10133,Yes,Forest,Lower
2003-04-21,4.0,CHI,Zonotrichia,albicollis,Passerellidae,10133,Yes,Forest,Lower
2003-04-21,4.0,MP,Zonotrichia,albicollis,Passerellidae,10133,Yes,Forest,Lower
2003-04-21,4.0,CHI,Zonotrichia,albicollis,Passerellidae,10133,Yes,Forest,Lower
2003-04-22,3.0,MP,Zonotrichia,albicollis,Passerellidae,10133,Yes,Forest,Lower
2003-04-24,8.0,CHI,Regulus,calendula,Regulidae,416,No,Forest,Upper
2003-04-25,8.0,MP,Regulus,calendula,Regulidae,416,No,Forest,Upper
2003-04-28,11.0,MP,Zonotrichia,albicollis,Passerellidae,10133,Yes,Forest,Lower
2003-04-28,11.0,MP,Zonotrichia,albicollis,Passerellidae,10133,Yes,Forest,Lower
2003-04-28,11.0,CHI,Zonotrichia,albicollis,Passerellidae,10133,Yes,Forest,Lower
2003-04-28,11.0,MP,Zonotrichia,albicollis,Passerellidae,10133,Yes,Forest,Lower
2003-04-28,11.0,MP,Setophaga,coronata,Parulidae,887,yes,forest,Upper
2003-04-28,11.0,MP,Zonotrichia,albicollis,Passerellidae,10133,Yes,Forest,Lower
2003-04-28,11.0,MP,Catharus,guttatus,Turdidae,3729,Yes,Forest,Lower
2003-04-30,11.0,CHI,Zonotrichia,albicollis,Passerellidae,10133,Yes,Forest,Lower
2003-04-30,11.0,CHI,Zonotrichia,albicollis,Passerellidae,10133,Yes,Forest,Lower
2003-04-30,11.0,CHI,Zonotrichia,albicollis,Passerellidae,10133,Yes,Forest,Lower
2003-04-30,11.0,CHI,Zonotrichia,albicollis,Passerellidae,10133,Yes,Forest,Lower
2003-04-30,11.0,CHI,Catharus,guttatus,Turdidae,3729,Yes,Forest,Lower
2003-05-01,8.0,MP,Melospiza,lincolnii,Passerellidae,2029,yes,edge,Lower
2003-05-01,8.0,MP,Zonotrichia,albicollis,Passerellidae,10133,Yes,Forest,Lower
2003-05-01,8.0,MP,Zonotrichia,albicollis,Passerellidae,10133,Yes,Forest,Lower
2003-05-01,8.0,CHI,Zonotrichia,albicollis,Passerellidae,10133,Yes,Forest,Lower
2003-05-01,8.0,CHI,Mniotilta,varia,Parulidae,620,Yes,Forest,Upper
2003-05-01,8.0,CHI,Zonotrichia,albicollis,Passerellidae,10133,Yes,Forest,Lower
2003-05-02,8.0,CHI,Zonotrichia,leucophrys,Passerellidae,1090,Yes,Edge,Lower
2003-05-06,3.0,CHI,Zonotrichia,albicollis,Passerellidae,10133,Yes,Forest,Lower
2003-05-06,3.0,CHI,Parkesia,noveboracensis,Parulidae,916,Yes,Forest,Lower
2003-05-06,3.0,CHI,Parkesia,noveboracensis,Parulidae,916,Yes,Forest,Lower
2003-05-06,3.0,CHI,Ammodramus,savannarum,Passerellidae,106,Yes,Open,Lower
2003-05-06,3.0,CHI,Zonotrichia,albicollis,Passerellidae,10133,Yes,Forest,Lower
2003-05-06,3.0,MP,Zonotrichia,albicollis,Passerellidae,10133,Yes,Forest,Lower
2003-05-06,3.0,CHI,Zonotrichia,albicollis,Passerellidae,10133,Yes,Forest,Lower
2003-05-07,5.0,CHI,Zonotrichia,albicollis,Passerellidae,10133,Yes,Forest,Lower
2003-05-07,5.0,CHI,Zonotrichia,albicollis,Passerellidae,10133,Yes,Forest,Lower
2003-05-07,5.0,CHI,Toxostoma,rufum,Mimidae,166,No,Edge,Lower
2003-05-07,5.0,CHI,Zonotrichia,albicollis,Passerellidae,10133,Yes,Forest,Lower
2003-05-08,6.0,CHI,Seiurus,aurocapilla,Parulidae,4580,Yes,Forest,Lower
2003-05-09,4.0,MP,dumetella,carolinensis,Mimidae,599,no,edge,Lower
2003-05-10,16.0,CHI,Seiurus,aurocapilla,Parulidae,4580,Yes,Forest,Lower
2003-05-10,16.0,CHI,Seiurus,aurocapilla,Parulidae,4580,Yes,Forest,Lower
2003-05-10,16.0,CHI,Melospiza,lincolnii,Passerellidae,2029,yes,edge,Lower
2003-05-10,16.0,CHI,Seiurus,aurocapilla,Parulidae,4580,Yes,Forest,Lower
2003-05-10,16.0,CHI,Melospiza,lincolnii,Passerellidae,2029,yes,edge,Lower
2003-05-10,16.0,CHI,Zonotrichia,albicollis,Passerellidae,10133,Yes,Forest,Lower
2003-05-10,16.0,CHI,Geothlypis,trichas,Parulidae,1555,Yes,Open,Lower
2003-05-10,16.0,CHI,Seiurus,aurocapilla,Parulidae,4580,Yes,Forest,Lower
2003-05-10,16.0,CHI,Seiurus,aurocapilla,Parulidae,4580,Yes,Forest,Lower
2003-05-10,16.0,CHI,Zonotrichia,albicollis,Passerellidae,10133,Yes,Forest,Lower
2003-05-10,16.0,CHI,Seiurus,aurocapilla,Parulidae,4580,Yes,Forest,Lower
2003-05-10,16.0,CHI,Geothlypis,trichas,Parulidae,1555,Yes,Open,Lower
2003-05-10,16.0,CHI,Seiurus,aurocapilla,Parulidae,4580,Yes,Forest,Lower
2003-05-10,16.0,MP,Zonotrichia,leucophrys,Passerellidae,1090,Yes,Edge,Lower
2003-05-10,16.0,CHI,Zonotrichia,albicollis,Passerellidae,10133,Yes,Forest,Lower
2003-05-10,16.0,CHI,Seiurus,aurocapilla,Parulidae,4580,Yes,Forest,Lower
2003-05-10,16.0,CHI,Seiurus,aurocapilla,Parulidae,4580,Yes,Forest,Lower
2003-05-10,16.0,CHI,Hylocichla,mustelina,Turdidae,500,Yes,Forest,Lower
2003-05-10,16.0,CHI,Hylocichla,mustelina,Turdidae,500,Yes,Forest,Lower
2003-05-10,16.0,CHI,Zonotrichia,albicollis,Passerellidae,10133,Yes,Forest,Lower
2003-05-10,16.0,CHI,Zonotrichia,albicollis,Passerellidae,10133,Yes,Forest,Lower
2003-05-10,16.0,CHI,Troglodytes,aedon,Troglodytidae,104,No,Edge,Lower
2003-05-10,16.0,CHI,Vermivora,chrysoptera,Parulidae,53,Yes,Edge,Upper
2003-05-10,16.0,CHI,Zonotrichia,albicollis,Passerellidae,10133,Yes,Forest,Lower
2003-05-10,16.0,CHI,Zonotrichia,albicollis,Passerellidae,10133,Yes,Forest,Lower
2003-05-10,16.0,CHI,Spizella,pusilla,Passerellidae,325,Yes,Open,Lower
2003-05-10,16.0,CHI,Zonotrichia,albicollis,Passerellidae,10133,Yes,Forest,Lower
2003-05-10,16.0,CHI,Seiurus,aurocapilla,Parulidae,4580,Yes,Forest,Lower
2003-05-10,16.0,CHI,Oreothlypis,ruficapilla,Parulidae,1690,Yes,Forest,Upper
2003-05-10,16.0,CHI,Seiurus,aurocapilla,Parulidae,4580,Yes,Forest,Lower
2003-05-10,16.0,CHI,Seiurus,aurocapilla,Parulidae,4580,Yes,Forest,Lower
2003-05-10,16.0,CHI,Zonotrichia,albicollis,Passerellidae,10133,Yes,Forest,Lower
2003-05-10,16.0,CHI,Seiurus,aurocapilla,Parulidae,4580,Yes,Forest,Lower
2003-05-10,16.0,CHI,Seiurus,aurocapilla,Parulidae,4580,Yes,Forest,Lower
2003-05-10,16.0,CHI,Seiurus,aurocapilla,Parulidae,4580,Yes,Forest,Lower
2003-05-10,16.0,CHI,Seiurus,aurocapilla,Parulidae,4580,Yes,Forest,Lower
2003-05-10,16.0,CHI,Seiurus,aurocapilla,Parulidae,4580,Yes,Forest,Lower
2003-05-10,16.0,CHI,Seiurus,aurocapilla,Parulidae,4580,Yes,Forest,Lower
2003-05-10,16.0,CHI,Oreothlypis,ruficapilla,Parulidae,1690,Yes,Forest,Upper
2003-05-10,16.0,CHI,dumetella,carolinensis,Mimidae,599,no,edge,Lower
2003-05-10,16.0,CHI,Seiurus,aurocapilla,Parulidae,4580,Yes,Forest,Lower
2003-05-10,16.0,CHI,Seiurus,aurocapilla,Parulidae,4580,Yes,Forest,Lower
2003-05-10,16.0,CHI,Zonotrichia,leucophrys,Passerellidae,1090,Yes,Edge,Lower
2003-05-10,16.0,CHI,Icterus,galbula,Icteridae,83,Yes,Edge,Upper
2003-05-10,16.0,CHI,Zonotrichia,albicollis,Passerellidae,10133,Yes,Forest,Lower
2003-05-10,16.0,CHI,Zonotrichia,albicollis,Passerellidae,10133,Yes,Forest,Lower
2003-05-10,16.0,CHI,Zonotrichia,albicollis,Passerellidae,10133,Yes,Forest,Lower
2003-05-10,16.0,MP,Zonotrichia,albicollis,Passerellidae,10133,Yes,Forest,Lower
2003-05-10,16.0,CHI,Zonotrichia,albicollis,Passerellidae,10133,Yes,Forest,Lower
2003-05-10,16.0,CHI,Zonotrichia,albicollis,Passerellidae,10133,Yes,Forest,Lower
2003-05-10,16.0,CHI,Zonotrichia,albicollis,Passerellidae,10133,Yes,Forest,Lower
2003-05-10,16.0,CHI,Zonotrichia,albicollis,Passerellidae,10133,Yes,Forest,Lower
2003-05-10,16.0,CHI,Zonotrichia,albicollis,Passerellidae,10133,Yes,Forest,Lower
2003-05-10,16.0,CHI,Mniotilta,varia,Parulidae,620,Yes,Forest,Upper
2003-05-10,16.0,MP,Zonotrichia,albicollis,Passerellidae,10133,Yes,Forest,Lower
2003-05-10,16.0,CHI,Zonotrichia,albicollis,Passerellidae,10133,Yes,Forest,Lower
2003-05-10,16.0,MP,Zonotrichia,albicollis,Passerellidae,10133,Yes,Forest,Lower
2003-05-10,16.0,CHI,Zonotrichia,albicollis,Passerellidae,10133,Yes,Forest,Lower
2003-05-10,16.0,MP,Zonotrichia,albicollis,Passerellidae,10133,Yes,Forest,Lower
2003-05-10,16.0,CHI,Seiurus,aurocapilla,Parulidae,4580,Yes,Forest,Lower
2003-05-10,16.0,CHI,Seiurus,aurocapilla,Parulidae,4580,Yes,Forest,Lower
2003-05-10,16.0,CHI,Seiurus,aurocapilla,Parulidae,4580,Yes,Forest,Lower
2003-05-10,16.0,CHI,Zonotrichia,albicollis,Passerellidae,10133,Yes,Forest,Lower
2003-05-10,16.0,CHI,Pheucticus,ludovicianus,Cardinalidae,397,Yes,Forest,Upper
2003-05-10,16.0,CHI,Zonotrichia,albicollis,Passerellidae,10133,Yes,Forest,Lower
2003-05-10,16.0,CHI,Seiurus,aurocapilla,Parulidae,4580,Yes,Forest,Lower
2003-05-10,16.0,CHI,Seiurus,aurocapilla,Parulidae,4580,Yes,Forest,Lower
2003-05-12,17.0,MP,Catharus,minimus,Turdidae,822,Yes,Forest,Lower
2003-05-12,17.0,CHI,Seiurus,aurocapilla,Parulidae,4580,Yes,Forest,Lower
2003-05-12,17.0,MP,setophaga,ruticilla,Parulidae,868,Yes,Edge,Upper
2003-05-12,17.0,MP,Melospiza,lincolnii,Passerellidae,2029,yes,edge,Lower
2003-05-12,17.0,MP,Parkesia,noveboracensis,Parulidae,916,Yes,Forest,Lower
2003-05-12,17.0,MP,Melospiza,lincolnii,Passerellidae,2029,yes,edge,Lower
2003-05-12,17.0,MP,Oreothlypis,peregrina,Parulidae,2515,Yes,Edge,Upper
2003-05-12,17.0,CHI,Pheucticus,ludovicianus,Cardinalidae,397,Yes,Forest,Upper
2003-05-12,17.0,MP,Ammodramus,savannarum,Passerellidae,106,Yes,Open,Lower
2003-05-12,17.0,MP,Geothlypis,trichas,Parulidae,1555,Yes,Open,Lower
2003-05-12,17.0,MP,Passerina,cyanea,Cardinalidae,725,yes,edge,Upper
2003-05-12,17.0,MP,Passerculus,sandwichensis,Passerellidae,274,yes,open,Lower	
2003-05-12,17.0,MP,Oreothlypis,ruficapilla,Parulidae,1690,Yes,Forest,Upper
2003-05-12,17.0,MP,Melospiza,lincolnii,Passerellidae,2029,yes,edge,Lower
2003-05-12,17.0,MP,Oreothlypis,peregrina,Parulidae,2515,Yes,Edge,Upper
2003-05-12,17.0,MP,Zonotrichia,albicollis,Passerellidae,10133,Yes,Forest,Lower
2003-05-12,17.0,MP,Seiurus,aurocapilla,Parulidae,4580,Yes,Forest,Lower
2003-05-12,17.0,MP,Seiurus,aurocapilla,Parulidae,4580,Yes,Forest,Lower
2003-05-12,17.0,MP,Seiurus,aurocapilla,Parulidae,4580,Yes,Forest,Lower
2003-05-12,17.0,MP,Seiurus,aurocapilla,Parulidae,4580,Yes,Forest,Lower
2003-05-12,17.0,CHI,Pheucticus,ludovicianus,Cardinalidae,397,Yes,Forest,Upper
2003-05-12,17.0,CHI,Setophaga,magnolia,Parulidae,1224,yes,forest,Upper
2003-05-12,17.0,CHI,Geothlypis,trichas,Parulidae,1555,Yes,Open,Lower
2003-05-12,17.0,MP,Melospiza,lincolnii,Passerellidae,2029,yes,edge,Lower
2003-05-14,17.0,CHI,dumetella,carolinensis,Mimidae,599,no,edge,Lower
2003-05-14,17.0,CHI,Parkesia,noveboracensis,Parulidae,916,Yes,Forest,Lower
2003-05-14,17.0,CHI,Passerina,cyanea,Cardinalidae,725,yes,edge,Upper
2003-05-14,17.0,CHI,Oreothlypis,ruficapilla,Parulidae,1690,Yes,Forest,Upper
2003-05-14,17.0,MP,Geothlypis,trichas,Parulidae,1555,Yes,Open,Lower
2003-05-15,17.0,CHI,Seiurus,aurocapilla,Parulidae,4580,Yes,Forest,Lower
2003-05-15,17.0,MP,Setophaga,coronata,Parulidae,887,yes,forest,Upper
2003-05-15,17.0,MP,Catharus,fuscescens,Turdidae,727,Yes,Forest,Lower
2003-05-16,17.0,CHI,Melospiza,lincolnii,Passerellidae,2029,yes,edge,Lower
2003-05-16,17.0,CHI,Melospiza,lincolnii,Passerellidae,2029,yes,edge,Lower
2003-05-17,17.0,MP,Geothlypis,trichas,Parulidae,1555,Yes,Open,Lower
2003-05-20,17.0,CHI,Oreothlypis,peregrina,Parulidae,2515,Yes,Edge,Upper
2003-05-20,17.0,CHI,Cardellina,canadensis,Parulidae,241,Yes,Forest,Lower
2003-05-20,17.0,CHI,Mniotilta,varia,Parulidae,620,Yes,Forest,Upper
2003-05-20,17.0,MP,Melospiza,lincolnii,Passerellidae,2029,yes,edge,Lower
2003-05-20,17.0,CHI,catharus,ustulatus,Turdidae,2331,Yes,Forest,Lower
2003-05-20,17.0,MP,Oreothlypis,ruficapilla,Parulidae,1690,Yes,Forest,Upper
2003-05-21,17.0,CHI,Vireo,olivaceus,Vireonidae,133,No,Forest,Upper
2003-05-23,17.0,MP,Pipilo,erythrophthalmus,Passerellidae,82,Rare,Edge,Lower
2003-05-24,3.0,MP,catharus,ustulatus,Turdidae,2331,Yes,Forest,Lower
2003-05-28,6.0,CHI,Cardellina,pusilla,Parulidae,185,Yes,Edge,Lower
2003-05-28,6.0,CHI,Geothlypis,trichas,Parulidae,1555,Yes,Open,Lower
2003-05-28,6.0,MP,catharus,ustulatus,Turdidae,2331,Yes,Forest,Lower
2003-05-28,6.0,MP,geothlypis,philadelphia,Parulidae,430,Yes,Edge,Lower
2003-05-29,6.0,CHI,Zonotrichia,albicollis,Passerellidae,10133,Yes,Forest,Lower
2003-05-29,6.0,CHI,Regulus,calendula,Regulidae,416,No,Forest,Upper
2003-05-30,5.0,CHI,Seiurus,aurocapilla,Parulidae,4580,Yes,Forest,Lower
2003-05-30,5.0,CHI,Vireo,olivaceus,Vireonidae,133,No,Forest,Upper
2003-05-30,5.0,CHI,Toxostoma,rufum,Mimidae,166,No,Edge,Lower
2003-08-26,7.0,CHI,Setophaga,magnolia,Parulidae,1224,yes,forest,Upper
2003-08-27,5.0,CHI,Oreothlypis,peregrina,Parulidae,2515,Yes,Edge,Upper
2003-08-27,5.0,CHI,Oporornis,agilis,Parulidae,365,Yes,Forest,Lower
2003-08-27,5.0,CHI,setophaga,ruticilla,Parulidae,868,Yes,Edge,Upper
2003-08-27,5.0,CHI,setophaga,ruticilla,Parulidae,868,Yes,Edge,Upper
2003-08-27,5.0,CHI,Seiurus,aurocapilla,Parulidae,4580,Yes,Forest,Lower
2003-08-27,5.0,CHI,catharus,ustulatus,Turdidae,2331,Yes,Forest,Lower
2003-08-27,5.0,CHI,catharus,ustulatus,Turdidae,2331,Yes,Forest,Lower
2003-08-27,5.0,CHI,geothlypis,philadelphia,Parulidae,430,Yes,Edge,Lower
2003-08-27,5.0,CHI,Seiurus,aurocapilla,Parulidae,4580,Yes,Forest,Lower
2003-08-27,5.0,CHI,Mniotilta,varia,Parulidae,620,Yes,Forest,Upper
2003-08-27,5.0,CHI,setophaga,ruticilla,Parulidae,868,Yes,Edge,Upper
2003-09-03,14.0,CHI,catharus,ustulatus,Turdidae,2331,Yes,Forest,Lower
2003-09-04,14.0,CHI,Vireo,olivaceus,Vireonidae,133,No,Forest,Upper
2003-09-04,14.0,MP,Oreothlypis,peregrina,Parulidae,2515,Yes,Edge,Upper
2003-09-04,14.0,CHI,Setophaga,castanea,Parulidae,287,Yes,Forest,Upper
2003-09-04,14.0,MP,Oreothlypis,peregrina,Parulidae,2515,Yes,Edge,Upper
2003-09-04,14.0,CHI,catharus,ustulatus,Turdidae,2331,Yes,Forest,Lower
2003-09-04,14.0,MP,Passerculus,sandwichensis,Passerellidae,274,yes,open,Lower	
2003-09-04,14.0,CHI,Seiurus,aurocapilla,Parulidae,4580,Yes,Forest,Lower
2003-09-04,14.0,CHI,setophaga,ruticilla,Parulidae,868,Yes,Edge,Upper
2003-09-04,14.0,CHI,Seiurus,aurocapilla,Parulidae,4580,Yes,Forest,Lower
2003-09-04,14.0,MP,Melospiza,lincolnii,Passerellidae,2029,yes,edge,Lower
2003-09-04,14.0,CHI,Melospiza,lincolnii,Passerellidae,2029,yes,edge,Lower
2003-09-05,10.0,MP,Setophaga,striata,Parulidae,787,Yes,Forest,Upper
2003-09-06,7.0,MP,catharus,ustulatus,Turdidae,2331,Yes,Forest,Lower
2003-09-08,6.0,CHI,setophaga,ruticilla,Parulidae,868,Yes,Edge,Upper
2003-09-08,6.0,CHI,Setophaga,magnolia,Parulidae,1224,yes,forest,Upper
2003-09-08,6.0,CHI,Catharus,fuscescens,Turdidae,727,Yes,Forest,Lower
2003-09-08,6.0,CHI,Oreothlypis,peregrina,Parulidae,2515,Yes,Edge,Upper
2003-09-08,6.0,CHI,geothlypis,philadelphia,Parulidae,430,Yes,Edge,Lower
2003-09-09,4.0,MP,Oreothlypis,peregrina,Parulidae,2515,Yes,Edge,Upper
2003-09-10,16.0,CHI,geothlypis,philadelphia,Parulidae,430,Yes,Edge,Lower
2003-09-12,17.0,MP,catharus,ustulatus,Turdidae,2331,Yes,Forest,Lower
2003-09-14,17.0,MP,setophaga,ruticilla,Parulidae,868,Yes,Edge,Upper
2003-09-14,17.0,MP,catharus,ustulatus,Turdidae,2331,Yes,Forest,Lower
2003-09-14,17.0,MP,catharus,ustulatus,Turdidae,2331,Yes,Forest,Lower
2003-09-15,17.0,CHI,geothlypis,philadelphia,Parulidae,430,Yes,Edge,Lower
2003-09-15,17.0,CHI,catharus,ustulatus,Turdidae,2331,Yes,Forest,Lower
2003-09-15,17.0,CHI,Seiurus,aurocapilla,Parulidae,4580,Yes,Forest,Lower
2003-09-15,17.0,CHI,Seiurus,aurocapilla,Parulidae,4580,Yes,Forest,Lower
2003-09-15,17.0,CHI,Setophaga,caerulescens,Parulidae,183,Yes,Forest,Upper
2003-09-15,17.0,CHI,Seiurus,aurocapilla,Parulidae,4580,Yes,Forest,Lower
2003-09-15,17.0,CHI,catharus,ustulatus,Turdidae,2331,Yes,Forest,Lower
2003-09-15,17.0,CHI,catharus,ustulatus,Turdidae,2331,Yes,Forest,Lower
2003-09-15,17.0,CHI,catharus,ustulatus,Turdidae,2331,Yes,Forest,Lower
2003-09-15,17.0,MP,catharus,ustulatus,Turdidae,2331,Yes,Forest,Lower
2003-09-15,17.0,CHI,Geothlypis,trichas,Parulidae,1555,Yes,Open,Lower
2003-09-15,17.0,CHI,Geothlypis,trichas,Parulidae,1555,Yes,Open,Lower
2003-09-15,17.0,CHI,Seiurus,aurocapilla,Parulidae,4580,Yes,Forest,Lower
2003-09-15,17.0,CHI,Mniotilta,varia,Parulidae,620,Yes,Forest,Upper
2003-09-15,17.0,MP,Melospiza,lincolnii,Passerellidae,2029,yes,edge,Lower
2003-09-15,17.0,CHI,Oreothlypis,peregrina,Parulidae,2515,Yes,Edge,Upper
2003-09-15,17.0,CHI,Oreothlypis,peregrina,Parulidae,2515,Yes,Edge,Upper
2003-09-15,17.0,CHI,Pheucticus,ludovicianus,Cardinalidae,397,Yes,Forest,Upper
2003-09-15,17.0,CHI,Setophaga,magnolia,Parulidae,1224,yes,forest,Upper
2003-09-15,17.0,CHI,Setophaga,magnolia,Parulidae,1224,yes,forest,Upper
2003-09-15,17.0,MP,Setophaga,palmarum,Parulidae,694,Yes,Edge,Lower
2003-09-15,17.0,CHI,Vireo,olivaceus,Vireonidae,133,No,Forest,Upper
2003-09-15,17.0,CHI,Seiurus,aurocapilla,Parulidae,4580,Yes,Forest,Lower
2003-09-15,17.0,CHI,Catharus,minimus,Turdidae,822,Yes,Forest,Lower
2003-09-15,17.0,CHI,Catharus,fuscescens,Turdidae,727,Yes,Forest,Lower
2003-09-16,16.0,MP,Seiurus,aurocapilla,Parulidae,4580,Yes,Forest,Lower
2003-09-16,16.0,CHI,Seiurus,aurocapilla,Parulidae,4580,Yes,Forest,Lower
2003-09-16,16.0,CHI,Cardellina,pusilla,Parulidae,185,Yes,Edge,Lower
2003-09-16,16.0,CHI,Zonotrichia,albicollis,Passerellidae,10133,Yes,Forest,Lower
2003-09-16,16.0,MP,Oreothlypis,peregrina,Parulidae,2515,Yes,Edge,Upper
2003-09-16,16.0,MP,Geothlypis,trichas,Parulidae,1555,Yes,Open,Lower
2003-09-16,16.0,MP,Oreothlypis,peregrina,Parulidae,2515,Yes,Edge,Upper
2003-09-16,16.0,MP,Geothlypis,trichas,Parulidae,1555,Yes,Open,Lower
2003-09-16,16.0,MP,Mniotilta,varia,Parulidae,620,Yes,Forest,Upper
2003-09-16,16.0,MP,setophaga,ruticilla,Parulidae,868,Yes,Edge,Upper
2003-09-16,16.0,MP,Geothlypis,trichas,Parulidae,1555,Yes,Open,Lower
2003-09-16,16.0,MP,Parkesia,noveboracensis,Parulidae,916,Yes,Forest,Lower
2003-09-17,17.0,CHI,Setophaga,magnolia,Parulidae,1224,yes,forest,Upper
2003-09-17,17.0,MP,catharus,ustulatus,Turdidae,2331,Yes,Forest,Lower
2003-09-17,17.0,CHI,Seiurus,aurocapilla,Parulidae,4580,Yes,Forest,Lower
2003-09-17,17.0,MP,Seiurus,aurocapilla,Parulidae,4580,Yes,Forest,Lower
2003-09-17,17.0,MP,Seiurus,aurocapilla,Parulidae,4580,Yes,Forest,Lower
2003-09-17,17.0,CHI,geothlypis,philadelphia,Parulidae,430,Yes,Edge,Lower
2003-09-17,17.0,MP,Oreothlypis,peregrina,Parulidae,2515,Yes,Edge,Upper
2003-09-17,17.0,MP,Seiurus,aurocapilla,Parulidae,4580,Yes,Forest,Lower
2003-09-18,14.0,MP,Seiurus,aurocapilla,Parulidae,4580,Yes,Forest,Lower
2003-09-19,17.0,MP,Seiurus,aurocapilla,Parulidae,4580,Yes,Forest,Lower
2003-09-19,17.0,MP,Seiurus,aurocapilla,Parulidae,4580,Yes,Forest,Lower
2003-09-19,17.0,CHI,Geothlypis,trichas,Parulidae,1555,Yes,Open,Lower
2003-09-21,7.0,MP,Seiurus,aurocapilla,Parulidae,4580,Yes,Forest,Lower
2003-09-21,7.0,MP,Oreothlypis,peregrina,Parulidae,2515,Yes,Edge,Upper
2003-09-21,7.0,MP,setophaga,ruticilla,Parulidae,868,Yes,Edge,Upper
2003-09-21,7.0,MP,Melospiza,lincolnii,Passerellidae,2029,yes,edge,Lower
2003-09-21,7.0,MP,Setophaga,palmarum,Parulidae,694,Yes,Edge,Lower
2003-09-21,7.0,MP,Setophaga,palmarum,Parulidae,694,Yes,Edge,Lower
2003-09-21,7.0,MP,Setophaga,palmarum,Parulidae,694,Yes,Edge,Lower
2003-09-21,7.0,MP,Zonotrichia,albicollis,Passerellidae,10133,Yes,Forest,Lower
2003-09-22,7.0,MP,Setophaga,striata,Parulidae,787,Yes,Forest,Upper
2003-09-23,7.0,CHI,Mniotilta,varia,Parulidae,620,Yes,Forest,Upper
2003-09-23,7.0,MP,catharus,ustulatus,Turdidae,2331,Yes,Forest,Lower
2003-09-23,7.0,MP,Oreothlypis,peregrina,Parulidae,2515,Yes,Edge,Upper
2003-09-23,7.0,CHI,Melospiza,lincolnii,Passerellidae,2029,yes,edge,Lower
2003-09-23,7.0,CHI,Seiurus,aurocapilla,Parulidae,4580,Yes,Forest,Lower
2003-09-23,7.0,MP,Seiurus,aurocapilla,Parulidae,4580,Yes,Forest,Lower
2003-09-23,7.0,MP,Parkesia,noveboracensis,Parulidae,916,Yes,Forest,Lower
2003-09-24,7.0,CHI,catharus,ustulatus,Turdidae,2331,Yes,Forest,Lower
2003-09-24,7.0,MP,Catharus,minimus,Turdidae,822,Yes,Forest,Lower
2003-09-24,7.0,MP,Geothlypis,trichas,Parulidae,1555,Yes,Open,Lower
2003-09-24,7.0,CHI,Seiurus,aurocapilla,Parulidae,4580,Yes,Forest,Lower
2003-09-24,7.0,MP,Melospiza,lincolnii,Passerellidae,2029,yes,edge,Lower
2003-09-28,4.0,MP,Oporornis,agilis,Parulidae,365,Yes,Forest,Lower
2003-09-28,4.0,MP,Pheucticus,ludovicianus,Cardinalidae,397,Yes,Forest,Upper
2003-09-28,4.0,MP,Oreothlypis,ruficapilla,Parulidae,1690,Yes,Forest,Upper
2003-09-29,6.0,CHI,Catharus,guttatus,Turdidae,3729,Yes,Forest,Lower
2003-09-29,6.0,CHI,Setophaga,striata,Parulidae,787,Yes,Forest,Upper
2003-09-29,6.0,MP,Catharus,guttatus,Turdidae,3729,Yes,Forest,Lower
2003-09-29,6.0,CHI,Setophaga,magnolia,Parulidae,1224,yes,forest,Upper
2003-09-29,6.0,CHI,Setophaga,americana,Parulidae,59,Yes,Forest,Upper
2003-09-29,6.0,CHI,Zonotrichia,albicollis,Passerellidae,10133,Yes,Forest,Lower
2003-09-29,6.0,CHI,Junco,hyemalis,Passerellidae,6303,Yes,Edge,Lower
2003-09-29,6.0,CHI,Zonotrichia,albicollis,Passerellidae,10133,Yes,Forest,Lower
2003-09-29,6.0,CHI,Zonotrichia,albicollis,Passerellidae,10133,Yes,Forest,Lower
2003-09-29,6.0,CHI,Zonotrichia,albicollis,Passerellidae,10133,Yes,Forest,Lower
2003-09-29,6.0,CHI,Melospiza,lincolnii,Passerellidae,2029,yes,edge,Lower
2003-09-29,6.0,CHI,Catharus,minimus,Turdidae,822,Yes,Forest,Lower
2003-09-29,6.0,CHI,Seiurus,aurocapilla,Parulidae,4580,Yes,Forest,Lower
2003-09-29,6.0,CHI,Seiurus,aurocapilla,Parulidae,4580,Yes,Forest,Lower
2003-09-29,6.0,CHI,Pheucticus,ludovicianus,Cardinalidae,397,Yes,Forest,Upper
2003-09-30,4.0,CHI,Zonotrichia,albicollis,Passerellidae,10133,Yes,Forest,Lower
2003-09-30,4.0,MP,Parkesia,noveboracensis,Parulidae,916,Yes,Forest,Lower
2003-09-30,4.0,MP,Junco,hyemalis,Passerellidae,6303,Yes,Edge,Lower
2003-09-30,4.0,CHI,Zonotrichia,albicollis,Passerellidae,10133,Yes,Forest,Lower
2003-10-01,6.0,CHI,Geothlypis,trichas,Parulidae,1555,Yes,Open,Lower
2003-10-01,6.0,CHI,dumetella,carolinensis,Mimidae,599,no,edge,Lower
2003-10-01,6.0,MP,Setophaga,caerulescens,Parulidae,183,Yes,Forest,Upper
2003-10-01,6.0,CHI,Zonotrichia,albicollis,Passerellidae,10133,Yes,Forest,Lower
2003-10-01,6.0,CHI,Seiurus,aurocapilla,Parulidae,4580,Yes,Forest,Lower
2003-10-01,6.0,CHI,Seiurus,aurocapilla,Parulidae,4580,Yes,Forest,Lower
2003-10-01,6.0,CHI,Zonotrichia,albicollis,Passerellidae,10133,Yes,Forest,Lower
2003-10-01,6.0,CHI,Catharus,guttatus,Turdidae,3729,Yes,Forest,Lower
2003-10-01,6.0,MP,Zonotrichia,albicollis,Passerellidae,10133,Yes,Forest,Lower
2003-10-01,6.0,CHI,Seiurus,aurocapilla,Parulidae,4580,Yes,Forest,Lower
2003-10-01,6.0,MP,Zonotrichia,albicollis,Passerellidae,10133,Yes,Forest,Lower
2003-10-01,6.0,CHI,Zonotrichia,albicollis,Passerellidae,10133,Yes,Forest,Lower
2003-10-01,6.0,CHI,Seiurus,aurocapilla,Parulidae,4580,Yes,Forest,Lower
2003-10-01,6.0,MP,Setophaga,striata,Parulidae,787,Yes,Forest,Upper
2003-10-01,6.0,MP,Regulus,satrapa,Regulidae,1029,Yes,Forest,Upper
2003-10-02,6.0,MP,Melospiza,lincolnii,Passerellidae,2029,yes,edge,Lower
2003-10-02,6.0,CHI,Zonotrichia,albicollis,Passerellidae,10133,Yes,Forest,Lower
2003-10-02,6.0,MP,Catharus,guttatus,Turdidae,3729,Yes,Forest,Lower
2003-10-03,6.0,CHI,Melospiza,lincolnii,Passerellidae,2029,yes,edge,Lower
2003-10-03,6.0,CHI,Setophaga,castanea,Parulidae,287,Yes,Forest,Upper
2003-10-03,6.0,CHI,catharus,ustulatus,Turdidae,2331,Yes,Forest,Lower
2003-10-03,6.0,CHI,Zonotrichia,albicollis,Passerellidae,10133,Yes,Forest,Lower
2003-10-04,4.0,CHI,Junco,hyemalis,Passerellidae,6303,Yes,Edge,Lower
2003-10-04,4.0,CHI,Zonotrichia,albicollis,Passerellidae,10133,Yes,Forest,Lower
2003-10-04,4.0,CHI,Zonotrichia,albicollis,Passerellidae,10133,Yes,Forest,Lower
2003-10-04,4.0,CHI,Zonotrichia,albicollis,Passerellidae,10133,Yes,Forest,Lower
2003-10-04,4.0,CHI,Catharus,minimus,Turdidae,822,Yes,Forest,Lower
2003-10-04,4.0,CHI,Catharus,guttatus,Turdidae,3729,Yes,Forest,Lower
2003-10-04,4.0,MP,Setophaga,coronata,Parulidae,887,yes,forest,Upper
2003-10-04,4.0,CHI,Setophaga,caerulescens,Parulidae,183,Yes,Forest,Upper
2003-10-04,4.0,MP,Setophaga,coronata,Parulidae,887,yes,forest,Upper
2003-10-05,3.0,CHI,Oreothlypis,ruficapilla,Parulidae,1690,Yes,Forest,Upper
2003-10-06,3.0,CHI,Zonotrichia,albicollis,Passerellidae,10133,Yes,Forest,Lower
2003-10-06,3.0,MP,Seiurus,aurocapilla,Parulidae,4580,Yes,Forest,Lower
2003-10-06,3.0,MP,Setophaga,striata,Parulidae,787,Yes,Forest,Upper
2003-10-07,3.0,MP,Zonotrichia,albicollis,Passerellidae,10133,Yes,Forest,Lower
2003-10-08,14.0,CHI,Melospiza,melodia,Passerellidae,5124,Yes,Edge,Lower
2003-10-08,14.0,MP,Junco,hyemalis,Passerellidae,6303,Yes,Edge,Lower
2003-10-08,14.0,CHI,Oreothlypis,peregrina,Parulidae,2515,Yes,Edge,Upper
2003-10-08,14.0,CHI,Oreothlypis,celata,Parulidae,227,Yes,Edge,Lower
2003-10-08,14.0,CHI,Oreothlypis,peregrina,Parulidae,2515,Yes,Edge,Upper
2003-10-08,14.0,CHI,setophaga,ruticilla,Parulidae,868,Yes,Edge,Upper
2003-10-08,14.0,CHI,Zonotrichia,albicollis,Passerellidae,10133,Yes,Forest,Lower
2003-10-08,14.0,CHI,Catharus,guttatus,Turdidae,3729,Yes,Forest,Lower
2003-10-08,14.0,MP,Setophaga,palmarum,Parulidae,694,Yes,Edge,Lower
2003-10-10,5.0,CHI,Setophaga,virens,Parulidae,223,Yes,Forest,Upper
2003-10-10,5.0,CHI,Zonotrichia,albicollis,Passerellidae,10133,Yes,Forest,Lower
2003-10-10,5.0,MP,Melospiza,lincolnii,Passerellidae,2029,yes,edge,Lower
2003-10-10,5.0,CHI,troglodytes,hiemalis,Troglodytidae,474,No,Forest,Lower
2003-10-10,5.0,CHI,Zonotrichia,albicollis,Passerellidae,10133,Yes,Forest,Lower
2003-10-11,15.0,MP,Toxostoma,rufum,Mimidae,166,No,Edge,Lower
2003-10-11,15.0,CHI,Melospiza,lincolnii,Passerellidae,2029,yes,edge,Lower
2003-10-11,15.0,MP,Melospiza,melodia,Passerellidae,5124,Yes,Edge,Lower
2003-10-11,15.0,MP,Geothlypis,trichas,Parulidae,1555,Yes,Open,Lower
2003-10-11,15.0,MP,Melospiza,melodia,Passerellidae,5124,Yes,Edge,Lower
2003-10-11,15.0,MP,Zonotrichia,albicollis,Passerellidae,10133,Yes,Forest,Lower
2003-10-11,15.0,MP,Melospiza,melodia,Passerellidae,5124,Yes,Edge,Lower
2003-10-11,15.0,MP,Oreothlypis,celata,Parulidae,227,Yes,Edge,Lower
2003-10-11,15.0,MP,Passerculus,sandwichensis,Passerellidae,274,yes,open,Lower	
2003-10-12,13.0,MP,Setophaga,palmarum,Parulidae,694,Yes,Edge,Lower
2003-10-12,13.0,MP,Catharus,guttatus,Turdidae,3729,Yes,Forest,Lower
2003-10-12,13.0,MP,Geothlypis,trichas,Parulidae,1555,Yes,Open,Lower
2003-10-12,13.0,MP,Setophaga,coronata,Parulidae,887,yes,forest,Upper
2003-10-12,13.0,MP,Zonotrichia,albicollis,Passerellidae,10133,Yes,Forest,Lower
2003-10-12,13.0,MP,Geothlypis,trichas,Parulidae,1555,Yes,Open,Lower
2003-10-12,13.0,MP,Junco,hyemalis,Passerellidae,6303,Yes,Edge,Lower
2003-10-12,13.0,MP,Passerella,iliaca,Passerellidae,2443,Yes,Edge,Lower
2003-10-12,13.0,MP,Zonotrichia,albicollis,Passerellidae,10133,Yes,Forest,Lower
2003-10-12,13.0,MP,Passerella,iliaca,Passerellidae,2443,Yes,Edge,Lower
2003-10-12,13.0,MP,Passerella,iliaca,Passerellidae,2443,Yes,Edge,Lower
2003-10-13,13.0,CHI,Catharus,guttatus,Turdidae,3729,Yes,Forest,Lower
2003-10-13,13.0,CHI,Zonotrichia,albicollis,Passerellidae,10133,Yes,Forest,Lower
2003-10-13,13.0,CHI,Catharus,guttatus,Turdidae,3729,Yes,Forest,Lower
2003-10-13,13.0,CHI,Zonotrichia,albicollis,Passerellidae,10133,Yes,Forest,Lower
2003-10-13,13.0,MP,Melospiza,lincolnii,Passerellidae,2029,yes,edge,Lower
2003-10-13,13.0,CHI,Passerella,iliaca,Passerellidae,2443,Yes,Edge,Lower
2003-10-13,13.0,CHI,Catharus,guttatus,Turdidae,3729,Yes,Forest,Lower
2003-10-13,13.0,CHI,Zonotrichia,albicollis,Passerellidae,10133,Yes,Forest,Lower
2003-10-13,13.0,CHI,Zonotrichia,albicollis,Passerellidae,10133,Yes,Forest,Lower
2003-10-13,13.0,CHI,Zonotrichia,albicollis,Passerellidae,10133,Yes,Forest,Lower
2003-10-13,13.0,CHI,Passerella,iliaca,Passerellidae,2443,Yes,Edge,Lower
2003-10-13,13.0,MP,Melospiza,lincolnii,Passerellidae,2029,yes,edge,Lower
2003-10-13,13.0,MP,Zonotrichia,albicollis,Passerellidae,10133,Yes,Forest,Lower
2003-10-13,13.0,CHI,Zonotrichia,albicollis,Passerellidae,10133,Yes,Forest,Lower
2003-10-13,13.0,CHI,Setophaga,tigrina,Parulidae,182,Yes,Forest,Upper
2003-10-13,13.0,MP,Oreothlypis,peregrina,Parulidae,2515,Yes,Edge,Upper
2003-10-13,13.0,CHI,Passerella,iliaca,Passerellidae,2443,Yes,Edge,Lower
2003-10-13,13.0,CHI,Setophaga,coronata,Parulidae,887,yes,forest,Upper
2003-10-13,13.0,CHI,Geothlypis,trichas,Parulidae,1555,Yes,Open,Lower
2003-10-13,13.0,CHI,Setophaga,americana,Parulidae,59,Yes,Forest,Upper
2003-10-13,13.0,MP,Seiurus,aurocapilla,Parulidae,4580,Yes,Forest,Lower
2003-10-13,13.0,MP,Passerella,iliaca,Passerellidae,2443,Yes,Edge,Lower
2003-10-13,13.0,CHI,Hylocichla,mustelina,Turdidae,500,Yes,Forest,Lower
2003-10-14,12.0,MP,Zonotrichia,albicollis,Passerellidae,10133,Yes,Forest,Lower
2003-10-14,12.0,MP,Melospiza,lincolnii,Passerellidae,2029,yes,edge,Lower
2003-10-14,12.0,MP,Zonotrichia,albicollis,Passerellidae,10133,Yes,Forest,Lower
2003-10-14,12.0,MP,Zonotrichia,albicollis,Passerellidae,10133,Yes,Forest,Lower
2003-10-14,12.0,MP,Zonotrichia,albicollis,Passerellidae,10133,Yes,Forest,Lower
2003-10-14,12.0,MP,Zonotrichia,albicollis,Passerellidae,10133,Yes,Forest,Lower
2003-10-14,12.0,MP,Zonotrichia,albicollis,Passerellidae,10133,Yes,Forest,Lower
2003-10-15,13.0,MP,Junco,hyemalis,Passerellidae,6303,Yes,Edge,Lower
2003-10-15,13.0,MP,Junco,hyemalis,Passerellidae,6303,Yes,Edge,Lower
2003-10-15,13.0,MP,Zonotrichia,albicollis,Passerellidae,10133,Yes,Forest,Lower
2003-10-15,13.0,CHI,Zonotrichia,albicollis,Passerellidae,10133,Yes,Forest,Lower
2003-10-15,13.0,CHI,Junco,hyemalis,Passerellidae,6303,Yes,Edge,Lower
2003-10-15,13.0,CHI,Melospiza,lincolnii,Passerellidae,2029,yes,edge,Lower
2003-10-15,13.0,CHI,Junco,hyemalis,Passerellidae,6303,Yes,Edge,Lower
2003-10-15,13.0,CHI,Zonotrichia,albicollis,Passerellidae,10133,Yes,Forest,Lower
2003-10-15,13.0,CHI,Junco,hyemalis,Passerellidae,6303,Yes,Edge,Lower
2003-10-15,13.0,MP,Zonotrichia,albicollis,Passerellidae,10133,Yes,Forest,Lower
2003-10-15,13.0,CHI,Melospiza,lincolnii,Passerellidae,2029,yes,edge,Lower
2003-10-15,13.0,CHI,Junco,hyemalis,Passerellidae,6303,Yes,Edge,Lower
2003-10-15,13.0,MP,Zonotrichia,albicollis,Passerellidae,10133,Yes,Forest,Lower
2003-10-15,13.0,CHI,Zonotrichia,albicollis,Passerellidae,10133,Yes,Forest,Lower
2003-10-15,13.0,CHI,Zonotrichia,albicollis,Passerellidae,10133,Yes,Forest,Lower
2003-10-15,13.0,MP,Junco,hyemalis,Passerellidae,6303,Yes,Edge,Lower
2003-10-15,13.0,MP,Zonotrichia,albicollis,Passerellidae,10133,Yes,Forest,Lower
2003-10-15,13.0,CHI,Zonotrichia,albicollis,Passerellidae,10133,Yes,Forest,Lower
2003-10-15,13.0,MP,Oreothlypis,celata,Parulidae,227,Yes,Edge,Lower
2003-10-15,13.0,MP,Oreothlypis,celata,Parulidae,227,Yes,Edge,Lower
2003-10-15,13.0,MP,Melospiza,melodia,Passerellidae,5124,Yes,Edge,Lower
2003-10-15,13.0,CHI,Junco,hyemalis,Passerellidae,6303,Yes,Edge,Lower
2003-10-15,13.0,CHI,Catharus,guttatus,Turdidae,3729,Yes,Forest,Lower
2003-10-15,13.0,MP,Spizelloides,arborea,Passerellidae,1262,Yes,Edge,Lower
2003-10-15,13.0,MP,Junco,hyemalis,Passerellidae,6303,Yes,Edge,Lower
2003-10-15,13.0,MP,Regulus,calendula,Regulidae,416,No,Forest,Upper
2003-10-15,13.0,CHI,Zonotrichia,albicollis,Passerellidae,10133,Yes,Forest,Lower
2003-10-15,13.0,MP,Junco,hyemalis,Passerellidae,6303,Yes,Edge,Lower
2003-10-15,13.0,MP,Junco,hyemalis,Passerellidae,6303,Yes,Edge,Lower
2003-10-15,13.0,MP,Junco,hyemalis,Passerellidae,6303,Yes,Edge,Lower
2003-10-15,13.0,MP,Junco,hyemalis,Passerellidae,6303,Yes,Edge,Lower
2003-10-15,13.0,CHI,troglodytes,hiemalis,Troglodytidae,474,No,Forest,Lower
2003-10-15,13.0,MP,Junco,hyemalis,Passerellidae,6303,Yes,Edge,Lower
2003-10-15,13.0,MP,Zonotrichia,albicollis,Passerellidae,10133,Yes,Forest,Lower
2003-10-15,13.0,CHI,Catharus,guttatus,Turdidae,3729,Yes,Forest,Lower
2003-10-15,13.0,CHI,Melospiza,lincolnii,Passerellidae,2029,yes,edge,Lower
2003-10-15,13.0,CHI,Zonotrichia,albicollis,Passerellidae,10133,Yes,Forest,Lower
2003-10-15,13.0,MP,Junco,hyemalis,Passerellidae,6303,Yes,Edge,Lower
2003-10-15,13.0,MP,Zonotrichia,leucophrys,Passerellidae,1090,Yes,Edge,Lower
2003-10-15,13.0,CHI,Junco,hyemalis,Passerellidae,6303,Yes,Edge,Lower
2003-10-15,13.0,CHI,Zonotrichia,albicollis,Passerellidae,10133,Yes,Forest,Lower
2003-10-15,13.0,MP,Zonotrichia,albicollis,Passerellidae,10133,Yes,Forest,Lower
2003-10-15,13.0,MP,Zonotrichia,albicollis,Passerellidae,10133,Yes,Forest,Lower
2003-10-15,13.0,MP,Zonotrichia,albicollis,Passerellidae,10133,Yes,Forest,Lower
2003-10-15,13.0,MP,Zonotrichia,albicollis,Passerellidae,10133,Yes,Forest,Lower
2003-10-15,13.0,MP,Zonotrichia,albicollis,Passerellidae,10133,Yes,Forest,Lower
2003-10-15,13.0,MP,Catharus,guttatus,Turdidae,3729,Yes,Forest,Lower
2003-10-15,13.0,MP,Catharus,guttatus,Turdidae,3729,Yes,Forest,Lower
2003-10-15,13.0,MP,Zonotrichia,albicollis,Passerellidae,10133,Yes,Forest,Lower
2003-10-15,13.0,MP,Zonotrichia,albicollis,Passerellidae,10133,Yes,Forest,Lower
2003-10-15,13.0,CHI,Zonotrichia,albicollis,Passerellidae,10133,Yes,Forest,Lower
2003-10-15,13.0,CHI,Catharus,guttatus,Turdidae,3729,Yes,Forest,Lower
2003-10-15,13.0,MP,Passerella,iliaca,Passerellidae,2443,Yes,Edge,Lower
2003-10-15,13.0,MP,Passerella,iliaca,Passerellidae,2443,Yes,Edge,Lower
2003-10-15,13.0,MP,Zonotrichia,albicollis,Passerellidae,10133,Yes,Forest,Lower
2003-10-15,13.0,CHI,Zonotrichia,albicollis,Passerellidae,10133,Yes,Forest,Lower
2003-10-15,13.0,CHI,Zonotrichia,albicollis,Passerellidae,10133,Yes,Forest,Lower
2003-10-15,13.0,MP,Catharus,guttatus,Turdidae,3729,Yes,Forest,Lower
2003-10-15,13.0,MP,Catharus,guttatus,Turdidae,3729,Yes,Forest,Lower
2003-10-15,13.0,MP,Catharus,guttatus,Turdidae,3729,Yes,Forest,Lower
2003-10-15,13.0,MP,Passerella,iliaca,Passerellidae,2443,Yes,Edge,Lower
2003-10-15,13.0,MP,Passerella,iliaca,Passerellidae,2443,Yes,Edge,Lower
2003-10-15,13.0,CHI,Passerella,iliaca,Passerellidae,2443,Yes,Edge,Lower
2003-10-16,12.0,MP,Passerella,iliaca,Passerellidae,2443,Yes,Edge,Lower
2003-10-16,12.0,MP,Junco,hyemalis,Passerellidae,6303,Yes,Edge,Lower
2003-10-16,12.0,MP,Junco,hyemalis,Passerellidae,6303,Yes,Edge,Lower
2003-10-16,12.0,MP,Zonotrichia,albicollis,Passerellidae,10133,Yes,Forest,Lower
2003-10-16,12.0,MP,Junco,hyemalis,Passerellidae,6303,Yes,Edge,Lower
2003-10-16,12.0,MP,Junco,hyemalis,Passerellidae,6303,Yes,Edge,Lower
2003-10-16,12.0,MP,Junco,hyemalis,Passerellidae,6303,Yes,Edge,Lower
2003-10-16,12.0,MP,Passerella,iliaca,Passerellidae,2443,Yes,Edge,Lower
2003-10-16,12.0,MP,Passerella,iliaca,Passerellidae,2443,Yes,Edge,Lower
2003-10-16,12.0,CHI,Zonotrichia,albicollis,Passerellidae,10133,Yes,Forest,Lower
2003-10-16,12.0,MP,Setophaga,coronata,Parulidae,887,yes,forest,Upper
2003-10-16,12.0,MP,Setophaga,coronata,Parulidae,887,yes,forest,Upper
2003-10-16,12.0,MP,Zonotrichia,albicollis,Passerellidae,10133,Yes,Forest,Lower
2003-10-16,12.0,CHI,Zonotrichia,albicollis,Passerellidae,10133,Yes,Forest,Lower
2003-10-16,12.0,MP,Zonotrichia,albicollis,Passerellidae,10133,Yes,Forest,Lower
2003-10-16,12.0,MP,Catharus,guttatus,Turdidae,3729,Yes,Forest,Lower
2003-10-16,12.0,CHI,Catharus,guttatus,Turdidae,3729,Yes,Forest,Lower
2003-10-16,12.0,CHI,Junco,hyemalis,Passerellidae,6303,Yes,Edge,Lower
2003-10-17,14.0,CHI,Regulus,satrapa,Regulidae,1029,Yes,Forest,Upper
2003-10-17,14.0,CHI,Catharus,guttatus,Turdidae,3729,Yes,Forest,Lower
2003-10-17,14.0,MP,Melospiza,melodia,Passerellidae,5124,Yes,Edge,Lower
2003-10-17,14.0,CHI,Zonotrichia,albicollis,Passerellidae,10133,Yes,Forest,Lower
2003-10-17,14.0,MP,Zonotrichia,albicollis,Passerellidae,10133,Yes,Forest,Lower
2003-10-17,14.0,CHI,Junco,hyemalis,Passerellidae,6303,Yes,Edge,Lower
2003-10-17,14.0,MP,Zonotrichia,albicollis,Passerellidae,10133,Yes,Forest,Lower
2003-10-17,14.0,CHI,Junco,hyemalis,Passerellidae,6303,Yes,Edge,Lower
2003-10-17,14.0,MP,Catharus,guttatus,Turdidae,3729,Yes,Forest,Lower
2003-10-17,14.0,MP,Catharus,guttatus,Turdidae,3729,Yes,Forest,Lower
2003-10-17,14.0,MP,Zonotrichia,albicollis,Passerellidae,10133,Yes,Forest,Lower
2003-10-17,14.0,CHI,Passerella,iliaca,Passerellidae,2443,Yes,Edge,Lower
2003-10-17,14.0,MP,Melospiza,lincolnii,Passerellidae,2029,yes,edge,Lower
2003-10-17,14.0,CHI,Setophaga,coronata,Parulidae,887,yes,forest,Upper
2003-10-17,14.0,MP,troglodytes,hiemalis,Troglodytidae,474,No,Forest,Lower
2003-10-17,14.0,CHI,Catharus,guttatus,Turdidae,3729,Yes,Forest,Lower
2003-10-18,14.0,CHI,Zonotrichia,albicollis,Passerellidae,10133,Yes,Forest,Lower
2003-10-18,14.0,MP,Junco,hyemalis,Passerellidae,6303,Yes,Edge,Lower
2003-10-19,14.0,MP,Zonotrichia,albicollis,Passerellidae,10133,Yes,Forest,Lower
2003-10-19,14.0,MP,Melospiza,lincolnii,Passerellidae,2029,yes,edge,Lower
2003-10-19,14.0,MP,Zonotrichia,albicollis,Passerellidae,10133,Yes,Forest,Lower
2003-10-19,14.0,MP,Junco,hyemalis,Passerellidae,6303,Yes,Edge,Lower
2003-10-19,14.0,CHI,Catharus,guttatus,Turdidae,3729,Yes,Forest,Lower
2003-10-19,14.0,MP,Catharus,guttatus,Turdidae,3729,Yes,Forest,Lower
2003-10-19,14.0,MP,Catharus,guttatus,Turdidae,3729,Yes,Forest,Lower
2003-10-19,14.0,MP,Junco,hyemalis,Passerellidae,6303,Yes,Edge,Lower
2003-10-20,14.0,CHI,Junco,hyemalis,Passerellidae,6303,Yes,Edge,Lower
2003-10-20,14.0,CHI,Zonotrichia,albicollis,Passerellidae,10133,Yes,Forest,Lower
2003-10-21,15.0,MP,Melospiza,lincolnii,Passerellidae,2029,yes,edge,Lower
2003-10-21,15.0,CHI,Passerella,iliaca,Passerellidae,2443,Yes,Edge,Lower
2003-10-21,15.0,MP,Passerella,iliaca,Passerellidae,2443,Yes,Edge,Lower
2003-10-21,15.0,MP,Junco,hyemalis,Passerellidae,6303,Yes,Edge,Lower
2003-10-21,15.0,CHI,Junco,hyemalis,Passerellidae,6303,Yes,Edge,Lower
2003-10-21,15.0,CHI,Junco,hyemalis,Passerellidae,6303,Yes,Edge,Lower
2003-10-21,15.0,MP,Passerella,iliaca,Passerellidae,2443,Yes,Edge,Lower
2003-10-21,15.0,CHI,Melospiza,lincolnii,Passerellidae,2029,yes,edge,Lower
2003-10-21,15.0,MP,Passerella,iliaca,Passerellidae,2443,Yes,Edge,Lower
2003-10-21,15.0,MP,Melospiza,lincolnii,Passerellidae,2029,yes,edge,Lower
2003-10-21,15.0,MP,Passerella,iliaca,Passerellidae,2443,Yes,Edge,Lower
2003-10-21,15.0,MP,Melospiza,lincolnii,Passerellidae,2029,yes,edge,Lower
2003-10-21,15.0,CHI,Catharus,guttatus,Turdidae,3729,Yes,Forest,Lower
2003-10-21,15.0,MP,Oreothlypis,celata,Parulidae,227,Yes,Edge,Lower
2003-10-21,15.0,MP,Passerina,cyanea,Cardinalidae,725,yes,edge,Upper
2003-10-21,15.0,CHI,Zonotrichia,albicollis,Passerellidae,10133,Yes,Forest,Lower
2003-10-21,15.0,CHI,Zonotrichia,albicollis,Passerellidae,10133,Yes,Forest,Lower
2003-10-21,15.0,CHI,Zonotrichia,albicollis,Passerellidae,10133,Yes,Forest,Lower
2003-10-21,15.0,CHI,Zonotrichia,albicollis,Passerellidae,10133,Yes,Forest,Lower
2003-10-21,15.0,CHI,Zonotrichia,albicollis,Passerellidae,10133,Yes,Forest,Lower
2003-10-21,15.0,CHI,Zonotrichia,albicollis,Passerellidae,10133,Yes,Forest,Lower
2003-10-21,15.0,CHI,Melospiza,melodia,Passerellidae,5124,Yes,Edge,Lower
2003-10-21,15.0,CHI,Junco,hyemalis,Passerellidae,6303,Yes,Edge,Lower
2003-10-21,15.0,MP,Zonotrichia,albicollis,Passerellidae,10133,Yes,Forest,Lower
2003-10-21,15.0,CHI,Junco,hyemalis,Passerellidae,6303,Yes,Edge,Lower
2003-10-21,15.0,CHI,Junco,hyemalis,Passerellidae,6303,Yes,Edge,Lower
2003-10-21,15.0,MP,Catharus,guttatus,Turdidae,3729,Yes,Forest,Lower
2003-10-22,15.0,CHI,Passerella,iliaca,Passerellidae,2443,Yes,Edge,Lower
2003-10-22,15.0,CHI,Catharus,guttatus,Turdidae,3729,Yes,Forest,Lower
2003-10-22,15.0,MP,Melospiza,melodia,Passerellidae,5124,Yes,Edge,Lower
2003-10-22,15.0,MP,Passerella,iliaca,Passerellidae,2443,Yes,Edge,Lower
2003-10-22,15.0,MP,Melospiza,melodia,Passerellidae,5124,Yes,Edge,Lower
2003-10-22,15.0,CHI,Passerella,iliaca,Passerellidae,2443,Yes,Edge,Lower
2003-10-22,15.0,CHI,Junco,hyemalis,Passerellidae,6303,Yes,Edge,Lower
2003-10-22,15.0,CHI,Junco,hyemalis,Passerellidae,6303,Yes,Edge,Lower
2003-10-22,15.0,CHI,Zonotrichia,albicollis,Passerellidae,10133,Yes,Forest,Lower
2003-10-22,15.0,CHI,Zonotrichia,albicollis,Passerellidae,10133,Yes,Forest,Lower
2003-10-22,15.0,MP,Junco,hyemalis,Passerellidae,6303,Yes,Edge,Lower
2003-10-22,15.0,CHI,Setophaga,palmarum,Parulidae,694,Yes,Edge,Lower
2003-10-23,15.0,MP,Junco,hyemalis,Passerellidae,6303,Yes,Edge,Lower
2003-10-23,15.0,CHI,Zonotrichia,albicollis,Passerellidae,10133,Yes,Forest,Lower
2003-10-23,15.0,CHI,Catharus,guttatus,Turdidae,3729,Yes,Forest,Lower
2003-10-23,15.0,MP,Junco,hyemalis,Passerellidae,6303,Yes,Edge,Lower
2003-10-23,15.0,MP,Catharus,guttatus,Turdidae,3729,Yes,Forest,Lower
2003-10-23,15.0,CHI,Regulus,calendula,Regulidae,416,No,Forest,Upper
2003-10-23,15.0,CHI,Zonotrichia,albicollis,Passerellidae,10133,Yes,Forest,Lower
2003-10-23,15.0,CHI,Zonotrichia,albicollis,Passerellidae,10133,Yes,Forest,Lower
2003-10-23,15.0,CHI,Zonotrichia,albicollis,Passerellidae,10133,Yes,Forest,Lower
2003-10-25,12.0,CHI,Catharus,guttatus,Turdidae,3729,Yes,Forest,Lower
2003-10-26,3.0,CHI,Catharus,guttatus,Turdidae,3729,Yes,Forest,Lower
2003-10-26,3.0,MP,Setophaga,coronata,Parulidae,887,yes,forest,Upper
2003-10-26,3.0,MP,Zonotrichia,albicollis,Passerellidae,10133,Yes,Forest,Lower
2003-11-01,17.0,MP,Junco,hyemalis,Passerellidae,6303,Yes,Edge,Lower
2003-11-01,17.0,MP,Junco,hyemalis,Passerellidae,6303,Yes,Edge,Lower
2003-11-01,17.0,MP,Junco,hyemalis,Passerellidae,6303,Yes,Edge,Lower
2003-11-02,14.0,MP,Catharus,guttatus,Turdidae,3729,Yes,Forest,Lower
2003-11-02,14.0,MP,Melospiza,melodia,Passerellidae,5124,Yes,Edge,Lower
2003-11-02,14.0,MP,Catharus,guttatus,Turdidae,3729,Yes,Forest,Lower
2003-11-02,14.0,MP,Zonotrichia,albicollis,Passerellidae,10133,Yes,Forest,Lower
2003-11-02,14.0,MP,Zonotrichia,albicollis,Passerellidae,10133,Yes,Forest,Lower
2003-11-03,14.0,MP,Oreothlypis,celata,Parulidae,227,Yes,Edge,Lower
2003-11-04,14.0,MP,Spizelloides,arborea,Passerellidae,1262,Yes,Edge,Lower
2003-11-04,14.0,MP,Zonotrichia,albicollis,Passerellidae,10133,Yes,Forest,Lower
2003-11-05,17.0,MP,Melospiza,melodia,Passerellidae,5124,Yes,Edge,Lower
2003-11-05,17.0,MP,Junco,hyemalis,Passerellidae,6303,Yes,Edge,Lower
2003-11-05,17.0,CHI,Zonotrichia,leucophrys,Passerellidae,1090,Yes,Edge,Lower
2003-11-09,14.0,CHI,Catharus,guttatus,Turdidae,3729,Yes,Forest,Lower
2003-11-10,11.0,CHI,Zonotrichia,albicollis,Passerellidae,10133,Yes,Forest,Lower
2003-11-11,11.0,CHI,Zonotrichia,albicollis,Passerellidae,10133,Yes,Forest,Lower
2003-11-12,13.0,CHI,Junco,hyemalis,Passerellidae,6303,Yes,Edge,Lower
2003-11-13,13.0,MP,Zonotrichia,albicollis,Passerellidae,10133,Yes,Forest,Lower
2003-11-13,13.0,MP,Spizelloides,arborea,Passerellidae,1262,Yes,Edge,Lower
2003-11-13,13.0,MP,Spizelloides,arborea,Passerellidae,1262,Yes,Edge,Lower
2003-11-13,13.0,MP,Spizelloides,arborea,Passerellidae,1262,Yes,Edge,Lower
2003-11-14,13.0,MP,Spizelloides,arborea,Passerellidae,1262,Yes,Edge,Lower
2003-11-14,13.0,MP,Junco,hyemalis,Passerellidae,6303,Yes,Edge,Lower
2003-11-14,13.0,MP,Spizelloides,arborea,Passerellidae,1262,Yes,Edge,Lower
2003-11-20,13.0,MP,Spizelloides,arborea,Passerellidae,1262,Yes,Edge,Lower
2004-03-12,14.0,MP,Melospiza,melodia,Passerellidae,5124,Yes,Edge,Lower
2004-03-12,14.0,MP,Melospiza,melodia,Passerellidae,5124,Yes,Edge,Lower
2004-03-14,14.0,MP,Junco,hyemalis,Passerellidae,6303,Yes,Edge,Lower
2004-03-20,17.0,MP,Junco,hyemalis,Passerellidae,6303,Yes,Edge,Lower
2004-03-20,17.0,MP,Junco,hyemalis,Passerellidae,6303,Yes,Edge,Lower
2004-03-20,17.0,MP,Junco,hyemalis,Passerellidae,6303,Yes,Edge,Lower
2004-03-20,17.0,MP,Junco,hyemalis,Passerellidae,6303,Yes,Edge,Lower
2004-03-20,17.0,MP,Junco,hyemalis,Passerellidae,6303,Yes,Edge,Lower
2004-03-20,17.0,MP,Spizelloides,arborea,Passerellidae,1262,Yes,Edge,Lower
2004-03-20,17.0,MP,Melospiza,melodia,Passerellidae,5124,Yes,Edge,Lower
2004-03-20,17.0,MP,Melospiza,melodia,Passerellidae,5124,Yes,Edge,Lower
2004-03-20,17.0,MP,Melospiza,melodia,Passerellidae,5124,Yes,Edge,Lower
2004-03-20,17.0,MP,Passerella,iliaca,Passerellidae,2443,Yes,Edge,Lower
2004-03-20,17.0,MP,Melospiza,melodia,Passerellidae,5124,Yes,Edge,Lower
2004-03-20,17.0,MP,Zonotrichia,albicollis,Passerellidae,10133,Yes,Forest,Lower
2004-03-20,17.0,MP,Passerella,iliaca,Passerellidae,2443,Yes,Edge,Lower
2004-03-20,17.0,MP,Passerella,iliaca,Passerellidae,2443,Yes,Edge,Lower
2004-03-20,17.0,MP,Passerella,iliaca,Passerellidae,2443,Yes,Edge,Lower
2004-03-20,17.0,MP,Melospiza,melodia,Passerellidae,5124,Yes,Edge,Lower
2004-03-20,17.0,MP,Passerella,iliaca,Passerellidae,2443,Yes,Edge,Lower
2004-03-20,17.0,MP,Passerella,iliaca,Passerellidae,2443,Yes,Edge,Lower
2004-03-20,17.0,MP,Passerella,iliaca,Passerellidae,2443,Yes,Edge,Lower
2004-03-20,17.0,MP,Passerella,iliaca,Passerellidae,2443,Yes,Edge,Lower
2004-03-20,17.0,MP,Passerella,iliaca,Passerellidae,2443,Yes,Edge,Lower
2004-03-20,17.0,MP,Passerella,iliaca,Passerellidae,2443,Yes,Edge,Lower
2004-03-20,17.0,MP,Melospiza,melodia,Passerellidae,5124,Yes,Edge,Lower
2004-03-20,17.0,MP,Melospiza,melodia,Passerellidae,5124,Yes,Edge,Lower
2004-03-20,17.0,MP,Passerella,iliaca,Passerellidae,2443,Yes,Edge,Lower
2004-03-20,17.0,MP,Melospiza,melodia,Passerellidae,5124,Yes,Edge,Lower
2004-03-20,17.0,MP,Melospiza,melodia,Passerellidae,5124,Yes,Edge,Lower
2004-03-20,17.0,MP,Melospiza,melodia,Passerellidae,5124,Yes,Edge,Lower
2004-03-20,17.0,MP,Melospiza,melodia,Passerellidae,5124,Yes,Edge,Lower
2004-03-20,17.0,MP,Melospiza,melodia,Passerellidae,5124,Yes,Edge,Lower
2004-03-20,17.0,MP,Passerella,iliaca,Passerellidae,2443,Yes,Edge,Lower
2004-03-20,17.0,MP,Melospiza,melodia,Passerellidae,5124,Yes,Edge,Lower
2004-03-20,17.0,MP,Passerella,iliaca,Passerellidae,2443,Yes,Edge,Lower
2004-03-20,17.0,MP,Melospiza,melodia,Passerellidae,5124,Yes,Edge,Lower
2004-03-21,16.0,MP,Passerella,iliaca,Passerellidae,2443,Yes,Edge,Lower
2004-03-21,16.0,MP,Junco,hyemalis,Passerellidae,6303,Yes,Edge,Lower
2004-03-21,16.0,MP,Junco,hyemalis,Passerellidae,6303,Yes,Edge,Lower
2004-03-21,16.0,MP,Passerella,iliaca,Passerellidae,2443,Yes,Edge,Lower
2004-03-21,16.0,MP,Junco,hyemalis,Passerellidae,6303,Yes,Edge,Lower
2004-03-21,16.0,MP,Junco,hyemalis,Passerellidae,6303,Yes,Edge,Lower
2004-03-21,16.0,MP,Passerella,iliaca,Passerellidae,2443,Yes,Edge,Lower
2004-03-21,16.0,MP,Junco,hyemalis,Passerellidae,6303,Yes,Edge,Lower
2004-03-21,16.0,MP,Junco,hyemalis,Passerellidae,6303,Yes,Edge,Lower
2004-03-21,16.0,MP,Melospiza,melodia,Passerellidae,5124,Yes,Edge,Lower
2004-03-21,16.0,MP,Junco,hyemalis,Passerellidae,6303,Yes,Edge,Lower
2004-03-21,16.0,MP,Junco,hyemalis,Passerellidae,6303,Yes,Edge,Lower
2004-03-21,16.0,MP,Melospiza,melodia,Passerellidae,5124,Yes,Edge,Lower
2004-03-21,16.0,MP,Junco,hyemalis,Passerellidae,6303,Yes,Edge,Lower
2004-03-21,16.0,MP,Junco,hyemalis,Passerellidae,6303,Yes,Edge,Lower
2004-03-21,16.0,MP,Melospiza,melodia,Passerellidae,5124,Yes,Edge,Lower
2004-03-21,16.0,MP,Junco,hyemalis,Passerellidae,6303,Yes,Edge,Lower
2004-03-21,16.0,MP,Junco,hyemalis,Passerellidae,6303,Yes,Edge,Lower
2004-03-21,16.0,MP,Spizelloides,arborea,Passerellidae,1262,Yes,Edge,Lower
2004-03-21,16.0,MP,Melospiza,melodia,Passerellidae,5124,Yes,Edge,Lower
2004-03-21,16.0,MP,Melospiza,melodia,Passerellidae,5124,Yes,Edge,Lower
2004-03-21,16.0,MP,Melospiza,melodia,Passerellidae,5124,Yes,Edge,Lower
2004-03-21,16.0,MP,Junco,hyemalis,Passerellidae,6303,Yes,Edge,Lower
2004-03-21,16.0,MP,Junco,hyemalis,Passerellidae,6303,Yes,Edge,Lower
2004-03-21,16.0,MP,Melospiza,melodia,Passerellidae,5124,Yes,Edge,Lower
2004-03-21,16.0,MP,Junco,hyemalis,Passerellidae,6303,Yes,Edge,Lower
2004-03-21,16.0,MP,Junco,hyemalis,Passerellidae,6303,Yes,Edge,Lower
2004-03-21,16.0,MP,Melospiza,melodia,Passerellidae,5124,Yes,Edge,Lower
2004-03-21,16.0,MP,Melospiza,melodia,Passerellidae,5124,Yes,Edge,Lower
2004-03-21,16.0,MP,Junco,hyemalis,Passerellidae,6303,Yes,Edge,Lower
2004-03-21,16.0,MP,Melospiza,melodia,Passerellidae,5124,Yes,Edge,Lower
2004-03-21,16.0,MP,Melospiza,melodia,Passerellidae,5124,Yes,Edge,Lower
2004-03-21,16.0,MP,Junco,hyemalis,Passerellidae,6303,Yes,Edge,Lower
2004-03-21,16.0,MP,Junco,hyemalis,Passerellidae,6303,Yes,Edge,Lower
2004-03-21,16.0,MP,Junco,hyemalis,Passerellidae,6303,Yes,Edge,Lower
2004-03-21,16.0,MP,Junco,hyemalis,Passerellidae,6303,Yes,Edge,Lower
2004-03-21,16.0,MP,Melospiza,melodia,Passerellidae,5124,Yes,Edge,Lower
2004-03-21,16.0,MP,Junco,hyemalis,Passerellidae,6303,Yes,Edge,Lower
2004-03-21,16.0,MP,Junco,hyemalis,Passerellidae,6303,Yes,Edge,Lower
2004-03-21,16.0,MP,Melospiza,melodia,Passerellidae,5124,Yes,Edge,Lower
2004-03-21,16.0,MP,Junco,hyemalis,Passerellidae,6303,Yes,Edge,Lower
2004-03-21,16.0,MP,Junco,hyemalis,Passerellidae,6303,Yes,Edge,Lower
2004-03-21,16.0,MP,Junco,hyemalis,Passerellidae,6303,Yes,Edge,Lower
2004-03-21,16.0,MP,Melospiza,melodia,Passerellidae,5124,Yes,Edge,Lower
2004-03-21,16.0,MP,Melospiza,melodia,Passerellidae,5124,Yes,Edge,Lower
2004-03-21,16.0,MP,Melospiza,melodia,Passerellidae,5124,Yes,Edge,Lower
2004-03-21,16.0,MP,Junco,hyemalis,Passerellidae,6303,Yes,Edge,Lower
2004-03-21,16.0,MP,Melospiza,melodia,Passerellidae,5124,Yes,Edge,Lower
2004-03-21,16.0,MP,Melospiza,melodia,Passerellidae,5124,Yes,Edge,Lower
2004-03-21,16.0,MP,Junco,hyemalis,Passerellidae,6303,Yes,Edge,Lower
2004-03-21,16.0,MP,Junco,hyemalis,Passerellidae,6303,Yes,Edge,Lower
2004-03-21,16.0,MP,Junco,hyemalis,Passerellidae,6303,Yes,Edge,Lower
2004-03-21,16.0,MP,Junco,hyemalis,Passerellidae,6303,Yes,Edge,Lower
2004-03-21,16.0,MP,Spizelloides,arborea,Passerellidae,1262,Yes,Edge,Lower
2004-03-21,16.0,MP,Junco,hyemalis,Passerellidae,6303,Yes,Edge,Lower
2004-03-21,16.0,MP,Junco,hyemalis,Passerellidae,6303,Yes,Edge,Lower
2004-03-21,16.0,MP,Melospiza,melodia,Passerellidae,5124,Yes,Edge,Lower
2004-03-21,16.0,MP,Junco,hyemalis,Passerellidae,6303,Yes,Edge,Lower
2004-03-21,16.0,MP,Junco,hyemalis,Passerellidae,6303,Yes,Edge,Lower
2004-03-21,16.0,MP,Junco,hyemalis,Passerellidae,6303,Yes,Edge,Lower
2004-03-21,16.0,MP,Junco,hyemalis,Passerellidae,6303,Yes,Edge,Lower
2004-03-21,16.0,MP,Junco,hyemalis,Passerellidae,6303,Yes,Edge,Lower
2004-03-21,16.0,MP,Melospiza,melodia,Passerellidae,5124,Yes,Edge,Lower
2004-03-21,16.0,MP,Melospiza,melodia,Passerellidae,5124,Yes,Edge,Lower
2004-03-21,16.0,MP,Junco,hyemalis,Passerellidae,6303,Yes,Edge,Lower
2004-03-21,16.0,MP,Melospiza,melodia,Passerellidae,5124,Yes,Edge,Lower
2004-03-21,16.0,MP,Melospiza,melodia,Passerellidae,5124,Yes,Edge,Lower
2004-03-21,16.0,MP,Melospiza,melodia,Passerellidae,5124,Yes,Edge,Lower
2004-03-21,16.0,MP,Junco,hyemalis,Passerellidae,6303,Yes,Edge,Lower
2004-03-21,16.0,MP,Melospiza,melodia,Passerellidae,5124,Yes,Edge,Lower
2004-03-21,16.0,MP,Junco,hyemalis,Passerellidae,6303,Yes,Edge,Lower
2004-03-21,16.0,MP,Junco,hyemalis,Passerellidae,6303,Yes,Edge,Lower
2004-03-21,16.0,MP,Junco,hyemalis,Passerellidae,6303,Yes,Edge,Lower
2004-03-21,16.0,MP,Junco,hyemalis,Passerellidae,6303,Yes,Edge,Lower
2004-03-21,16.0,MP,Junco,hyemalis,Passerellidae,6303,Yes,Edge,Lower
2004-03-21,16.0,MP,Junco,hyemalis,Passerellidae,6303,Yes,Edge,Lower
2004-03-21,16.0,MP,Melospiza,melodia,Passerellidae,5124,Yes,Edge,Lower
2004-03-21,16.0,MP,Melospiza,melodia,Passerellidae,5124,Yes,Edge,Lower
2004-03-21,16.0,MP,Spizelloides,arborea,Passerellidae,1262,Yes,Edge,Lower
2004-03-21,16.0,MP,Melospiza,melodia,Passerellidae,5124,Yes,Edge,Lower
2004-03-22,16.0,MP,Melospiza,melodia,Passerellidae,5124,Yes,Edge,Lower
2004-03-22,16.0,MP,Junco,hyemalis,Passerellidae,6303,Yes,Edge,Lower
2004-03-22,16.0,MP,Junco,hyemalis,Passerellidae,6303,Yes,Edge,Lower
2004-03-22,16.0,MP,Junco,hyemalis,Passerellidae,6303,Yes,Edge,Lower
2004-03-22,16.0,MP,Junco,hyemalis,Passerellidae,6303,Yes,Edge,Lower
2004-03-22,16.0,MP,Junco,hyemalis,Passerellidae,6303,Yes,Edge,Lower
2004-03-22,16.0,MP,Junco,hyemalis,Passerellidae,6303,Yes,Edge,Lower
2004-03-22,16.0,MP,Junco,hyemalis,Passerellidae,6303,Yes,Edge,Lower
2004-03-22,16.0,MP,Junco,hyemalis,Passerellidae,6303,Yes,Edge,Lower
2004-03-22,16.0,MP,Junco,hyemalis,Passerellidae,6303,Yes,Edge,Lower
2004-03-24,16.0,MP,Melospiza,melodia,Passerellidae,5124,Yes,Edge,Lower
2004-03-24,16.0,MP,Junco,hyemalis,Passerellidae,6303,Yes,Edge,Lower
2004-03-24,16.0,MP,Junco,hyemalis,Passerellidae,6303,Yes,Edge,Lower
2004-03-24,16.0,MP,Junco,hyemalis,Passerellidae,6303,Yes,Edge,Lower
2004-03-24,16.0,MP,Junco,hyemalis,Passerellidae,6303,Yes,Edge,Lower
2004-03-24,16.0,MP,Melospiza,melodia,Passerellidae,5124,Yes,Edge,Lower
2004-03-24,16.0,MP,Melospiza,melodia,Passerellidae,5124,Yes,Edge,Lower
2004-03-24,16.0,MP,Melospiza,melodia,Passerellidae,5124,Yes,Edge,Lower
2004-03-24,16.0,MP,Melospiza,melodia,Passerellidae,5124,Yes,Edge,Lower
2004-03-25,17.0,MP,Junco,hyemalis,Passerellidae,6303,Yes,Edge,Lower
2004-03-25,17.0,MP,Melospiza,melodia,Passerellidae,5124,Yes,Edge,Lower
2004-03-25,17.0,MP,Melospiza,melodia,Passerellidae,5124,Yes,Edge,Lower
2004-03-25,17.0,MP,Spizelloides,arborea,Passerellidae,1262,Yes,Edge,Lower
2004-03-26,16.0,MP,Melospiza,melodia,Passerellidae,5124,Yes,Edge,Lower
2004-03-26,16.0,MP,Melospiza,melodia,Passerellidae,5124,Yes,Edge,Lower
2004-03-26,16.0,MP,Junco,hyemalis,Passerellidae,6303,Yes,Edge,Lower
2004-03-26,16.0,MP,Melospiza,melodia,Passerellidae,5124,Yes,Edge,Lower
2004-03-26,16.0,MP,Melospiza,melodia,Passerellidae,5124,Yes,Edge,Lower
2004-03-26,16.0,MP,Passerella,iliaca,Passerellidae,2443,Yes,Edge,Lower
2004-03-26,16.0,MP,Junco,hyemalis,Passerellidae,6303,Yes,Edge,Lower
2004-03-26,16.0,MP,Passerella,iliaca,Passerellidae,2443,Yes,Edge,Lower
2004-03-27,16.0,MP,Sayornis,phoebe,Tyrannidae,24,No,Edge,Upper
2004-03-28,13.0,MP,Melospiza,melodia,Passerellidae,5124,Yes,Edge,Lower
2004-03-28,13.0,MP,Melospiza,melodia,Passerellidae,5124,Yes,Edge,Lower
2004-03-28,13.0,MP,Melospiza,melodia,Passerellidae,5124,Yes,Edge,Lower
2004-03-29,15.0,MP,Pipilo,erythrophthalmus,Passerellidae,82,Rare,Edge,Lower
2004-03-30,14.0,MP,Junco,hyemalis,Passerellidae,6303,Yes,Edge,Lower
2004-03-31,14.0,MP,Junco,hyemalis,Passerellidae,6303,Yes,Edge,Lower
2004-04-06,15.0,MP,Melospiza,melodia,Passerellidae,5124,Yes,Edge,Lower
2004-04-06,15.0,MP,Melospiza,melodia,Passerellidae,5124,Yes,Edge,Lower
2004-04-06,15.0,MP,Spizelloides,arborea,Passerellidae,1262,Yes,Edge,Lower
2004-04-06,15.0,MP,Passerella,iliaca,Passerellidae,2443,Yes,Edge,Lower
2004-04-06,15.0,MP,Junco,hyemalis,Passerellidae,6303,Yes,Edge,Lower
2004-04-06,15.0,MP,Spizella,pusilla,Passerellidae,325,Yes,Open,Lower
2004-04-06,15.0,MP,Passerella,iliaca,Passerellidae,2443,Yes,Edge,Lower
2004-04-06,15.0,MP,Melospiza,melodia,Passerellidae,5124,Yes,Edge,Lower
2004-04-06,15.0,MP,Junco,hyemalis,Passerellidae,6303,Yes,Edge,Lower
2004-04-07,17.0,CHI,Passerella,iliaca,Passerellidae,2443,Yes,Edge,Lower
2004-04-08,17.0,MP,Catharus,guttatus,Turdidae,3729,Yes,Forest,Lower
2004-04-08,17.0,CHI,Catharus,guttatus,Turdidae,3729,Yes,Forest,Lower
2004-04-16,5.0,MP,Catharus,guttatus,Turdidae,3729,Yes,Forest,Lower
2004-04-17,6.0,CHI,Catharus,guttatus,Turdidae,3729,Yes,Forest,Lower
2004-04-17,6.0,CHI,Zonotrichia,albicollis,Passerellidae,10133,Yes,Forest,Lower
2004-04-17,6.0,CHI,Catharus,guttatus,Turdidae,3729,Yes,Forest,Lower
2004-04-17,6.0,CHI,Catharus,guttatus,Turdidae,3729,Yes,Forest,Lower
2004-04-18,3.0,MP,Catharus,guttatus,Turdidae,3729,Yes,Forest,Lower
2004-04-19,4.0,CHI,Catharus,guttatus,Turdidae,3729,Yes,Forest,Lower
2004-04-19,4.0,CHI,Catharus,guttatus,Turdidae,3729,Yes,Forest,Lower
2004-04-19,4.0,MP,Zonotrichia,albicollis,Passerellidae,10133,Yes,Forest,Lower
2004-04-19,4.0,CHI,Zonotrichia,albicollis,Passerellidae,10133,Yes,Forest,Lower
2004-04-19,4.0,MP,Junco,hyemalis,Passerellidae,6303,Yes,Edge,Lower
2004-04-21,4.0,CHI,Junco,hyemalis,Passerellidae,6303,Yes,Edge,Lower
2004-04-21,4.0,MP,Zonotrichia,albicollis,Passerellidae,10133,Yes,Forest,Lower
2004-04-21,4.0,CHI,Zonotrichia,albicollis,Passerellidae,10133,Yes,Forest,Lower
2004-04-21,4.0,CHI,Polioptila,caerulea,Polioptilidae,6,No,Forest,Upper
2004-04-22,4.0,MP,Catharus,guttatus,Turdidae,3729,Yes,Forest,Lower
2004-04-22,4.0,MP,Spizella,pusilla,Passerellidae,325,Yes,Open,Lower
2004-04-22,4.0,CHI,Zonotrichia,albicollis,Passerellidae,10133,Yes,Forest,Lower
2004-04-22,4.0,CHI,Zonotrichia,albicollis,Passerellidae,10133,Yes,Forest,Lower
2004-04-23,9.0,MP,Zonotrichia,albicollis,Passerellidae,10133,Yes,Forest,Lower
2004-04-27,12.0,MP,Zonotrichia,albicollis,Passerellidae,10133,Yes,Forest,Lower
2004-04-27,12.0,CHI,Zonotrichia,albicollis,Passerellidae,10133,Yes,Forest,Lower
2004-04-28,13.0,MP,Catharus,guttatus,Turdidae,3729,Yes,Forest,Lower
2004-04-28,13.0,MP,Melospiza,melodia,Passerellidae,5124,Yes,Edge,Lower
2004-04-28,13.0,MP,Catharus,guttatus,Turdidae,3729,Yes,Forest,Lower
2004-04-28,13.0,CHI,Zonotrichia,albicollis,Passerellidae,10133,Yes,Forest,Lower
2004-04-28,13.0,CHI,Catharus,guttatus,Turdidae,3729,Yes,Forest,Lower
2004-04-28,13.0,CHI,Zonotrichia,albicollis,Passerellidae,10133,Yes,Forest,Lower
2004-04-28,13.0,CHI,Zonotrichia,albicollis,Passerellidae,10133,Yes,Forest,Lower
2004-04-28,13.0,MP,Melospiza,melodia,Passerellidae,5124,Yes,Edge,Lower
2004-04-29,11.0,MP,Passerculus,sandwichensis,Passerellidae,274,yes,open,Lower	
2004-04-29,11.0,MP,Ammodramus,savannarum,Passerellidae,106,Yes,Open,Lower
2004-04-29,11.0,MP,Passerculus,sandwichensis,Passerellidae,274,yes,open,Lower	
2004-04-29,11.0,MP,Seiurus,aurocapilla,Parulidae,4580,Yes,Forest,Lower
2004-04-29,11.0,MP,Seiurus,aurocapilla,Parulidae,4580,Yes,Forest,Lower
2004-04-29,11.0,CHI,Seiurus,aurocapilla,Parulidae,4580,Yes,Forest,Lower
2004-04-29,11.0,CHI,Zonotrichia,albicollis,Passerellidae,10133,Yes,Forest,Lower
2004-04-29,11.0,CHI,Zonotrichia,albicollis,Passerellidae,10133,Yes,Forest,Lower
2004-04-29,11.0,CHI,Zonotrichia,albicollis,Passerellidae,10133,Yes,Forest,Lower
2004-04-29,11.0,CHI,Zonotrichia,albicollis,Passerellidae,10133,Yes,Forest,Lower
2004-04-29,11.0,MP,Zonotrichia,albicollis,Passerellidae,10133,Yes,Forest,Lower
2004-04-29,11.0,MP,dumetella,carolinensis,Mimidae,599,no,edge,Lower
2004-04-29,11.0,MP,Zonotrichia,albicollis,Passerellidae,10133,Yes,Forest,Lower
2004-04-29,11.0,MP,Zonotrichia,albicollis,Passerellidae,10133,Yes,Forest,Lower
2004-04-29,11.0,CHI,Hylocichla,mustelina,Turdidae,500,Yes,Forest,Lower
2004-04-29,11.0,MP,Zonotrichia,albicollis,Passerellidae,10133,Yes,Forest,Lower
2004-04-29,11.0,MP,Zonotrichia,albicollis,Passerellidae,10133,Yes,Forest,Lower
2004-04-29,11.0,MP,Zonotrichia,albicollis,Passerellidae,10133,Yes,Forest,Lower
2004-04-29,11.0,MP,Zonotrichia,albicollis,Passerellidae,10133,Yes,Forest,Lower
2004-04-29,11.0,MP,Zonotrichia,albicollis,Passerellidae,10133,Yes,Forest,Lower
2004-04-29,11.0,MP,Zonotrichia,albicollis,Passerellidae,10133,Yes,Forest,Lower
2004-04-29,11.0,CHI,Zonotrichia,albicollis,Passerellidae,10133,Yes,Forest,Lower
2004-04-29,11.0,CHI,Zonotrichia,albicollis,Passerellidae,10133,Yes,Forest,Lower
2004-04-29,11.0,MP,Zonotrichia,albicollis,Passerellidae,10133,Yes,Forest,Lower
2004-04-29,11.0,MP,Toxostoma,rufum,Mimidae,166,No,Edge,Lower
2004-04-29,11.0,MP,Zonotrichia,albicollis,Passerellidae,10133,Yes,Forest,Lower
2004-04-29,11.0,CHI,Zonotrichia,albicollis,Passerellidae,10133,Yes,Forest,Lower
2004-04-29,11.0,MP,Zonotrichia,albicollis,Passerellidae,10133,Yes,Forest,Lower
2004-04-29,11.0,CHI,Seiurus,aurocapilla,Parulidae,4580,Yes,Forest,Lower
2004-04-29,11.0,MP,Zonotrichia,albicollis,Passerellidae,10133,Yes,Forest,Lower
2004-04-29,11.0,MP,Setophaga,palmarum,Parulidae,694,Yes,Edge,Lower
2004-04-30,6.0,MP,Zonotrichia,albicollis,Passerellidae,10133,Yes,Forest,Lower
2004-04-30,6.0,MP,Zonotrichia,albicollis,Passerellidae,10133,Yes,Forest,Lower
2004-04-30,6.0,MP,Zonotrichia,albicollis,Passerellidae,10133,Yes,Forest,Lower
2004-04-30,6.0,MP,Zonotrichia,albicollis,Passerellidae,10133,Yes,Forest,Lower
2004-04-30,6.0,MP,Zonotrichia,albicollis,Passerellidae,10133,Yes,Forest,Lower
2004-04-30,6.0,MP,Zonotrichia,albicollis,Passerellidae,10133,Yes,Forest,Lower
2004-04-30,6.0,MP,Zonotrichia,albicollis,Passerellidae,10133,Yes,Forest,Lower
2004-04-30,6.0,MP,Zonotrichia,albicollis,Passerellidae,10133,Yes,Forest,Lower
2004-04-30,6.0,MP,Zonotrichia,albicollis,Passerellidae,10133,Yes,Forest,Lower
2004-04-30,6.0,MP,Zonotrichia,albicollis,Passerellidae,10133,Yes,Forest,Lower
2004-04-30,6.0,MP,Zonotrichia,albicollis,Passerellidae,10133,Yes,Forest,Lower
2004-04-30,6.0,CHI,Seiurus,aurocapilla,Parulidae,4580,Yes,Forest,Lower
2004-04-30,6.0,MP,Zonotrichia,albicollis,Passerellidae,10133,Yes,Forest,Lower
2004-04-30,6.0,CHI,Zonotrichia,albicollis,Passerellidae,10133,Yes,Forest,Lower
2004-04-30,6.0,MP,Zonotrichia,albicollis,Passerellidae,10133,Yes,Forest,Lower
2004-04-30,6.0,CHI,Zonotrichia,albicollis,Passerellidae,10133,Yes,Forest,Lower
2004-04-30,6.0,MP,Melospiza,lincolnii,Passerellidae,2029,yes,edge,Lower
2004-04-30,6.0,MP,Zonotrichia,albicollis,Passerellidae,10133,Yes,Forest,Lower
2004-05-01,9.0,CHI,Seiurus,aurocapilla,Parulidae,4580,Yes,Forest,Lower
2004-05-01,9.0,CHI,Seiurus,aurocapilla,Parulidae,4580,Yes,Forest,Lower
2004-05-01,9.0,CHI,Zonotrichia,albicollis,Passerellidae,10133,Yes,Forest,Lower
2004-05-01,9.0,CHI,Seiurus,aurocapilla,Parulidae,4580,Yes,Forest,Lower
2004-05-01,9.0,CHI,Zonotrichia,albicollis,Passerellidae,10133,Yes,Forest,Lower
2004-05-02,10.0,CHI,Zonotrichia,albicollis,Passerellidae,10133,Yes,Forest,Lower
2004-05-02,10.0,MP,Zonotrichia,albicollis,Passerellidae,10133,Yes,Forest,Lower
2004-05-02,10.0,CHI,Hylocichla,mustelina,Turdidae,500,Yes,Forest,Lower
2004-05-03,12.0,CHI,Zonotrichia,leucophrys,Passerellidae,1090,Yes,Edge,Lower
2004-05-03,12.0,MP,Melospiza,melodia,Passerellidae,5124,Yes,Edge,Lower
2004-05-04,13.0,MP,Ammodramus,savannarum,Passerellidae,106,Yes,Open,Lower
2004-05-04,13.0,MP,Zonotrichia,albicollis,Passerellidae,10133,Yes,Forest,Lower
2004-05-04,13.0,MP,Zonotrichia,albicollis,Passerellidae,10133,Yes,Forest,Lower
2004-05-05,10.0,CHI,Zonotrichia,albicollis,Passerellidae,10133,Yes,Forest,Lower
2004-05-05,10.0,MP,Zonotrichia,albicollis,Passerellidae,10133,Yes,Forest,Lower
2004-05-06,10.0,CHI,Seiurus,aurocapilla,Parulidae,4580,Yes,Forest,Lower
2004-05-06,10.0,MP,Seiurus,aurocapilla,Parulidae,4580,Yes,Forest,Lower
2004-05-06,10.0,CHI,Seiurus,aurocapilla,Parulidae,4580,Yes,Forest,Lower
2004-05-06,10.0,MP,Toxostoma,rufum,Mimidae,166,No,Edge,Lower
2004-05-06,10.0,CHI,Setophaga,palmarum,Parulidae,694,Yes,Edge,Lower
2004-05-06,10.0,CHI,Zonotrichia,albicollis,Passerellidae,10133,Yes,Forest,Lower
2004-05-06,10.0,MP,Melospiza,lincolnii,Passerellidae,2029,yes,edge,Lower
2004-05-06,10.0,CHI,Zonotrichia,albicollis,Passerellidae,10133,Yes,Forest,Lower
2004-05-06,10.0,MP,Seiurus,aurocapilla,Parulidae,4580,Yes,Forest,Lower
2004-05-06,10.0,MP,dumetella,carolinensis,Mimidae,599,no,edge,Lower
2004-05-06,10.0,MP,Zonotrichia,albicollis,Passerellidae,10133,Yes,Forest,Lower
2004-05-06,10.0,MP,Spizella,pallida,Passerellidae,50,Yes,Open,Lower
2004-05-06,10.0,MP,Pheucticus,ludovicianus,Cardinalidae,397,Yes,Forest,Upper
2004-05-06,10.0,MP,Zonotrichia,leucophrys,Passerellidae,1090,Yes,Edge,Lower
2004-05-07,9.0,CHI,Seiurus,aurocapilla,Parulidae,4580,Yes,Forest,Lower
2004-05-07,9.0,CHI,Seiurus,aurocapilla,Parulidae,4580,Yes,Forest,Lower
2004-05-07,9.0,CHI,Zonotrichia,albicollis,Passerellidae,10133,Yes,Forest,Lower
2004-05-07,9.0,CHI,Zonotrichia,albicollis,Passerellidae,10133,Yes,Forest,Lower
2004-05-07,9.0,CHI,dumetella,carolinensis,Mimidae,599,no,edge,Lower
2004-05-07,9.0,MP,Oreothlypis,ruficapilla,Parulidae,1690,Yes,Forest,Upper
2004-05-07,9.0,CHI,Geothlypis,trichas,Parulidae,1555,Yes,Open,Lower
2004-05-08,14.0,MP,Zonotrichia,albicollis,Passerellidae,10133,Yes,Forest,Lower
2004-05-08,14.0,MP,Zonotrichia,albicollis,Passerellidae,10133,Yes,Forest,Lower
2004-05-08,14.0,MP,Pipilo,erythrophthalmus,Passerellidae,82,Rare,Edge,Lower
2004-05-08,14.0,MP,Pipilo,erythrophthalmus,Passerellidae,82,Rare,Edge,Lower
2004-05-08,14.0,MP,Seiurus,aurocapilla,Parulidae,4580,Yes,Forest,Lower
2004-05-09,14.0,MP,Zonotrichia,leucophrys,Passerellidae,1090,Yes,Edge,Lower
2004-05-09,14.0,CHI,Geothlypis,trichas,Parulidae,1555,Yes,Open,Lower
2004-05-09,14.0,MP,Hylocichla,mustelina,Turdidae,500,Yes,Forest,Lower
2004-05-09,14.0,CHI,Seiurus,aurocapilla,Parulidae,4580,Yes,Forest,Lower
2004-05-09,14.0,CHI,Seiurus,aurocapilla,Parulidae,4580,Yes,Forest,Lower
2004-05-09,14.0,CHI,Seiurus,aurocapilla,Parulidae,4580,Yes,Forest,Lower
2004-05-09,14.0,CHI,Seiurus,aurocapilla,Parulidae,4580,Yes,Forest,Lower
2004-05-09,14.0,CHI,Mniotilta,varia,Parulidae,620,Yes,Forest,Upper
2004-05-09,14.0,MP,Seiurus,aurocapilla,Parulidae,4580,Yes,Forest,Lower
2004-05-09,14.0,CHI,Setophaga,tigrina,Parulidae,182,Yes,Forest,Upper
2004-05-09,14.0,MP,Troglodytes,aedon,Troglodytidae,104,No,Edge,Lower
2004-05-09,14.0,CHI,Seiurus,aurocapilla,Parulidae,4580,Yes,Forest,Lower
2004-05-09,14.0,CHI,Zonotrichia,albicollis,Passerellidae,10133,Yes,Forest,Lower
2004-05-09,14.0,MP,Seiurus,aurocapilla,Parulidae,4580,Yes,Forest,Lower
2004-05-09,14.0,CHI,Seiurus,aurocapilla,Parulidae,4580,Yes,Forest,Lower
2004-05-09,14.0,CHI,Zonotrichia,albicollis,Passerellidae,10133,Yes,Forest,Lower
2004-05-09,14.0,CHI,Zonotrichia,albicollis,Passerellidae,10133,Yes,Forest,Lower
2004-05-09,14.0,CHI,Zonotrichia,albicollis,Passerellidae,10133,Yes,Forest,Lower
2004-05-09,14.0,CHI,Zonotrichia,albicollis,Passerellidae,10133,Yes,Forest,Lower
2004-05-09,14.0,CHI,Zonotrichia,albicollis,Passerellidae,10133,Yes,Forest,Lower
2004-05-09,14.0,CHI,Sitta,canadensis,Sittidae,260,Yes,Forest,Upper
2004-05-09,14.0,CHI,Zonotrichia,albicollis,Passerellidae,10133,Yes,Forest,Lower
2004-05-09,14.0,CHI,Seiurus,aurocapilla,Parulidae,4580,Yes,Forest,Lower
2004-05-09,14.0,CHI,Zonotrichia,albicollis,Passerellidae,10133,Yes,Forest,Lower
2004-05-09,14.0,CHI,Zonotrichia,albicollis,Passerellidae,10133,Yes,Forest,Lower
2004-05-09,14.0,CHI,Zonotrichia,albicollis,Passerellidae,10133,Yes,Forest,Lower
2004-05-09,14.0,CHI,catharus,ustulatus,Turdidae,2331,Yes,Forest,Lower
2004-05-10,12.0,CHI,Seiurus,aurocapilla,Parulidae,4580,Yes,Forest,Lower
2004-05-10,12.0,MP,Parkesia,noveboracensis,Parulidae,916,Yes,Forest,Lower
2004-05-10,12.0,CHI,Seiurus,aurocapilla,Parulidae,4580,Yes,Forest,Lower
2004-05-10,12.0,CHI,Seiurus,aurocapilla,Parulidae,4580,Yes,Forest,Lower
2004-05-10,12.0,CHI,Seiurus,aurocapilla,Parulidae,4580,Yes,Forest,Lower
2004-05-10,12.0,CHI,Zonotrichia,albicollis,Passerellidae,10133,Yes,Forest,Lower
2004-05-10,12.0,CHI,Seiurus,aurocapilla,Parulidae,4580,Yes,Forest,Lower
2004-05-10,12.0,CHI,Seiurus,aurocapilla,Parulidae,4580,Yes,Forest,Lower
2004-05-10,12.0,CHI,Zonotrichia,albicollis,Passerellidae,10133,Yes,Forest,Lower
2004-05-10,12.0,CHI,Seiurus,aurocapilla,Parulidae,4580,Yes,Forest,Lower
2004-05-10,12.0,MP,Geothlypis,trichas,Parulidae,1555,Yes,Open,Lower
2004-05-10,12.0,MP,Geothlypis,trichas,Parulidae,1555,Yes,Open,Lower
2004-05-10,12.0,CHI,Zonotrichia,albicollis,Passerellidae,10133,Yes,Forest,Lower
2004-05-10,12.0,CHI,Zonotrichia,albicollis,Passerellidae,10133,Yes,Forest,Lower
2004-05-10,12.0,CHI,Zonotrichia,albicollis,Passerellidae,10133,Yes,Forest,Lower
2004-05-10,12.0,CHI,Mniotilta,varia,Parulidae,620,Yes,Forest,Upper
2004-05-10,12.0,CHI,Seiurus,aurocapilla,Parulidae,4580,Yes,Forest,Lower
2004-05-10,12.0,CHI,Zonotrichia,albicollis,Passerellidae,10133,Yes,Forest,Lower
2004-05-10,12.0,MP,Catharus,fuscescens,Turdidae,727,Yes,Forest,Lower
2004-05-10,12.0,MP,Melospiza,lincolnii,Passerellidae,2029,yes,edge,Lower
2004-05-10,12.0,MP,Melospiza,lincolnii,Passerellidae,2029,yes,edge,Lower
2004-05-10,12.0,CHI,Setophaga,palmarum,Parulidae,694,Yes,Edge,Lower
2004-05-10,12.0,CHI,Setophaga,tigrina,Parulidae,182,Yes,Forest,Upper
2004-05-10,12.0,MP,catharus,ustulatus,Turdidae,2331,Yes,Forest,Lower
2004-05-10,12.0,CHI,dumetella,carolinensis,Mimidae,599,no,edge,Lower
2004-05-10,12.0,CHI,dumetella,carolinensis,Mimidae,599,no,edge,Lower
2004-05-11,3.0,CHI,Oreothlypis,ruficapilla,Parulidae,1690,Yes,Forest,Upper
2004-05-11,3.0,MP,dumetella,carolinensis,Mimidae,599,no,edge,Lower
2004-05-12,14.0,MP,Oreothlypis,peregrina,Parulidae,2515,Yes,Edge,Upper
2004-05-12,14.0,MP,Zonotrichia,albicollis,Passerellidae,10133,Yes,Forest,Lower
2004-05-12,14.0,MP,Parkesia,noveboracensis,Parulidae,916,Yes,Forest,Lower
2004-05-12,14.0,MP,Seiurus,aurocapilla,Parulidae,4580,Yes,Forest,Lower
2004-05-12,14.0,CHI,Seiurus,aurocapilla,Parulidae,4580,Yes,Forest,Lower
2004-05-12,14.0,CHI,Seiurus,aurocapilla,Parulidae,4580,Yes,Forest,Lower
2004-05-12,14.0,MP,Seiurus,aurocapilla,Parulidae,4580,Yes,Forest,Lower
2004-05-12,14.0,MP,Melospiza,lincolnii,Passerellidae,2029,yes,edge,Lower
2004-05-12,14.0,MP,catharus,ustulatus,Turdidae,2331,Yes,Forest,Lower
2004-05-12,14.0,MP,Oreothlypis,peregrina,Parulidae,2515,Yes,Edge,Upper
2004-05-12,14.0,MP,Passerina,cyanea,Cardinalidae,725,yes,edge,Upper
2004-05-12,14.0,MP,Catharus,minimus,Turdidae,822,Yes,Forest,Lower
2004-05-12,14.0,MP,Catharus,fuscescens,Turdidae,727,Yes,Forest,Lower
2004-05-12,14.0,MP,Passerina,cyanea,Cardinalidae,725,yes,edge,Upper
2004-05-12,14.0,MP,Passerina,cyanea,Cardinalidae,725,yes,edge,Upper
2004-05-13,11.0,MP,Geothlypis,trichas,Parulidae,1555,Yes,Open,Lower
2004-05-13,11.0,MP,Cistothorus,platensis,Troglodytidae,60,no,open,Lower
2004-05-13,11.0,MP,Geothlypis,trichas,Parulidae,1555,Yes,Open,Lower
2004-05-13,11.0,MP,Melospiza,lincolnii,Passerellidae,2029,yes,edge,Lower
2004-05-13,11.0,MP,Melospiza,lincolnii,Passerellidae,2029,yes,edge,Lower
2004-05-13,11.0,MP,Oreothlypis,peregrina,Parulidae,2515,Yes,Edge,Upper
2004-05-13,11.0,MP,Zonotrichia,leucophrys,Passerellidae,1090,Yes,Edge,Lower
2004-05-13,11.0,MP,Geothlypis,trichas,Parulidae,1555,Yes,Open,Lower
2004-05-13,11.0,MP,Catharus,minimus,Turdidae,822,Yes,Forest,Lower
2004-05-13,11.0,MP,Passerina,cyanea,Cardinalidae,725,yes,edge,Upper
2004-05-13,11.0,MP,catharus,ustulatus,Turdidae,2331,Yes,Forest,Lower
2004-05-13,11.0,MP,catharus,ustulatus,Turdidae,2331,Yes,Forest,Lower
2004-05-14,14.0,MP,Catharus,fuscescens,Turdidae,727,Yes,Forest,Lower
2004-05-14,14.0,MP,Passerina,cyanea,Cardinalidae,725,yes,edge,Upper
2004-05-14,14.0,MP,Seiurus,aurocapilla,Parulidae,4580,Yes,Forest,Lower
2004-05-14,14.0,MP,Parkesia,noveboracensis,Parulidae,916,Yes,Forest,Lower
2004-05-14,14.0,MP,dumetella,carolinensis,Mimidae,599,no,edge,Lower
2004-05-14,14.0,MP,Geothlypis,trichas,Parulidae,1555,Yes,Open,Lower
2004-05-14,14.0,MP,catharus,ustulatus,Turdidae,2331,Yes,Forest,Lower
2004-05-14,14.0,MP,Zonotrichia,leucophrys,Passerellidae,1090,Yes,Edge,Lower
2004-05-15,14.0,CHI,Seiurus,aurocapilla,Parulidae,4580,Yes,Forest,Lower
2004-05-17,14.0,MP,Oreothlypis,peregrina,Parulidae,2515,Yes,Edge,Upper
2004-05-17,14.0,MP,Hylocichla,mustelina,Turdidae,500,Yes,Forest,Lower
2004-05-17,14.0,MP,Seiurus,aurocapilla,Parulidae,4580,Yes,Forest,Lower
2004-05-17,14.0,MP,Catharus,fuscescens,Turdidae,727,Yes,Forest,Lower
2004-05-17,14.0,MP,Passerina,cyanea,Cardinalidae,725,yes,edge,Upper
2004-05-17,14.0,CHI,Passerina,cyanea,Cardinalidae,725,yes,edge,Upper
2004-05-17,14.0,MP,Melospiza,lincolnii,Passerellidae,2029,yes,edge,Lower
2004-05-17,14.0,MP,Seiurus,aurocapilla,Parulidae,4580,Yes,Forest,Lower
2004-05-17,14.0,MP,Melospiza,lincolnii,Passerellidae,2029,yes,edge,Lower
2004-05-18,15.0,MP,Mniotilta,varia,Parulidae,620,Yes,Forest,Upper
2004-05-18,15.0,MP,Catharus,fuscescens,Turdidae,727,Yes,Forest,Lower
2004-05-18,15.0,MP,Setophaga,castanea,Parulidae,287,Yes,Forest,Upper
2004-05-18,15.0,MP,Geothlypis,trichas,Parulidae,1555,Yes,Open,Lower
2004-05-18,15.0,MP,Passerina,cyanea,Cardinalidae,725,yes,edge,Upper
2004-05-18,15.0,MP,Passerina,cyanea,Cardinalidae,725,yes,edge,Upper
2004-05-18,15.0,MP,Setophaga,magnolia,Parulidae,1224,yes,forest,Upper
2004-05-18,15.0,MP,catharus,ustulatus,Turdidae,2331,Yes,Forest,Lower
2004-05-18,15.0,MP,catharus,ustulatus,Turdidae,2331,Yes,Forest,Lower
2004-05-18,15.0,MP,catharus,ustulatus,Turdidae,2331,Yes,Forest,Lower
2004-05-18,15.0,MP,Oreothlypis,peregrina,Parulidae,2515,Yes,Edge,Upper
2004-05-18,15.0,MP,Seiurus,aurocapilla,Parulidae,4580,Yes,Forest,Lower
2004-05-18,15.0,MP,Seiurus,aurocapilla,Parulidae,4580,Yes,Forest,Lower
2004-05-18,15.0,MP,Seiurus,aurocapilla,Parulidae,4580,Yes,Forest,Lower
2004-05-18,15.0,MP,Geothlypis,trichas,Parulidae,1555,Yes,Open,Lower
2004-05-18,15.0,MP,Catharus,fuscescens,Turdidae,727,Yes,Forest,Lower
2004-05-18,15.0,MP,Passerina,cyanea,Cardinalidae,725,yes,edge,Upper
2004-05-18,15.0,MP,Mniotilta,varia,Parulidae,620,Yes,Forest,Upper
2004-05-18,15.0,MP,Melospiza,lincolnii,Passerellidae,2029,yes,edge,Lower
2004-05-18,15.0,MP,Melospiza,lincolnii,Passerellidae,2029,yes,edge,Lower
2004-05-19,14.0,MP,Parkesia,noveboracensis,Parulidae,916,Yes,Forest,Lower
2004-05-19,14.0,MP,Geothlypis,trichas,Parulidae,1555,Yes,Open,Lower
2004-05-19,14.0,MP,Seiurus,aurocapilla,Parulidae,4580,Yes,Forest,Lower
2004-05-19,14.0,CHI,Seiurus,aurocapilla,Parulidae,4580,Yes,Forest,Lower
2004-05-20,14.0,MP,Seiurus,aurocapilla,Parulidae,4580,Yes,Forest,Lower
2004-05-20,14.0,MP,dumetella,carolinensis,Mimidae,599,no,edge,Lower
2004-05-20,14.0,CHI,Setophaga,pensylvanica,Parulidae,303,Yes,Edge,Upper
2004-05-20,14.0,MP,dumetella,carolinensis,Mimidae,599,no,edge,Lower
2004-05-20,14.0,CHI,Oreothlypis,ruficapilla,Parulidae,1690,Yes,Forest,Upper
2004-05-20,14.0,CHI,Seiurus,aurocapilla,Parulidae,4580,Yes,Forest,Lower
2004-05-20,14.0,MP,Setophaga,pensylvanica,Parulidae,303,Yes,Edge,Upper
2004-05-20,14.0,CHI,Empidonax,flaviventris,Tyrannidae,68,No,Forest,Upper
2004-05-20,14.0,MP,setophaga,ruticilla,Parulidae,868,Yes,Edge,Upper
2004-05-20,14.0,MP,Zonotrichia,leucophrys,Passerellidae,1090,Yes,Edge,Lower
2004-05-20,14.0,CHI,setophaga,ruticilla,Parulidae,868,Yes,Edge,Upper
2004-05-20,14.0,MP,catharus,ustulatus,Turdidae,2331,Yes,Forest,Lower
2004-05-20,14.0,MP,setophaga,ruticilla,Parulidae,868,Yes,Edge,Upper
2004-05-20,14.0,CHI,Setophaga,americana,Parulidae,59,Yes,Forest,Upper
2004-05-20,14.0,CHI,Mniotilta,varia,Parulidae,620,Yes,Forest,Upper
2004-05-20,14.0,MP,Setophaga,tigrina,Parulidae,182,Yes,Forest,Upper
2004-05-20,14.0,MP,Parkesia,noveboracensis,Parulidae,916,Yes,Forest,Lower
2004-05-20,14.0,CHI,Setophaga,tigrina,Parulidae,182,Yes,Forest,Upper
2004-05-21,14.0,MP,Seiurus,aurocapilla,Parulidae,4580,Yes,Forest,Lower
2004-05-21,14.0,MP,Setophaga,magnolia,Parulidae,1224,yes,forest,Upper
2004-05-21,14.0,MP,Setophaga,virens,Parulidae,223,Yes,Forest,Upper
2004-05-23,15.0,MP,Seiurus,aurocapilla,Parulidae,4580,Yes,Forest,Lower
2004-05-23,15.0,MP,catharus,ustulatus,Turdidae,2331,Yes,Forest,Lower
2004-05-23,15.0,MP,Seiurus,aurocapilla,Parulidae,4580,Yes,Forest,Lower
2004-05-24,3.0,CHI,Geothlypis,trichas,Parulidae,1555,Yes,Open,Lower
2004-08-23,9.0,MP,Seiurus,aurocapilla,Parulidae,4580,Yes,Forest,Lower
2004-08-28,17.0,MP,geothlypis,philadelphia,Parulidae,430,Yes,Edge,Lower
2004-08-28,17.0,CHI,Oreothlypis,peregrina,Parulidae,2515,Yes,Edge,Upper
2004-08-28,17.0,MP,Oreothlypis,peregrina,Parulidae,2515,Yes,Edge,Upper
2004-08-28,17.0,MP,Catharus,fuscescens,Turdidae,727,Yes,Forest,Lower
2004-08-28,17.0,MP,catharus,ustulatus,Turdidae,2331,Yes,Forest,Lower
2004-08-28,17.0,MP,setophaga,ruticilla,Parulidae,868,Yes,Edge,Upper
2004-08-29,15.0,CHI,Seiurus,aurocapilla,Parulidae,4580,Yes,Forest,Lower
2004-08-29,15.0,MP,Seiurus,aurocapilla,Parulidae,4580,Yes,Forest,Lower
2004-08-29,15.0,MP,geothlypis,philadelphia,Parulidae,430,Yes,Edge,Lower
2004-08-29,15.0,CHI,Setophaga,pensylvanica,Parulidae,303,Yes,Edge,Upper
2004-08-31,17.0,MP,Parkesia,noveboracensis,Parulidae,916,Yes,Forest,Lower
2004-08-31,17.0,CHI,Seiurus,aurocapilla,Parulidae,4580,Yes,Forest,Lower
2004-09-04,17.0,CHI,Seiurus,aurocapilla,Parulidae,4580,Yes,Forest,Lower
2004-09-04,17.0,MP,Oreothlypis,peregrina,Parulidae,2515,Yes,Edge,Upper
2004-09-04,17.0,CHI,Catharus,fuscescens,Turdidae,727,Yes,Forest,Lower
2004-09-04,17.0,CHI,geothlypis,philadelphia,Parulidae,430,Yes,Edge,Lower
2004-09-04,17.0,MP,geothlypis,philadelphia,Parulidae,430,Yes,Edge,Lower
2004-09-06,17.0,MP,Empidonax,minimus,Tyrannidae,96,No,Edge,Upper
2004-09-07,17.0,CHI,geothlypis,philadelphia,Parulidae,430,Yes,Edge,Lower
2004-09-08,17.0,MP,catharus,ustulatus,Turdidae,2331,Yes,Forest,Lower
2004-09-09,17.0,MP,Melospiza,lincolnii,Passerellidae,2029,yes,edge,Lower
2004-09-09,17.0,MP,Melospiza,lincolnii,Passerellidae,2029,yes,edge,Lower
2004-09-09,17.0,CHI,dumetella,carolinensis,Mimidae,599,no,edge,Lower
2004-09-09,17.0,CHI,catharus,ustulatus,Turdidae,2331,Yes,Forest,Lower
2004-09-10,17.0,CHI,Melospiza,lincolnii,Passerellidae,2029,yes,edge,Lower
2004-09-10,17.0,CHI,Cardellina,pusilla,Parulidae,185,Yes,Edge,Lower
2004-09-11,17.0,MP,Seiurus,aurocapilla,Parulidae,4580,Yes,Forest,Lower
2004-09-13,17.0,MP,Oreothlypis,peregrina,Parulidae,2515,Yes,Edge,Upper
2004-09-13,17.0,MP,catharus,ustulatus,Turdidae,2331,Yes,Forest,Lower
2004-09-13,17.0,MP,catharus,ustulatus,Turdidae,2331,Yes,Forest,Lower
2004-09-13,17.0,MP,catharus,ustulatus,Turdidae,2331,Yes,Forest,Lower
2004-09-13,17.0,CHI,catharus,ustulatus,Turdidae,2331,Yes,Forest,Lower
2004-09-13,17.0,MP,Catharus,fuscescens,Turdidae,727,Yes,Forest,Lower
2004-09-13,17.0,MP,Seiurus,aurocapilla,Parulidae,4580,Yes,Forest,Lower
2004-09-13,17.0,CHI,catharus,ustulatus,Turdidae,2331,Yes,Forest,Lower
2004-09-13,17.0,CHI,catharus,ustulatus,Turdidae,2331,Yes,Forest,Lower
2004-09-13,17.0,MP,Seiurus,aurocapilla,Parulidae,4580,Yes,Forest,Lower
2004-09-13,17.0,MP,Oreothlypis,peregrina,Parulidae,2515,Yes,Edge,Upper
2004-09-13,17.0,CHI,Catharus,minimus,Turdidae,822,Yes,Forest,Lower
2004-09-13,17.0,MP,Oporornis,agilis,Parulidae,365,Yes,Forest,Lower
2004-09-13,17.0,CHI,Oreothlypis,peregrina,Parulidae,2515,Yes,Edge,Upper
2004-09-13,17.0,CHI,Cardellina,canadensis,Parulidae,241,Yes,Forest,Lower
2004-09-13,17.0,MP,Oreothlypis,peregrina,Parulidae,2515,Yes,Edge,Upper
2004-09-13,17.0,CHI,Seiurus,aurocapilla,Parulidae,4580,Yes,Forest,Lower
2004-09-13,17.0,MP,catharus,ustulatus,Turdidae,2331,Yes,Forest,Lower
2004-09-15,17.0,MP,Oporornis,agilis,Parulidae,365,Yes,Forest,Lower
2004-09-15,17.0,MP,catharus,ustulatus,Turdidae,2331,Yes,Forest,Lower
2004-09-15,17.0,MP,Oreothlypis,ruficapilla,Parulidae,1690,Yes,Forest,Upper
2004-09-15,17.0,MP,catharus,ustulatus,Turdidae,2331,Yes,Forest,Lower
2004-09-16,17.0,MP,Oreothlypis,peregrina,Parulidae,2515,Yes,Edge,Upper
2004-09-16,17.0,MP,Seiurus,aurocapilla,Parulidae,4580,Yes,Forest,Lower
2004-09-16,17.0,MP,Seiurus,aurocapilla,Parulidae,4580,Yes,Forest,Lower
2004-09-16,17.0,MP,Oreothlypis,ruficapilla,Parulidae,1690,Yes,Forest,Upper
2004-09-16,17.0,CHI,Seiurus,aurocapilla,Parulidae,4580,Yes,Forest,Lower
2004-09-16,17.0,MP,Oreothlypis,ruficapilla,Parulidae,1690,Yes,Forest,Upper
2004-09-16,17.0,MP,Seiurus,aurocapilla,Parulidae,4580,Yes,Forest,Lower
2004-09-16,17.0,MP,Geothlypis,trichas,Parulidae,1555,Yes,Open,Lower
2004-09-16,17.0,MP,Setophaga,fusca,Parulidae,201,Yes,Forest,Upper
2004-09-16,17.0,MP,Oreothlypis,ruficapilla,Parulidae,1690,Yes,Forest,Upper
2004-09-16,17.0,MP,Oreothlypis,ruficapilla,Parulidae,1690,Yes,Forest,Upper
2004-09-16,17.0,MP,setophaga,ruticilla,Parulidae,868,Yes,Edge,Upper
2004-09-17,17.0,CHI,Setophaga,pensylvanica,Parulidae,303,Yes,Edge,Upper
2004-09-17,17.0,CHI,Setophaga,striata,Parulidae,787,Yes,Forest,Upper
2004-09-17,17.0,CHI,Setophaga,striata,Parulidae,787,Yes,Forest,Upper
2004-09-17,17.0,CHI,Setophaga,striata,Parulidae,787,Yes,Forest,Upper
2004-09-17,17.0,CHI,Setophaga,striata,Parulidae,787,Yes,Forest,Upper
2004-09-17,17.0,MP,Seiurus,aurocapilla,Parulidae,4580,Yes,Forest,Lower
2004-09-17,17.0,CHI,geothlypis,philadelphia,Parulidae,430,Yes,Edge,Lower
2004-09-17,17.0,CHI,Oreothlypis,ruficapilla,Parulidae,1690,Yes,Forest,Upper
2004-09-17,17.0,MP,Oreothlypis,peregrina,Parulidae,2515,Yes,Edge,Upper
2004-09-17,17.0,CHI,Catharus,minimus,Turdidae,822,Yes,Forest,Lower
2004-09-17,17.0,CHI,setophaga,ruticilla,Parulidae,868,Yes,Edge,Upper
2004-09-17,17.0,CHI,setophaga,ruticilla,Parulidae,868,Yes,Edge,Upper
2004-09-17,17.0,CHI,Oporornis,agilis,Parulidae,365,Yes,Forest,Lower
2004-09-17,17.0,CHI,Pheucticus,ludovicianus,Cardinalidae,397,Yes,Forest,Upper
2004-09-17,17.0,CHI,Setophaga,magnolia,Parulidae,1224,yes,forest,Upper
2004-09-18,17.0,MP,Oreothlypis,ruficapilla,Parulidae,1690,Yes,Forest,Upper
2004-09-18,17.0,MP,catharus,ustulatus,Turdidae,2331,Yes,Forest,Lower
2004-09-18,17.0,MP,Sitta,canadensis,Sittidae,260,Yes,Forest,Upper
2004-09-19,15.0,MP,Toxostoma,rufum,Mimidae,166,No,Edge,Lower
2004-09-19,15.0,CHI,Catharus,minimus,Turdidae,822,Yes,Forest,Lower
2004-09-19,15.0,CHI,troglodytes,hiemalis,Troglodytidae,474,No,Forest,Lower
2004-09-19,15.0,CHI,Cardellina,pusilla,Parulidae,185,Yes,Edge,Lower
2004-09-20,15.0,CHI,Setophaga,tigrina,Parulidae,182,Yes,Forest,Upper
2004-09-20,15.0,CHI,Seiurus,aurocapilla,Parulidae,4580,Yes,Forest,Lower
2004-09-20,15.0,CHI,Seiurus,aurocapilla,Parulidae,4580,Yes,Forest,Lower
2004-09-21,17.0,CHI,Setophaga,magnolia,Parulidae,1224,yes,forest,Upper
2004-09-21,17.0,CHI,catharus,ustulatus,Turdidae,2331,Yes,Forest,Lower
2004-09-21,17.0,MP,catharus,ustulatus,Turdidae,2331,Yes,Forest,Lower
2004-09-21,17.0,CHI,Seiurus,aurocapilla,Parulidae,4580,Yes,Forest,Lower
2004-09-22,15.0,CHI,Oreothlypis,peregrina,Parulidae,2515,Yes,Edge,Upper
2004-09-22,15.0,CHI,Setophaga,castanea,Parulidae,287,Yes,Forest,Upper
2004-09-22,15.0,CHI,Setophaga,virens,Parulidae,223,Yes,Forest,Upper
2004-09-22,15.0,CHI,Parkesia,noveboracensis,Parulidae,916,Yes,Forest,Lower
2004-09-22,15.0,CHI,Oreothlypis,ruficapilla,Parulidae,1690,Yes,Forest,Upper
2004-09-22,15.0,CHI,Sitta,canadensis,Sittidae,260,Yes,Forest,Upper
2004-09-22,15.0,CHI,Setophaga,pensylvanica,Parulidae,303,Yes,Edge,Upper
2004-09-22,15.0,CHI,Setophaga,pensylvanica,Parulidae,303,Yes,Edge,Upper
2004-09-22,15.0,MP,Empidonax,minimus,Tyrannidae,96,No,Edge,Upper
2004-09-22,15.0,CHI,Oreothlypis,peregrina,Parulidae,2515,Yes,Edge,Upper
2004-09-22,15.0,MP,Zonotrichia,albicollis,Passerellidae,10133,Yes,Forest,Lower
2004-09-22,15.0,CHI,Setophaga,fusca,Parulidae,201,Yes,Forest,Upper
2004-09-22,15.0,MP,Oporornis,agilis,Parulidae,365,Yes,Forest,Lower
2004-09-22,15.0,CHI,Setophaga,striata,Parulidae,787,Yes,Forest,Upper
2004-09-23,15.0,CHI,Setophaga,magnolia,Parulidae,1224,yes,forest,Upper
2004-09-23,15.0,MP,Oreothlypis,ruficapilla,Parulidae,1690,Yes,Forest,Upper
2004-09-23,15.0,MP,Setophaga,virens,Parulidae,223,Yes,Forest,Upper
2004-09-23,15.0,CHI,Oreothlypis,ruficapilla,Parulidae,1690,Yes,Forest,Upper
2004-09-23,15.0,CHI,Setophaga,americana,Parulidae,59,Yes,Forest,Upper
2004-09-23,15.0,CHI,Oreothlypis,peregrina,Parulidae,2515,Yes,Edge,Upper
2004-09-23,15.0,CHI,Setophaga,castanea,Parulidae,287,Yes,Forest,Upper
2004-09-23,15.0,CHI,Setophaga,fusca,Parulidae,201,Yes,Forest,Upper
2004-09-23,15.0,CHI,Seiurus,aurocapilla,Parulidae,4580,Yes,Forest,Lower
2004-09-23,15.0,MP,catharus,ustulatus,Turdidae,2331,Yes,Forest,Lower
2004-09-24,15.0,MP,catharus,ustulatus,Turdidae,2331,Yes,Forest,Lower
2004-09-24,15.0,CHI,Setophaga,pensylvanica,Parulidae,303,Yes,Edge,Upper
2004-09-24,15.0,MP,Oreothlypis,peregrina,Parulidae,2515,Yes,Edge,Upper
2004-09-25,14.0,MP,Oreothlypis,peregrina,Parulidae,2515,Yes,Edge,Upper
2004-09-25,14.0,CHI,Setophaga,striata,Parulidae,787,Yes,Forest,Upper
2004-09-25,14.0,CHI,Oreothlypis,peregrina,Parulidae,2515,Yes,Edge,Upper
2004-09-25,14.0,CHI,Catharus,minimus,Turdidae,822,Yes,Forest,Lower
2004-09-25,14.0,MP,Catharus,minimus,Turdidae,822,Yes,Forest,Lower
2004-09-25,14.0,CHI,Oreothlypis,peregrina,Parulidae,2515,Yes,Edge,Upper
2004-09-25,14.0,CHI,Setophaga,castanea,Parulidae,287,Yes,Forest,Upper
2004-09-25,14.0,CHI,Parkesia,noveboracensis,Parulidae,916,Yes,Forest,Lower
2004-09-25,14.0,CHI,Vireo,philadelphicus,Vireonidae,12,No,Forest,Upper
2004-09-25,14.0,MP,Contopus,virens,Tyrannidae,70,No,Forest,Upper
2004-09-25,14.0,CHI,Zonotrichia,albicollis,Passerellidae,10133,Yes,Forest,Lower
2004-09-25,14.0,CHI,catharus,ustulatus,Turdidae,2331,Yes,Forest,Lower
2004-09-25,14.0,CHI,catharus,ustulatus,Turdidae,2331,Yes,Forest,Lower
2004-09-25,14.0,MP,Seiurus,aurocapilla,Parulidae,4580,Yes,Forest,Lower
2004-09-25,14.0,CHI,setophaga,ruticilla,Parulidae,868,Yes,Edge,Upper
2004-09-25,14.0,CHI,Oreothlypis,peregrina,Parulidae,2515,Yes,Edge,Upper
2004-09-25,14.0,CHI,Geothlypis,trichas,Parulidae,1555,Yes,Open,Lower
2004-09-25,14.0,CHI,Seiurus,aurocapilla,Parulidae,4580,Yes,Forest,Lower
2004-09-25,14.0,CHI,Seiurus,aurocapilla,Parulidae,4580,Yes,Forest,Lower
2004-09-25,14.0,CHI,Oreothlypis,peregrina,Parulidae,2515,Yes,Edge,Upper
2004-09-25,14.0,CHI,Oreothlypis,peregrina,Parulidae,2515,Yes,Edge,Upper
2004-09-25,14.0,MP,Geothlypis,trichas,Parulidae,1555,Yes,Open,Lower
2004-09-25,14.0,CHI,Zonotrichia,albicollis,Passerellidae,10133,Yes,Forest,Lower
2004-09-26,14.0,CHI,catharus,ustulatus,Turdidae,2331,Yes,Forest,Lower
2004-09-26,14.0,MP,Seiurus,aurocapilla,Parulidae,4580,Yes,Forest,Lower
2004-09-26,14.0,CHI,Mniotilta,varia,Parulidae,620,Yes,Forest,Upper
2004-09-26,14.0,CHI,Pheucticus,ludovicianus,Cardinalidae,397,Yes,Forest,Upper
2004-09-26,14.0,CHI,Seiurus,aurocapilla,Parulidae,4580,Yes,Forest,Lower
2004-09-26,14.0,MP,catharus,ustulatus,Turdidae,2331,Yes,Forest,Lower
2004-09-26,14.0,CHI,Zonotrichia,albicollis,Passerellidae,10133,Yes,Forest,Lower
2004-09-26,14.0,CHI,Zonotrichia,albicollis,Passerellidae,10133,Yes,Forest,Lower
2004-09-26,14.0,CHI,Melospiza,lincolnii,Passerellidae,2029,yes,edge,Lower
2004-09-26,14.0,CHI,Zonotrichia,albicollis,Passerellidae,10133,Yes,Forest,Lower
2004-09-26,14.0,CHI,Geothlypis,trichas,Parulidae,1555,Yes,Open,Lower
2004-09-26,14.0,CHI,Zonotrichia,albicollis,Passerellidae,10133,Yes,Forest,Lower
2004-09-26,14.0,MP,Zonotrichia,albicollis,Passerellidae,10133,Yes,Forest,Lower
2004-09-26,14.0,MP,Zonotrichia,albicollis,Passerellidae,10133,Yes,Forest,Lower
2004-09-26,14.0,MP,Zonotrichia,albicollis,Passerellidae,10133,Yes,Forest,Lower
2004-09-26,14.0,CHI,Zonotrichia,albicollis,Passerellidae,10133,Yes,Forest,Lower
2004-09-26,14.0,CHI,Zonotrichia,albicollis,Passerellidae,10133,Yes,Forest,Lower
2004-09-26,14.0,CHI,Zonotrichia,albicollis,Passerellidae,10133,Yes,Forest,Lower
2004-09-26,14.0,MP,Melospiza,lincolnii,Passerellidae,2029,yes,edge,Lower
2004-09-26,14.0,CHI,dumetella,carolinensis,Mimidae,599,no,edge,Lower
2004-09-26,14.0,CHI,Oreothlypis,ruficapilla,Parulidae,1690,Yes,Forest,Upper
2004-09-26,14.0,MP,Oreothlypis,ruficapilla,Parulidae,1690,Yes,Forest,Upper
2004-09-26,14.0,CHI,Zonotrichia,albicollis,Passerellidae,10133,Yes,Forest,Lower
2004-09-26,14.0,CHI,Geothlypis,trichas,Parulidae,1555,Yes,Open,Lower
2004-09-27,16.0,MP,Melospiza,lincolnii,Passerellidae,2029,yes,edge,Lower
2004-09-27,16.0,CHI,Zonotrichia,albicollis,Passerellidae,10133,Yes,Forest,Lower
2004-09-27,16.0,CHI,Seiurus,aurocapilla,Parulidae,4580,Yes,Forest,Lower
2004-09-27,16.0,MP,Melospiza,lincolnii,Passerellidae,2029,yes,edge,Lower
2004-09-27,16.0,CHI,Zonotrichia,albicollis,Passerellidae,10133,Yes,Forest,Lower
2004-09-27,16.0,MP,Zonotrichia,albicollis,Passerellidae,10133,Yes,Forest,Lower
2004-09-27,16.0,MP,Zonotrichia,albicollis,Passerellidae,10133,Yes,Forest,Lower
2004-09-27,16.0,CHI,Zonotrichia,albicollis,Passerellidae,10133,Yes,Forest,Lower
2004-09-27,16.0,CHI,catharus,ustulatus,Turdidae,2331,Yes,Forest,Lower
2004-09-27,16.0,MP,Zonotrichia,albicollis,Passerellidae,10133,Yes,Forest,Lower
2004-09-27,16.0,CHI,Seiurus,aurocapilla,Parulidae,4580,Yes,Forest,Lower
2004-09-27,16.0,CHI,Zonotrichia,albicollis,Passerellidae,10133,Yes,Forest,Lower
2004-09-27,16.0,CHI,Zonotrichia,albicollis,Passerellidae,10133,Yes,Forest,Lower
2004-09-27,16.0,CHI,Setophaga,castanea,Parulidae,287,Yes,Forest,Upper
2004-09-27,16.0,CHI,Zonotrichia,albicollis,Passerellidae,10133,Yes,Forest,Lower
2004-09-27,16.0,CHI,Geothlypis,trichas,Parulidae,1555,Yes,Open,Lower
2004-09-27,16.0,CHI,troglodytes,hiemalis,Troglodytidae,474,No,Forest,Lower
2004-09-27,16.0,CHI,troglodytes,hiemalis,Troglodytidae,474,No,Forest,Lower
2004-09-27,16.0,CHI,Zonotrichia,albicollis,Passerellidae,10133,Yes,Forest,Lower
2004-09-28,16.0,MP,Oporornis,agilis,Parulidae,365,Yes,Forest,Lower
2004-09-28,16.0,CHI,Melospiza,lincolnii,Passerellidae,2029,yes,edge,Lower
2004-09-28,16.0,CHI,catharus,ustulatus,Turdidae,2331,Yes,Forest,Lower
2004-09-28,16.0,MP,Zonotrichia,leucophrys,Passerellidae,1090,Yes,Edge,Lower
2004-09-28,16.0,CHI,Zonotrichia,albicollis,Passerellidae,10133,Yes,Forest,Lower
2004-09-28,16.0,CHI,Zonotrichia,albicollis,Passerellidae,10133,Yes,Forest,Lower
2004-09-28,16.0,CHI,Setophaga,pensylvanica,Parulidae,303,Yes,Edge,Upper
2004-09-28,16.0,CHI,Setophaga,magnolia,Parulidae,1224,yes,forest,Upper
2004-09-28,16.0,CHI,Seiurus,aurocapilla,Parulidae,4580,Yes,Forest,Lower
2004-09-28,16.0,CHI,Seiurus,aurocapilla,Parulidae,4580,Yes,Forest,Lower
2004-09-30,17.0,MP,Sitta,canadensis,Sittidae,260,Yes,Forest,Upper
2004-09-30,17.0,MP,Oreothlypis,ruficapilla,Parulidae,1690,Yes,Forest,Upper
2004-09-30,17.0,MP,Melospiza,lincolnii,Passerellidae,2029,yes,edge,Lower
2004-09-30,17.0,CHI,Melospiza,lincolnii,Passerellidae,2029,yes,edge,Lower
2004-09-30,17.0,CHI,Geothlypis,trichas,Parulidae,1555,Yes,Open,Lower
2004-09-30,17.0,CHI,Zonotrichia,albicollis,Passerellidae,10133,Yes,Forest,Lower
2004-09-30,17.0,CHI,Zonotrichia,albicollis,Passerellidae,10133,Yes,Forest,Lower
2004-09-30,17.0,MP,Zonotrichia,albicollis,Passerellidae,10133,Yes,Forest,Lower
2004-09-30,17.0,CHI,Zonotrichia,albicollis,Passerellidae,10133,Yes,Forest,Lower
2004-09-30,17.0,MP,Oreothlypis,ruficapilla,Parulidae,1690,Yes,Forest,Upper
2004-10-01,17.0,MP,Melospiza,lincolnii,Passerellidae,2029,yes,edge,Lower
2004-10-01,17.0,MP,Zonotrichia,albicollis,Passerellidae,10133,Yes,Forest,Lower
2004-10-01,17.0,MP,Seiurus,aurocapilla,Parulidae,4580,Yes,Forest,Lower
2004-10-01,17.0,CHI,Oreothlypis,peregrina,Parulidae,2515,Yes,Edge,Upper
2004-10-01,17.0,MP,geothlypis,philadelphia,Parulidae,430,Yes,Edge,Lower
2004-10-02,14.0,MP,Setophaga,coronata,Parulidae,887,yes,forest,Upper
2004-10-02,14.0,MP,Melospiza,lincolnii,Passerellidae,2029,yes,edge,Lower
2004-10-02,14.0,MP,Melospiza,lincolnii,Passerellidae,2029,yes,edge,Lower
2004-10-02,14.0,MP,Seiurus,aurocapilla,Parulidae,4580,Yes,Forest,Lower
2004-10-02,14.0,MP,Seiurus,aurocapilla,Parulidae,4580,Yes,Forest,Lower
2004-10-02,14.0,CHI,Zonotrichia,albicollis,Passerellidae,10133,Yes,Forest,Lower
2004-10-02,14.0,MP,Oreothlypis,peregrina,Parulidae,2515,Yes,Edge,Upper
2004-10-02,14.0,MP,Zonotrichia,albicollis,Passerellidae,10133,Yes,Forest,Lower
2004-10-02,14.0,MP,Setophaga,striata,Parulidae,787,Yes,Forest,Upper
2004-10-02,14.0,CHI,Seiurus,aurocapilla,Parulidae,4580,Yes,Forest,Lower
2004-10-02,14.0,MP,Zonotrichia,albicollis,Passerellidae,10133,Yes,Forest,Lower
2004-10-03,14.0,MP,Zonotrichia,albicollis,Passerellidae,10133,Yes,Forest,Lower
2004-10-03,14.0,MP,Geothlypis,trichas,Parulidae,1555,Yes,Open,Lower
2004-10-03,14.0,MP,Seiurus,aurocapilla,Parulidae,4580,Yes,Forest,Lower
2004-10-04,14.0,MP,Zonotrichia,albicollis,Passerellidae,10133,Yes,Forest,Lower
2004-10-04,14.0,MP,Regulus,calendula,Regulidae,416,No,Forest,Upper
2004-10-05,14.0,MP,Regulus,calendula,Regulidae,416,No,Forest,Upper
2004-10-05,14.0,MP,Seiurus,aurocapilla,Parulidae,4580,Yes,Forest,Lower
2004-10-05,14.0,MP,Passerella,iliaca,Passerellidae,2443,Yes,Edge,Lower
2004-10-05,14.0,CHI,Regulus,satrapa,Regulidae,1029,Yes,Forest,Upper
2004-10-05,14.0,CHI,Zonotrichia,albicollis,Passerellidae,10133,Yes,Forest,Lower
2004-10-05,14.0,MP,Passerella,iliaca,Passerellidae,2443,Yes,Edge,Lower
2004-10-05,14.0,CHI,Melospiza,lincolnii,Passerellidae,2029,yes,edge,Lower
2004-10-05,14.0,MP,Zonotrichia,albicollis,Passerellidae,10133,Yes,Forest,Lower
2004-10-05,14.0,MP,Junco,hyemalis,Passerellidae,6303,Yes,Edge,Lower
2004-10-05,14.0,CHI,Setophaga,tigrina,Parulidae,182,Yes,Forest,Upper
2004-10-05,14.0,MP,Zonotrichia,albicollis,Passerellidae,10133,Yes,Forest,Lower
2004-10-05,14.0,MP,Zonotrichia,albicollis,Passerellidae,10133,Yes,Forest,Lower
2004-10-05,14.0,MP,Zonotrichia,albicollis,Passerellidae,10133,Yes,Forest,Lower
2004-10-05,14.0,MP,Seiurus,aurocapilla,Parulidae,4580,Yes,Forest,Lower
2004-10-05,14.0,MP,Melospiza,melodia,Passerellidae,5124,Yes,Edge,Lower
2004-10-05,14.0,CHI,Junco,hyemalis,Passerellidae,6303,Yes,Edge,Lower
2004-10-05,14.0,MP,Setophaga,striata,Parulidae,787,Yes,Forest,Upper
2004-10-05,14.0,MP,Setophaga,striata,Parulidae,787,Yes,Forest,Upper
2004-10-05,14.0,MP,Catharus,guttatus,Turdidae,3729,Yes,Forest,Lower
2004-10-05,14.0,CHI,Zonotrichia,albicollis,Passerellidae,10133,Yes,Forest,Lower
2004-10-05,14.0,MP,Zonotrichia,albicollis,Passerellidae,10133,Yes,Forest,Lower
2004-10-05,14.0,MP,Junco,hyemalis,Passerellidae,6303,Yes,Edge,Lower
2004-10-05,14.0,MP,Zonotrichia,albicollis,Passerellidae,10133,Yes,Forest,Lower
2004-10-05,14.0,CHI,Zonotrichia,albicollis,Passerellidae,10133,Yes,Forest,Lower
2004-10-05,14.0,CHI,Zonotrichia,albicollis,Passerellidae,10133,Yes,Forest,Lower
2004-10-05,14.0,MP,Oreothlypis,ruficapilla,Parulidae,1690,Yes,Forest,Upper
2004-10-05,14.0,CHI,Setophaga,coronata,Parulidae,887,yes,forest,Upper
2004-10-05,14.0,MP,Melospiza,lincolnii,Passerellidae,2029,yes,edge,Lower
2004-10-05,14.0,CHI,catharus,ustulatus,Turdidae,2331,Yes,Forest,Lower
2004-10-05,14.0,MP,catharus,ustulatus,Turdidae,2331,Yes,Forest,Lower
2004-10-05,14.0,MP,Oreothlypis,ruficapilla,Parulidae,1690,Yes,Forest,Upper
2004-10-05,14.0,MP,Oreothlypis,peregrina,Parulidae,2515,Yes,Edge,Upper
2004-10-05,14.0,CHI,Zonotrichia,albicollis,Passerellidae,10133,Yes,Forest,Lower
2004-10-05,14.0,CHI,Zonotrichia,albicollis,Passerellidae,10133,Yes,Forest,Lower
2004-10-05,14.0,MP,Zonotrichia,leucophrys,Passerellidae,1090,Yes,Edge,Lower
2004-10-05,14.0,MP,Zonotrichia,leucophrys,Passerellidae,1090,Yes,Edge,Lower
2004-10-05,14.0,MP,Zonotrichia,leucophrys,Passerellidae,1090,Yes,Edge,Lower
2004-10-05,14.0,MP,Melospiza,lincolnii,Passerellidae,2029,yes,edge,Lower
2004-10-06,14.0,MP,Zonotrichia,albicollis,Passerellidae,10133,Yes,Forest,Lower
2004-10-06,14.0,MP,Zonotrichia,albicollis,Passerellidae,10133,Yes,Forest,Lower
2004-10-06,14.0,CHI,Zonotrichia,albicollis,Passerellidae,10133,Yes,Forest,Lower
2004-10-06,14.0,MP,Catharus,guttatus,Turdidae,3729,Yes,Forest,Lower
2004-10-06,14.0,MP,Zonotrichia,albicollis,Passerellidae,10133,Yes,Forest,Lower
2004-10-06,14.0,MP,Zonotrichia,albicollis,Passerellidae,10133,Yes,Forest,Lower
2004-10-06,14.0,MP,Zonotrichia,albicollis,Passerellidae,10133,Yes,Forest,Lower
2004-10-06,14.0,MP,Zonotrichia,albicollis,Passerellidae,10133,Yes,Forest,Lower
2004-10-08,17.0,CHI,Junco,hyemalis,Passerellidae,6303,Yes,Edge,Lower
2004-10-08,17.0,MP,Zonotrichia,albicollis,Passerellidae,10133,Yes,Forest,Lower
2004-10-08,17.0,MP,Zonotrichia,albicollis,Passerellidae,10133,Yes,Forest,Lower
2004-10-09,17.0,MP,Junco,hyemalis,Passerellidae,6303,Yes,Edge,Lower
2004-10-09,17.0,MP,Geothlypis,trichas,Parulidae,1555,Yes,Open,Lower
2004-10-09,17.0,MP,Junco,hyemalis,Passerellidae,6303,Yes,Edge,Lower
2004-10-09,17.0,MP,Melospiza,melodia,Passerellidae,5124,Yes,Edge,Lower
2004-10-09,17.0,MP,Zonotrichia,albicollis,Passerellidae,10133,Yes,Forest,Lower
2004-10-10,14.0,CHI,catharus,ustulatus,Turdidae,2331,Yes,Forest,Lower
2004-10-10,14.0,MP,Zonotrichia,leucophrys,Passerellidae,1090,Yes,Edge,Lower
2004-10-10,14.0,MP,Oreothlypis,peregrina,Parulidae,2515,Yes,Edge,Upper
2004-10-11,14.0,CHI,Zonotrichia,albicollis,Passerellidae,10133,Yes,Forest,Lower
2004-10-11,14.0,CHI,Junco,hyemalis,Passerellidae,6303,Yes,Edge,Lower
2004-10-11,14.0,MP,Passerella,iliaca,Passerellidae,2443,Yes,Edge,Lower
2004-10-11,14.0,MP,Passerella,iliaca,Passerellidae,2443,Yes,Edge,Lower
2004-10-11,14.0,CHI,Zonotrichia,albicollis,Passerellidae,10133,Yes,Forest,Lower
2004-10-11,14.0,CHI,Zonotrichia,albicollis,Passerellidae,10133,Yes,Forest,Lower
2004-10-11,14.0,CHI,Zonotrichia,albicollis,Passerellidae,10133,Yes,Forest,Lower
2004-10-11,14.0,MP,Zonotrichia,albicollis,Passerellidae,10133,Yes,Forest,Lower
2004-10-11,14.0,CHI,Zonotrichia,albicollis,Passerellidae,10133,Yes,Forest,Lower
2004-10-11,14.0,CHI,Junco,hyemalis,Passerellidae,6303,Yes,Edge,Lower
2004-10-11,14.0,CHI,Junco,hyemalis,Passerellidae,6303,Yes,Edge,Lower
2004-10-11,14.0,MP,Zonotrichia,albicollis,Passerellidae,10133,Yes,Forest,Lower
2004-10-11,14.0,CHI,Zonotrichia,albicollis,Passerellidae,10133,Yes,Forest,Lower
2004-10-11,14.0,CHI,Zonotrichia,albicollis,Passerellidae,10133,Yes,Forest,Lower
2004-10-11,14.0,CHI,Zonotrichia,albicollis,Passerellidae,10133,Yes,Forest,Lower
2004-10-11,14.0,CHI,Zonotrichia,albicollis,Passerellidae,10133,Yes,Forest,Lower
2004-10-11,14.0,CHI,Zonotrichia,albicollis,Passerellidae,10133,Yes,Forest,Lower
2004-10-11,14.0,CHI,Zonotrichia,albicollis,Passerellidae,10133,Yes,Forest,Lower
2004-10-11,14.0,CHI,Zonotrichia,albicollis,Passerellidae,10133,Yes,Forest,Lower
2004-10-11,14.0,CHI,Zonotrichia,albicollis,Passerellidae,10133,Yes,Forest,Lower
2004-10-11,14.0,CHI,Zonotrichia,albicollis,Passerellidae,10133,Yes,Forest,Lower
2004-10-11,14.0,CHI,Zonotrichia,albicollis,Passerellidae,10133,Yes,Forest,Lower
2004-10-11,14.0,MP,Zonotrichia,albicollis,Passerellidae,10133,Yes,Forest,Lower
2004-10-11,14.0,CHI,troglodytes,hiemalis,Troglodytidae,474,No,Forest,Lower
2004-10-11,14.0,CHI,Setophaga,tigrina,Parulidae,182,Yes,Forest,Upper
2004-10-11,14.0,CHI,troglodytes,hiemalis,Troglodytidae,474,No,Forest,Lower
2004-10-11,14.0,MP,Zonotrichia,albicollis,Passerellidae,10133,Yes,Forest,Lower
2004-10-11,14.0,CHI,Catharus,guttatus,Turdidae,3729,Yes,Forest,Lower
2004-10-11,14.0,CHI,Catharus,guttatus,Turdidae,3729,Yes,Forest,Lower
2004-10-11,14.0,CHI,Zonotrichia,albicollis,Passerellidae,10133,Yes,Forest,Lower
2004-10-11,14.0,CHI,Catharus,guttatus,Turdidae,3729,Yes,Forest,Lower
2004-10-11,14.0,MP,Catharus,guttatus,Turdidae,3729,Yes,Forest,Lower
2004-10-11,14.0,CHI,Zonotrichia,albicollis,Passerellidae,10133,Yes,Forest,Lower
2004-10-11,14.0,CHI,Zonotrichia,albicollis,Passerellidae,10133,Yes,Forest,Lower
2004-10-11,14.0,CHI,Zonotrichia,albicollis,Passerellidae,10133,Yes,Forest,Lower
2004-10-11,14.0,CHI,Zonotrichia,albicollis,Passerellidae,10133,Yes,Forest,Lower
2004-10-11,14.0,CHI,Zonotrichia,albicollis,Passerellidae,10133,Yes,Forest,Lower
2004-10-11,14.0,CHI,Zonotrichia,albicollis,Passerellidae,10133,Yes,Forest,Lower
2004-10-11,14.0,CHI,Zonotrichia,albicollis,Passerellidae,10133,Yes,Forest,Lower
2004-10-11,14.0,MP,Melospiza,lincolnii,Passerellidae,2029,yes,edge,Lower
2004-10-11,14.0,CHI,Zonotrichia,albicollis,Passerellidae,10133,Yes,Forest,Lower
2004-10-11,14.0,MP,Passerella,iliaca,Passerellidae,2443,Yes,Edge,Lower
2004-10-11,14.0,CHI,Zonotrichia,albicollis,Passerellidae,10133,Yes,Forest,Lower
2004-10-11,14.0,CHI,Zonotrichia,albicollis,Passerellidae,10133,Yes,Forest,Lower
2004-10-12,15.0,MP,Regulus,calendula,Regulidae,416,No,Forest,Upper
2004-10-12,15.0,MP,Zonotrichia,albicollis,Passerellidae,10133,Yes,Forest,Lower
2004-10-12,15.0,MP,Seiurus,aurocapilla,Parulidae,4580,Yes,Forest,Lower
2004-10-12,15.0,CHI,Zonotrichia,albicollis,Passerellidae,10133,Yes,Forest,Lower
2004-10-12,15.0,CHI,Zonotrichia,albicollis,Passerellidae,10133,Yes,Forest,Lower
2004-10-12,15.0,CHI,Zonotrichia,albicollis,Passerellidae,10133,Yes,Forest,Lower
2004-10-12,15.0,CHI,Zonotrichia,albicollis,Passerellidae,10133,Yes,Forest,Lower
2004-10-12,15.0,CHI,Zonotrichia,albicollis,Passerellidae,10133,Yes,Forest,Lower
2004-10-12,15.0,CHI,Melospiza,lincolnii,Passerellidae,2029,yes,edge,Lower
2004-10-12,15.0,CHI,Zonotrichia,albicollis,Passerellidae,10133,Yes,Forest,Lower
2004-10-12,15.0,CHI,Zonotrichia,albicollis,Passerellidae,10133,Yes,Forest,Lower
2004-10-12,15.0,CHI,Zonotrichia,albicollis,Passerellidae,10133,Yes,Forest,Lower
2004-10-12,15.0,CHI,Zonotrichia,albicollis,Passerellidae,10133,Yes,Forest,Lower
2004-10-12,15.0,CHI,Zonotrichia,albicollis,Passerellidae,10133,Yes,Forest,Lower
2004-10-12,15.0,CHI,Zonotrichia,albicollis,Passerellidae,10133,Yes,Forest,Lower
2004-10-12,15.0,CHI,Zonotrichia,albicollis,Passerellidae,10133,Yes,Forest,Lower
2004-10-12,15.0,MP,Zonotrichia,albicollis,Passerellidae,10133,Yes,Forest,Lower
2004-10-12,15.0,CHI,Melospiza,melodia,Passerellidae,5124,Yes,Edge,Lower
2004-10-12,15.0,CHI,troglodytes,hiemalis,Troglodytidae,474,No,Forest,Lower
2004-10-12,15.0,MP,Zonotrichia,leucophrys,Passerellidae,1090,Yes,Edge,Lower
2004-10-13,15.0,CHI,Spizella,pusilla,Passerellidae,325,Yes,Open,Lower
2004-10-13,15.0,CHI,Zonotrichia,albicollis,Passerellidae,10133,Yes,Forest,Lower
2004-10-13,15.0,CHI,Zonotrichia,albicollis,Passerellidae,10133,Yes,Forest,Lower
2004-10-13,15.0,CHI,Zonotrichia,albicollis,Passerellidae,10133,Yes,Forest,Lower
2004-10-13,15.0,CHI,Zonotrichia,albicollis,Passerellidae,10133,Yes,Forest,Lower
2004-10-13,15.0,CHI,Regulus,calendula,Regulidae,416,No,Forest,Upper
2004-10-13,15.0,CHI,Melospiza,lincolnii,Passerellidae,2029,yes,edge,Lower
2004-10-13,15.0,CHI,troglodytes,hiemalis,Troglodytidae,474,No,Forest,Lower
2004-10-14,17.0,MP,Zonotrichia,albicollis,Passerellidae,10133,Yes,Forest,Lower
2004-10-14,17.0,MP,Junco,hyemalis,Passerellidae,6303,Yes,Edge,Lower
2004-10-14,17.0,CHI,Zonotrichia,albicollis,Passerellidae,10133,Yes,Forest,Lower
2004-10-14,17.0,CHI,Zonotrichia,albicollis,Passerellidae,10133,Yes,Forest,Lower
2004-10-14,17.0,CHI,Regulus,satrapa,Regulidae,1029,Yes,Forest,Upper
2004-10-14,17.0,CHI,Zonotrichia,albicollis,Passerellidae,10133,Yes,Forest,Lower
2004-10-16,17.0,MP,Spizelloides,arborea,Passerellidae,1262,Yes,Edge,Lower
2004-10-16,17.0,MP,Regulus,satrapa,Regulidae,1029,Yes,Forest,Upper
2004-10-16,17.0,MP,Zonotrichia,albicollis,Passerellidae,10133,Yes,Forest,Lower
2004-10-16,17.0,MP,Zonotrichia,albicollis,Passerellidae,10133,Yes,Forest,Lower
2004-10-17,15.0,MP,Regulus,satrapa,Regulidae,1029,Yes,Forest,Upper
2004-10-17,15.0,MP,Catharus,guttatus,Turdidae,3729,Yes,Forest,Lower
2004-10-19,16.0,CHI,Junco,hyemalis,Passerellidae,6303,Yes,Edge,Lower
2004-10-19,16.0,CHI,Geothlypis,trichas,Parulidae,1555,Yes,Open,Lower
2004-10-19,16.0,CHI,Catharus,guttatus,Turdidae,3729,Yes,Forest,Lower
2004-10-19,16.0,CHI,Zonotrichia,leucophrys,Passerellidae,1090,Yes,Edge,Lower
2004-10-19,16.0,MP,Zonotrichia,leucophrys,Passerellidae,1090,Yes,Edge,Lower
2004-10-19,16.0,CHI,Zonotrichia,leucophrys,Passerellidae,1090,Yes,Edge,Lower
2004-10-19,16.0,CHI,Zonotrichia,albicollis,Passerellidae,10133,Yes,Forest,Lower
2004-10-19,16.0,CHI,Zonotrichia,albicollis,Passerellidae,10133,Yes,Forest,Lower
2004-10-19,16.0,CHI,Zonotrichia,albicollis,Passerellidae,10133,Yes,Forest,Lower
2004-10-19,16.0,CHI,Zonotrichia,albicollis,Passerellidae,10133,Yes,Forest,Lower
2004-10-19,16.0,CHI,Zonotrichia,albicollis,Passerellidae,10133,Yes,Forest,Lower
2004-10-20,17.0,CHI,Oreothlypis,peregrina,Parulidae,2515,Yes,Edge,Upper
2004-10-20,17.0,MP,Zonotrichia,leucophrys,Passerellidae,1090,Yes,Edge,Lower
2004-10-20,17.0,MP,Zonotrichia,albicollis,Passerellidae,10133,Yes,Forest,Lower
2004-10-20,17.0,CHI,Oreothlypis,ruficapilla,Parulidae,1690,Yes,Forest,Upper
2004-10-20,17.0,CHI,Zonotrichia,albicollis,Passerellidae,10133,Yes,Forest,Lower
2004-10-20,17.0,CHI,Zonotrichia,albicollis,Passerellidae,10133,Yes,Forest,Lower
2004-10-20,17.0,CHI,Zonotrichia,albicollis,Passerellidae,10133,Yes,Forest,Lower
2004-10-20,17.0,CHI,Zonotrichia,albicollis,Passerellidae,10133,Yes,Forest,Lower
2004-10-20,17.0,CHI,Zonotrichia,albicollis,Passerellidae,10133,Yes,Forest,Lower
2004-10-20,17.0,MP,Zonotrichia,albicollis,Passerellidae,10133,Yes,Forest,Lower
2004-10-20,17.0,CHI,Junco,hyemalis,Passerellidae,6303,Yes,Edge,Lower
2004-10-20,17.0,CHI,Zonotrichia,leucophrys,Passerellidae,1090,Yes,Edge,Lower
2004-10-20,17.0,CHI,Catharus,guttatus,Turdidae,3729,Yes,Forest,Lower
2004-10-20,17.0,CHI,Passerella,iliaca,Passerellidae,2443,Yes,Edge,Lower
2004-10-21,17.0,CHI,Zonotrichia,albicollis,Passerellidae,10133,Yes,Forest,Lower
2004-10-21,17.0,CHI,Zonotrichia,albicollis,Passerellidae,10133,Yes,Forest,Lower
2004-10-21,17.0,CHI,Spizelloides,arborea,Passerellidae,1262,Yes,Edge,Lower
2004-10-21,17.0,CHI,Melospiza,melodia,Passerellidae,5124,Yes,Edge,Lower
2004-10-21,17.0,MP,Setophaga,palmarum,Parulidae,694,Yes,Edge,Lower
2004-10-21,17.0,CHI,Junco,hyemalis,Passerellidae,6303,Yes,Edge,Lower
2004-10-21,17.0,CHI,Zonotrichia,albicollis,Passerellidae,10133,Yes,Forest,Lower
2004-10-21,17.0,MP,Catharus,guttatus,Turdidae,3729,Yes,Forest,Lower
2004-10-21,17.0,CHI,troglodytes,hiemalis,Troglodytidae,474,No,Forest,Lower
2004-10-21,17.0,CHI,Zonotrichia,albicollis,Passerellidae,10133,Yes,Forest,Lower
2004-10-21,17.0,CHI,Zonotrichia,albicollis,Passerellidae,10133,Yes,Forest,Lower
2004-10-21,17.0,CHI,Zonotrichia,albicollis,Passerellidae,10133,Yes,Forest,Lower
2004-10-21,17.0,CHI,Catharus,guttatus,Turdidae,3729,Yes,Forest,Lower
2004-10-21,17.0,CHI,Catharus,guttatus,Turdidae,3729,Yes,Forest,Lower
2004-10-21,17.0,CHI,Catharus,guttatus,Turdidae,3729,Yes,Forest,Lower
2004-10-21,17.0,CHI,Zonotrichia,albicollis,Passerellidae,10133,Yes,Forest,Lower
2004-10-22,17.0,MP,Zonotrichia,leucophrys,Passerellidae,1090,Yes,Edge,Lower
2004-10-22,17.0,MP,Zonotrichia,albicollis,Passerellidae,10133,Yes,Forest,Lower
2004-10-22,17.0,MP,Zonotrichia,leucophrys,Passerellidae,1090,Yes,Edge,Lower
2004-10-24,14.0,MP,Junco,hyemalis,Passerellidae,6303,Yes,Edge,Lower
2004-10-24,14.0,MP,Zonotrichia,albicollis,Passerellidae,10133,Yes,Forest,Lower
2004-10-24,14.0,MP,Catharus,guttatus,Turdidae,3729,Yes,Forest,Lower
2004-10-25,10.0,MP,Zonotrichia,albicollis,Passerellidae,10133,Yes,Forest,Lower
2004-10-25,10.0,MP,Junco,hyemalis,Passerellidae,6303,Yes,Edge,Lower
2004-10-25,10.0,MP,Junco,hyemalis,Passerellidae,6303,Yes,Edge,Lower
2004-10-25,10.0,MP,Catharus,guttatus,Turdidae,3729,Yes,Forest,Lower
2004-10-25,10.0,CHI,Catharus,guttatus,Turdidae,3729,Yes,Forest,Lower
2004-10-25,10.0,MP,Catharus,guttatus,Turdidae,3729,Yes,Forest,Lower
2004-10-26,17.0,CHI,Passerella,iliaca,Passerellidae,2443,Yes,Edge,Lower
2004-10-26,17.0,CHI,Passerella,iliaca,Passerellidae,2443,Yes,Edge,Lower
2004-10-26,17.0,CHI,Zonotrichia,albicollis,Passerellidae,10133,Yes,Forest,Lower
2004-10-26,17.0,CHI,Zonotrichia,albicollis,Passerellidae,10133,Yes,Forest,Lower
2004-10-26,17.0,CHI,Catharus,guttatus,Turdidae,3729,Yes,Forest,Lower
2004-10-26,17.0,MP,Catharus,guttatus,Turdidae,3729,Yes,Forest,Lower
2004-10-26,17.0,CHI,Setophaga,palmarum,Parulidae,694,Yes,Edge,Lower
2004-10-26,17.0,CHI,Catharus,guttatus,Turdidae,3729,Yes,Forest,Lower
2004-10-26,17.0,CHI,Zonotrichia,albicollis,Passerellidae,10133,Yes,Forest,Lower
2004-10-26,17.0,CHI,Zonotrichia,albicollis,Passerellidae,10133,Yes,Forest,Lower
2004-10-26,17.0,CHI,Passerella,iliaca,Passerellidae,2443,Yes,Edge,Lower
2004-10-26,17.0,CHI,Zonotrichia,albicollis,Passerellidae,10133,Yes,Forest,Lower
2004-10-26,17.0,MP,Zonotrichia,albicollis,Passerellidae,10133,Yes,Forest,Lower
2004-10-26,17.0,CHI,Spizelloides,arborea,Passerellidae,1262,Yes,Edge,Lower
2004-10-26,17.0,CHI,troglodytes,hiemalis,Troglodytidae,474,No,Forest,Lower
2004-10-26,17.0,MP,Melospiza,melodia,Passerellidae,5124,Yes,Edge,Lower
2004-10-26,17.0,CHI,Junco,hyemalis,Passerellidae,6303,Yes,Edge,Lower
2004-10-26,17.0,CHI,Junco,hyemalis,Passerellidae,6303,Yes,Edge,Lower
2004-10-26,17.0,MP,Zonotrichia,albicollis,Passerellidae,10133,Yes,Forest,Lower
2004-10-26,17.0,CHI,Passerella,iliaca,Passerellidae,2443,Yes,Edge,Lower
2004-10-26,17.0,CHI,Passerella,iliaca,Passerellidae,2443,Yes,Edge,Lower
2004-10-27,17.0,CHI,Zonotrichia,albicollis,Passerellidae,10133,Yes,Forest,Lower
2004-10-27,17.0,CHI,Geothlypis,trichas,Parulidae,1555,Yes,Open,Lower
2004-10-27,17.0,CHI,Zonotrichia,leucophrys,Passerellidae,1090,Yes,Edge,Lower
2004-10-27,17.0,CHI,Passerella,iliaca,Passerellidae,2443,Yes,Edge,Lower
2004-10-27,17.0,CHI,Catharus,guttatus,Turdidae,3729,Yes,Forest,Lower
2004-10-27,17.0,MP,Zonotrichia,albicollis,Passerellidae,10133,Yes,Forest,Lower
2004-10-27,17.0,CHI,Zonotrichia,albicollis,Passerellidae,10133,Yes,Forest,Lower
2004-10-27,17.0,CHI,Zonotrichia,albicollis,Passerellidae,10133,Yes,Forest,Lower
2004-10-28,17.0,MP,Zonotrichia,albicollis,Passerellidae,10133,Yes,Forest,Lower
2004-10-30,16.0,MP,Junco,hyemalis,Passerellidae,6303,Yes,Edge,Lower
2004-10-30,16.0,CHI,geothlypis,philadelphia,Parulidae,430,Yes,Edge,Lower
2004-10-31,14.0,MP,Zonotrichia,albicollis,Passerellidae,10133,Yes,Forest,Lower
2004-10-31,14.0,MP,Junco,hyemalis,Passerellidae,6303,Yes,Edge,Lower
2004-10-31,14.0,MP,Passerella,iliaca,Passerellidae,2443,Yes,Edge,Lower
2004-10-31,14.0,MP,Junco,hyemalis,Passerellidae,6303,Yes,Edge,Lower
2004-11-01,14.0,MP,Catharus,guttatus,Turdidae,3729,Yes,Forest,Lower
2004-11-02,14.0,MP,Zonotrichia,leucophrys,Passerellidae,1090,Yes,Edge,Lower
2004-11-02,14.0,MP,Junco,hyemalis,Passerellidae,6303,Yes,Edge,Lower
2004-11-03,14.0,CHI,Junco,hyemalis,Passerellidae,6303,Yes,Edge,Lower
2004-11-03,14.0,CHI,Junco,hyemalis,Passerellidae,6303,Yes,Edge,Lower
2004-11-03,14.0,CHI,Junco,hyemalis,Passerellidae,6303,Yes,Edge,Lower
2004-11-03,14.0,CHI,Zonotrichia,leucophrys,Passerellidae,1090,Yes,Edge,Lower
2004-11-03,14.0,MP,Junco,hyemalis,Passerellidae,6303,Yes,Edge,Lower
2004-11-03,14.0,CHI,Junco,hyemalis,Passerellidae,6303,Yes,Edge,Lower
2004-11-03,14.0,CHI,Junco,hyemalis,Passerellidae,6303,Yes,Edge,Lower
2004-11-03,14.0,CHI,Junco,hyemalis,Passerellidae,6303,Yes,Edge,Lower
2004-11-03,14.0,CHI,Junco,hyemalis,Passerellidae,6303,Yes,Edge,Lower
2004-11-03,14.0,CHI,Junco,hyemalis,Passerellidae,6303,Yes,Edge,Lower
2004-11-03,14.0,CHI,Junco,hyemalis,Passerellidae,6303,Yes,Edge,Lower
2004-11-03,14.0,CHI,Passerella,iliaca,Passerellidae,2443,Yes,Edge,Lower
2004-11-03,14.0,CHI,Junco,hyemalis,Passerellidae,6303,Yes,Edge,Lower
2004-11-03,14.0,CHI,Zonotrichia,albicollis,Passerellidae,10133,Yes,Forest,Lower
2004-11-03,14.0,CHI,Junco,hyemalis,Passerellidae,6303,Yes,Edge,Lower
2004-11-03,14.0,CHI,Passerella,iliaca,Passerellidae,2443,Yes,Edge,Lower
2004-11-03,14.0,MP,Spizelloides,arborea,Passerellidae,1262,Yes,Edge,Lower
2004-11-04,14.0,MP,Junco,hyemalis,Passerellidae,6303,Yes,Edge,Lower
2004-11-04,14.0,MP,Junco,hyemalis,Passerellidae,6303,Yes,Edge,Lower
2004-11-05,15.0,MP,Junco,hyemalis,Passerellidae,6303,Yes,Edge,Lower
2004-11-05,15.0,MP,Spizelloides,arborea,Passerellidae,1262,Yes,Edge,Lower
2004-11-05,15.0,MP,Junco,hyemalis,Passerellidae,6303,Yes,Edge,Lower
2004-11-05,15.0,CHI,Junco,hyemalis,Passerellidae,6303,Yes,Edge,Lower
2004-11-05,15.0,CHI,Junco,hyemalis,Passerellidae,6303,Yes,Edge,Lower
2004-11-05,15.0,MP,Junco,hyemalis,Passerellidae,6303,Yes,Edge,Lower
2004-11-05,15.0,CHI,Junco,hyemalis,Passerellidae,6303,Yes,Edge,Lower
2004-11-05,15.0,MP,Junco,hyemalis,Passerellidae,6303,Yes,Edge,Lower
2004-11-05,15.0,CHI,Zonotrichia,albicollis,Passerellidae,10133,Yes,Forest,Lower
2004-11-05,15.0,MP,Junco,hyemalis,Passerellidae,6303,Yes,Edge,Lower
2004-11-05,15.0,MP,Junco,hyemalis,Passerellidae,6303,Yes,Edge,Lower
2004-11-05,15.0,MP,Junco,hyemalis,Passerellidae,6303,Yes,Edge,Lower
2004-11-05,15.0,MP,Spizelloides,arborea,Passerellidae,1262,Yes,Edge,Lower
2004-11-05,15.0,MP,Spizelloides,arborea,Passerellidae,1262,Yes,Edge,Lower
2004-11-05,15.0,MP,Junco,hyemalis,Passerellidae,6303,Yes,Edge,Lower
2004-11-05,15.0,MP,Passerella,iliaca,Passerellidae,2443,Yes,Edge,Lower
2004-11-05,15.0,MP,Junco,hyemalis,Passerellidae,6303,Yes,Edge,Lower
2004-11-05,15.0,CHI,Passerella,iliaca,Passerellidae,2443,Yes,Edge,Lower
2004-11-05,15.0,CHI,Passerella,iliaca,Passerellidae,2443,Yes,Edge,Lower
2004-11-05,15.0,MP,Junco,hyemalis,Passerellidae,6303,Yes,Edge,Lower
2004-11-05,15.0,MP,Junco,hyemalis,Passerellidae,6303,Yes,Edge,Lower
2004-11-05,15.0,MP,Passerella,iliaca,Passerellidae,2443,Yes,Edge,Lower
2004-11-05,15.0,MP,Spizelloides,arborea,Passerellidae,1262,Yes,Edge,Lower
2004-11-05,15.0,CHI,Junco,hyemalis,Passerellidae,6303,Yes,Edge,Lower
2004-11-05,15.0,CHI,Zonotrichia,albicollis,Passerellidae,10133,Yes,Forest,Lower
2004-11-05,15.0,MP,Junco,hyemalis,Passerellidae,6303,Yes,Edge,Lower
2004-11-05,15.0,MP,Spizelloides,arborea,Passerellidae,1262,Yes,Edge,Lower
2004-11-05,15.0,MP,Junco,hyemalis,Passerellidae,6303,Yes,Edge,Lower
2004-11-06,15.0,MP,Spizelloides,arborea,Passerellidae,1262,Yes,Edge,Lower
2004-11-06,15.0,MP,Junco,hyemalis,Passerellidae,6303,Yes,Edge,Lower
2004-11-06,15.0,MP,Spizelloides,arborea,Passerellidae,1262,Yes,Edge,Lower
2004-11-06,15.0,MP,Spizelloides,arborea,Passerellidae,1262,Yes,Edge,Lower
2004-11-07,17.0,MP,Spizelloides,arborea,Passerellidae,1262,Yes,Edge,Lower
2004-11-07,17.0,MP,Junco,hyemalis,Passerellidae,6303,Yes,Edge,Lower
2004-11-07,17.0,MP,Junco,hyemalis,Passerellidae,6303,Yes,Edge,Lower
2004-11-08,17.0,MP,Melospiza,melodia,Passerellidae,5124,Yes,Edge,Lower
2004-11-08,17.0,CHI,Regulus,satrapa,Regulidae,1029,Yes,Forest,Upper
2004-11-08,17.0,CHI,Passerella,iliaca,Passerellidae,2443,Yes,Edge,Lower
2004-11-08,17.0,MP,Junco,hyemalis,Passerellidae,6303,Yes,Edge,Lower
2004-11-11,17.0,MP,Spizelloides,arborea,Passerellidae,1262,Yes,Edge,Lower
2004-11-12,17.0,CHI,Passerella,iliaca,Passerellidae,2443,Yes,Edge,Lower
2004-11-14,17.0,MP,Spizelloides,arborea,Passerellidae,1262,Yes,Edge,Lower
2004-11-19,14.0,MP,Spizelloides,arborea,Passerellidae,1262,Yes,Edge,Lower
2004-11-21,11.0,MP,Spizelloides,arborea,Passerellidae,1262,Yes,Edge,Lower
2005-03-07,13.0,MP,Melospiza,melodia,Passerellidae,5124,Yes,Edge,Lower
2005-03-07,13.0,MP,Passerella,iliaca,Passerellidae,2443,Yes,Edge,Lower
2005-03-07,13.0,MP,Melospiza,melodia,Passerellidae,5124,Yes,Edge,Lower
2005-03-07,13.0,MP,Melospiza,melodia,Passerellidae,5124,Yes,Edge,Lower
2005-03-07,13.0,MP,Melospiza,melodia,Passerellidae,5124,Yes,Edge,Lower
2005-03-07,13.0,MP,Melospiza,melodia,Passerellidae,5124,Yes,Edge,Lower
2005-03-07,13.0,MP,Passerella,iliaca,Passerellidae,2443,Yes,Edge,Lower
2005-03-19,17.0,MP,Melospiza,melodia,Passerellidae,5124,Yes,Edge,Lower
2005-03-19,17.0,MP,Melospiza,melodia,Passerellidae,5124,Yes,Edge,Lower
2005-03-19,17.0,MP,Melospiza,melodia,Passerellidae,5124,Yes,Edge,Lower
2005-03-24,16.0,MP,Melospiza,melodia,Passerellidae,5124,Yes,Edge,Lower
2005-03-28,3.0,CHI,Junco,hyemalis,Passerellidae,6303,Yes,Edge,Lower
2005-03-29,4.0,MP,Passerella,iliaca,Passerellidae,2443,Yes,Edge,Lower
2005-03-31,15.0,MP,Melospiza,melodia,Passerellidae,5124,Yes,Edge,Lower
2005-03-31,15.0,MP,Melospiza,melodia,Passerellidae,5124,Yes,Edge,Lower
2005-03-31,15.0,MP,Melospiza,melodia,Passerellidae,5124,Yes,Edge,Lower
2005-03-31,15.0,MP,Melospiza,melodia,Passerellidae,5124,Yes,Edge,Lower
2005-03-31,15.0,MP,Melospiza,melodia,Passerellidae,5124,Yes,Edge,Lower
2005-03-31,15.0,MP,Melospiza,melodia,Passerellidae,5124,Yes,Edge,Lower
2005-03-31,15.0,CHI,Spizelloides,arborea,Passerellidae,1262,Yes,Edge,Lower
2005-03-31,15.0,MP,Passerella,iliaca,Passerellidae,2443,Yes,Edge,Lower
2005-03-31,15.0,CHI,Spizella,pusilla,Passerellidae,325,Yes,Open,Lower
2005-04-01,15.0,MP,Junco,hyemalis,Passerellidae,6303,Yes,Edge,Lower
2005-04-04,15.0,CHI,Passerella,iliaca,Passerellidae,2443,Yes,Edge,Lower
2005-04-04,15.0,CHI,Regulus,satrapa,Regulidae,1029,Yes,Forest,Upper
2005-04-04,15.0,CHI,Regulus,satrapa,Regulidae,1029,Yes,Forest,Upper
2005-04-05,17.0,MP,Melospiza,melodia,Passerellidae,5124,Yes,Edge,Lower
2005-04-05,17.0,MP,Passerella,iliaca,Passerellidae,2443,Yes,Edge,Lower
2005-04-05,17.0,CHI,Melospiza,melodia,Passerellidae,5124,Yes,Edge,Lower
2005-04-05,17.0,MP,Melospiza,melodia,Passerellidae,5124,Yes,Edge,Lower
2005-04-05,17.0,MP,Junco,hyemalis,Passerellidae,6303,Yes,Edge,Lower
2005-04-06,17.0,MP,Junco,hyemalis,Passerellidae,6303,Yes,Edge,Lower
2005-04-06,17.0,MP,Passerculus,sandwichensis,Passerellidae,274,yes,open,Lower	
2005-04-06,17.0,CHI,Junco,hyemalis,Passerellidae,6303,Yes,Edge,Lower
2005-04-06,17.0,MP,Melospiza,melodia,Passerellidae,5124,Yes,Edge,Lower
2005-04-06,17.0,MP,Melospiza,melodia,Passerellidae,5124,Yes,Edge,Lower
2005-04-06,17.0,MP,Spizelloides,arborea,Passerellidae,1262,Yes,Edge,Lower
2005-04-06,17.0,CHI,Junco,hyemalis,Passerellidae,6303,Yes,Edge,Lower
2005-04-06,17.0,MP,Passerella,iliaca,Passerellidae,2443,Yes,Edge,Lower
2005-04-07,17.0,CHI,Catharus,guttatus,Turdidae,3729,Yes,Forest,Lower
2005-04-09,17.0,MP,Melospiza,melodia,Passerellidae,5124,Yes,Edge,Lower
2005-04-09,17.0,CHI,Regulus,satrapa,Regulidae,1029,Yes,Forest,Upper
2005-04-11,3.0,CHI,Catharus,guttatus,Turdidae,3729,Yes,Forest,Lower
2005-04-11,3.0,CHI,Junco,hyemalis,Passerellidae,6303,Yes,Edge,Lower
2005-04-15,16.0,CHI,Regulus,calendula,Regulidae,416,No,Forest,Upper
2005-04-16,17.0,CHI,Catharus,guttatus,Turdidae,3729,Yes,Forest,Lower
2005-04-16,17.0,CHI,Setophaga,coronata,Parulidae,887,yes,forest,Upper
2005-04-18,17.0,CHI,Zonotrichia,albicollis,Passerellidae,10133,Yes,Forest,Lower
2005-04-18,17.0,CHI,Zonotrichia,albicollis,Passerellidae,10133,Yes,Forest,Lower
2005-04-18,17.0,MP,Zonotrichia,albicollis,Passerellidae,10133,Yes,Forest,Lower
2005-04-18,17.0,CHI,Catharus,guttatus,Turdidae,3729,Yes,Forest,Lower
2005-04-18,17.0,MP,Zonotrichia,albicollis,Passerellidae,10133,Yes,Forest,Lower
2005-04-19,17.0,CHI,Catharus,guttatus,Turdidae,3729,Yes,Forest,Lower
2005-04-19,17.0,MP,Oreothlypis,celata,Parulidae,227,Yes,Edge,Lower
2005-04-19,17.0,CHI,Catharus,guttatus,Turdidae,3729,Yes,Forest,Lower
2005-04-19,17.0,CHI,Zonotrichia,albicollis,Passerellidae,10133,Yes,Forest,Lower
2005-04-19,17.0,MP,Zonotrichia,albicollis,Passerellidae,10133,Yes,Forest,Lower
2005-04-20,17.0,MP,Zonotrichia,albicollis,Passerellidae,10133,Yes,Forest,Lower
2005-04-20,17.0,MP,Zonotrichia,albicollis,Passerellidae,10133,Yes,Forest,Lower
2005-04-20,17.0,MP,Zonotrichia,albicollis,Passerellidae,10133,Yes,Forest,Lower
2005-04-20,17.0,MP,Troglodytes,aedon,Troglodytidae,104,No,Edge,Lower
2005-04-20,17.0,MP,Spizella,pusilla,Passerellidae,325,Yes,Open,Lower
2005-04-21,14.0,CHI,Zonotrichia,albicollis,Passerellidae,10133,Yes,Forest,Lower
2005-04-22,14.0,CHI,Zonotrichia,albicollis,Passerellidae,10133,Yes,Forest,Lower
2005-04-22,14.0,CHI,Troglodytes,aedon,Troglodytidae,104,No,Edge,Lower
2005-04-23,14.0,CHI,Toxostoma,rufum,Mimidae,166,No,Edge,Lower
2005-04-29,3.0,CHI,Zonotrichia,albicollis,Passerellidae,10133,Yes,Forest,Lower
2005-04-30,4.0,MP,Catharus,guttatus,Turdidae,3729,Yes,Forest,Lower
2005-04-30,4.0,CHI,Zonotrichia,albicollis,Passerellidae,10133,Yes,Forest,Lower
2005-04-30,4.0,CHI,Catharus,guttatus,Turdidae,3729,Yes,Forest,Lower
2005-05-01,4.0,MP,Melospiza,melodia,Passerellidae,5124,Yes,Edge,Lower
2005-05-04,4.0,CHI,Melospiza,melodia,Passerellidae,5124,Yes,Edge,Lower
2005-05-04,4.0,CHI,Regulus,calendula,Regulidae,416,No,Forest,Upper
2005-05-05,4.0,CHI,Hylocichla,mustelina,Turdidae,500,Yes,Forest,Lower
2005-05-05,4.0,CHI,Hylocichla,mustelina,Turdidae,500,Yes,Forest,Lower
2005-05-05,4.0,CHI,Zonotrichia,albicollis,Passerellidae,10133,Yes,Forest,Lower
2005-05-05,4.0,CHI,Zonotrichia,albicollis,Passerellidae,10133,Yes,Forest,Lower
2005-05-05,4.0,CHI,Zonotrichia,albicollis,Passerellidae,10133,Yes,Forest,Lower
2005-05-05,4.0,MP,Catharus,guttatus,Turdidae,3729,Yes,Forest,Lower
2005-05-05,4.0,CHI,Zonotrichia,albicollis,Passerellidae,10133,Yes,Forest,Lower
2005-05-05,4.0,MP,Troglodytes,aedon,Troglodytidae,104,No,Edge,Lower
2005-05-06,4.0,MP,Zonotrichia,albicollis,Passerellidae,10133,Yes,Forest,Lower
2005-05-06,4.0,MP,Zonotrichia,albicollis,Passerellidae,10133,Yes,Forest,Lower
2005-05-06,4.0,MP,Melospiza,lincolnii,Passerellidae,2029,yes,edge,Lower
2005-05-06,4.0,CHI,Parkesia,noveboracensis,Parulidae,916,Yes,Forest,Lower
2005-05-06,4.0,CHI,Zonotrichia,albicollis,Passerellidae,10133,Yes,Forest,Lower
2005-05-07,4.0,MP,Zonotrichia,leucophrys,Passerellidae,1090,Yes,Edge,Lower
2005-05-07,4.0,CHI,Mniotilta,varia,Parulidae,620,Yes,Forest,Upper
2005-05-07,4.0,MP,Hylocichla,mustelina,Turdidae,500,Yes,Forest,Lower
2005-05-07,4.0,CHI,Mniotilta,varia,Parulidae,620,Yes,Forest,Upper
2005-05-07,4.0,CHI,Hylocichla,mustelina,Turdidae,500,Yes,Forest,Lower
2005-05-07,4.0,CHI,Hylocichla,mustelina,Turdidae,500,Yes,Forest,Lower
2005-05-07,4.0,CHI,Melospiza,lincolnii,Passerellidae,2029,yes,edge,Lower
2005-05-07,4.0,CHI,Zonotrichia,albicollis,Passerellidae,10133,Yes,Forest,Lower
2005-05-07,4.0,CHI,Oreothlypis,ruficapilla,Parulidae,1690,Yes,Forest,Upper
2005-05-07,4.0,CHI,Zonotrichia,albicollis,Passerellidae,10133,Yes,Forest,Lower
2005-05-07,4.0,CHI,Zonotrichia,albicollis,Passerellidae,10133,Yes,Forest,Lower
2005-05-07,4.0,CHI,Troglodytes,aedon,Troglodytidae,104,No,Edge,Lower
2005-05-07,4.0,CHI,Zonotrichia,albicollis,Passerellidae,10133,Yes,Forest,Lower
2005-05-07,4.0,CHI,Zonotrichia,albicollis,Passerellidae,10133,Yes,Forest,Lower
2005-05-07,4.0,CHI,Zonotrichia,albicollis,Passerellidae,10133,Yes,Forest,Lower
2005-05-07,4.0,CHI,Zonotrichia,albicollis,Passerellidae,10133,Yes,Forest,Lower
2005-05-07,4.0,CHI,Zonotrichia,albicollis,Passerellidae,10133,Yes,Forest,Lower
2005-05-07,4.0,CHI,Seiurus,aurocapilla,Parulidae,4580,Yes,Forest,Lower
2005-05-07,4.0,CHI,Setophaga,striata,Parulidae,787,Yes,Forest,Upper
2005-05-07,4.0,CHI,Zonotrichia,albicollis,Passerellidae,10133,Yes,Forest,Lower
2005-05-07,4.0,CHI,Zonotrichia,albicollis,Passerellidae,10133,Yes,Forest,Lower
2005-05-07,4.0,CHI,Zonotrichia,albicollis,Passerellidae,10133,Yes,Forest,Lower
2005-05-07,4.0,MP,Zonotrichia,albicollis,Passerellidae,10133,Yes,Forest,Lower
2005-05-07,4.0,CHI,Zonotrichia,albicollis,Passerellidae,10133,Yes,Forest,Lower
2005-05-07,4.0,CHI,Pheucticus,ludovicianus,Cardinalidae,397,Yes,Forest,Upper
2005-05-07,4.0,MP,Zonotrichia,albicollis,Passerellidae,10133,Yes,Forest,Lower
2005-05-08,15.0,MP,Melospiza,lincolnii,Passerellidae,2029,yes,edge,Lower
2005-05-08,15.0,CHI,Zonotrichia,albicollis,Passerellidae,10133,Yes,Forest,Lower
2005-05-08,15.0,CHI,Oreothlypis,ruficapilla,Parulidae,1690,Yes,Forest,Upper
2005-05-08,15.0,CHI,Toxostoma,rufum,Mimidae,166,No,Edge,Lower
2005-05-08,15.0,CHI,Catharus,minimus,Turdidae,822,Yes,Forest,Lower
2005-05-08,15.0,CHI,Oreothlypis,ruficapilla,Parulidae,1690,Yes,Forest,Upper
2005-05-08,15.0,CHI,Vermivora,cyanoptera,Parulidae,16,Yes,Edge,Upper
2005-05-08,15.0,CHI,Zonotrichia,albicollis,Passerellidae,10133,Yes,Forest,Lower
2005-05-08,15.0,CHI,Zonotrichia,albicollis,Passerellidae,10133,Yes,Forest,Lower
2005-05-08,15.0,CHI,Sitta,canadensis,Sittidae,260,Yes,Forest,Upper
2005-05-08,15.0,CHI,Oreothlypis,peregrina,Parulidae,2515,Yes,Edge,Upper
2005-05-08,15.0,CHI,Hylocichla,mustelina,Turdidae,500,Yes,Forest,Lower
2005-05-08,15.0,CHI,Zonotrichia,albicollis,Passerellidae,10133,Yes,Forest,Lower
2005-05-09,5.0,MP,Zonotrichia,albicollis,Passerellidae,10133,Yes,Forest,Lower
2005-05-09,5.0,CHI,Catharus,fuscescens,Turdidae,727,Yes,Forest,Lower
2005-05-09,5.0,MP,Catharus,fuscescens,Turdidae,727,Yes,Forest,Lower
2005-05-09,5.0,CHI,Zonotrichia,albicollis,Passerellidae,10133,Yes,Forest,Lower
2005-05-09,5.0,CHI,Zonotrichia,albicollis,Passerellidae,10133,Yes,Forest,Lower
2005-05-09,5.0,CHI,Zonotrichia,albicollis,Passerellidae,10133,Yes,Forest,Lower
2005-05-09,5.0,CHI,Melospiza,lincolnii,Passerellidae,2029,yes,edge,Lower
2005-05-09,5.0,CHI,Melospiza,lincolnii,Passerellidae,2029,yes,edge,Lower
2005-05-09,5.0,CHI,Passerina,cyanea,Cardinalidae,725,yes,edge,Upper
2005-05-09,5.0,MP,Parkesia,noveboracensis,Parulidae,916,Yes,Forest,Lower
2005-05-09,5.0,MP,dumetella,carolinensis,Mimidae,599,no,edge,Lower
2005-05-10,15.0,CHI,Seiurus,aurocapilla,Parulidae,4580,Yes,Forest,Lower
2005-05-10,15.0,CHI,Catharus,minimus,Turdidae,822,Yes,Forest,Lower
2005-05-10,15.0,CHI,Zonotrichia,albicollis,Passerellidae,10133,Yes,Forest,Lower
2005-05-10,15.0,CHI,Catharus,fuscescens,Turdidae,727,Yes,Forest,Lower
2005-05-10,15.0,MP,Zonotrichia,albicollis,Passerellidae,10133,Yes,Forest,Lower
2005-05-10,15.0,CHI,Geothlypis,trichas,Parulidae,1555,Yes,Open,Lower
2005-05-10,15.0,MP,Zonotrichia,leucophrys,Passerellidae,1090,Yes,Edge,Lower
2005-05-10,15.0,MP,Seiurus,aurocapilla,Parulidae,4580,Yes,Forest,Lower
2005-05-10,15.0,CHI,Regulus,calendula,Regulidae,416,No,Forest,Upper
2005-05-10,15.0,CHI,Seiurus,aurocapilla,Parulidae,4580,Yes,Forest,Lower
2005-05-10,15.0,MP,Zonotrichia,leucophrys,Passerellidae,1090,Yes,Edge,Lower
2005-05-10,15.0,CHI,Seiurus,aurocapilla,Parulidae,4580,Yes,Forest,Lower
2005-05-11,15.0,CHI,catharus,ustulatus,Turdidae,2331,Yes,Forest,Lower
2005-05-11,15.0,CHI,Zonotrichia,leucophrys,Passerellidae,1090,Yes,Edge,Lower
2005-05-11,15.0,CHI,Zonotrichia,leucophrys,Passerellidae,1090,Yes,Edge,Lower
2005-05-11,15.0,MP,Oreothlypis,celata,Parulidae,227,Yes,Edge,Lower
2005-05-11,15.0,CHI,Seiurus,aurocapilla,Parulidae,4580,Yes,Forest,Lower
2005-05-11,15.0,CHI,Seiurus,aurocapilla,Parulidae,4580,Yes,Forest,Lower
2005-05-11,15.0,CHI,Seiurus,aurocapilla,Parulidae,4580,Yes,Forest,Lower
2005-05-11,15.0,MP,Seiurus,aurocapilla,Parulidae,4580,Yes,Forest,Lower
2005-05-12,17.0,CHI,Zonotrichia,albicollis,Passerellidae,10133,Yes,Forest,Lower
2005-05-13,17.0,CHI,Geothlypis,trichas,Parulidae,1555,Yes,Open,Lower
2005-05-13,17.0,CHI,Seiurus,aurocapilla,Parulidae,4580,Yes,Forest,Lower
2005-05-13,17.0,MP,Melospiza,lincolnii,Passerellidae,2029,yes,edge,Lower
2005-05-13,17.0,CHI,catharus,ustulatus,Turdidae,2331,Yes,Forest,Lower
2005-05-13,17.0,CHI,Seiurus,aurocapilla,Parulidae,4580,Yes,Forest,Lower
2005-05-13,17.0,CHI,Seiurus,aurocapilla,Parulidae,4580,Yes,Forest,Lower
2005-05-13,17.0,CHI,Setophaga,pensylvanica,Parulidae,303,Yes,Edge,Upper
2005-05-13,17.0,CHI,Parkesia,noveboracensis,Parulidae,916,Yes,Forest,Lower
2005-05-13,17.0,CHI,Geothlypis,trichas,Parulidae,1555,Yes,Open,Lower
2005-05-14,17.0,CHI,Mniotilta,varia,Parulidae,620,Yes,Forest,Upper
2005-05-14,17.0,CHI,Mniotilta,varia,Parulidae,620,Yes,Forest,Upper
2005-05-14,17.0,CHI,Seiurus,aurocapilla,Parulidae,4580,Yes,Forest,Lower
2005-05-14,17.0,CHI,Seiurus,aurocapilla,Parulidae,4580,Yes,Forest,Lower
2005-05-14,17.0,CHI,Seiurus,aurocapilla,Parulidae,4580,Yes,Forest,Lower
2005-05-14,17.0,CHI,Seiurus,aurocapilla,Parulidae,4580,Yes,Forest,Lower
2005-05-14,17.0,CHI,Geothlypis,trichas,Parulidae,1555,Yes,Open,Lower
2005-05-14,17.0,CHI,Seiurus,aurocapilla,Parulidae,4580,Yes,Forest,Lower
2005-05-14,17.0,CHI,Seiurus,aurocapilla,Parulidae,4580,Yes,Forest,Lower
2005-05-14,17.0,CHI,Seiurus,aurocapilla,Parulidae,4580,Yes,Forest,Lower
2005-05-14,17.0,CHI,Seiurus,aurocapilla,Parulidae,4580,Yes,Forest,Lower
2005-05-14,17.0,CHI,Oreothlypis,ruficapilla,Parulidae,1690,Yes,Forest,Upper
2005-05-14,17.0,CHI,Seiurus,aurocapilla,Parulidae,4580,Yes,Forest,Lower
2005-05-14,17.0,CHI,Catharus,fuscescens,Turdidae,727,Yes,Forest,Lower
2005-05-14,17.0,CHI,Piranga,olivacea,Cardinalidae,127,Yes,Forest,Upper
2005-05-14,17.0,CHI,Seiurus,aurocapilla,Parulidae,4580,Yes,Forest,Lower
2005-05-14,17.0,CHI,Pheucticus,ludovicianus,Cardinalidae,397,Yes,Forest,Upper
2005-05-14,17.0,CHI,Cardellina,canadensis,Parulidae,241,Yes,Forest,Lower
2005-05-14,17.0,CHI,Seiurus,aurocapilla,Parulidae,4580,Yes,Forest,Lower
2005-05-14,17.0,CHI,Seiurus,aurocapilla,Parulidae,4580,Yes,Forest,Lower
2005-05-14,17.0,CHI,Geothlypis,trichas,Parulidae,1555,Yes,Open,Lower
2005-05-14,17.0,CHI,Seiurus,aurocapilla,Parulidae,4580,Yes,Forest,Lower
2005-05-14,17.0,CHI,Seiurus,aurocapilla,Parulidae,4580,Yes,Forest,Lower
2005-05-14,17.0,CHI,Passerina,cyanea,Cardinalidae,725,yes,edge,Upper
2005-05-14,17.0,CHI,Seiurus,aurocapilla,Parulidae,4580,Yes,Forest,Lower
2005-05-14,17.0,CHI,Parkesia,noveboracensis,Parulidae,916,Yes,Forest,Lower
2005-05-15,17.0,MP,Catharus,minimus,Turdidae,822,Yes,Forest,Lower
2005-05-15,17.0,CHI,Seiurus,aurocapilla,Parulidae,4580,Yes,Forest,Lower
2005-05-15,17.0,CHI,dumetella,carolinensis,Mimidae,599,no,edge,Lower
2005-05-15,17.0,MP,Seiurus,aurocapilla,Parulidae,4580,Yes,Forest,Lower
2005-05-15,17.0,CHI,Zonotrichia,albicollis,Passerellidae,10133,Yes,Forest,Lower
2005-05-15,17.0,CHI,Seiurus,aurocapilla,Parulidae,4580,Yes,Forest,Lower
2005-05-15,17.0,MP,Seiurus,aurocapilla,Parulidae,4580,Yes,Forest,Lower
2005-05-15,17.0,CHI,Seiurus,aurocapilla,Parulidae,4580,Yes,Forest,Lower
2005-05-15,17.0,MP,Mniotilta,varia,Parulidae,620,Yes,Forest,Upper
2005-05-15,17.0,CHI,Seiurus,aurocapilla,Parulidae,4580,Yes,Forest,Lower
2005-05-15,17.0,CHI,Hylocichla,mustelina,Turdidae,500,Yes,Forest,Lower
2005-05-15,17.0,CHI,Hylocichla,mustelina,Turdidae,500,Yes,Forest,Lower
2005-05-15,17.0,MP,cistothorus,palustris,Troglodytidae,91,No,Open,Lower
2005-05-15,17.0,MP,Passerina,cyanea,Cardinalidae,725,yes,edge,Upper
2005-05-16,17.0,CHI,Seiurus,aurocapilla,Parulidae,4580,Yes,Forest,Lower
2005-05-16,17.0,CHI,Seiurus,aurocapilla,Parulidae,4580,Yes,Forest,Lower
2005-05-16,17.0,CHI,dumetella,carolinensis,Mimidae,599,no,edge,Lower
2005-05-16,17.0,CHI,dumetella,carolinensis,Mimidae,599,no,edge,Lower
2005-05-16,17.0,CHI,Geothlypis,trichas,Parulidae,1555,Yes,Open,Lower
2005-05-17,17.0,CHI,Setophaga,pensylvanica,Parulidae,303,Yes,Edge,Upper
2005-05-17,17.0,CHI,Setophaga,magnolia,Parulidae,1224,yes,forest,Upper
2005-05-17,17.0,CHI,Seiurus,aurocapilla,Parulidae,4580,Yes,Forest,Lower
2005-05-17,17.0,CHI,Catharus,fuscescens,Turdidae,727,Yes,Forest,Lower
2005-05-17,17.0,CHI,Setophaga,magnolia,Parulidae,1224,yes,forest,Upper
2005-05-17,17.0,MP,Geothlypis,trichas,Parulidae,1555,Yes,Open,Lower
2005-05-17,17.0,CHI,Geothlypis,trichas,Parulidae,1555,Yes,Open,Lower
2005-05-17,17.0,MP,Zonotrichia,leucophrys,Passerellidae,1090,Yes,Edge,Lower
2005-05-18,16.0,CHI,dumetella,carolinensis,Mimidae,599,no,edge,Lower
2005-05-18,16.0,CHI,catharus,ustulatus,Turdidae,2331,Yes,Forest,Lower
2005-05-18,16.0,CHI,Setophaga,pensylvanica,Parulidae,303,Yes,Edge,Upper
2005-05-18,16.0,CHI,Seiurus,aurocapilla,Parulidae,4580,Yes,Forest,Lower
2005-05-18,16.0,CHI,Passerina,cyanea,Cardinalidae,725,yes,edge,Upper
2005-05-18,16.0,CHI,Sitta,canadensis,Sittidae,260,Yes,Forest,Upper
2005-05-18,16.0,MP,Setophaga,magnolia,Parulidae,1224,yes,forest,Upper
2005-05-18,16.0,MP,dumetella,carolinensis,Mimidae,599,no,edge,Lower
2005-05-18,16.0,CHI,Oreothlypis,peregrina,Parulidae,2515,Yes,Edge,Upper
2005-05-18,16.0,CHI,catharus,ustulatus,Turdidae,2331,Yes,Forest,Lower
2005-05-19,16.0,CHI,Seiurus,aurocapilla,Parulidae,4580,Yes,Forest,Lower
2005-05-19,16.0,CHI,Setophaga,castanea,Parulidae,287,Yes,Forest,Upper
2005-05-19,16.0,MP,Passerina,cyanea,Cardinalidae,725,yes,edge,Upper
2005-05-19,16.0,MP,Melospiza,lincolnii,Passerellidae,2029,yes,edge,Lower
2005-05-19,16.0,CHI,catharus,ustulatus,Turdidae,2331,Yes,Forest,Lower
2005-05-19,16.0,CHI,Seiurus,aurocapilla,Parulidae,4580,Yes,Forest,Lower
2005-05-19,16.0,CHI,Oreothlypis,peregrina,Parulidae,2515,Yes,Edge,Upper
2005-05-20,16.0,CHI,Seiurus,aurocapilla,Parulidae,4580,Yes,Forest,Lower
2005-05-20,16.0,CHI,Seiurus,aurocapilla,Parulidae,4580,Yes,Forest,Lower
2005-05-20,16.0,CHI,Seiurus,aurocapilla,Parulidae,4580,Yes,Forest,Lower
2005-05-21,17.0,CHI,dumetella,carolinensis,Mimidae,599,no,edge,Lower
2005-05-21,17.0,CHI,dumetella,carolinensis,Mimidae,599,no,edge,Lower
2005-05-21,17.0,CHI,Passerina,cyanea,Cardinalidae,725,yes,edge,Upper
2005-05-21,17.0,CHI,Seiurus,aurocapilla,Parulidae,4580,Yes,Forest,Lower
2005-05-22,14.0,CHI,Troglodytes,aedon,Troglodytidae,104,No,Edge,Lower
2005-05-22,14.0,MP,Geothlypis,trichas,Parulidae,1555,Yes,Open,Lower
2005-05-22,14.0,CHI,Geothlypis,trichas,Parulidae,1555,Yes,Open,Lower
2005-05-22,14.0,CHI,Geothlypis,trichas,Parulidae,1555,Yes,Open,Lower
2005-05-22,14.0,CHI,Seiurus,aurocapilla,Parulidae,4580,Yes,Forest,Lower
2005-05-22,14.0,MP,Seiurus,aurocapilla,Parulidae,4580,Yes,Forest,Lower
2005-05-22,14.0,MP,Seiurus,aurocapilla,Parulidae,4580,Yes,Forest,Lower
2005-05-22,14.0,CHI,Seiurus,aurocapilla,Parulidae,4580,Yes,Forest,Lower
2005-05-22,14.0,CHI,Seiurus,aurocapilla,Parulidae,4580,Yes,Forest,Lower
2005-05-23,13.0,MP,Seiurus,aurocapilla,Parulidae,4580,Yes,Forest,Lower
2005-05-23,13.0,CHI,dumetella,carolinensis,Mimidae,599,no,edge,Lower
2005-05-23,13.0,MP,Mniotilta,varia,Parulidae,620,Yes,Forest,Upper
2005-05-23,13.0,MP,Oreothlypis,peregrina,Parulidae,2515,Yes,Edge,Upper
2005-05-24,13.0,CHI,Seiurus,aurocapilla,Parulidae,4580,Yes,Forest,Lower
2005-05-24,13.0,CHI,Hylocichla,mustelina,Turdidae,500,Yes,Forest,Lower
2005-05-25,13.0,CHI,Cardellina,canadensis,Parulidae,241,Yes,Forest,Lower
2005-05-26,14.0,CHI,Setophaga,fusca,Parulidae,201,Yes,Forest,Upper
2005-05-27,15.0,MP,geothlypis,philadelphia,Parulidae,430,Yes,Edge,Lower
2005-05-27,15.0,MP,Contopus,virens,Tyrannidae,70,No,Forest,Upper
2005-05-27,15.0,MP,Cardellina,pusilla,Parulidae,185,Yes,Edge,Lower
2005-05-28,15.0,CHI,Setophaga,castanea,Parulidae,287,Yes,Forest,Upper
2005-05-28,15.0,CHI,geothlypis,philadelphia,Parulidae,430,Yes,Edge,Lower
2005-05-28,15.0,CHI,Passerina,cyanea,Cardinalidae,725,yes,edge,Upper
2005-05-28,15.0,CHI,dumetella,carolinensis,Mimidae,599,no,edge,Lower
2005-05-28,15.0,CHI,Setophaga,pensylvanica,Parulidae,303,Yes,Edge,Upper
2005-05-29,3.0,CHI,Geothlypis,trichas,Parulidae,1555,Yes,Open,Lower
2005-05-29,3.0,CHI,Zonotrichia,albicollis,Passerellidae,10133,Yes,Forest,Lower
2005-05-29,3.0,MP,catharus,ustulatus,Turdidae,2331,Yes,Forest,Lower
2005-05-29,3.0,CHI,Seiurus,aurocapilla,Parulidae,4580,Yes,Forest,Lower
2005-05-29,3.0,CHI,catharus,ustulatus,Turdidae,2331,Yes,Forest,Lower
2005-05-30,4.0,CHI,Vireo,olivaceus,Vireonidae,133,No,Forest,Upper
2005-08-29,15.0,CHI,Seiurus,aurocapilla,Parulidae,4580,Yes,Forest,Lower
2005-08-29,15.0,CHI,Setophaga,magnolia,Parulidae,1224,yes,forest,Upper
2005-08-29,15.0,CHI,Empidonax,minimus,Tyrannidae,96,No,Edge,Upper
2005-08-29,15.0,CHI,Setophaga,pensylvanica,Parulidae,303,Yes,Edge,Upper
2005-08-29,15.0,CHI,Cardellina,canadensis,Parulidae,241,Yes,Forest,Lower
2005-08-29,15.0,CHI,Seiurus,aurocapilla,Parulidae,4580,Yes,Forest,Lower
2005-08-29,15.0,CHI,Oporornis,agilis,Parulidae,365,Yes,Forest,Lower
2005-08-29,15.0,CHI,setophaga,ruticilla,Parulidae,868,Yes,Edge,Upper
2005-08-29,15.0,CHI,Setophaga,pensylvanica,Parulidae,303,Yes,Edge,Upper
2005-08-29,15.0,MP,Oreothlypis,peregrina,Parulidae,2515,Yes,Edge,Upper
2005-08-29,15.0,CHI,Parkesia,noveboracensis,Parulidae,916,Yes,Forest,Lower
2005-08-29,15.0,CHI,catharus,ustulatus,Turdidae,2331,Yes,Forest,Lower
2005-08-29,15.0,CHI,Oreothlypis,peregrina,Parulidae,2515,Yes,Edge,Upper
2005-08-29,15.0,CHI,Oreothlypis,peregrina,Parulidae,2515,Yes,Edge,Upper
2005-08-30,4.0,MP,catharus,ustulatus,Turdidae,2331,Yes,Forest,Lower
2005-08-30,4.0,CHI,Setophaga,magnolia,Parulidae,1224,yes,forest,Upper
2005-08-30,4.0,CHI,Oporornis,agilis,Parulidae,365,Yes,Forest,Lower
2005-08-30,4.0,CHI,Vermivora,chrysoptera,Parulidae,53,Yes,Edge,Upper
2005-08-31,6.0,CHI,Mniotilta,varia,Parulidae,620,Yes,Forest,Upper
2005-08-31,6.0,CHI,Catharus,fuscescens,Turdidae,727,Yes,Forest,Lower
2005-08-31,6.0,MP,Melospiza,lincolnii,Passerellidae,2029,yes,edge,Lower
2005-08-31,6.0,CHI,Setophaga,magnolia,Parulidae,1224,yes,forest,Upper
2005-08-31,6.0,CHI,Setophaga,pensylvanica,Parulidae,303,Yes,Edge,Upper
2005-09-01,6.0,CHI,Melospiza,lincolnii,Passerellidae,2029,yes,edge,Lower
2005-09-01,6.0,CHI,Oreothlypis,peregrina,Parulidae,2515,Yes,Edge,Upper
2005-09-01,6.0,CHI,Oreothlypis,peregrina,Parulidae,2515,Yes,Edge,Upper
2005-09-01,6.0,MP,Setophaga,palmarum,Parulidae,694,Yes,Edge,Lower
2005-09-01,6.0,CHI,Oreothlypis,peregrina,Parulidae,2515,Yes,Edge,Upper
2005-09-01,6.0,CHI,catharus,ustulatus,Turdidae,2331,Yes,Forest,Lower
2005-09-01,6.0,CHI,Oporornis,agilis,Parulidae,365,Yes,Forest,Lower
2005-09-02,6.0,CHI,Oreothlypis,ruficapilla,Parulidae,1690,Yes,Forest,Upper
2005-09-02,6.0,CHI,Mniotilta,varia,Parulidae,620,Yes,Forest,Upper
2005-09-03,6.0,CHI,catharus,ustulatus,Turdidae,2331,Yes,Forest,Lower
2005-09-03,6.0,CHI,catharus,ustulatus,Turdidae,2331,Yes,Forest,Lower
2005-09-03,6.0,CHI,catharus,ustulatus,Turdidae,2331,Yes,Forest,Lower
2005-09-03,6.0,CHI,catharus,ustulatus,Turdidae,2331,Yes,Forest,Lower
2005-09-03,6.0,CHI,catharus,ustulatus,Turdidae,2331,Yes,Forest,Lower
2005-09-03,6.0,CHI,catharus,ustulatus,Turdidae,2331,Yes,Forest,Lower
2005-09-03,6.0,CHI,Seiurus,aurocapilla,Parulidae,4580,Yes,Forest,Lower
2005-09-03,6.0,CHI,catharus,ustulatus,Turdidae,2331,Yes,Forest,Lower
2005-09-03,6.0,CHI,Setophaga,castanea,Parulidae,287,Yes,Forest,Upper
2005-09-03,6.0,CHI,Seiurus,aurocapilla,Parulidae,4580,Yes,Forest,Lower
2005-09-03,6.0,CHI,Seiurus,aurocapilla,Parulidae,4580,Yes,Forest,Lower
2005-09-03,6.0,CHI,Seiurus,aurocapilla,Parulidae,4580,Yes,Forest,Lower
2005-09-03,6.0,CHI,Setophaga,magnolia,Parulidae,1224,yes,forest,Upper
2005-09-03,6.0,CHI,Oreothlypis,peregrina,Parulidae,2515,Yes,Edge,Upper
2005-09-03,6.0,MP,Seiurus,aurocapilla,Parulidae,4580,Yes,Forest,Lower
2005-09-03,6.0,CHI,Seiurus,aurocapilla,Parulidae,4580,Yes,Forest,Lower
2005-09-03,6.0,CHI,Seiurus,aurocapilla,Parulidae,4580,Yes,Forest,Lower
2005-09-03,6.0,CHI,catharus,ustulatus,Turdidae,2331,Yes,Forest,Lower
2005-09-03,6.0,CHI,Catharus,minimus,Turdidae,822,Yes,Forest,Lower
2005-09-04,6.0,CHI,catharus,ustulatus,Turdidae,2331,Yes,Forest,Lower
2005-09-04,6.0,CHI,Oreothlypis,peregrina,Parulidae,2515,Yes,Edge,Upper
2005-09-04,6.0,CHI,catharus,ustulatus,Turdidae,2331,Yes,Forest,Lower
2005-09-04,6.0,CHI,catharus,ustulatus,Turdidae,2331,Yes,Forest,Lower
2005-09-04,6.0,CHI,Oreothlypis,peregrina,Parulidae,2515,Yes,Edge,Upper
2005-09-04,6.0,CHI,Catharus,fuscescens,Turdidae,727,Yes,Forest,Lower
2005-09-04,6.0,CHI,Cardellina,pusilla,Parulidae,185,Yes,Edge,Lower
2005-09-04,6.0,CHI,Parkesia,noveboracensis,Parulidae,916,Yes,Forest,Lower
2005-09-04,6.0,CHI,Setophaga,striata,Parulidae,787,Yes,Forest,Upper
2005-09-04,6.0,CHI,Setophaga,magnolia,Parulidae,1224,yes,forest,Upper
2005-09-04,6.0,CHI,Setophaga,palmarum,Parulidae,694,Yes,Edge,Lower
2005-09-05,6.0,CHI,Melospiza,lincolnii,Passerellidae,2029,yes,edge,Lower
2005-09-05,6.0,CHI,Seiurus,aurocapilla,Parulidae,4580,Yes,Forest,Lower
2005-09-06,6.0,CHI,Vireo,olivaceus,Vireonidae,133,No,Forest,Upper
2005-09-06,6.0,CHI,Setophaga,striata,Parulidae,787,Yes,Forest,Upper
2005-09-06,6.0,CHI,Oreothlypis,ruficapilla,Parulidae,1690,Yes,Forest,Upper
2005-09-08,6.0,CHI,Oreothlypis,peregrina,Parulidae,2515,Yes,Edge,Upper
2005-09-08,6.0,CHI,Empidonax,minimus,Tyrannidae,96,No,Edge,Upper
2005-09-08,6.0,CHI,setophaga,ruticilla,Parulidae,868,Yes,Edge,Upper
2005-09-08,6.0,CHI,Oreothlypis,peregrina,Parulidae,2515,Yes,Edge,Upper
2005-09-08,6.0,CHI,setophaga,ruticilla,Parulidae,868,Yes,Edge,Upper
2005-09-08,6.0,CHI,catharus,ustulatus,Turdidae,2331,Yes,Forest,Lower
2005-09-08,6.0,CHI,setophaga,ruticilla,Parulidae,868,Yes,Edge,Upper
2005-09-08,6.0,CHI,Sitta,canadensis,Sittidae,260,Yes,Forest,Upper
2005-09-08,6.0,CHI,Oporornis,agilis,Parulidae,365,Yes,Forest,Lower
2005-09-08,6.0,MP,Oreothlypis,ruficapilla,Parulidae,1690,Yes,Forest,Upper
2005-09-08,6.0,CHI,Oporornis,agilis,Parulidae,365,Yes,Forest,Lower
2005-09-08,6.0,CHI,geothlypis,philadelphia,Parulidae,430,Yes,Edge,Lower
2005-09-08,6.0,CHI,Mniotilta,varia,Parulidae,620,Yes,Forest,Upper
2005-09-08,6.0,CHI,Setophaga,tigrina,Parulidae,182,Yes,Forest,Upper
2005-09-08,6.0,CHI,Seiurus,aurocapilla,Parulidae,4580,Yes,Forest,Lower
2005-09-08,6.0,CHI,Seiurus,aurocapilla,Parulidae,4580,Yes,Forest,Lower
2005-09-08,6.0,CHI,Vermivora,chrysoptera,Parulidae,53,Yes,Edge,Upper
2005-09-08,6.0,CHI,Seiurus,aurocapilla,Parulidae,4580,Yes,Forest,Lower
2005-09-08,6.0,CHI,Seiurus,aurocapilla,Parulidae,4580,Yes,Forest,Lower
2005-09-08,6.0,CHI,Setophaga,pensylvanica,Parulidae,303,Yes,Edge,Upper
2005-09-08,6.0,CHI,Setophaga,castanea,Parulidae,287,Yes,Forest,Upper
2005-09-09,6.0,CHI,Setophaga,striata,Parulidae,787,Yes,Forest,Upper
2005-09-10,6.0,MP,Setophaga,castanea,Parulidae,287,Yes,Forest,Upper
2005-09-11,6.0,CHI,Setophaga,castanea,Parulidae,287,Yes,Forest,Upper
2005-09-11,6.0,CHI,Setophaga,pensylvanica,Parulidae,303,Yes,Edge,Upper
2005-09-13,17.0,CHI,Oporornis,agilis,Parulidae,365,Yes,Forest,Lower
2005-09-13,17.0,MP,Seiurus,aurocapilla,Parulidae,4580,Yes,Forest,Lower
2005-09-13,17.0,CHI,Seiurus,aurocapilla,Parulidae,4580,Yes,Forest,Lower
2005-09-13,17.0,MP,Oreothlypis,peregrina,Parulidae,2515,Yes,Edge,Upper
2005-09-13,17.0,CHI,setophaga,ruticilla,Parulidae,868,Yes,Edge,Upper
2005-09-13,17.0,CHI,Setophaga,pensylvanica,Parulidae,303,Yes,Edge,Upper
2005-09-13,17.0,CHI,Setophaga,magnolia,Parulidae,1224,yes,forest,Upper
2005-09-14,16.0,CHI,Setophaga,castanea,Parulidae,287,Yes,Forest,Upper
2005-09-14,16.0,CHI,Setophaga,magnolia,Parulidae,1224,yes,forest,Upper
2005-09-14,16.0,CHI,Setophaga,magnolia,Parulidae,1224,yes,forest,Upper
2005-09-14,16.0,CHI,Setophaga,magnolia,Parulidae,1224,yes,forest,Upper
2005-09-14,16.0,CHI,Setophaga,magnolia,Parulidae,1224,yes,forest,Upper
2005-09-14,16.0,CHI,Setophaga,magnolia,Parulidae,1224,yes,forest,Upper
2005-09-14,16.0,CHI,Setophaga,magnolia,Parulidae,1224,yes,forest,Upper
2005-09-14,16.0,CHI,Setophaga,magnolia,Parulidae,1224,yes,forest,Upper
2005-09-14,16.0,CHI,Setophaga,magnolia,Parulidae,1224,yes,forest,Upper
2005-09-14,16.0,CHI,Setophaga,magnolia,Parulidae,1224,yes,forest,Upper
2005-09-14,16.0,CHI,Setophaga,magnolia,Parulidae,1224,yes,forest,Upper
2005-09-14,16.0,CHI,Setophaga,magnolia,Parulidae,1224,yes,forest,Upper
2005-09-14,16.0,CHI,Setophaga,magnolia,Parulidae,1224,yes,forest,Upper
2005-09-14,16.0,CHI,Setophaga,magnolia,Parulidae,1224,yes,forest,Upper
2005-09-14,16.0,CHI,Setophaga,magnolia,Parulidae,1224,yes,forest,Upper
2005-09-14,16.0,CHI,Setophaga,magnolia,Parulidae,1224,yes,forest,Upper
2005-09-14,16.0,CHI,Setophaga,magnolia,Parulidae,1224,yes,forest,Upper
2005-09-14,16.0,CHI,Setophaga,castanea,Parulidae,287,Yes,Forest,Upper
2005-09-14,16.0,CHI,Setophaga,castanea,Parulidae,287,Yes,Forest,Upper
2005-09-14,16.0,CHI,Setophaga,castanea,Parulidae,287,Yes,Forest,Upper
2005-09-14,16.0,CHI,Setophaga,magnolia,Parulidae,1224,yes,forest,Upper
2005-09-14,16.0,MP,Seiurus,aurocapilla,Parulidae,4580,Yes,Forest,Lower
2005-09-14,16.0,CHI,Parkesia,noveboracensis,Parulidae,916,Yes,Forest,Lower
2005-09-14,16.0,CHI,catharus,ustulatus,Turdidae,2331,Yes,Forest,Lower
2005-09-14,16.0,CHI,Mniotilta,varia,Parulidae,620,Yes,Forest,Upper
2005-09-14,16.0,CHI,Mniotilta,varia,Parulidae,620,Yes,Forest,Upper
2005-09-14,16.0,CHI,Mniotilta,varia,Parulidae,620,Yes,Forest,Upper
2005-09-14,16.0,CHI,Setophaga,striata,Parulidae,787,Yes,Forest,Upper
2005-09-14,16.0,CHI,Setophaga,striata,Parulidae,787,Yes,Forest,Upper
2005-09-14,16.0,CHI,Setophaga,striata,Parulidae,787,Yes,Forest,Upper
2005-09-14,16.0,CHI,Vermivora,chrysoptera,Parulidae,53,Yes,Edge,Upper
2005-09-14,16.0,CHI,geothlypis,philadelphia,Parulidae,430,Yes,Edge,Lower
2005-09-14,16.0,CHI,setophaga,ruticilla,Parulidae,868,Yes,Edge,Upper
2005-09-14,16.0,CHI,setophaga,ruticilla,Parulidae,868,Yes,Edge,Upper
2005-09-14,16.0,CHI,setophaga,ruticilla,Parulidae,868,Yes,Edge,Upper
2005-09-14,16.0,CHI,setophaga,ruticilla,Parulidae,868,Yes,Edge,Upper
2005-09-14,16.0,CHI,setophaga,ruticilla,Parulidae,868,Yes,Edge,Upper
2005-09-14,16.0,CHI,setophaga,ruticilla,Parulidae,868,Yes,Edge,Upper
2005-09-14,16.0,CHI,setophaga,ruticilla,Parulidae,868,Yes,Edge,Upper
2005-09-14,16.0,CHI,setophaga,ruticilla,Parulidae,868,Yes,Edge,Upper
2005-09-14,16.0,CHI,setophaga,ruticilla,Parulidae,868,Yes,Edge,Upper
2005-09-14,16.0,CHI,setophaga,ruticilla,Parulidae,868,Yes,Edge,Upper
2005-09-14,16.0,CHI,setophaga,ruticilla,Parulidae,868,Yes,Edge,Upper
2005-09-14,16.0,CHI,setophaga,ruticilla,Parulidae,868,Yes,Edge,Upper
2005-09-14,16.0,CHI,setophaga,ruticilla,Parulidae,868,Yes,Edge,Upper
2005-09-14,16.0,CHI,setophaga,ruticilla,Parulidae,868,Yes,Edge,Upper
2005-09-14,16.0,CHI,catharus,ustulatus,Turdidae,2331,Yes,Forest,Lower
2005-09-14,16.0,CHI,Setophaga,palmarum,Parulidae,694,Yes,Edge,Lower
2005-09-14,16.0,CHI,catharus,ustulatus,Turdidae,2331,Yes,Forest,Lower
2005-09-14,16.0,CHI,catharus,ustulatus,Turdidae,2331,Yes,Forest,Lower
2005-09-14,16.0,CHI,Oreothlypis,peregrina,Parulidae,2515,Yes,Edge,Upper
2005-09-14,16.0,CHI,Oreothlypis,peregrina,Parulidae,2515,Yes,Edge,Upper
2005-09-14,16.0,CHI,Oreothlypis,peregrina,Parulidae,2515,Yes,Edge,Upper
2005-09-14,16.0,CHI,Oreothlypis,peregrina,Parulidae,2515,Yes,Edge,Upper
2005-09-14,16.0,CHI,Oreothlypis,peregrina,Parulidae,2515,Yes,Edge,Upper
2005-09-14,16.0,CHI,Oreothlypis,peregrina,Parulidae,2515,Yes,Edge,Upper
2005-09-14,16.0,CHI,Oreothlypis,peregrina,Parulidae,2515,Yes,Edge,Upper
2005-09-14,16.0,CHI,Oreothlypis,peregrina,Parulidae,2515,Yes,Edge,Upper
2005-09-14,16.0,CHI,Oreothlypis,peregrina,Parulidae,2515,Yes,Edge,Upper
2005-09-14,16.0,CHI,Oreothlypis,peregrina,Parulidae,2515,Yes,Edge,Upper
2005-09-14,16.0,CHI,Oreothlypis,peregrina,Parulidae,2515,Yes,Edge,Upper
2005-09-14,16.0,CHI,Oreothlypis,peregrina,Parulidae,2515,Yes,Edge,Upper
2005-09-14,16.0,CHI,Oreothlypis,peregrina,Parulidae,2515,Yes,Edge,Upper
2005-09-14,16.0,CHI,Oreothlypis,peregrina,Parulidae,2515,Yes,Edge,Upper
2005-09-14,16.0,CHI,Oreothlypis,peregrina,Parulidae,2515,Yes,Edge,Upper
2005-09-14,16.0,MP,Oreothlypis,peregrina,Parulidae,2515,Yes,Edge,Upper
2005-09-14,16.0,MP,Seiurus,aurocapilla,Parulidae,4580,Yes,Forest,Lower
2005-09-14,16.0,CHI,Oreothlypis,peregrina,Parulidae,2515,Yes,Edge,Upper
2005-09-14,16.0,CHI,Oreothlypis,peregrina,Parulidae,2515,Yes,Edge,Upper
2005-09-14,16.0,CHI,catharus,ustulatus,Turdidae,2331,Yes,Forest,Lower
2005-09-14,16.0,CHI,catharus,ustulatus,Turdidae,2331,Yes,Forest,Lower
2005-09-14,16.0,CHI,catharus,ustulatus,Turdidae,2331,Yes,Forest,Lower
2005-09-14,16.0,CHI,catharus,ustulatus,Turdidae,2331,Yes,Forest,Lower
2005-09-14,16.0,CHI,catharus,ustulatus,Turdidae,2331,Yes,Forest,Lower
2005-09-14,16.0,CHI,Oreothlypis,peregrina,Parulidae,2515,Yes,Edge,Upper
2005-09-14,16.0,CHI,Oreothlypis,peregrina,Parulidae,2515,Yes,Edge,Upper
2005-09-14,16.0,CHI,Seiurus,aurocapilla,Parulidae,4580,Yes,Forest,Lower
2005-09-14,16.0,CHI,Seiurus,aurocapilla,Parulidae,4580,Yes,Forest,Lower
2005-09-14,16.0,CHI,Seiurus,aurocapilla,Parulidae,4580,Yes,Forest,Lower
2005-09-14,16.0,CHI,Seiurus,aurocapilla,Parulidae,4580,Yes,Forest,Lower
2005-09-14,16.0,CHI,Seiurus,aurocapilla,Parulidae,4580,Yes,Forest,Lower
2005-09-14,16.0,CHI,Seiurus,aurocapilla,Parulidae,4580,Yes,Forest,Lower
2005-09-14,16.0,CHI,Setophaga,pensylvanica,Parulidae,303,Yes,Edge,Upper
2005-09-14,16.0,CHI,Seiurus,aurocapilla,Parulidae,4580,Yes,Forest,Lower
2005-09-14,16.0,CHI,Seiurus,aurocapilla,Parulidae,4580,Yes,Forest,Lower
2005-09-14,16.0,CHI,Seiurus,aurocapilla,Parulidae,4580,Yes,Forest,Lower
2005-09-14,16.0,CHI,Seiurus,aurocapilla,Parulidae,4580,Yes,Forest,Lower
2005-09-14,16.0,CHI,Seiurus,aurocapilla,Parulidae,4580,Yes,Forest,Lower
2005-09-14,16.0,CHI,Seiurus,aurocapilla,Parulidae,4580,Yes,Forest,Lower
2005-09-14,16.0,CHI,Setophaga,pensylvanica,Parulidae,303,Yes,Edge,Upper
2005-09-14,16.0,CHI,Seiurus,aurocapilla,Parulidae,4580,Yes,Forest,Lower
2005-09-14,16.0,CHI,Seiurus,aurocapilla,Parulidae,4580,Yes,Forest,Lower
2005-09-14,16.0,CHI,Seiurus,aurocapilla,Parulidae,4580,Yes,Forest,Lower
2005-09-14,16.0,CHI,Seiurus,aurocapilla,Parulidae,4580,Yes,Forest,Lower
2005-09-14,16.0,CHI,Seiurus,aurocapilla,Parulidae,4580,Yes,Forest,Lower
2005-09-14,16.0,CHI,Seiurus,aurocapilla,Parulidae,4580,Yes,Forest,Lower
2005-09-14,16.0,CHI,Seiurus,aurocapilla,Parulidae,4580,Yes,Forest,Lower
2005-09-14,16.0,CHI,Catharus,minimus,Turdidae,822,Yes,Forest,Lower
2005-09-14,16.0,CHI,Seiurus,aurocapilla,Parulidae,4580,Yes,Forest,Lower
2005-09-14,16.0,MP,Seiurus,aurocapilla,Parulidae,4580,Yes,Forest,Lower
2005-09-14,16.0,CHI,Seiurus,aurocapilla,Parulidae,4580,Yes,Forest,Lower
2005-09-14,16.0,CHI,Seiurus,aurocapilla,Parulidae,4580,Yes,Forest,Lower
2005-09-14,16.0,CHI,Seiurus,aurocapilla,Parulidae,4580,Yes,Forest,Lower
2005-09-14,16.0,CHI,Seiurus,aurocapilla,Parulidae,4580,Yes,Forest,Lower
2005-09-14,16.0,CHI,Seiurus,aurocapilla,Parulidae,4580,Yes,Forest,Lower
2005-09-14,16.0,CHI,Seiurus,aurocapilla,Parulidae,4580,Yes,Forest,Lower
2005-09-14,16.0,MP,Seiurus,aurocapilla,Parulidae,4580,Yes,Forest,Lower
2005-09-14,16.0,CHI,Oreothlypis,ruficapilla,Parulidae,1690,Yes,Forest,Upper
2005-09-14,16.0,CHI,Seiurus,aurocapilla,Parulidae,4580,Yes,Forest,Lower
2005-09-14,16.0,CHI,Seiurus,aurocapilla,Parulidae,4580,Yes,Forest,Lower
2005-09-14,16.0,CHI,Seiurus,aurocapilla,Parulidae,4580,Yes,Forest,Lower
2005-09-14,16.0,MP,Seiurus,aurocapilla,Parulidae,4580,Yes,Forest,Lower
2005-09-14,16.0,CHI,Seiurus,aurocapilla,Parulidae,4580,Yes,Forest,Lower
2005-09-14,16.0,CHI,Seiurus,aurocapilla,Parulidae,4580,Yes,Forest,Lower
2005-09-14,16.0,CHI,Empidonax,minimus,Tyrannidae,96,No,Edge,Upper
2005-09-14,16.0,CHI,Seiurus,aurocapilla,Parulidae,4580,Yes,Forest,Lower
2005-09-14,16.0,CHI,Seiurus,aurocapilla,Parulidae,4580,Yes,Forest,Lower
2005-09-14,16.0,CHI,Seiurus,aurocapilla,Parulidae,4580,Yes,Forest,Lower
2005-09-14,16.0,CHI,Seiurus,aurocapilla,Parulidae,4580,Yes,Forest,Lower
2005-09-14,16.0,CHI,Seiurus,aurocapilla,Parulidae,4580,Yes,Forest,Lower
2005-09-14,16.0,CHI,Seiurus,aurocapilla,Parulidae,4580,Yes,Forest,Lower
2005-09-15,16.0,CHI,catharus,ustulatus,Turdidae,2331,Yes,Forest,Lower
2005-09-15,16.0,CHI,Seiurus,aurocapilla,Parulidae,4580,Yes,Forest,Lower
2005-09-15,16.0,CHI,Seiurus,aurocapilla,Parulidae,4580,Yes,Forest,Lower
2005-09-15,16.0,CHI,Catharus,minimus,Turdidae,822,Yes,Forest,Lower
2005-09-15,16.0,CHI,Zonotrichia,albicollis,Passerellidae,10133,Yes,Forest,Lower
2005-09-15,16.0,CHI,Catharus,minimus,Turdidae,822,Yes,Forest,Lower
2005-09-15,16.0,CHI,catharus,ustulatus,Turdidae,2331,Yes,Forest,Lower
2005-09-15,16.0,CHI,catharus,ustulatus,Turdidae,2331,Yes,Forest,Lower
2005-09-15,16.0,CHI,catharus,ustulatus,Turdidae,2331,Yes,Forest,Lower
2005-09-15,16.0,CHI,Seiurus,aurocapilla,Parulidae,4580,Yes,Forest,Lower
2005-09-15,16.0,CHI,catharus,ustulatus,Turdidae,2331,Yes,Forest,Lower
2005-09-15,16.0,CHI,Seiurus,aurocapilla,Parulidae,4580,Yes,Forest,Lower
2005-09-15,16.0,CHI,Seiurus,aurocapilla,Parulidae,4580,Yes,Forest,Lower
2005-09-15,16.0,CHI,Toxostoma,rufum,Mimidae,166,No,Edge,Lower
2005-09-15,16.0,CHI,Setophaga,striata,Parulidae,787,Yes,Forest,Upper
2005-09-16,17.0,CHI,Mniotilta,varia,Parulidae,620,Yes,Forest,Upper
2005-09-16,17.0,CHI,catharus,ustulatus,Turdidae,2331,Yes,Forest,Lower
2005-09-16,17.0,CHI,Zonotrichia,albicollis,Passerellidae,10133,Yes,Forest,Lower
2005-09-16,17.0,CHI,Zonotrichia,albicollis,Passerellidae,10133,Yes,Forest,Lower
2005-09-16,17.0,CHI,setophaga,ruticilla,Parulidae,868,Yes,Edge,Upper
2005-09-18,4.0,CHI,Oreothlypis,ruficapilla,Parulidae,1690,Yes,Forest,Upper
2005-09-18,4.0,CHI,Zonotrichia,albicollis,Passerellidae,10133,Yes,Forest,Lower
2005-09-18,4.0,CHI,Zonotrichia,albicollis,Passerellidae,10133,Yes,Forest,Lower
2005-09-18,4.0,CHI,Seiurus,aurocapilla,Parulidae,4580,Yes,Forest,Lower
2005-09-18,4.0,CHI,Zonotrichia,albicollis,Passerellidae,10133,Yes,Forest,Lower
2005-09-18,4.0,CHI,Oreothlypis,peregrina,Parulidae,2515,Yes,Edge,Upper
2005-09-18,4.0,CHI,catharus,ustulatus,Turdidae,2331,Yes,Forest,Lower
2005-09-20,15.0,CHI,Setophaga,fusca,Parulidae,201,Yes,Forest,Upper
2005-09-20,15.0,CHI,Zonotrichia,albicollis,Passerellidae,10133,Yes,Forest,Lower
2005-09-20,15.0,CHI,Zonotrichia,albicollis,Passerellidae,10133,Yes,Forest,Lower
2005-09-20,15.0,MP,Zonotrichia,albicollis,Passerellidae,10133,Yes,Forest,Lower
2005-09-20,15.0,CHI,Zonotrichia,albicollis,Passerellidae,10133,Yes,Forest,Lower
2005-09-20,15.0,CHI,setophaga,ruticilla,Parulidae,868,Yes,Edge,Upper
2005-09-20,15.0,CHI,Setophaga,castanea,Parulidae,287,Yes,Forest,Upper
2005-09-20,15.0,CHI,Setophaga,magnolia,Parulidae,1224,yes,forest,Upper
2005-09-20,15.0,MP,Zonotrichia,albicollis,Passerellidae,10133,Yes,Forest,Lower
2005-09-20,15.0,CHI,Zonotrichia,albicollis,Passerellidae,10133,Yes,Forest,Lower
2005-09-20,15.0,CHI,Zonotrichia,albicollis,Passerellidae,10133,Yes,Forest,Lower
2005-09-20,15.0,CHI,Zonotrichia,albicollis,Passerellidae,10133,Yes,Forest,Lower
2005-09-20,15.0,CHI,Zonotrichia,albicollis,Passerellidae,10133,Yes,Forest,Lower
2005-09-20,15.0,CHI,Setophaga,magnolia,Parulidae,1224,yes,forest,Upper
2005-09-20,15.0,CHI,catharus,ustulatus,Turdidae,2331,Yes,Forest,Lower
2005-09-20,15.0,CHI,Mniotilta,varia,Parulidae,620,Yes,Forest,Upper
2005-09-20,15.0,CHI,Zonotrichia,albicollis,Passerellidae,10133,Yes,Forest,Lower
2005-09-20,15.0,CHI,Zonotrichia,albicollis,Passerellidae,10133,Yes,Forest,Lower
2005-09-20,15.0,CHI,Zonotrichia,albicollis,Passerellidae,10133,Yes,Forest,Lower
2005-09-20,15.0,CHI,Seiurus,aurocapilla,Parulidae,4580,Yes,Forest,Lower
2005-09-20,15.0,CHI,Setophaga,castanea,Parulidae,287,Yes,Forest,Upper
2005-09-20,15.0,CHI,Setophaga,striata,Parulidae,787,Yes,Forest,Upper
2005-09-20,15.0,CHI,Catharus,minimus,Turdidae,822,Yes,Forest,Lower
2005-09-20,15.0,CHI,Setophaga,castanea,Parulidae,287,Yes,Forest,Upper
2005-09-20,15.0,MP,Oreothlypis,peregrina,Parulidae,2515,Yes,Edge,Upper
2005-09-20,15.0,CHI,Zonotrichia,albicollis,Passerellidae,10133,Yes,Forest,Lower
2005-09-20,15.0,CHI,Setophaga,tigrina,Parulidae,182,Yes,Forest,Upper
2005-09-21,17.0,CHI,Seiurus,aurocapilla,Parulidae,4580,Yes,Forest,Lower
2005-09-21,17.0,MP,catharus,ustulatus,Turdidae,2331,Yes,Forest,Lower
2005-09-21,17.0,MP,Zonotrichia,albicollis,Passerellidae,10133,Yes,Forest,Lower
2005-09-21,17.0,CHI,Sitta,canadensis,Sittidae,260,Yes,Forest,Upper
2005-09-21,17.0,MP,Setophaga,striata,Parulidae,787,Yes,Forest,Upper
2005-09-21,17.0,CHI,Seiurus,aurocapilla,Parulidae,4580,Yes,Forest,Lower
2005-09-21,17.0,CHI,Zonotrichia,albicollis,Passerellidae,10133,Yes,Forest,Lower
2005-09-22,17.0,CHI,cistothorus,palustris,Troglodytidae,91,No,Open,Lower
2005-09-22,17.0,MP,Setophaga,striata,Parulidae,787,Yes,Forest,Upper
2005-09-23,15.0,CHI,Oreothlypis,ruficapilla,Parulidae,1690,Yes,Forest,Upper
2005-09-23,15.0,MP,Melospiza,lincolnii,Passerellidae,2029,yes,edge,Lower
2005-09-23,15.0,CHI,catharus,ustulatus,Turdidae,2331,Yes,Forest,Lower
2005-09-23,15.0,CHI,catharus,ustulatus,Turdidae,2331,Yes,Forest,Lower
2005-09-23,15.0,CHI,Zonotrichia,leucophrys,Passerellidae,1090,Yes,Edge,Lower
2005-09-23,15.0,CHI,catharus,ustulatus,Turdidae,2331,Yes,Forest,Lower
2005-09-23,15.0,CHI,Zonotrichia,albicollis,Passerellidae,10133,Yes,Forest,Lower
2005-09-23,15.0,CHI,Zonotrichia,albicollis,Passerellidae,10133,Yes,Forest,Lower
2005-09-23,15.0,CHI,Setophaga,striata,Parulidae,787,Yes,Forest,Upper
2005-09-23,15.0,CHI,Setophaga,coronata,Parulidae,887,yes,forest,Upper
2005-09-23,15.0,CHI,Zonotrichia,albicollis,Passerellidae,10133,Yes,Forest,Lower
2005-09-23,15.0,CHI,Hylocichla,mustelina,Turdidae,500,Yes,Forest,Lower
2005-09-23,15.0,CHI,Catharus,minimus,Turdidae,822,Yes,Forest,Lower
2005-09-23,15.0,CHI,Setophaga,magnolia,Parulidae,1224,yes,forest,Upper
2005-09-23,15.0,CHI,Catharus,minimus,Turdidae,822,Yes,Forest,Lower
2005-09-24,15.0,CHI,Zonotrichia,albicollis,Passerellidae,10133,Yes,Forest,Lower
2005-09-24,15.0,CHI,Zonotrichia,albicollis,Passerellidae,10133,Yes,Forest,Lower
2005-09-24,15.0,CHI,Zonotrichia,albicollis,Passerellidae,10133,Yes,Forest,Lower
2005-09-24,15.0,CHI,Seiurus,aurocapilla,Parulidae,4580,Yes,Forest,Lower
2005-09-24,15.0,CHI,Oreothlypis,ruficapilla,Parulidae,1690,Yes,Forest,Upper
2005-09-24,15.0,CHI,Oreothlypis,peregrina,Parulidae,2515,Yes,Edge,Upper
2005-09-24,15.0,CHI,Zonotrichia,albicollis,Passerellidae,10133,Yes,Forest,Lower
2005-09-24,15.0,CHI,Melospiza,lincolnii,Passerellidae,2029,yes,edge,Lower
2005-09-24,15.0,CHI,Zonotrichia,albicollis,Passerellidae,10133,Yes,Forest,Lower
2005-09-24,15.0,CHI,Oreothlypis,ruficapilla,Parulidae,1690,Yes,Forest,Upper
2005-09-25,17.0,CHI,Setophaga,castanea,Parulidae,287,Yes,Forest,Upper
2005-09-25,17.0,CHI,Melospiza,lincolnii,Passerellidae,2029,yes,edge,Lower
2005-09-25,17.0,CHI,Oporornis,agilis,Parulidae,365,Yes,Forest,Lower
2005-09-25,17.0,CHI,Setophaga,castanea,Parulidae,287,Yes,Forest,Upper
2005-09-25,17.0,CHI,Oreothlypis,peregrina,Parulidae,2515,Yes,Edge,Upper
2005-09-25,17.0,CHI,Oreothlypis,ruficapilla,Parulidae,1690,Yes,Forest,Upper
2005-09-25,17.0,CHI,Zonotrichia,albicollis,Passerellidae,10133,Yes,Forest,Lower
2005-09-25,17.0,CHI,Setophaga,virens,Parulidae,223,Yes,Forest,Upper
2005-09-25,17.0,CHI,Setophaga,virens,Parulidae,223,Yes,Forest,Upper
2005-09-25,17.0,MP,Zonotrichia,albicollis,Passerellidae,10133,Yes,Forest,Lower
2005-09-26,17.0,CHI,Oreothlypis,celata,Parulidae,227,Yes,Edge,Lower
2005-09-26,17.0,CHI,Regulus,satrapa,Regulidae,1029,Yes,Forest,Upper
2005-09-26,17.0,CHI,Setophaga,virens,Parulidae,223,Yes,Forest,Upper
2005-09-26,17.0,CHI,Sitta,canadensis,Sittidae,260,Yes,Forest,Upper
2005-09-28,17.0,MP,Setophaga,caerulescens,Parulidae,183,Yes,Forest,Upper
2005-09-28,17.0,MP,Setophaga,striata,Parulidae,787,Yes,Forest,Upper
2005-09-28,17.0,CHI,Melospiza,lincolnii,Passerellidae,2029,yes,edge,Lower
2005-09-28,17.0,CHI,Junco,hyemalis,Passerellidae,6303,Yes,Edge,Lower
2005-09-28,17.0,MP,Oreothlypis,ruficapilla,Parulidae,1690,Yes,Forest,Upper
2005-09-28,17.0,CHI,Regulus,calendula,Regulidae,416,No,Forest,Upper
2005-09-28,17.0,MP,Oreothlypis,peregrina,Parulidae,2515,Yes,Edge,Upper
2005-09-28,17.0,CHI,Zonotrichia,albicollis,Passerellidae,10133,Yes,Forest,Lower
2005-09-28,17.0,CHI,Regulus,satrapa,Regulidae,1029,Yes,Forest,Upper
2005-09-29,17.0,MP,catharus,ustulatus,Turdidae,2331,Yes,Forest,Lower
2005-09-29,17.0,CHI,Passerella,iliaca,Passerellidae,2443,Yes,Edge,Lower
2005-09-29,17.0,CHI,Oreothlypis,ruficapilla,Parulidae,1690,Yes,Forest,Upper
2005-09-29,17.0,CHI,Passerella,iliaca,Passerellidae,2443,Yes,Edge,Lower
2005-09-29,17.0,MP,catharus,ustulatus,Turdidae,2331,Yes,Forest,Lower
2005-09-29,17.0,MP,Passerella,iliaca,Passerellidae,2443,Yes,Edge,Lower
2005-09-29,17.0,MP,Melospiza,lincolnii,Passerellidae,2029,yes,edge,Lower
2005-09-29,17.0,CHI,Parkesia,noveboracensis,Parulidae,916,Yes,Forest,Lower
2005-09-29,17.0,CHI,Junco,hyemalis,Passerellidae,6303,Yes,Edge,Lower
2005-09-29,17.0,CHI,Catharus,guttatus,Turdidae,3729,Yes,Forest,Lower
2005-09-29,17.0,CHI,Setophaga,magnolia,Parulidae,1224,yes,forest,Upper
2005-09-29,17.0,MP,Melospiza,lincolnii,Passerellidae,2029,yes,edge,Lower
2005-09-29,17.0,MP,Junco,hyemalis,Passerellidae,6303,Yes,Edge,Lower
2005-09-29,17.0,CHI,Zonotrichia,albicollis,Passerellidae,10133,Yes,Forest,Lower
2005-09-29,17.0,CHI,Regulus,satrapa,Regulidae,1029,Yes,Forest,Upper
2005-09-29,17.0,CHI,Setophaga,coronata,Parulidae,887,yes,forest,Upper
2005-09-29,17.0,MP,Zonotrichia,albicollis,Passerellidae,10133,Yes,Forest,Lower
2005-09-29,17.0,MP,Zonotrichia,albicollis,Passerellidae,10133,Yes,Forest,Lower
2005-09-29,17.0,CHI,Catharus,guttatus,Turdidae,3729,Yes,Forest,Lower
2005-09-30,15.0,CHI,Zonotrichia,albicollis,Passerellidae,10133,Yes,Forest,Lower
2005-09-30,15.0,CHI,Empidonax,flaviventris,Tyrannidae,68,No,Forest,Upper
2005-09-30,15.0,MP,Melospiza,lincolnii,Passerellidae,2029,yes,edge,Lower
2005-09-30,15.0,CHI,Seiurus,aurocapilla,Parulidae,4580,Yes,Forest,Lower
2005-09-30,15.0,MP,Oreothlypis,ruficapilla,Parulidae,1690,Yes,Forest,Upper
2005-09-30,15.0,MP,Passerella,iliaca,Passerellidae,2443,Yes,Edge,Lower
2005-09-30,15.0,CHI,Pheucticus,ludovicianus,Cardinalidae,397,Yes,Forest,Upper
2005-09-30,15.0,CHI,Seiurus,aurocapilla,Parulidae,4580,Yes,Forest,Lower
2005-09-30,15.0,CHI,Seiurus,aurocapilla,Parulidae,4580,Yes,Forest,Lower
2005-09-30,15.0,CHI,Geothlypis,trichas,Parulidae,1555,Yes,Open,Lower
2005-10-01,14.0,CHI,Oreothlypis,ruficapilla,Parulidae,1690,Yes,Forest,Upper
2005-10-01,14.0,CHI,Setophaga,virens,Parulidae,223,Yes,Forest,Upper
2005-10-01,14.0,CHI,Geothlypis,trichas,Parulidae,1555,Yes,Open,Lower
2005-10-02,16.0,CHI,Zonotrichia,albicollis,Passerellidae,10133,Yes,Forest,Lower
2005-10-02,16.0,MP,Oreothlypis,ruficapilla,Parulidae,1690,Yes,Forest,Upper
2005-10-02,16.0,CHI,Junco,hyemalis,Passerellidae,6303,Yes,Edge,Lower
2005-10-02,16.0,MP,Regulus,calendula,Regulidae,416,No,Forest,Upper
2005-10-03,17.0,CHI,Oporornis,agilis,Parulidae,365,Yes,Forest,Lower
2005-10-04,17.0,CHI,catharus,ustulatus,Turdidae,2331,Yes,Forest,Lower
2005-10-04,17.0,CHI,Melospiza,melodia,Passerellidae,5124,Yes,Edge,Lower
2005-10-04,17.0,CHI,Melospiza,lincolnii,Passerellidae,2029,yes,edge,Lower
2005-10-04,17.0,CHI,Oreothlypis,peregrina,Parulidae,2515,Yes,Edge,Upper
2005-10-04,17.0,CHI,Oreothlypis,peregrina,Parulidae,2515,Yes,Edge,Upper
2005-10-05,17.0,MP,Melospiza,lincolnii,Passerellidae,2029,yes,edge,Lower
2005-10-05,17.0,MP,Melospiza,lincolnii,Passerellidae,2029,yes,edge,Lower
2005-10-05,17.0,CHI,Setophaga,caerulescens,Parulidae,183,Yes,Forest,Upper
2005-10-05,17.0,MP,Melospiza,lincolnii,Passerellidae,2029,yes,edge,Lower
2005-10-05,17.0,MP,Oreothlypis,ruficapilla,Parulidae,1690,Yes,Forest,Upper
2005-10-05,17.0,CHI,Oreothlypis,ruficapilla,Parulidae,1690,Yes,Forest,Upper
2005-10-05,17.0,CHI,Melospiza,lincolnii,Passerellidae,2029,yes,edge,Lower
2005-10-05,17.0,MP,Melospiza,lincolnii,Passerellidae,2029,yes,edge,Lower
2005-10-05,17.0,CHI,Oreothlypis,peregrina,Parulidae,2515,Yes,Edge,Upper
2005-10-06,15.0,CHI,Regulus,satrapa,Regulidae,1029,Yes,Forest,Upper
2005-10-06,15.0,MP,Seiurus,aurocapilla,Parulidae,4580,Yes,Forest,Lower
2005-10-06,15.0,CHI,dumetella,carolinensis,Mimidae,599,no,edge,Lower
2005-10-06,15.0,MP,Geothlypis,trichas,Parulidae,1555,Yes,Open,Lower
2005-10-06,15.0,MP,Oreothlypis,peregrina,Parulidae,2515,Yes,Edge,Upper
2005-10-06,15.0,MP,Setophaga,palmarum,Parulidae,694,Yes,Edge,Lower
2005-10-06,15.0,CHI,Melospiza,lincolnii,Passerellidae,2029,yes,edge,Lower
2005-10-06,15.0,CHI,Seiurus,aurocapilla,Parulidae,4580,Yes,Forest,Lower
2005-10-06,15.0,CHI,Oreothlypis,peregrina,Parulidae,2515,Yes,Edge,Upper
2005-10-06,15.0,MP,cistothorus,palustris,Troglodytidae,91,No,Open,Lower
2005-10-07,3.0,CHI,Zonotrichia,albicollis,Passerellidae,10133,Yes,Forest,Lower
2005-10-07,3.0,CHI,catharus,ustulatus,Turdidae,2331,Yes,Forest,Lower
2005-10-07,3.0,CHI,catharus,ustulatus,Turdidae,2331,Yes,Forest,Lower
2005-10-07,3.0,CHI,Melospiza,lincolnii,Passerellidae,2029,yes,edge,Lower
2005-10-07,3.0,MP,catharus,ustulatus,Turdidae,2331,Yes,Forest,Lower
2005-10-07,3.0,MP,Melospiza,lincolnii,Passerellidae,2029,yes,edge,Lower
2005-10-07,3.0,CHI,Oreothlypis,peregrina,Parulidae,2515,Yes,Edge,Upper
2005-10-07,3.0,CHI,Oreothlypis,peregrina,Parulidae,2515,Yes,Edge,Upper
2005-10-07,3.0,MP,Oreothlypis,peregrina,Parulidae,2515,Yes,Edge,Upper
2005-10-07,3.0,CHI,Catharus,guttatus,Turdidae,3729,Yes,Forest,Lower
2005-10-07,3.0,CHI,Setophaga,coronata,Parulidae,887,yes,forest,Upper
2005-10-07,3.0,CHI,Oreothlypis,peregrina,Parulidae,2515,Yes,Edge,Upper
2005-10-07,3.0,CHI,Catharus,guttatus,Turdidae,3729,Yes,Forest,Lower
2005-10-07,3.0,CHI,Zonotrichia,albicollis,Passerellidae,10133,Yes,Forest,Lower
2005-10-07,3.0,CHI,Zonotrichia,albicollis,Passerellidae,10133,Yes,Forest,Lower
2005-10-07,3.0,CHI,Zonotrichia,albicollis,Passerellidae,10133,Yes,Forest,Lower
2005-10-07,3.0,CHI,Zonotrichia,albicollis,Passerellidae,10133,Yes,Forest,Lower
2005-10-07,3.0,CHI,Zonotrichia,albicollis,Passerellidae,10133,Yes,Forest,Lower
2005-10-07,3.0,CHI,Zonotrichia,albicollis,Passerellidae,10133,Yes,Forest,Lower
2005-10-07,3.0,CHI,Regulus,calendula,Regulidae,416,No,Forest,Upper
2005-10-07,3.0,CHI,Zonotrichia,albicollis,Passerellidae,10133,Yes,Forest,Lower
2005-10-07,3.0,CHI,Zonotrichia,albicollis,Passerellidae,10133,Yes,Forest,Lower
2005-10-07,3.0,CHI,Zonotrichia,albicollis,Passerellidae,10133,Yes,Forest,Lower
2005-10-07,3.0,CHI,Zonotrichia,albicollis,Passerellidae,10133,Yes,Forest,Lower
2005-10-07,3.0,CHI,Geothlypis,trichas,Parulidae,1555,Yes,Open,Lower
2005-10-07,3.0,CHI,Zonotrichia,albicollis,Passerellidae,10133,Yes,Forest,Lower
2005-10-07,3.0,CHI,Zonotrichia,leucophrys,Passerellidae,1090,Yes,Edge,Lower
2005-10-07,3.0,CHI,dumetella,carolinensis,Mimidae,599,no,edge,Lower
2005-10-07,3.0,CHI,Cardellina,pusilla,Parulidae,185,Yes,Edge,Lower
2005-10-07,3.0,CHI,Melospiza,lincolnii,Passerellidae,2029,yes,edge,Lower
2005-10-07,3.0,CHI,Passerella,iliaca,Passerellidae,2443,Yes,Edge,Lower
2005-10-07,3.0,CHI,Passerella,iliaca,Passerellidae,2443,Yes,Edge,Lower
2005-10-07,3.0,CHI,Zonotrichia,leucophrys,Passerellidae,1090,Yes,Edge,Lower
2005-10-07,3.0,CHI,Passerella,iliaca,Passerellidae,2443,Yes,Edge,Lower
2005-10-07,3.0,CHI,Junco,hyemalis,Passerellidae,6303,Yes,Edge,Lower
2005-10-07,3.0,CHI,Melospiza,lincolnii,Passerellidae,2029,yes,edge,Lower
2005-10-07,3.0,CHI,Junco,hyemalis,Passerellidae,6303,Yes,Edge,Lower
2005-10-07,3.0,CHI,Junco,hyemalis,Passerellidae,6303,Yes,Edge,Lower
2005-10-07,3.0,CHI,Melospiza,lincolnii,Passerellidae,2029,yes,edge,Lower
2005-10-07,3.0,CHI,Junco,hyemalis,Passerellidae,6303,Yes,Edge,Lower
2005-10-07,3.0,CHI,Seiurus,aurocapilla,Parulidae,4580,Yes,Forest,Lower
2005-10-07,3.0,CHI,Setophaga,tigrina,Parulidae,182,Yes,Forest,Upper
2005-10-08,5.0,CHI,Zonotrichia,albicollis,Passerellidae,10133,Yes,Forest,Lower
2005-10-08,5.0,CHI,Zonotrichia,albicollis,Passerellidae,10133,Yes,Forest,Lower
2005-10-08,5.0,CHI,Zonotrichia,albicollis,Passerellidae,10133,Yes,Forest,Lower
2005-10-08,5.0,CHI,Geothlypis,trichas,Parulidae,1555,Yes,Open,Lower
2005-10-08,5.0,CHI,Zonotrichia,albicollis,Passerellidae,10133,Yes,Forest,Lower
2005-10-08,5.0,CHI,Geothlypis,trichas,Parulidae,1555,Yes,Open,Lower
2005-10-08,5.0,CHI,Passerella,iliaca,Passerellidae,2443,Yes,Edge,Lower
2005-10-08,5.0,CHI,troglodytes,hiemalis,Troglodytidae,474,No,Forest,Lower
2005-10-08,5.0,CHI,Zonotrichia,albicollis,Passerellidae,10133,Yes,Forest,Lower
2005-10-08,5.0,CHI,Zonotrichia,albicollis,Passerellidae,10133,Yes,Forest,Lower
2005-10-08,5.0,CHI,Zonotrichia,albicollis,Passerellidae,10133,Yes,Forest,Lower
2005-10-08,5.0,CHI,Zonotrichia,albicollis,Passerellidae,10133,Yes,Forest,Lower
2005-10-08,5.0,CHI,troglodytes,hiemalis,Troglodytidae,474,No,Forest,Lower
2005-10-08,5.0,CHI,Zonotrichia,albicollis,Passerellidae,10133,Yes,Forest,Lower
2005-10-08,5.0,CHI,Zonotrichia,albicollis,Passerellidae,10133,Yes,Forest,Lower
2005-10-08,5.0,CHI,Zonotrichia,albicollis,Passerellidae,10133,Yes,Forest,Lower
2005-10-08,5.0,CHI,Passerella,iliaca,Passerellidae,2443,Yes,Edge,Lower
2005-10-08,5.0,CHI,troglodytes,hiemalis,Troglodytidae,474,No,Forest,Lower
2005-10-08,5.0,CHI,Zonotrichia,albicollis,Passerellidae,10133,Yes,Forest,Lower
2005-10-08,5.0,CHI,troglodytes,hiemalis,Troglodytidae,474,No,Forest,Lower
2005-10-08,5.0,CHI,Zonotrichia,albicollis,Passerellidae,10133,Yes,Forest,Lower
2005-10-08,5.0,CHI,Zonotrichia,albicollis,Passerellidae,10133,Yes,Forest,Lower
2005-10-08,5.0,CHI,Geothlypis,trichas,Parulidae,1555,Yes,Open,Lower
2005-10-08,5.0,CHI,Oreothlypis,ruficapilla,Parulidae,1690,Yes,Forest,Upper
2005-10-08,5.0,CHI,Zonotrichia,albicollis,Passerellidae,10133,Yes,Forest,Lower
2005-10-08,5.0,MP,Zonotrichia,albicollis,Passerellidae,10133,Yes,Forest,Lower
2005-10-08,5.0,CHI,Parkesia,noveboracensis,Parulidae,916,Yes,Forest,Lower
2005-10-08,5.0,CHI,Regulus,satrapa,Regulidae,1029,Yes,Forest,Upper
2005-10-08,5.0,CHI,Regulus,satrapa,Regulidae,1029,Yes,Forest,Upper
2005-10-08,5.0,CHI,Regulus,satrapa,Regulidae,1029,Yes,Forest,Upper
2005-10-08,5.0,CHI,Zonotrichia,albicollis,Passerellidae,10133,Yes,Forest,Lower
2005-10-08,5.0,CHI,Zonotrichia,albicollis,Passerellidae,10133,Yes,Forest,Lower
2005-10-08,5.0,CHI,Regulus,satrapa,Regulidae,1029,Yes,Forest,Upper
2005-10-08,5.0,CHI,Regulus,satrapa,Regulidae,1029,Yes,Forest,Upper
2005-10-08,5.0,CHI,Regulus,calendula,Regulidae,416,No,Forest,Upper
2005-10-08,5.0,CHI,Regulus,calendula,Regulidae,416,No,Forest,Upper
2005-10-08,5.0,CHI,Regulus,calendula,Regulidae,416,No,Forest,Upper
2005-10-08,5.0,CHI,Zonotrichia,albicollis,Passerellidae,10133,Yes,Forest,Lower
2005-10-08,5.0,CHI,Regulus,calendula,Regulidae,416,No,Forest,Upper
2005-10-08,5.0,CHI,Zonotrichia,albicollis,Passerellidae,10133,Yes,Forest,Lower
2005-10-08,5.0,CHI,Zonotrichia,albicollis,Passerellidae,10133,Yes,Forest,Lower
2005-10-08,5.0,CHI,Regulus,satrapa,Regulidae,1029,Yes,Forest,Upper
2005-10-08,5.0,CHI,Zonotrichia,albicollis,Passerellidae,10133,Yes,Forest,Lower
2005-10-08,5.0,CHI,Regulus,satrapa,Regulidae,1029,Yes,Forest,Upper
2005-10-08,5.0,CHI,Zonotrichia,albicollis,Passerellidae,10133,Yes,Forest,Lower
2005-10-08,5.0,CHI,Zonotrichia,albicollis,Passerellidae,10133,Yes,Forest,Lower
2005-10-08,5.0,CHI,troglodytes,hiemalis,Troglodytidae,474,No,Forest,Lower
2005-10-08,5.0,CHI,troglodytes,hiemalis,Troglodytidae,474,No,Forest,Lower
2005-10-08,5.0,MP,Zonotrichia,albicollis,Passerellidae,10133,Yes,Forest,Lower
2005-10-08,5.0,CHI,Oreothlypis,ruficapilla,Parulidae,1690,Yes,Forest,Upper
2005-10-08,5.0,CHI,Zonotrichia,albicollis,Passerellidae,10133,Yes,Forest,Lower
2005-10-08,5.0,CHI,Zonotrichia,albicollis,Passerellidae,10133,Yes,Forest,Lower
2005-10-08,5.0,CHI,Zonotrichia,albicollis,Passerellidae,10133,Yes,Forest,Lower
2005-10-08,5.0,CHI,Zonotrichia,leucophrys,Passerellidae,1090,Yes,Edge,Lower
2005-10-08,5.0,CHI,Zonotrichia,leucophrys,Passerellidae,1090,Yes,Edge,Lower
2005-10-08,5.0,CHI,Zonotrichia,leucophrys,Passerellidae,1090,Yes,Edge,Lower
2005-10-08,5.0,CHI,Zonotrichia,albicollis,Passerellidae,10133,Yes,Forest,Lower
2005-10-08,5.0,CHI,Zonotrichia,leucophrys,Passerellidae,1090,Yes,Edge,Lower
2005-10-08,5.0,CHI,Zonotrichia,leucophrys,Passerellidae,1090,Yes,Edge,Lower
2005-10-08,5.0,CHI,Zonotrichia,leucophrys,Passerellidae,1090,Yes,Edge,Lower
2005-10-08,5.0,CHI,Zonotrichia,leucophrys,Passerellidae,1090,Yes,Edge,Lower
2005-10-08,5.0,CHI,Zonotrichia,albicollis,Passerellidae,10133,Yes,Forest,Lower
2005-10-08,5.0,CHI,catharus,ustulatus,Turdidae,2331,Yes,Forest,Lower
2005-10-08,5.0,CHI,Spizella,pusilla,Passerellidae,325,Yes,Open,Lower
2005-10-08,5.0,CHI,Zonotrichia,albicollis,Passerellidae,10133,Yes,Forest,Lower
2005-10-08,5.0,CHI,Melospiza,lincolnii,Passerellidae,2029,yes,edge,Lower
2005-10-08,5.0,CHI,Zonotrichia,albicollis,Passerellidae,10133,Yes,Forest,Lower
2005-10-08,5.0,CHI,Zonotrichia,albicollis,Passerellidae,10133,Yes,Forest,Lower
2005-10-08,5.0,CHI,Melospiza,lincolnii,Passerellidae,2029,yes,edge,Lower
2005-10-08,5.0,CHI,Melospiza,lincolnii,Passerellidae,2029,yes,edge,Lower
2005-10-08,5.0,CHI,Melospiza,lincolnii,Passerellidae,2029,yes,edge,Lower
2005-10-08,5.0,CHI,Melospiza,lincolnii,Passerellidae,2029,yes,edge,Lower
2005-10-08,5.0,CHI,Melospiza,lincolnii,Passerellidae,2029,yes,edge,Lower
2005-10-08,5.0,CHI,Melospiza,lincolnii,Passerellidae,2029,yes,edge,Lower
2005-10-08,5.0,CHI,Zonotrichia,albicollis,Passerellidae,10133,Yes,Forest,Lower
2005-10-08,5.0,CHI,Zonotrichia,albicollis,Passerellidae,10133,Yes,Forest,Lower
2005-10-08,5.0,CHI,Zonotrichia,albicollis,Passerellidae,10133,Yes,Forest,Lower
2005-10-08,5.0,CHI,Zonotrichia,albicollis,Passerellidae,10133,Yes,Forest,Lower
2005-10-08,5.0,CHI,Zonotrichia,albicollis,Passerellidae,10133,Yes,Forest,Lower
2005-10-08,5.0,CHI,Zonotrichia,albicollis,Passerellidae,10133,Yes,Forest,Lower
2005-10-08,5.0,CHI,Zonotrichia,albicollis,Passerellidae,10133,Yes,Forest,Lower
2005-10-08,5.0,CHI,Melospiza,lincolnii,Passerellidae,2029,yes,edge,Lower
2005-10-08,5.0,CHI,Melospiza,melodia,Passerellidae,5124,Yes,Edge,Lower
2005-10-08,5.0,CHI,Melospiza,melodia,Passerellidae,5124,Yes,Edge,Lower
2005-10-08,5.0,CHI,Melospiza,melodia,Passerellidae,5124,Yes,Edge,Lower
2005-10-08,5.0,CHI,Melospiza,melodia,Passerellidae,5124,Yes,Edge,Lower
2005-10-08,5.0,CHI,Melospiza,melodia,Passerellidae,5124,Yes,Edge,Lower
2005-10-08,5.0,CHI,Melospiza,lincolnii,Passerellidae,2029,yes,edge,Lower
2005-10-08,5.0,CHI,Zonotrichia,albicollis,Passerellidae,10133,Yes,Forest,Lower
2005-10-08,5.0,CHI,Melospiza,lincolnii,Passerellidae,2029,yes,edge,Lower
2005-10-08,5.0,CHI,Oreothlypis,ruficapilla,Parulidae,1690,Yes,Forest,Upper
2005-10-08,5.0,CHI,Melospiza,lincolnii,Passerellidae,2029,yes,edge,Lower
2005-10-08,5.0,CHI,Melospiza,lincolnii,Passerellidae,2029,yes,edge,Lower
2005-10-08,5.0,CHI,Melospiza,melodia,Passerellidae,5124,Yes,Edge,Lower
2005-10-08,5.0,CHI,Melospiza,lincolnii,Passerellidae,2029,yes,edge,Lower
2005-10-08,5.0,CHI,Melospiza,melodia,Passerellidae,5124,Yes,Edge,Lower
2005-10-08,5.0,CHI,Melospiza,melodia,Passerellidae,5124,Yes,Edge,Lower
2005-10-08,5.0,CHI,Melospiza,lincolnii,Passerellidae,2029,yes,edge,Lower
2005-10-08,5.0,CHI,Zonotrichia,albicollis,Passerellidae,10133,Yes,Forest,Lower
2005-10-08,5.0,CHI,Zonotrichia,albicollis,Passerellidae,10133,Yes,Forest,Lower
2005-10-08,5.0,CHI,Zonotrichia,albicollis,Passerellidae,10133,Yes,Forest,Lower
2005-10-08,5.0,CHI,Zonotrichia,albicollis,Passerellidae,10133,Yes,Forest,Lower
2005-10-08,5.0,CHI,Zonotrichia,albicollis,Passerellidae,10133,Yes,Forest,Lower
2005-10-08,5.0,CHI,Zonotrichia,albicollis,Passerellidae,10133,Yes,Forest,Lower
2005-10-08,5.0,CHI,Zonotrichia,albicollis,Passerellidae,10133,Yes,Forest,Lower
2005-10-08,5.0,CHI,Catharus,guttatus,Turdidae,3729,Yes,Forest,Lower
2005-10-08,5.0,CHI,Zonotrichia,albicollis,Passerellidae,10133,Yes,Forest,Lower
2005-10-08,5.0,CHI,Catharus,guttatus,Turdidae,3729,Yes,Forest,Lower
2005-10-08,5.0,CHI,Zonotrichia,albicollis,Passerellidae,10133,Yes,Forest,Lower
2005-10-08,5.0,CHI,Catharus,guttatus,Turdidae,3729,Yes,Forest,Lower
2005-10-08,5.0,CHI,Zonotrichia,albicollis,Passerellidae,10133,Yes,Forest,Lower
2005-10-08,5.0,CHI,Zonotrichia,albicollis,Passerellidae,10133,Yes,Forest,Lower
2005-10-08,5.0,CHI,Passerella,iliaca,Passerellidae,2443,Yes,Edge,Lower
2005-10-08,5.0,CHI,Zonotrichia,albicollis,Passerellidae,10133,Yes,Forest,Lower
2005-10-08,5.0,CHI,Zonotrichia,albicollis,Passerellidae,10133,Yes,Forest,Lower
2005-10-08,5.0,CHI,Setophaga,striata,Parulidae,787,Yes,Forest,Upper
2005-10-08,5.0,CHI,Passerella,iliaca,Passerellidae,2443,Yes,Edge,Lower
2005-10-08,5.0,MP,Zonotrichia,albicollis,Passerellidae,10133,Yes,Forest,Lower
2005-10-08,5.0,CHI,Passerella,iliaca,Passerellidae,2443,Yes,Edge,Lower
2005-10-08,5.0,CHI,Zonotrichia,albicollis,Passerellidae,10133,Yes,Forest,Lower
2005-10-08,5.0,MP,Zonotrichia,albicollis,Passerellidae,10133,Yes,Forest,Lower
2005-10-08,5.0,CHI,Zonotrichia,albicollis,Passerellidae,10133,Yes,Forest,Lower
2005-10-08,5.0,CHI,Zonotrichia,albicollis,Passerellidae,10133,Yes,Forest,Lower
2005-10-08,5.0,CHI,Zonotrichia,albicollis,Passerellidae,10133,Yes,Forest,Lower
2005-10-08,5.0,CHI,Zonotrichia,albicollis,Passerellidae,10133,Yes,Forest,Lower
2005-10-08,5.0,CHI,Zonotrichia,albicollis,Passerellidae,10133,Yes,Forest,Lower
2005-10-08,5.0,CHI,Zonotrichia,albicollis,Passerellidae,10133,Yes,Forest,Lower
2005-10-08,5.0,CHI,Zonotrichia,albicollis,Passerellidae,10133,Yes,Forest,Lower
2005-10-08,5.0,CHI,Zonotrichia,albicollis,Passerellidae,10133,Yes,Forest,Lower
2005-10-08,5.0,CHI,Zonotrichia,albicollis,Passerellidae,10133,Yes,Forest,Lower
2005-10-08,5.0,CHI,Zonotrichia,albicollis,Passerellidae,10133,Yes,Forest,Lower
2005-10-08,5.0,CHI,Zonotrichia,albicollis,Passerellidae,10133,Yes,Forest,Lower
2005-10-08,5.0,CHI,Zonotrichia,albicollis,Passerellidae,10133,Yes,Forest,Lower
2005-10-08,5.0,CHI,Zonotrichia,albicollis,Passerellidae,10133,Yes,Forest,Lower
2005-10-08,5.0,CHI,Zonotrichia,albicollis,Passerellidae,10133,Yes,Forest,Lower
2005-10-08,5.0,CHI,Zonotrichia,albicollis,Passerellidae,10133,Yes,Forest,Lower
2005-10-08,5.0,CHI,Zonotrichia,albicollis,Passerellidae,10133,Yes,Forest,Lower
2005-10-08,5.0,CHI,Zonotrichia,albicollis,Passerellidae,10133,Yes,Forest,Lower
2005-10-08,5.0,CHI,Zonotrichia,albicollis,Passerellidae,10133,Yes,Forest,Lower
2005-10-08,5.0,CHI,Zonotrichia,albicollis,Passerellidae,10133,Yes,Forest,Lower
2005-10-08,5.0,CHI,Melospiza,lincolnii,Passerellidae,2029,yes,edge,Lower
2005-10-08,5.0,CHI,Zonotrichia,albicollis,Passerellidae,10133,Yes,Forest,Lower
2005-10-08,5.0,CHI,Zonotrichia,albicollis,Passerellidae,10133,Yes,Forest,Lower
2005-10-08,5.0,CHI,Hylocichla,mustelina,Turdidae,500,Yes,Forest,Lower
2005-10-08,5.0,CHI,Zonotrichia,albicollis,Passerellidae,10133,Yes,Forest,Lower
2005-10-08,5.0,CHI,Zonotrichia,albicollis,Passerellidae,10133,Yes,Forest,Lower
2005-10-08,5.0,CHI,Junco,hyemalis,Passerellidae,6303,Yes,Edge,Lower
2005-10-08,5.0,CHI,Zonotrichia,albicollis,Passerellidae,10133,Yes,Forest,Lower
2005-10-08,5.0,CHI,Zonotrichia,albicollis,Passerellidae,10133,Yes,Forest,Lower
2005-10-08,5.0,CHI,Zonotrichia,albicollis,Passerellidae,10133,Yes,Forest,Lower
2005-10-08,5.0,CHI,Zonotrichia,albicollis,Passerellidae,10133,Yes,Forest,Lower
2005-10-08,5.0,CHI,Hylocichla,mustelina,Turdidae,500,Yes,Forest,Lower
2005-10-08,5.0,CHI,Zonotrichia,albicollis,Passerellidae,10133,Yes,Forest,Lower
2005-10-08,5.0,CHI,Zonotrichia,albicollis,Passerellidae,10133,Yes,Forest,Lower
2005-10-08,5.0,CHI,Zonotrichia,albicollis,Passerellidae,10133,Yes,Forest,Lower
2005-10-08,5.0,CHI,Zonotrichia,albicollis,Passerellidae,10133,Yes,Forest,Lower
2005-10-08,5.0,CHI,Zonotrichia,albicollis,Passerellidae,10133,Yes,Forest,Lower
2005-10-08,5.0,CHI,Zonotrichia,albicollis,Passerellidae,10133,Yes,Forest,Lower
2005-10-08,5.0,CHI,Zonotrichia,albicollis,Passerellidae,10133,Yes,Forest,Lower
2005-10-08,5.0,CHI,Oreothlypis,celata,Parulidae,227,Yes,Edge,Lower
2005-10-08,5.0,CHI,Zonotrichia,albicollis,Passerellidae,10133,Yes,Forest,Lower
2005-10-08,5.0,CHI,Zonotrichia,albicollis,Passerellidae,10133,Yes,Forest,Lower
2005-10-08,5.0,CHI,Zonotrichia,albicollis,Passerellidae,10133,Yes,Forest,Lower
2005-10-08,5.0,CHI,Zonotrichia,albicollis,Passerellidae,10133,Yes,Forest,Lower
2005-10-08,5.0,CHI,Zonotrichia,albicollis,Passerellidae,10133,Yes,Forest,Lower
2005-10-08,5.0,CHI,Zonotrichia,albicollis,Passerellidae,10133,Yes,Forest,Lower
2005-10-08,5.0,CHI,Zonotrichia,albicollis,Passerellidae,10133,Yes,Forest,Lower
2005-10-08,5.0,CHI,Zonotrichia,albicollis,Passerellidae,10133,Yes,Forest,Lower
2005-10-08,5.0,CHI,Zonotrichia,albicollis,Passerellidae,10133,Yes,Forest,Lower
2005-10-08,5.0,CHI,Zonotrichia,albicollis,Passerellidae,10133,Yes,Forest,Lower
2005-10-08,5.0,CHI,Zonotrichia,albicollis,Passerellidae,10133,Yes,Forest,Lower
2005-10-08,5.0,CHI,Zonotrichia,albicollis,Passerellidae,10133,Yes,Forest,Lower
2005-10-08,5.0,CHI,Zonotrichia,albicollis,Passerellidae,10133,Yes,Forest,Lower
2005-10-08,5.0,CHI,Zonotrichia,albicollis,Passerellidae,10133,Yes,Forest,Lower
2005-10-08,5.0,CHI,Zonotrichia,albicollis,Passerellidae,10133,Yes,Forest,Lower
2005-10-08,5.0,CHI,Zonotrichia,albicollis,Passerellidae,10133,Yes,Forest,Lower
2005-10-08,5.0,CHI,Regulus,satrapa,Regulidae,1029,Yes,Forest,Upper
2005-10-08,5.0,CHI,Zonotrichia,albicollis,Passerellidae,10133,Yes,Forest,Lower
2005-10-08,5.0,CHI,Zonotrichia,albicollis,Passerellidae,10133,Yes,Forest,Lower
2005-10-08,5.0,CHI,Sitta,canadensis,Sittidae,260,Yes,Forest,Upper
2005-10-08,5.0,CHI,Zonotrichia,albicollis,Passerellidae,10133,Yes,Forest,Lower
2005-10-08,5.0,CHI,Zonotrichia,albicollis,Passerellidae,10133,Yes,Forest,Lower
2005-10-08,5.0,CHI,Zonotrichia,albicollis,Passerellidae,10133,Yes,Forest,Lower
2005-10-08,5.0,CHI,Junco,hyemalis,Passerellidae,6303,Yes,Edge,Lower
2005-10-08,5.0,CHI,Zonotrichia,albicollis,Passerellidae,10133,Yes,Forest,Lower
2005-10-08,5.0,CHI,Zonotrichia,albicollis,Passerellidae,10133,Yes,Forest,Lower
2005-10-08,5.0,CHI,Zonotrichia,albicollis,Passerellidae,10133,Yes,Forest,Lower
2005-10-08,5.0,CHI,Zonotrichia,albicollis,Passerellidae,10133,Yes,Forest,Lower
2005-10-08,5.0,CHI,Zonotrichia,albicollis,Passerellidae,10133,Yes,Forest,Lower
2005-10-08,5.0,CHI,dumetella,carolinensis,Mimidae,599,no,edge,Lower
2005-10-08,5.0,CHI,Zonotrichia,albicollis,Passerellidae,10133,Yes,Forest,Lower
2005-10-08,5.0,CHI,Zonotrichia,albicollis,Passerellidae,10133,Yes,Forest,Lower
2005-10-08,5.0,CHI,Zonotrichia,albicollis,Passerellidae,10133,Yes,Forest,Lower
2005-10-08,5.0,CHI,Zonotrichia,albicollis,Passerellidae,10133,Yes,Forest,Lower
2005-10-08,5.0,CHI,Zonotrichia,albicollis,Passerellidae,10133,Yes,Forest,Lower
2005-10-08,5.0,CHI,Zonotrichia,albicollis,Passerellidae,10133,Yes,Forest,Lower
2005-10-08,5.0,CHI,Zonotrichia,albicollis,Passerellidae,10133,Yes,Forest,Lower
2005-10-08,5.0,CHI,Junco,hyemalis,Passerellidae,6303,Yes,Edge,Lower
2005-10-08,5.0,CHI,Zonotrichia,albicollis,Passerellidae,10133,Yes,Forest,Lower
2005-10-08,5.0,CHI,Zonotrichia,albicollis,Passerellidae,10133,Yes,Forest,Lower
2005-10-08,5.0,CHI,Zonotrichia,albicollis,Passerellidae,10133,Yes,Forest,Lower
2005-10-08,5.0,CHI,Zonotrichia,albicollis,Passerellidae,10133,Yes,Forest,Lower
2005-10-08,5.0,CHI,Pipilo,erythrophthalmus,Passerellidae,82,Rare,Edge,Lower
2005-10-08,5.0,CHI,dumetella,carolinensis,Mimidae,599,no,edge,Lower
2005-10-08,5.0,CHI,Zonotrichia,albicollis,Passerellidae,10133,Yes,Forest,Lower
2005-10-08,5.0,CHI,dumetella,carolinensis,Mimidae,599,no,edge,Lower
2005-10-08,5.0,CHI,Setophaga,coronata,Parulidae,887,yes,forest,Upper
2005-10-08,5.0,CHI,Zonotrichia,albicollis,Passerellidae,10133,Yes,Forest,Lower
2005-10-08,5.0,CHI,Zonotrichia,albicollis,Passerellidae,10133,Yes,Forest,Lower
2005-10-08,5.0,CHI,Setophaga,coronata,Parulidae,887,yes,forest,Upper
2005-10-08,5.0,CHI,Zonotrichia,albicollis,Passerellidae,10133,Yes,Forest,Lower
2005-10-08,5.0,CHI,Zonotrichia,albicollis,Passerellidae,10133,Yes,Forest,Lower
2005-10-09,4.0,CHI,Regulus,satrapa,Regulidae,1029,Yes,Forest,Upper
2005-10-09,4.0,CHI,Zonotrichia,albicollis,Passerellidae,10133,Yes,Forest,Lower
2005-10-09,4.0,CHI,Zonotrichia,albicollis,Passerellidae,10133,Yes,Forest,Lower
2005-10-09,4.0,CHI,Zonotrichia,albicollis,Passerellidae,10133,Yes,Forest,Lower
2005-10-09,4.0,CHI,Zonotrichia,albicollis,Passerellidae,10133,Yes,Forest,Lower
2005-10-09,4.0,CHI,Zonotrichia,albicollis,Passerellidae,10133,Yes,Forest,Lower
2005-10-09,4.0,CHI,Zonotrichia,albicollis,Passerellidae,10133,Yes,Forest,Lower
2005-10-09,4.0,CHI,Zonotrichia,albicollis,Passerellidae,10133,Yes,Forest,Lower
2005-10-09,4.0,CHI,Zonotrichia,albicollis,Passerellidae,10133,Yes,Forest,Lower
2005-10-09,4.0,CHI,Zonotrichia,albicollis,Passerellidae,10133,Yes,Forest,Lower
2005-10-09,4.0,CHI,Zonotrichia,albicollis,Passerellidae,10133,Yes,Forest,Lower
2005-10-09,4.0,CHI,Zonotrichia,albicollis,Passerellidae,10133,Yes,Forest,Lower
2005-10-09,4.0,CHI,Zonotrichia,albicollis,Passerellidae,10133,Yes,Forest,Lower
2005-10-09,4.0,CHI,Zonotrichia,albicollis,Passerellidae,10133,Yes,Forest,Lower
2005-10-09,4.0,CHI,Zonotrichia,albicollis,Passerellidae,10133,Yes,Forest,Lower
2005-10-09,4.0,CHI,Zonotrichia,albicollis,Passerellidae,10133,Yes,Forest,Lower
2005-10-09,4.0,CHI,Zonotrichia,albicollis,Passerellidae,10133,Yes,Forest,Lower
2005-10-09,4.0,CHI,Zonotrichia,albicollis,Passerellidae,10133,Yes,Forest,Lower
2005-10-09,4.0,CHI,Zonotrichia,albicollis,Passerellidae,10133,Yes,Forest,Lower
2005-10-09,4.0,CHI,Regulus,satrapa,Regulidae,1029,Yes,Forest,Upper
2005-10-09,4.0,CHI,Zonotrichia,albicollis,Passerellidae,10133,Yes,Forest,Lower
2005-10-09,4.0,CHI,Zonotrichia,albicollis,Passerellidae,10133,Yes,Forest,Lower
2005-10-09,4.0,CHI,Zonotrichia,albicollis,Passerellidae,10133,Yes,Forest,Lower
2005-10-09,4.0,CHI,Zonotrichia,albicollis,Passerellidae,10133,Yes,Forest,Lower
2005-10-09,4.0,CHI,Regulus,calendula,Regulidae,416,No,Forest,Upper
2005-10-09,4.0,CHI,Zonotrichia,albicollis,Passerellidae,10133,Yes,Forest,Lower
2005-10-09,4.0,CHI,Sitta,canadensis,Sittidae,260,Yes,Forest,Upper
2005-10-09,4.0,CHI,Zonotrichia,albicollis,Passerellidae,10133,Yes,Forest,Lower
2005-10-09,4.0,CHI,Zonotrichia,albicollis,Passerellidae,10133,Yes,Forest,Lower
2005-10-09,4.0,CHI,Zonotrichia,albicollis,Passerellidae,10133,Yes,Forest,Lower
2005-10-09,4.0,CHI,Zonotrichia,albicollis,Passerellidae,10133,Yes,Forest,Lower
2005-10-09,4.0,MP,Zonotrichia,albicollis,Passerellidae,10133,Yes,Forest,Lower
2005-10-09,4.0,CHI,Zonotrichia,albicollis,Passerellidae,10133,Yes,Forest,Lower
2005-10-09,4.0,CHI,Zonotrichia,albicollis,Passerellidae,10133,Yes,Forest,Lower
2005-10-09,4.0,CHI,Zonotrichia,albicollis,Passerellidae,10133,Yes,Forest,Lower
2005-10-09,4.0,CHI,Zonotrichia,albicollis,Passerellidae,10133,Yes,Forest,Lower
2005-10-09,4.0,CHI,Zonotrichia,albicollis,Passerellidae,10133,Yes,Forest,Lower
2005-10-09,4.0,CHI,Zonotrichia,albicollis,Passerellidae,10133,Yes,Forest,Lower
2005-10-09,4.0,CHI,Zonotrichia,albicollis,Passerellidae,10133,Yes,Forest,Lower
2005-10-09,4.0,CHI,Passerella,iliaca,Passerellidae,2443,Yes,Edge,Lower
2005-10-09,4.0,CHI,Zonotrichia,albicollis,Passerellidae,10133,Yes,Forest,Lower
2005-10-09,4.0,CHI,Passerella,iliaca,Passerellidae,2443,Yes,Edge,Lower
2005-10-09,4.0,CHI,Passerella,iliaca,Passerellidae,2443,Yes,Edge,Lower
2005-10-09,4.0,CHI,Geothlypis,trichas,Parulidae,1555,Yes,Open,Lower
2005-10-09,4.0,CHI,Zonotrichia,albicollis,Passerellidae,10133,Yes,Forest,Lower
2005-10-09,4.0,CHI,Passerella,iliaca,Passerellidae,2443,Yes,Edge,Lower
2005-10-09,4.0,CHI,Passerella,iliaca,Passerellidae,2443,Yes,Edge,Lower
2005-10-09,4.0,CHI,Zonotrichia,albicollis,Passerellidae,10133,Yes,Forest,Lower
2005-10-09,4.0,CHI,Zonotrichia,albicollis,Passerellidae,10133,Yes,Forest,Lower
2005-10-09,4.0,CHI,Zonotrichia,albicollis,Passerellidae,10133,Yes,Forest,Lower
2005-10-09,4.0,CHI,Zonotrichia,albicollis,Passerellidae,10133,Yes,Forest,Lower
2005-10-09,4.0,CHI,Zonotrichia,albicollis,Passerellidae,10133,Yes,Forest,Lower
2005-10-09,4.0,CHI,Zonotrichia,albicollis,Passerellidae,10133,Yes,Forest,Lower
2005-10-09,4.0,CHI,Zonotrichia,albicollis,Passerellidae,10133,Yes,Forest,Lower
2005-10-09,4.0,CHI,Zonotrichia,albicollis,Passerellidae,10133,Yes,Forest,Lower
2005-10-09,4.0,CHI,Zonotrichia,albicollis,Passerellidae,10133,Yes,Forest,Lower
2005-10-09,4.0,CHI,Zonotrichia,albicollis,Passerellidae,10133,Yes,Forest,Lower
2005-10-09,4.0,CHI,Zonotrichia,albicollis,Passerellidae,10133,Yes,Forest,Lower
2005-10-09,4.0,CHI,Zonotrichia,albicollis,Passerellidae,10133,Yes,Forest,Lower
2005-10-09,4.0,CHI,Zonotrichia,albicollis,Passerellidae,10133,Yes,Forest,Lower
2005-10-09,4.0,CHI,Zonotrichia,albicollis,Passerellidae,10133,Yes,Forest,Lower
2005-10-09,4.0,CHI,Zonotrichia,albicollis,Passerellidae,10133,Yes,Forest,Lower
2005-10-09,4.0,CHI,Setophaga,magnolia,Parulidae,1224,yes,forest,Upper
2005-10-09,4.0,CHI,Zonotrichia,albicollis,Passerellidae,10133,Yes,Forest,Lower
2005-10-09,4.0,CHI,Zonotrichia,albicollis,Passerellidae,10133,Yes,Forest,Lower
2005-10-09,4.0,CHI,Zonotrichia,albicollis,Passerellidae,10133,Yes,Forest,Lower
2005-10-09,4.0,CHI,Zonotrichia,albicollis,Passerellidae,10133,Yes,Forest,Lower
2005-10-09,4.0,CHI,Zonotrichia,albicollis,Passerellidae,10133,Yes,Forest,Lower
2005-10-09,4.0,CHI,Zonotrichia,albicollis,Passerellidae,10133,Yes,Forest,Lower
2005-10-09,4.0,CHI,Seiurus,aurocapilla,Parulidae,4580,Yes,Forest,Lower
2005-10-09,4.0,CHI,Zonotrichia,albicollis,Passerellidae,10133,Yes,Forest,Lower
2005-10-09,4.0,CHI,Zonotrichia,albicollis,Passerellidae,10133,Yes,Forest,Lower
2005-10-09,4.0,CHI,Zonotrichia,albicollis,Passerellidae,10133,Yes,Forest,Lower
2005-10-09,4.0,CHI,Zonotrichia,albicollis,Passerellidae,10133,Yes,Forest,Lower
2005-10-09,4.0,CHI,Zonotrichia,albicollis,Passerellidae,10133,Yes,Forest,Lower
2005-10-09,4.0,CHI,Zonotrichia,albicollis,Passerellidae,10133,Yes,Forest,Lower
2005-10-09,4.0,CHI,Regulus,satrapa,Regulidae,1029,Yes,Forest,Upper
2005-10-09,4.0,CHI,Melospiza,lincolnii,Passerellidae,2029,yes,edge,Lower
2005-10-09,4.0,CHI,Zonotrichia,albicollis,Passerellidae,10133,Yes,Forest,Lower
2005-10-09,4.0,CHI,Zonotrichia,albicollis,Passerellidae,10133,Yes,Forest,Lower
2005-10-09,4.0,CHI,Catharus,guttatus,Turdidae,3729,Yes,Forest,Lower
2005-10-09,4.0,CHI,Melospiza,lincolnii,Passerellidae,2029,yes,edge,Lower
2005-10-09,4.0,CHI,Zonotrichia,albicollis,Passerellidae,10133,Yes,Forest,Lower
2005-10-09,4.0,CHI,Zonotrichia,albicollis,Passerellidae,10133,Yes,Forest,Lower
2005-10-09,4.0,CHI,Melospiza,lincolnii,Passerellidae,2029,yes,edge,Lower
2005-10-09,4.0,CHI,Catharus,guttatus,Turdidae,3729,Yes,Forest,Lower
2005-10-09,4.0,CHI,Melospiza,lincolnii,Passerellidae,2029,yes,edge,Lower
2005-10-09,4.0,CHI,Zonotrichia,albicollis,Passerellidae,10133,Yes,Forest,Lower
2005-10-09,4.0,CHI,Zonotrichia,albicollis,Passerellidae,10133,Yes,Forest,Lower
2005-10-09,4.0,CHI,Zonotrichia,albicollis,Passerellidae,10133,Yes,Forest,Lower
2005-10-09,4.0,CHI,catharus,ustulatus,Turdidae,2331,Yes,Forest,Lower
2005-10-09,4.0,CHI,Melospiza,lincolnii,Passerellidae,2029,yes,edge,Lower
2005-10-09,4.0,CHI,Melospiza,lincolnii,Passerellidae,2029,yes,edge,Lower
2005-10-09,4.0,CHI,Zonotrichia,albicollis,Passerellidae,10133,Yes,Forest,Lower
2005-10-09,4.0,CHI,Zonotrichia,albicollis,Passerellidae,10133,Yes,Forest,Lower
2005-10-09,4.0,CHI,Zonotrichia,albicollis,Passerellidae,10133,Yes,Forest,Lower
2005-10-09,4.0,CHI,troglodytes,hiemalis,Troglodytidae,474,No,Forest,Lower
2005-10-09,4.0,CHI,Catharus,guttatus,Turdidae,3729,Yes,Forest,Lower
2005-10-09,4.0,CHI,Zonotrichia,leucophrys,Passerellidae,1090,Yes,Edge,Lower
2005-10-09,4.0,CHI,Zonotrichia,albicollis,Passerellidae,10133,Yes,Forest,Lower
2005-10-09,4.0,CHI,Catharus,guttatus,Turdidae,3729,Yes,Forest,Lower
2005-10-09,4.0,CHI,Zonotrichia,albicollis,Passerellidae,10133,Yes,Forest,Lower
2005-10-09,4.0,CHI,Melospiza,melodia,Passerellidae,5124,Yes,Edge,Lower
2005-10-09,4.0,CHI,Regulus,calendula,Regulidae,416,No,Forest,Upper
2005-10-09,4.0,CHI,Zonotrichia,albicollis,Passerellidae,10133,Yes,Forest,Lower
2005-10-09,4.0,CHI,Regulus,calendula,Regulidae,416,No,Forest,Upper
2005-10-09,4.0,CHI,Regulus,calendula,Regulidae,416,No,Forest,Upper
2005-10-09,4.0,CHI,Melospiza,melodia,Passerellidae,5124,Yes,Edge,Lower
2005-10-09,4.0,CHI,Melospiza,melodia,Passerellidae,5124,Yes,Edge,Lower
2005-10-09,4.0,CHI,Melospiza,melodia,Passerellidae,5124,Yes,Edge,Lower
2005-10-09,4.0,CHI,Zonotrichia,albicollis,Passerellidae,10133,Yes,Forest,Lower
2005-10-09,4.0,CHI,Zonotrichia,albicollis,Passerellidae,10133,Yes,Forest,Lower
2005-10-09,4.0,CHI,Zonotrichia,albicollis,Passerellidae,10133,Yes,Forest,Lower
2005-10-09,4.0,CHI,Zonotrichia,albicollis,Passerellidae,10133,Yes,Forest,Lower
2005-10-09,4.0,CHI,Zonotrichia,albicollis,Passerellidae,10133,Yes,Forest,Lower
2005-10-09,4.0,CHI,Zonotrichia,albicollis,Passerellidae,10133,Yes,Forest,Lower
2005-10-09,4.0,CHI,Catharus,guttatus,Turdidae,3729,Yes,Forest,Lower
2005-10-09,4.0,CHI,Catharus,guttatus,Turdidae,3729,Yes,Forest,Lower
2005-10-09,4.0,CHI,Catharus,guttatus,Turdidae,3729,Yes,Forest,Lower
2005-10-09,4.0,CHI,Catharus,guttatus,Turdidae,3729,Yes,Forest,Lower
2005-10-09,4.0,CHI,Zonotrichia,albicollis,Passerellidae,10133,Yes,Forest,Lower
2005-10-09,4.0,CHI,Zonotrichia,leucophrys,Passerellidae,1090,Yes,Edge,Lower
2005-10-09,4.0,CHI,Zonotrichia,albicollis,Passerellidae,10133,Yes,Forest,Lower
2005-10-09,4.0,CHI,Regulus,satrapa,Regulidae,1029,Yes,Forest,Upper
2005-10-09,4.0,CHI,Setophaga,palmarum,Parulidae,694,Yes,Edge,Lower
2005-10-09,4.0,CHI,Zonotrichia,albicollis,Passerellidae,10133,Yes,Forest,Lower
2005-10-09,4.0,CHI,troglodytes,hiemalis,Troglodytidae,474,No,Forest,Lower
2005-10-09,4.0,CHI,Zonotrichia,albicollis,Passerellidae,10133,Yes,Forest,Lower
2005-10-09,4.0,CHI,Zonotrichia,albicollis,Passerellidae,10133,Yes,Forest,Lower
2005-10-09,4.0,MP,Zonotrichia,leucophrys,Passerellidae,1090,Yes,Edge,Lower
2005-10-09,4.0,CHI,Zonotrichia,albicollis,Passerellidae,10133,Yes,Forest,Lower
2005-10-09,4.0,CHI,Zonotrichia,albicollis,Passerellidae,10133,Yes,Forest,Lower
2005-10-09,4.0,CHI,Regulus,satrapa,Regulidae,1029,Yes,Forest,Upper
2005-10-09,4.0,CHI,Regulus,satrapa,Regulidae,1029,Yes,Forest,Upper
2005-10-09,4.0,CHI,Regulus,satrapa,Regulidae,1029,Yes,Forest,Upper
2005-10-09,4.0,CHI,Zonotrichia,albicollis,Passerellidae,10133,Yes,Forest,Lower
2005-10-09,4.0,CHI,Zonotrichia,albicollis,Passerellidae,10133,Yes,Forest,Lower
2005-10-09,4.0,CHI,Regulus,satrapa,Regulidae,1029,Yes,Forest,Upper
2005-10-09,4.0,CHI,Regulus,satrapa,Regulidae,1029,Yes,Forest,Upper
2005-10-09,4.0,CHI,Zonotrichia,albicollis,Passerellidae,10133,Yes,Forest,Lower
2005-10-09,4.0,CHI,Zonotrichia,albicollis,Passerellidae,10133,Yes,Forest,Lower
2005-10-09,4.0,CHI,Oreothlypis,peregrina,Parulidae,2515,Yes,Edge,Upper
2005-10-09,4.0,CHI,Zonotrichia,albicollis,Passerellidae,10133,Yes,Forest,Lower
2005-10-09,4.0,CHI,Zonotrichia,albicollis,Passerellidae,10133,Yes,Forest,Lower
2005-10-09,4.0,MP,Zonotrichia,leucophrys,Passerellidae,1090,Yes,Edge,Lower
2005-10-09,4.0,CHI,Zonotrichia,albicollis,Passerellidae,10133,Yes,Forest,Lower
2005-10-09,4.0,CHI,Zonotrichia,albicollis,Passerellidae,10133,Yes,Forest,Lower
2005-10-09,4.0,CHI,Zonotrichia,albicollis,Passerellidae,10133,Yes,Forest,Lower
2005-10-09,4.0,CHI,Zonotrichia,albicollis,Passerellidae,10133,Yes,Forest,Lower
2005-10-09,4.0,CHI,Zonotrichia,albicollis,Passerellidae,10133,Yes,Forest,Lower
2005-10-09,4.0,CHI,Zonotrichia,albicollis,Passerellidae,10133,Yes,Forest,Lower
2005-10-09,4.0,CHI,Zonotrichia,albicollis,Passerellidae,10133,Yes,Forest,Lower
2005-10-09,4.0,CHI,Regulus,satrapa,Regulidae,1029,Yes,Forest,Upper
2005-10-09,4.0,CHI,Zonotrichia,albicollis,Passerellidae,10133,Yes,Forest,Lower
2005-10-09,4.0,CHI,Zonotrichia,albicollis,Passerellidae,10133,Yes,Forest,Lower
2005-10-09,4.0,CHI,Zonotrichia,albicollis,Passerellidae,10133,Yes,Forest,Lower
2005-10-09,4.0,CHI,Junco,hyemalis,Passerellidae,6303,Yes,Edge,Lower
2005-10-09,4.0,CHI,Junco,hyemalis,Passerellidae,6303,Yes,Edge,Lower
2005-10-09,4.0,CHI,Zonotrichia,albicollis,Passerellidae,10133,Yes,Forest,Lower
2005-10-09,4.0,CHI,Regulus,satrapa,Regulidae,1029,Yes,Forest,Upper
2005-10-09,4.0,CHI,Zonotrichia,albicollis,Passerellidae,10133,Yes,Forest,Lower
2005-10-11,5.0,CHI,Oreothlypis,peregrina,Parulidae,2515,Yes,Edge,Upper
2005-10-11,5.0,CHI,Melospiza,lincolnii,Passerellidae,2029,yes,edge,Lower
2005-10-11,5.0,CHI,Oreothlypis,peregrina,Parulidae,2515,Yes,Edge,Upper
2005-10-11,5.0,CHI,Setophaga,coronata,Parulidae,887,yes,forest,Upper
2005-10-11,5.0,CHI,Zonotrichia,albicollis,Passerellidae,10133,Yes,Forest,Lower
2005-10-11,5.0,CHI,Catharus,guttatus,Turdidae,3729,Yes,Forest,Lower
2005-10-11,5.0,CHI,Melospiza,lincolnii,Passerellidae,2029,yes,edge,Lower
2005-10-11,5.0,CHI,Regulus,calendula,Regulidae,416,No,Forest,Upper
2005-10-11,5.0,CHI,Sitta,canadensis,Sittidae,260,Yes,Forest,Upper
2005-10-11,5.0,CHI,Zonotrichia,albicollis,Passerellidae,10133,Yes,Forest,Lower
2005-10-11,5.0,CHI,Passerella,iliaca,Passerellidae,2443,Yes,Edge,Lower
2005-10-11,5.0,CHI,Zonotrichia,albicollis,Passerellidae,10133,Yes,Forest,Lower
2005-10-11,5.0,CHI,Zonotrichia,albicollis,Passerellidae,10133,Yes,Forest,Lower
2005-10-11,5.0,CHI,Zonotrichia,albicollis,Passerellidae,10133,Yes,Forest,Lower
2005-10-11,5.0,CHI,Catharus,guttatus,Turdidae,3729,Yes,Forest,Lower
2005-10-11,5.0,CHI,Zonotrichia,albicollis,Passerellidae,10133,Yes,Forest,Lower
2005-10-11,5.0,CHI,Zonotrichia,albicollis,Passerellidae,10133,Yes,Forest,Lower
2005-10-11,5.0,CHI,Zonotrichia,albicollis,Passerellidae,10133,Yes,Forest,Lower
2005-10-11,5.0,CHI,Zonotrichia,albicollis,Passerellidae,10133,Yes,Forest,Lower
2005-10-12,3.0,CHI,Oreothlypis,peregrina,Parulidae,2515,Yes,Edge,Upper
2005-10-12,3.0,MP,Zonotrichia,leucophrys,Passerellidae,1090,Yes,Edge,Lower
2005-10-12,3.0,CHI,troglodytes,hiemalis,Troglodytidae,474,No,Forest,Lower
2005-10-12,3.0,CHI,Melospiza,lincolnii,Passerellidae,2029,yes,edge,Lower
2005-10-12,3.0,CHI,Setophaga,virens,Parulidae,223,Yes,Forest,Upper
2005-10-12,3.0,CHI,Zonotrichia,albicollis,Passerellidae,10133,Yes,Forest,Lower
2005-10-12,3.0,MP,Passerella,iliaca,Passerellidae,2443,Yes,Edge,Lower
2005-10-13,3.0,CHI,Geothlypis,trichas,Parulidae,1555,Yes,Open,Lower
2005-10-13,3.0,CHI,Oreothlypis,ruficapilla,Parulidae,1690,Yes,Forest,Upper
2005-10-14,4.0,CHI,Catharus,guttatus,Turdidae,3729,Yes,Forest,Lower
2005-10-14,4.0,CHI,Passerella,iliaca,Passerellidae,2443,Yes,Edge,Lower
2005-10-14,4.0,CHI,Junco,hyemalis,Passerellidae,6303,Yes,Edge,Lower
2005-10-14,4.0,CHI,Zonotrichia,albicollis,Passerellidae,10133,Yes,Forest,Lower
2005-10-14,4.0,CHI,Zonotrichia,albicollis,Passerellidae,10133,Yes,Forest,Lower
2005-10-14,4.0,CHI,Catharus,guttatus,Turdidae,3729,Yes,Forest,Lower
2005-10-14,4.0,CHI,Regulus,calendula,Regulidae,416,No,Forest,Upper
2005-10-14,4.0,CHI,Regulus,calendula,Regulidae,416,No,Forest,Upper
2005-10-14,4.0,CHI,Melospiza,lincolnii,Passerellidae,2029,yes,edge,Lower
2005-10-14,4.0,CHI,Setophaga,virens,Parulidae,223,Yes,Forest,Upper
2005-10-14,4.0,CHI,Regulus,satrapa,Regulidae,1029,Yes,Forest,Upper
2005-10-15,9.0,MP,Passerella,iliaca,Passerellidae,2443,Yes,Edge,Lower
2005-10-15,9.0,CHI,Junco,hyemalis,Passerellidae,6303,Yes,Edge,Lower
2005-10-15,9.0,CHI,Junco,hyemalis,Passerellidae,6303,Yes,Edge,Lower
2005-10-15,9.0,CHI,Passerella,iliaca,Passerellidae,2443,Yes,Edge,Lower
2005-10-15,9.0,CHI,Junco,hyemalis,Passerellidae,6303,Yes,Edge,Lower
2005-10-15,9.0,CHI,Passerella,iliaca,Passerellidae,2443,Yes,Edge,Lower
2005-10-15,9.0,CHI,Passerella,iliaca,Passerellidae,2443,Yes,Edge,Lower
2005-10-15,9.0,CHI,Passerella,iliaca,Passerellidae,2443,Yes,Edge,Lower
2005-10-15,9.0,CHI,Zonotrichia,albicollis,Passerellidae,10133,Yes,Forest,Lower
2005-10-15,9.0,CHI,Zonotrichia,albicollis,Passerellidae,10133,Yes,Forest,Lower
2005-10-15,9.0,CHI,Zonotrichia,albicollis,Passerellidae,10133,Yes,Forest,Lower
2005-10-15,9.0,CHI,Sitta,canadensis,Sittidae,260,Yes,Forest,Upper
2005-10-15,9.0,CHI,Setophaga,palmarum,Parulidae,694,Yes,Edge,Lower
2005-10-15,9.0,CHI,Passerella,iliaca,Passerellidae,2443,Yes,Edge,Lower
2005-10-15,9.0,CHI,Junco,hyemalis,Passerellidae,6303,Yes,Edge,Lower
2005-10-15,9.0,CHI,Junco,hyemalis,Passerellidae,6303,Yes,Edge,Lower
2005-10-15,9.0,CHI,Melospiza,lincolnii,Passerellidae,2029,yes,edge,Lower
2005-10-15,9.0,CHI,catharus,ustulatus,Turdidae,2331,Yes,Forest,Lower
2005-10-15,9.0,MP,Melospiza,lincolnii,Passerellidae,2029,yes,edge,Lower
2005-10-15,9.0,CHI,Regulus,satrapa,Regulidae,1029,Yes,Forest,Upper
2005-10-15,9.0,CHI,Regulus,satrapa,Regulidae,1029,Yes,Forest,Upper
2005-10-15,9.0,CHI,Junco,hyemalis,Passerellidae,6303,Yes,Edge,Lower
2005-10-15,9.0,CHI,troglodytes,hiemalis,Troglodytidae,474,No,Forest,Lower
2005-10-15,9.0,CHI,Junco,hyemalis,Passerellidae,6303,Yes,Edge,Lower
2005-10-15,9.0,CHI,Junco,hyemalis,Passerellidae,6303,Yes,Edge,Lower
2005-10-15,9.0,CHI,Junco,hyemalis,Passerellidae,6303,Yes,Edge,Lower
2005-10-15,9.0,CHI,Junco,hyemalis,Passerellidae,6303,Yes,Edge,Lower
2005-10-15,9.0,CHI,Junco,hyemalis,Passerellidae,6303,Yes,Edge,Lower
2005-10-15,9.0,CHI,Zonotrichia,albicollis,Passerellidae,10133,Yes,Forest,Lower
2005-10-15,9.0,CHI,Junco,hyemalis,Passerellidae,6303,Yes,Edge,Lower
2005-10-15,9.0,CHI,Junco,hyemalis,Passerellidae,6303,Yes,Edge,Lower
2005-10-15,9.0,CHI,Zonotrichia,albicollis,Passerellidae,10133,Yes,Forest,Lower
2005-10-15,9.0,CHI,Zonotrichia,albicollis,Passerellidae,10133,Yes,Forest,Lower
2005-10-15,9.0,CHI,Catharus,guttatus,Turdidae,3729,Yes,Forest,Lower
2005-10-15,9.0,CHI,Zonotrichia,albicollis,Passerellidae,10133,Yes,Forest,Lower
2005-10-15,9.0,CHI,Catharus,guttatus,Turdidae,3729,Yes,Forest,Lower
2005-10-15,9.0,CHI,Catharus,guttatus,Turdidae,3729,Yes,Forest,Lower
2005-10-15,9.0,MP,Catharus,guttatus,Turdidae,3729,Yes,Forest,Lower
2005-10-15,9.0,CHI,Catharus,guttatus,Turdidae,3729,Yes,Forest,Lower
2005-10-15,9.0,CHI,Catharus,guttatus,Turdidae,3729,Yes,Forest,Lower
2005-10-15,9.0,MP,Catharus,guttatus,Turdidae,3729,Yes,Forest,Lower
2005-10-15,9.0,CHI,Setophaga,coronata,Parulidae,887,yes,forest,Upper
2005-10-15,9.0,CHI,Catharus,guttatus,Turdidae,3729,Yes,Forest,Lower
2005-10-15,9.0,CHI,Catharus,guttatus,Turdidae,3729,Yes,Forest,Lower
2005-10-15,9.0,CHI,Catharus,guttatus,Turdidae,3729,Yes,Forest,Lower
2005-10-15,9.0,CHI,Geothlypis,trichas,Parulidae,1555,Yes,Open,Lower
2005-10-15,9.0,CHI,Catharus,guttatus,Turdidae,3729,Yes,Forest,Lower
2005-10-15,9.0,CHI,dumetella,carolinensis,Mimidae,599,no,edge,Lower
2005-10-15,9.0,MP,Zonotrichia,albicollis,Passerellidae,10133,Yes,Forest,Lower
2005-10-15,9.0,CHI,Catharus,guttatus,Turdidae,3729,Yes,Forest,Lower
2005-10-15,9.0,CHI,Zonotrichia,albicollis,Passerellidae,10133,Yes,Forest,Lower
2005-10-15,9.0,CHI,Catharus,guttatus,Turdidae,3729,Yes,Forest,Lower
2005-10-15,9.0,CHI,Catharus,guttatus,Turdidae,3729,Yes,Forest,Lower
2005-10-15,9.0,CHI,Catharus,guttatus,Turdidae,3729,Yes,Forest,Lower
2005-10-15,9.0,CHI,Catharus,guttatus,Turdidae,3729,Yes,Forest,Lower
2005-10-15,9.0,CHI,Catharus,guttatus,Turdidae,3729,Yes,Forest,Lower
2005-10-15,9.0,CHI,Catharus,guttatus,Turdidae,3729,Yes,Forest,Lower
2005-10-15,9.0,CHI,Catharus,guttatus,Turdidae,3729,Yes,Forest,Lower
2005-10-15,9.0,CHI,Catharus,guttatus,Turdidae,3729,Yes,Forest,Lower
2005-10-15,9.0,CHI,Catharus,guttatus,Turdidae,3729,Yes,Forest,Lower
2005-10-15,9.0,CHI,Catharus,guttatus,Turdidae,3729,Yes,Forest,Lower
2005-10-15,9.0,CHI,Catharus,guttatus,Turdidae,3729,Yes,Forest,Lower
2005-10-15,9.0,CHI,Zonotrichia,albicollis,Passerellidae,10133,Yes,Forest,Lower
2005-10-16,8.0,MP,Junco,hyemalis,Passerellidae,6303,Yes,Edge,Lower
2005-10-16,8.0,CHI,Zonotrichia,albicollis,Passerellidae,10133,Yes,Forest,Lower
2005-10-16,8.0,MP,Melospiza,melodia,Passerellidae,5124,Yes,Edge,Lower
2005-10-16,8.0,CHI,Junco,hyemalis,Passerellidae,6303,Yes,Edge,Lower
2005-10-16,8.0,CHI,Passerella,iliaca,Passerellidae,2443,Yes,Edge,Lower
2005-10-16,8.0,CHI,Zonotrichia,albicollis,Passerellidae,10133,Yes,Forest,Lower
2005-10-16,8.0,CHI,Junco,hyemalis,Passerellidae,6303,Yes,Edge,Lower
2005-10-16,8.0,CHI,Junco,hyemalis,Passerellidae,6303,Yes,Edge,Lower
2005-10-16,8.0,MP,Junco,hyemalis,Passerellidae,6303,Yes,Edge,Lower
2005-10-16,8.0,CHI,Zonotrichia,albicollis,Passerellidae,10133,Yes,Forest,Lower
2005-10-16,8.0,CHI,Regulus,satrapa,Regulidae,1029,Yes,Forest,Upper
2005-10-16,8.0,CHI,Catharus,guttatus,Turdidae,3729,Yes,Forest,Lower
2005-10-16,8.0,CHI,Zonotrichia,albicollis,Passerellidae,10133,Yes,Forest,Lower
2005-10-16,8.0,CHI,Passerella,iliaca,Passerellidae,2443,Yes,Edge,Lower
2005-10-16,8.0,CHI,Catharus,guttatus,Turdidae,3729,Yes,Forest,Lower
2005-10-16,8.0,CHI,Zonotrichia,albicollis,Passerellidae,10133,Yes,Forest,Lower
2005-10-16,8.0,CHI,Catharus,guttatus,Turdidae,3729,Yes,Forest,Lower
2005-10-16,8.0,CHI,Catharus,guttatus,Turdidae,3729,Yes,Forest,Lower
2005-10-16,8.0,CHI,Zonotrichia,albicollis,Passerellidae,10133,Yes,Forest,Lower
2005-10-16,8.0,CHI,Catharus,guttatus,Turdidae,3729,Yes,Forest,Lower
2005-10-16,8.0,CHI,Catharus,guttatus,Turdidae,3729,Yes,Forest,Lower
2005-10-16,8.0,CHI,Catharus,guttatus,Turdidae,3729,Yes,Forest,Lower
2005-10-16,8.0,CHI,Passerella,iliaca,Passerellidae,2443,Yes,Edge,Lower
2005-10-16,8.0,CHI,Catharus,guttatus,Turdidae,3729,Yes,Forest,Lower
2005-10-16,8.0,MP,Setophaga,coronata,Parulidae,887,yes,forest,Upper
2005-10-16,8.0,CHI,Zonotrichia,albicollis,Passerellidae,10133,Yes,Forest,Lower
2005-10-16,8.0,CHI,Zonotrichia,albicollis,Passerellidae,10133,Yes,Forest,Lower
2005-10-16,8.0,CHI,Zonotrichia,albicollis,Passerellidae,10133,Yes,Forest,Lower
2005-10-16,8.0,MP,Zonotrichia,leucophrys,Passerellidae,1090,Yes,Edge,Lower
2005-10-16,8.0,CHI,Zonotrichia,albicollis,Passerellidae,10133,Yes,Forest,Lower
2005-10-16,8.0,CHI,Setophaga,tigrina,Parulidae,182,Yes,Forest,Upper
2005-10-16,8.0,CHI,Zonotrichia,albicollis,Passerellidae,10133,Yes,Forest,Lower
2005-10-16,8.0,MP,Zonotrichia,albicollis,Passerellidae,10133,Yes,Forest,Lower
2005-10-16,8.0,CHI,Zonotrichia,albicollis,Passerellidae,10133,Yes,Forest,Lower
2005-10-16,8.0,CHI,Zonotrichia,albicollis,Passerellidae,10133,Yes,Forest,Lower
2005-10-16,8.0,CHI,Catharus,guttatus,Turdidae,3729,Yes,Forest,Lower
2005-10-16,8.0,CHI,Catharus,guttatus,Turdidae,3729,Yes,Forest,Lower
2005-10-17,10.0,MP,Zonotrichia,albicollis,Passerellidae,10133,Yes,Forest,Lower
2005-10-17,10.0,MP,Zonotrichia,albicollis,Passerellidae,10133,Yes,Forest,Lower
2005-10-17,10.0,CHI,Zonotrichia,albicollis,Passerellidae,10133,Yes,Forest,Lower
2005-10-17,10.0,CHI,Catharus,guttatus,Turdidae,3729,Yes,Forest,Lower
2005-10-17,10.0,MP,Passerella,iliaca,Passerellidae,2443,Yes,Edge,Lower
2005-10-18,8.0,CHI,Zonotrichia,albicollis,Passerellidae,10133,Yes,Forest,Lower
2005-10-18,8.0,CHI,Zonotrichia,albicollis,Passerellidae,10133,Yes,Forest,Lower
2005-10-18,8.0,CHI,Zonotrichia,albicollis,Passerellidae,10133,Yes,Forest,Lower
2005-10-18,8.0,MP,Zonotrichia,albicollis,Passerellidae,10133,Yes,Forest,Lower
2005-10-18,8.0,CHI,Junco,hyemalis,Passerellidae,6303,Yes,Edge,Lower
2005-10-18,8.0,CHI,Junco,hyemalis,Passerellidae,6303,Yes,Edge,Lower
2005-10-18,8.0,CHI,Junco,hyemalis,Passerellidae,6303,Yes,Edge,Lower
2005-10-18,8.0,MP,Passerella,iliaca,Passerellidae,2443,Yes,Edge,Lower
2005-10-18,8.0,MP,Passerella,iliaca,Passerellidae,2443,Yes,Edge,Lower
2005-10-18,8.0,MP,Catharus,guttatus,Turdidae,3729,Yes,Forest,Lower
2005-10-18,8.0,CHI,Junco,hyemalis,Passerellidae,6303,Yes,Edge,Lower
2005-10-19,16.0,MP,Junco,hyemalis,Passerellidae,6303,Yes,Edge,Lower
2005-10-20,16.0,CHI,Junco,hyemalis,Passerellidae,6303,Yes,Edge,Lower
2005-10-20,16.0,CHI,Junco,hyemalis,Passerellidae,6303,Yes,Edge,Lower
2005-10-20,16.0,CHI,Zonotrichia,albicollis,Passerellidae,10133,Yes,Forest,Lower
2005-10-20,16.0,CHI,Catharus,guttatus,Turdidae,3729,Yes,Forest,Lower
2005-10-20,16.0,CHI,Catharus,guttatus,Turdidae,3729,Yes,Forest,Lower
2005-10-20,16.0,MP,Catharus,guttatus,Turdidae,3729,Yes,Forest,Lower
2005-10-20,16.0,MP,Zonotrichia,albicollis,Passerellidae,10133,Yes,Forest,Lower
2005-10-20,16.0,CHI,Zonotrichia,albicollis,Passerellidae,10133,Yes,Forest,Lower
2005-10-21,14.0,CHI,Melospiza,melodia,Passerellidae,5124,Yes,Edge,Lower
2005-10-21,14.0,CHI,Melospiza,lincolnii,Passerellidae,2029,yes,edge,Lower
2005-10-21,14.0,CHI,Zonotrichia,albicollis,Passerellidae,10133,Yes,Forest,Lower
2005-10-21,14.0,CHI,Zonotrichia,albicollis,Passerellidae,10133,Yes,Forest,Lower
2005-10-21,14.0,CHI,Catharus,guttatus,Turdidae,3729,Yes,Forest,Lower
2005-10-21,14.0,CHI,Catharus,guttatus,Turdidae,3729,Yes,Forest,Lower
2005-10-21,14.0,CHI,Zonotrichia,albicollis,Passerellidae,10133,Yes,Forest,Lower
2005-10-22,14.0,MP,Catharus,guttatus,Turdidae,3729,Yes,Forest,Lower
2005-10-23,14.0,CHI,Zonotrichia,albicollis,Passerellidae,10133,Yes,Forest,Lower
2005-10-23,14.0,CHI,Junco,hyemalis,Passerellidae,6303,Yes,Edge,Lower
2005-10-23,14.0,CHI,Zonotrichia,albicollis,Passerellidae,10133,Yes,Forest,Lower
2005-10-23,14.0,CHI,Catharus,guttatus,Turdidae,3729,Yes,Forest,Lower
2005-10-24,14.0,CHI,Passerella,iliaca,Passerellidae,2443,Yes,Edge,Lower
2005-10-24,14.0,CHI,Regulus,satrapa,Regulidae,1029,Yes,Forest,Upper
2005-10-24,14.0,CHI,Regulus,satrapa,Regulidae,1029,Yes,Forest,Upper
2005-10-24,14.0,CHI,Regulus,satrapa,Regulidae,1029,Yes,Forest,Upper
2005-10-24,14.0,CHI,Junco,hyemalis,Passerellidae,6303,Yes,Edge,Lower
2005-10-24,14.0,CHI,Zonotrichia,albicollis,Passerellidae,10133,Yes,Forest,Lower
2005-10-24,14.0,MP,Junco,hyemalis,Passerellidae,6303,Yes,Edge,Lower
2005-10-24,14.0,CHI,Junco,hyemalis,Passerellidae,6303,Yes,Edge,Lower
2005-10-24,14.0,MP,Junco,hyemalis,Passerellidae,6303,Yes,Edge,Lower
2005-10-24,14.0,CHI,Zonotrichia,albicollis,Passerellidae,10133,Yes,Forest,Lower
2005-10-24,14.0,CHI,Junco,hyemalis,Passerellidae,6303,Yes,Edge,Lower
2005-10-24,14.0,CHI,Zonotrichia,albicollis,Passerellidae,10133,Yes,Forest,Lower
2005-10-24,14.0,CHI,troglodytes,hiemalis,Troglodytidae,474,No,Forest,Lower
2005-10-24,14.0,MP,Zonotrichia,albicollis,Passerellidae,10133,Yes,Forest,Lower
2005-10-25,17.0,MP,Spizelloides,arborea,Passerellidae,1262,Yes,Edge,Lower
2005-10-25,17.0,MP,Regulus,calendula,Regulidae,416,No,Forest,Upper
2005-10-25,17.0,MP,Setophaga,coronata,Parulidae,887,yes,forest,Upper
2005-10-25,17.0,CHI,Regulus,satrapa,Regulidae,1029,Yes,Forest,Upper
2005-10-25,17.0,MP,Melospiza,melodia,Passerellidae,5124,Yes,Edge,Lower
2005-10-25,17.0,CHI,Passerella,iliaca,Passerellidae,2443,Yes,Edge,Lower
2005-10-25,17.0,CHI,Melospiza,melodia,Passerellidae,5124,Yes,Edge,Lower
2005-10-25,17.0,CHI,Zonotrichia,albicollis,Passerellidae,10133,Yes,Forest,Lower
2005-10-25,17.0,CHI,Zonotrichia,albicollis,Passerellidae,10133,Yes,Forest,Lower
2005-10-25,17.0,CHI,Zonotrichia,albicollis,Passerellidae,10133,Yes,Forest,Lower
2005-10-25,17.0,CHI,Zonotrichia,albicollis,Passerellidae,10133,Yes,Forest,Lower
2005-10-25,17.0,CHI,Melospiza,melodia,Passerellidae,5124,Yes,Edge,Lower
2005-10-25,17.0,MP,Junco,hyemalis,Passerellidae,6303,Yes,Edge,Lower
2005-10-25,17.0,CHI,Regulus,satrapa,Regulidae,1029,Yes,Forest,Upper
2005-10-25,17.0,MP,Junco,hyemalis,Passerellidae,6303,Yes,Edge,Lower
2005-10-25,17.0,CHI,Regulus,satrapa,Regulidae,1029,Yes,Forest,Upper
2005-10-25,17.0,CHI,Catharus,guttatus,Turdidae,3729,Yes,Forest,Lower
2005-10-25,17.0,CHI,Catharus,guttatus,Turdidae,3729,Yes,Forest,Lower
2005-10-25,17.0,CHI,Catharus,guttatus,Turdidae,3729,Yes,Forest,Lower
2005-10-26,17.0,MP,Catharus,guttatus,Turdidae,3729,Yes,Forest,Lower
2005-10-26,17.0,CHI,Zonotrichia,leucophrys,Passerellidae,1090,Yes,Edge,Lower
2005-10-26,17.0,MP,Zonotrichia,albicollis,Passerellidae,10133,Yes,Forest,Lower
2005-10-26,17.0,CHI,Zonotrichia,albicollis,Passerellidae,10133,Yes,Forest,Lower
2005-10-26,17.0,MP,Junco,hyemalis,Passerellidae,6303,Yes,Edge,Lower
2005-10-26,17.0,CHI,Passerella,iliaca,Passerellidae,2443,Yes,Edge,Lower
2005-10-26,17.0,MP,Junco,hyemalis,Passerellidae,6303,Yes,Edge,Lower
2005-10-26,17.0,CHI,Junco,hyemalis,Passerellidae,6303,Yes,Edge,Lower
2005-10-26,17.0,CHI,Catharus,guttatus,Turdidae,3729,Yes,Forest,Lower
2005-10-27,17.0,CHI,Passerella,iliaca,Passerellidae,2443,Yes,Edge,Lower
2005-10-27,17.0,MP,Passerella,iliaca,Passerellidae,2443,Yes,Edge,Lower
2005-10-27,17.0,CHI,Regulus,calendula,Regulidae,416,No,Forest,Upper
2005-10-27,17.0,CHI,Junco,hyemalis,Passerellidae,6303,Yes,Edge,Lower
2005-10-27,17.0,CHI,Junco,hyemalis,Passerellidae,6303,Yes,Edge,Lower
2005-10-27,17.0,CHI,Zonotrichia,albicollis,Passerellidae,10133,Yes,Forest,Lower
2005-10-28,17.0,CHI,Catharus,guttatus,Turdidae,3729,Yes,Forest,Lower
2005-10-28,17.0,CHI,Zonotrichia,albicollis,Passerellidae,10133,Yes,Forest,Lower
2005-10-28,17.0,MP,Oreothlypis,celata,Parulidae,227,Yes,Edge,Lower
2005-10-28,17.0,MP,Passerella,iliaca,Passerellidae,2443,Yes,Edge,Lower
2005-10-28,17.0,CHI,Catharus,guttatus,Turdidae,3729,Yes,Forest,Lower
2005-10-28,17.0,CHI,Catharus,guttatus,Turdidae,3729,Yes,Forest,Lower
2005-10-28,17.0,MP,Spizelloides,arborea,Passerellidae,1262,Yes,Edge,Lower
2005-10-28,17.0,CHI,Catharus,guttatus,Turdidae,3729,Yes,Forest,Lower
2005-10-28,17.0,CHI,Regulus,satrapa,Regulidae,1029,Yes,Forest,Upper
2005-10-28,17.0,CHI,Junco,hyemalis,Passerellidae,6303,Yes,Edge,Lower
2005-10-28,17.0,CHI,Junco,hyemalis,Passerellidae,6303,Yes,Edge,Lower
2005-10-28,17.0,MP,Junco,hyemalis,Passerellidae,6303,Yes,Edge,Lower
2005-10-29,17.0,MP,Junco,hyemalis,Passerellidae,6303,Yes,Edge,Lower
2005-10-29,17.0,MP,Zonotrichia,albicollis,Passerellidae,10133,Yes,Forest,Lower
2005-10-30,3.0,CHI,Junco,hyemalis,Passerellidae,6303,Yes,Edge,Lower
2005-11-01,14.0,CHI,Passerella,iliaca,Passerellidae,2443,Yes,Edge,Lower
2005-11-01,14.0,CHI,Zonotrichia,albicollis,Passerellidae,10133,Yes,Forest,Lower
2005-11-01,14.0,MP,Junco,hyemalis,Passerellidae,6303,Yes,Edge,Lower
2005-11-01,14.0,CHI,Junco,hyemalis,Passerellidae,6303,Yes,Edge,Lower
2005-11-01,14.0,CHI,Catharus,guttatus,Turdidae,3729,Yes,Forest,Lower
2005-11-01,14.0,CHI,Passerella,iliaca,Passerellidae,2443,Yes,Edge,Lower
2005-11-01,14.0,CHI,Catharus,guttatus,Turdidae,3729,Yes,Forest,Lower
2005-11-01,14.0,CHI,Passerella,iliaca,Passerellidae,2443,Yes,Edge,Lower
2005-11-02,17.0,MP,Junco,hyemalis,Passerellidae,6303,Yes,Edge,Lower
2005-11-02,17.0,MP,Junco,hyemalis,Passerellidae,6303,Yes,Edge,Lower
2005-11-04,13.0,CHI,icteria,virens,Icteriidae,15,no,edge,Lower
2005-11-04,13.0,CHI,Junco,hyemalis,Passerellidae,6303,Yes,Edge,Lower
2005-11-05,13.0,CHI,Zonotrichia,albicollis,Passerellidae,10133,Yes,Forest,Lower
2005-11-05,13.0,CHI,Junco,hyemalis,Passerellidae,6303,Yes,Edge,Lower
2005-11-05,13.0,CHI,Junco,hyemalis,Passerellidae,6303,Yes,Edge,Lower
2005-11-05,13.0,CHI,Zonotrichia,albicollis,Passerellidae,10133,Yes,Forest,Lower
2005-11-05,13.0,MP,Junco,hyemalis,Passerellidae,6303,Yes,Edge,Lower
2005-11-05,13.0,CHI,Passerella,iliaca,Passerellidae,2443,Yes,Edge,Lower
2005-11-05,13.0,CHI,Junco,hyemalis,Passerellidae,6303,Yes,Edge,Lower
2005-11-05,13.0,CHI,Junco,hyemalis,Passerellidae,6303,Yes,Edge,Lower
2005-11-05,13.0,CHI,Zonotrichia,albicollis,Passerellidae,10133,Yes,Forest,Lower
2005-11-06,12.0,CHI,Zonotrichia,albicollis,Passerellidae,10133,Yes,Forest,Lower
2005-11-06,12.0,CHI,Regulus,satrapa,Regulidae,1029,Yes,Forest,Upper
2005-11-07,12.0,CHI,Zonotrichia,albicollis,Passerellidae,10133,Yes,Forest,Lower
2005-11-07,12.0,CHI,Passerella,iliaca,Passerellidae,2443,Yes,Edge,Lower
2005-11-08,10.0,CHI,Zonotrichia,albicollis,Passerellidae,10133,Yes,Forest,Lower
2005-11-08,10.0,CHI,Regulus,satrapa,Regulidae,1029,Yes,Forest,Upper
2005-11-08,10.0,CHI,Junco,hyemalis,Passerellidae,6303,Yes,Edge,Lower
2005-11-09,10.0,CHI,Spizelloides,arborea,Passerellidae,1262,Yes,Edge,Lower
2005-11-09,10.0,CHI,Junco,hyemalis,Passerellidae,6303,Yes,Edge,Lower
2005-11-14,14.0,MP,Spizelloides,arborea,Passerellidae,1262,Yes,Edge,Lower
2005-11-14,14.0,MP,Spizelloides,arborea,Passerellidae,1262,Yes,Edge,Lower
2006-03-08,15.0,MP,Melospiza,melodia,Passerellidae,5124,Yes,Edge,Lower
2006-03-08,15.0,MP,Melospiza,melodia,Passerellidae,5124,Yes,Edge,Lower
2006-03-08,15.0,MP,Melospiza,melodia,Passerellidae,5124,Yes,Edge,Lower
2006-03-08,15.0,MP,Spizelloides,arborea,Passerellidae,1262,Yes,Edge,Lower
2006-03-09,17.0,MP,Melospiza,melodia,Passerellidae,5124,Yes,Edge,Lower
2006-03-11,17.0,MP,Melospiza,melodia,Passerellidae,5124,Yes,Edge,Lower
2006-03-11,17.0,MP,Melospiza,melodia,Passerellidae,5124,Yes,Edge,Lower
2006-03-11,17.0,MP,Melospiza,melodia,Passerellidae,5124,Yes,Edge,Lower
2006-03-11,17.0,MP,Melospiza,melodia,Passerellidae,5124,Yes,Edge,Lower
2006-03-11,17.0,MP,Melospiza,melodia,Passerellidae,5124,Yes,Edge,Lower
2006-03-11,17.0,MP,Melospiza,melodia,Passerellidae,5124,Yes,Edge,Lower
2006-03-11,17.0,MP,Melospiza,melodia,Passerellidae,5124,Yes,Edge,Lower
2006-03-12,15.0,MP,Melospiza,melodia,Passerellidae,5124,Yes,Edge,Lower
2006-03-12,15.0,MP,Melospiza,melodia,Passerellidae,5124,Yes,Edge,Lower
2006-03-12,15.0,MP,Melospiza,melodia,Passerellidae,5124,Yes,Edge,Lower
2006-03-13,15.0,MP,Melospiza,melodia,Passerellidae,5124,Yes,Edge,Lower
2006-03-13,15.0,MP,Passerella,iliaca,Passerellidae,2443,Yes,Edge,Lower
2006-03-13,15.0,MP,Passerella,iliaca,Passerellidae,2443,Yes,Edge,Lower
2006-03-13,15.0,MP,Passerella,iliaca,Passerellidae,2443,Yes,Edge,Lower
2006-03-14,14.0,MP,Melospiza,melodia,Passerellidae,5124,Yes,Edge,Lower
2006-03-14,14.0,MP,Melospiza,melodia,Passerellidae,5124,Yes,Edge,Lower
2006-03-14,14.0,MP,Melospiza,melodia,Passerellidae,5124,Yes,Edge,Lower
2006-03-14,14.0,MP,Spizelloides,arborea,Passerellidae,1262,Yes,Edge,Lower
2006-03-14,14.0,MP,Spizelloides,arborea,Passerellidae,1262,Yes,Edge,Lower
2006-03-14,14.0,MP,Spizelloides,arborea,Passerellidae,1262,Yes,Edge,Lower
2006-03-14,14.0,MP,Melospiza,melodia,Passerellidae,5124,Yes,Edge,Lower
2006-03-14,14.0,MP,Spizelloides,arborea,Passerellidae,1262,Yes,Edge,Lower
2006-03-14,14.0,MP,Melospiza,melodia,Passerellidae,5124,Yes,Edge,Lower
2006-03-14,14.0,MP,Melospiza,melodia,Passerellidae,5124,Yes,Edge,Lower
2006-03-14,14.0,MP,Spizelloides,arborea,Passerellidae,1262,Yes,Edge,Lower
2006-03-14,14.0,MP,Melospiza,melodia,Passerellidae,5124,Yes,Edge,Lower
2006-03-14,14.0,MP,Melospiza,melodia,Passerellidae,5124,Yes,Edge,Lower
2006-03-14,14.0,MP,Melospiza,melodia,Passerellidae,5124,Yes,Edge,Lower
2006-03-14,14.0,MP,Melospiza,melodia,Passerellidae,5124,Yes,Edge,Lower
2006-03-14,14.0,MP,Passerella,iliaca,Passerellidae,2443,Yes,Edge,Lower
2006-03-15,12.0,MP,Melospiza,melodia,Passerellidae,5124,Yes,Edge,Lower
2006-03-18,10.0,MP,Melospiza,melodia,Passerellidae,5124,Yes,Edge,Lower
2006-03-30,15.0,MP,Melospiza,melodia,Passerellidae,5124,Yes,Edge,Lower
2006-03-30,15.0,MP,Melospiza,melodia,Passerellidae,5124,Yes,Edge,Lower
2006-03-30,15.0,MP,Melospiza,melodia,Passerellidae,5124,Yes,Edge,Lower
2006-03-30,15.0,CHI,Junco,hyemalis,Passerellidae,6303,Yes,Edge,Lower
2006-03-30,15.0,CHI,Passerella,iliaca,Passerellidae,2443,Yes,Edge,Lower
2006-03-30,15.0,CHI,Passerella,iliaca,Passerellidae,2443,Yes,Edge,Lower
2006-03-30,15.0,CHI,Junco,hyemalis,Passerellidae,6303,Yes,Edge,Lower
2006-03-30,15.0,MP,Passerella,iliaca,Passerellidae,2443,Yes,Edge,Lower
2006-03-30,15.0,MP,Melospiza,melodia,Passerellidae,5124,Yes,Edge,Lower
2006-03-30,15.0,CHI,Junco,hyemalis,Passerellidae,6303,Yes,Edge,Lower
2006-03-30,15.0,MP,Melospiza,melodia,Passerellidae,5124,Yes,Edge,Lower
2006-03-30,15.0,MP,Melospiza,melodia,Passerellidae,5124,Yes,Edge,Lower
2006-03-30,15.0,MP,Melospiza,melodia,Passerellidae,5124,Yes,Edge,Lower
2006-03-30,15.0,MP,Melospiza,melodia,Passerellidae,5124,Yes,Edge,Lower
2006-03-30,15.0,MP,Melospiza,melodia,Passerellidae,5124,Yes,Edge,Lower
2006-03-30,15.0,MP,Regulus,satrapa,Regulidae,1029,Yes,Forest,Upper
2006-03-30,15.0,MP,Passerella,iliaca,Passerellidae,2443,Yes,Edge,Lower
2006-03-30,15.0,MP,Melospiza,melodia,Passerellidae,5124,Yes,Edge,Lower
2006-03-30,15.0,MP,Melospiza,melodia,Passerellidae,5124,Yes,Edge,Lower
2006-03-30,15.0,MP,Melospiza,melodia,Passerellidae,5124,Yes,Edge,Lower
2006-03-30,15.0,MP,Melospiza,melodia,Passerellidae,5124,Yes,Edge,Lower
2006-03-30,15.0,CHI,Passerella,iliaca,Passerellidae,2443,Yes,Edge,Lower
2006-03-30,15.0,MP,Spizelloides,arborea,Passerellidae,1262,Yes,Edge,Lower
2006-03-30,15.0,MP,Junco,hyemalis,Passerellidae,6303,Yes,Edge,Lower
2006-03-30,15.0,CHI,Junco,hyemalis,Passerellidae,6303,Yes,Edge,Lower
2006-03-31,14.0,MP,Melospiza,melodia,Passerellidae,5124,Yes,Edge,Lower
2006-03-31,14.0,MP,Melospiza,melodia,Passerellidae,5124,Yes,Edge,Lower
2006-03-31,14.0,MP,Melospiza,melodia,Passerellidae,5124,Yes,Edge,Lower
2006-03-31,14.0,MP,Melospiza,melodia,Passerellidae,5124,Yes,Edge,Lower
2006-03-31,14.0,MP,Melospiza,melodia,Passerellidae,5124,Yes,Edge,Lower
2006-03-31,14.0,MP,Melospiza,melodia,Passerellidae,5124,Yes,Edge,Lower
2006-03-31,14.0,MP,Melospiza,melodia,Passerellidae,5124,Yes,Edge,Lower
2006-03-31,14.0,MP,Passerella,iliaca,Passerellidae,2443,Yes,Edge,Lower
2006-03-31,14.0,MP,Melospiza,melodia,Passerellidae,5124,Yes,Edge,Lower
2006-03-31,14.0,MP,Spizelloides,arborea,Passerellidae,1262,Yes,Edge,Lower
2006-03-31,14.0,MP,Junco,hyemalis,Passerellidae,6303,Yes,Edge,Lower
2006-03-31,14.0,MP,Junco,hyemalis,Passerellidae,6303,Yes,Edge,Lower
2006-03-31,14.0,MP,Junco,hyemalis,Passerellidae,6303,Yes,Edge,Lower
2006-03-31,14.0,MP,Junco,hyemalis,Passerellidae,6303,Yes,Edge,Lower
2006-03-31,14.0,MP,Junco,hyemalis,Passerellidae,6303,Yes,Edge,Lower
2006-03-31,14.0,MP,Junco,hyemalis,Passerellidae,6303,Yes,Edge,Lower
2006-03-31,14.0,MP,Melospiza,melodia,Passerellidae,5124,Yes,Edge,Lower
2006-03-31,14.0,MP,Melospiza,melodia,Passerellidae,5124,Yes,Edge,Lower
2006-03-31,14.0,CHI,Junco,hyemalis,Passerellidae,6303,Yes,Edge,Lower
2006-03-31,14.0,MP,Junco,hyemalis,Passerellidae,6303,Yes,Edge,Lower
2006-03-31,14.0,MP,Junco,hyemalis,Passerellidae,6303,Yes,Edge,Lower
2006-03-31,14.0,MP,Junco,hyemalis,Passerellidae,6303,Yes,Edge,Lower
2006-03-31,14.0,CHI,Passerella,iliaca,Passerellidae,2443,Yes,Edge,Lower
2006-03-31,14.0,MP,Spizelloides,arborea,Passerellidae,1262,Yes,Edge,Lower
2006-03-31,14.0,CHI,Passerella,iliaca,Passerellidae,2443,Yes,Edge,Lower
2006-03-31,14.0,CHI,Passerella,iliaca,Passerellidae,2443,Yes,Edge,Lower
2006-03-31,14.0,MP,Passerella,iliaca,Passerellidae,2443,Yes,Edge,Lower
2006-03-31,14.0,MP,Passerella,iliaca,Passerellidae,2443,Yes,Edge,Lower
2006-03-31,14.0,MP,Passerella,iliaca,Passerellidae,2443,Yes,Edge,Lower
2006-03-31,14.0,MP,Passerella,iliaca,Passerellidae,2443,Yes,Edge,Lower
2006-03-31,14.0,MP,Passerella,iliaca,Passerellidae,2443,Yes,Edge,Lower
2006-03-31,14.0,MP,Passerella,iliaca,Passerellidae,2443,Yes,Edge,Lower
2006-03-31,14.0,MP,Passerella,iliaca,Passerellidae,2443,Yes,Edge,Lower
2006-04-01,14.0,MP,Melospiza,melodia,Passerellidae,5124,Yes,Edge,Lower
2006-04-01,14.0,MP,Junco,hyemalis,Passerellidae,6303,Yes,Edge,Lower
2006-04-01,14.0,MP,Passerella,iliaca,Passerellidae,2443,Yes,Edge,Lower
2006-04-01,14.0,MP,Melospiza,melodia,Passerellidae,5124,Yes,Edge,Lower
2006-04-01,14.0,MP,Junco,hyemalis,Passerellidae,6303,Yes,Edge,Lower
2006-04-01,14.0,MP,Melospiza,melodia,Passerellidae,5124,Yes,Edge,Lower
2006-04-01,14.0,MP,Melospiza,melodia,Passerellidae,5124,Yes,Edge,Lower
2006-04-01,14.0,MP,Melospiza,melodia,Passerellidae,5124,Yes,Edge,Lower
2006-04-01,14.0,MP,Melospiza,melodia,Passerellidae,5124,Yes,Edge,Lower
2006-04-01,14.0,MP,Junco,hyemalis,Passerellidae,6303,Yes,Edge,Lower
2006-04-01,14.0,MP,Melospiza,melodia,Passerellidae,5124,Yes,Edge,Lower
2006-04-01,14.0,MP,Spizella,pusilla,Passerellidae,325,Yes,Open,Lower
2006-04-01,14.0,MP,Melospiza,melodia,Passerellidae,5124,Yes,Edge,Lower
2006-04-01,14.0,MP,Melospiza,melodia,Passerellidae,5124,Yes,Edge,Lower
2006-04-01,14.0,MP,Passerella,iliaca,Passerellidae,2443,Yes,Edge,Lower
2006-04-01,14.0,MP,Melospiza,melodia,Passerellidae,5124,Yes,Edge,Lower
2006-04-01,14.0,MP,Junco,hyemalis,Passerellidae,6303,Yes,Edge,Lower
2006-04-01,14.0,MP,Melospiza,melodia,Passerellidae,5124,Yes,Edge,Lower
2006-04-01,14.0,MP,Passerella,iliaca,Passerellidae,2443,Yes,Edge,Lower
2006-04-01,14.0,MP,Melospiza,melodia,Passerellidae,5124,Yes,Edge,Lower
2006-04-01,14.0,MP,Melospiza,melodia,Passerellidae,5124,Yes,Edge,Lower
2006-04-01,14.0,MP,Melospiza,melodia,Passerellidae,5124,Yes,Edge,Lower
2006-04-01,14.0,MP,Melospiza,melodia,Passerellidae,5124,Yes,Edge,Lower
2006-04-01,14.0,MP,Melospiza,melodia,Passerellidae,5124,Yes,Edge,Lower
2006-04-01,14.0,MP,Melospiza,melodia,Passerellidae,5124,Yes,Edge,Lower
2006-04-01,14.0,MP,Melospiza,melodia,Passerellidae,5124,Yes,Edge,Lower
2006-04-01,14.0,MP,Passerella,iliaca,Passerellidae,2443,Yes,Edge,Lower
2006-04-01,14.0,MP,Melospiza,melodia,Passerellidae,5124,Yes,Edge,Lower
2006-04-01,14.0,MP,Passerella,iliaca,Passerellidae,2443,Yes,Edge,Lower
2006-04-01,14.0,MP,Melospiza,melodia,Passerellidae,5124,Yes,Edge,Lower
2006-04-03,16.0,MP,Passerella,iliaca,Passerellidae,2443,Yes,Edge,Lower
2006-04-03,16.0,MP,Melospiza,melodia,Passerellidae,5124,Yes,Edge,Lower
2006-04-03,16.0,MP,Melospiza,melodia,Passerellidae,5124,Yes,Edge,Lower
2006-04-03,16.0,MP,Passerella,iliaca,Passerellidae,2443,Yes,Edge,Lower
2006-04-03,16.0,MP,Junco,hyemalis,Passerellidae,6303,Yes,Edge,Lower
2006-04-03,16.0,MP,Melospiza,melodia,Passerellidae,5124,Yes,Edge,Lower
2006-04-03,16.0,MP,Junco,hyemalis,Passerellidae,6303,Yes,Edge,Lower
2006-04-03,16.0,MP,Spizelloides,arborea,Passerellidae,1262,Yes,Edge,Lower
2006-04-03,16.0,MP,Passerella,iliaca,Passerellidae,2443,Yes,Edge,Lower
2006-04-03,16.0,MP,Junco,hyemalis,Passerellidae,6303,Yes,Edge,Lower
2006-04-03,16.0,MP,Junco,hyemalis,Passerellidae,6303,Yes,Edge,Lower
2006-04-03,16.0,MP,Junco,hyemalis,Passerellidae,6303,Yes,Edge,Lower
2006-04-03,16.0,CHI,Catharus,guttatus,Turdidae,3729,Yes,Forest,Lower
2006-04-03,16.0,MP,Junco,hyemalis,Passerellidae,6303,Yes,Edge,Lower
2006-04-03,16.0,MP,Junco,hyemalis,Passerellidae,6303,Yes,Edge,Lower
2006-04-03,16.0,MP,Melospiza,melodia,Passerellidae,5124,Yes,Edge,Lower
2006-04-03,16.0,CHI,Zonotrichia,albicollis,Passerellidae,10133,Yes,Forest,Lower
2006-04-06,9.0,CHI,Catharus,guttatus,Turdidae,3729,Yes,Forest,Lower
2006-04-06,9.0,MP,Catharus,guttatus,Turdidae,3729,Yes,Forest,Lower
2006-04-06,9.0,CHI,Passerella,iliaca,Passerellidae,2443,Yes,Edge,Lower
2006-04-06,9.0,CHI,Regulus,satrapa,Regulidae,1029,Yes,Forest,Upper
2006-04-06,9.0,CHI,Regulus,satrapa,Regulidae,1029,Yes,Forest,Upper
2006-04-06,9.0,CHI,Regulus,satrapa,Regulidae,1029,Yes,Forest,Upper
2006-04-06,9.0,CHI,Regulus,satrapa,Regulidae,1029,Yes,Forest,Upper
2006-04-06,9.0,MP,Melospiza,melodia,Passerellidae,5124,Yes,Edge,Lower
2006-04-06,9.0,CHI,Regulus,satrapa,Regulidae,1029,Yes,Forest,Upper
2006-04-06,9.0,CHI,Regulus,satrapa,Regulidae,1029,Yes,Forest,Upper
2006-04-06,9.0,CHI,Melospiza,melodia,Passerellidae,5124,Yes,Edge,Lower
2006-04-07,9.0,MP,Melospiza,melodia,Passerellidae,5124,Yes,Edge,Lower
2006-04-07,9.0,MP,Melospiza,melodia,Passerellidae,5124,Yes,Edge,Lower
2006-04-07,9.0,CHI,Catharus,guttatus,Turdidae,3729,Yes,Forest,Lower
2006-04-07,9.0,CHI,Melospiza,melodia,Passerellidae,5124,Yes,Edge,Lower
2006-04-07,9.0,CHI,Regulus,satrapa,Regulidae,1029,Yes,Forest,Upper
2006-04-07,9.0,CHI,Catharus,guttatus,Turdidae,3729,Yes,Forest,Lower
2006-04-07,9.0,CHI,Toxostoma,rufum,Mimidae,166,No,Edge,Lower
2006-04-07,9.0,CHI,Melospiza,melodia,Passerellidae,5124,Yes,Edge,Lower
2006-04-07,9.0,CHI,troglodytes,hiemalis,Troglodytidae,474,No,Forest,Lower
2006-04-07,9.0,CHI,Junco,hyemalis,Passerellidae,6303,Yes,Edge,Lower
2006-04-07,9.0,CHI,Regulus,calendula,Regulidae,416,No,Forest,Upper
2006-04-08,9.0,CHI,Catharus,guttatus,Turdidae,3729,Yes,Forest,Lower
2006-04-08,9.0,CHI,Melospiza,melodia,Passerellidae,5124,Yes,Edge,Lower
2006-04-09,9.0,CHI,Regulus,satrapa,Regulidae,1029,Yes,Forest,Upper
2006-04-10,9.0,CHI,Junco,hyemalis,Passerellidae,6303,Yes,Edge,Lower
2006-04-10,9.0,CHI,Regulus,satrapa,Regulidae,1029,Yes,Forest,Upper
2006-04-10,9.0,CHI,Regulus,satrapa,Regulidae,1029,Yes,Forest,Upper
2006-04-10,9.0,MP,Catharus,guttatus,Turdidae,3729,Yes,Forest,Lower
2006-04-10,9.0,CHI,Regulus,satrapa,Regulidae,1029,Yes,Forest,Upper
2006-04-10,9.0,CHI,Regulus,satrapa,Regulidae,1029,Yes,Forest,Upper
2006-04-10,9.0,MP,Junco,hyemalis,Passerellidae,6303,Yes,Edge,Lower
2006-04-10,9.0,MP,Melospiza,melodia,Passerellidae,5124,Yes,Edge,Lower
2006-04-11,9.0,CHI,Catharus,guttatus,Turdidae,3729,Yes,Forest,Lower
2006-04-11,9.0,MP,Melospiza,melodia,Passerellidae,5124,Yes,Edge,Lower
2006-04-11,9.0,CHI,Catharus,guttatus,Turdidae,3729,Yes,Forest,Lower
2006-04-11,9.0,CHI,Junco,hyemalis,Passerellidae,6303,Yes,Edge,Lower
2006-04-11,9.0,MP,Junco,hyemalis,Passerellidae,6303,Yes,Edge,Lower
2006-04-11,9.0,MP,Melospiza,melodia,Passerellidae,5124,Yes,Edge,Lower
2006-04-12,9.0,MP,Catharus,guttatus,Turdidae,3729,Yes,Forest,Lower
2006-04-12,9.0,CHI,Catharus,guttatus,Turdidae,3729,Yes,Forest,Lower
2006-04-12,9.0,MP,Melospiza,melodia,Passerellidae,5124,Yes,Edge,Lower
2006-04-13,9.0,MP,Melospiza,melodia,Passerellidae,5124,Yes,Edge,Lower
2006-04-14,9.0,CHI,Regulus,satrapa,Regulidae,1029,Yes,Forest,Upper
2006-04-14,9.0,MP,Ammodramus,savannarum,Passerellidae,106,Yes,Open,Lower
2006-04-14,9.0,CHI,Zonotrichia,albicollis,Passerellidae,10133,Yes,Forest,Lower
2006-04-14,9.0,CHI,Catharus,guttatus,Turdidae,3729,Yes,Forest,Lower
2006-04-14,9.0,MP,Catharus,guttatus,Turdidae,3729,Yes,Forest,Lower
2006-04-14,9.0,MP,Catharus,guttatus,Turdidae,3729,Yes,Forest,Lower
2006-04-14,9.0,MP,Zonotrichia,albicollis,Passerellidae,10133,Yes,Forest,Lower
2006-04-14,9.0,CHI,Catharus,guttatus,Turdidae,3729,Yes,Forest,Lower
2006-04-15,9.0,CHI,Junco,hyemalis,Passerellidae,6303,Yes,Edge,Lower
2006-04-17,3.0,CHI,Junco,hyemalis,Passerellidae,6303,Yes,Edge,Lower
2006-04-17,3.0,CHI,Catharus,guttatus,Turdidae,3729,Yes,Forest,Lower
2006-04-20,6.0,CHI,Catharus,guttatus,Turdidae,3729,Yes,Forest,Lower
2006-04-20,6.0,CHI,Catharus,guttatus,Turdidae,3729,Yes,Forest,Lower
2006-04-20,6.0,CHI,Junco,hyemalis,Passerellidae,6303,Yes,Edge,Lower
2006-04-20,6.0,CHI,Zonotrichia,albicollis,Passerellidae,10133,Yes,Forest,Lower
2006-04-20,6.0,MP,Zonotrichia,albicollis,Passerellidae,10133,Yes,Forest,Lower
2006-04-20,6.0,MP,Zonotrichia,albicollis,Passerellidae,10133,Yes,Forest,Lower
2006-04-21,7.0,CHI,Regulus,satrapa,Regulidae,1029,Yes,Forest,Upper
2006-04-21,7.0,MP,Zonotrichia,albicollis,Passerellidae,10133,Yes,Forest,Lower
2006-04-21,7.0,CHI,Catharus,guttatus,Turdidae,3729,Yes,Forest,Lower
2006-04-21,7.0,CHI,Catharus,guttatus,Turdidae,3729,Yes,Forest,Lower
2006-04-21,7.0,CHI,Catharus,guttatus,Turdidae,3729,Yes,Forest,Lower
2006-04-22,12.0,MP,Melospiza,lincolnii,Passerellidae,2029,yes,edge,Lower
2006-04-22,12.0,MP,Zonotrichia,albicollis,Passerellidae,10133,Yes,Forest,Lower
2006-04-22,12.0,MP,Toxostoma,rufum,Mimidae,166,No,Edge,Lower
2006-04-22,12.0,CHI,Zonotrichia,albicollis,Passerellidae,10133,Yes,Forest,Lower
2006-04-23,10.0,CHI,Zonotrichia,albicollis,Passerellidae,10133,Yes,Forest,Lower
2006-04-23,10.0,CHI,Zonotrichia,albicollis,Passerellidae,10133,Yes,Forest,Lower
2006-04-26,9.0,CHI,Zonotrichia,albicollis,Passerellidae,10133,Yes,Forest,Lower
2006-04-26,9.0,CHI,Zonotrichia,albicollis,Passerellidae,10133,Yes,Forest,Lower
2006-04-26,9.0,CHI,Zonotrichia,albicollis,Passerellidae,10133,Yes,Forest,Lower
2006-04-26,9.0,CHI,Zonotrichia,albicollis,Passerellidae,10133,Yes,Forest,Lower
2006-04-26,9.0,CHI,Toxostoma,rufum,Mimidae,166,No,Edge,Lower
2006-04-26,9.0,CHI,Catharus,guttatus,Turdidae,3729,Yes,Forest,Lower
2006-04-26,9.0,CHI,Zonotrichia,albicollis,Passerellidae,10133,Yes,Forest,Lower
2006-04-27,12.0,CHI,Catharus,guttatus,Turdidae,3729,Yes,Forest,Lower
2006-04-27,12.0,CHI,Zonotrichia,albicollis,Passerellidae,10133,Yes,Forest,Lower
2006-04-27,12.0,CHI,Zonotrichia,albicollis,Passerellidae,10133,Yes,Forest,Lower
2006-04-27,12.0,CHI,Zonotrichia,albicollis,Passerellidae,10133,Yes,Forest,Lower
2006-04-27,12.0,CHI,Zonotrichia,albicollis,Passerellidae,10133,Yes,Forest,Lower
2006-04-28,16.0,CHI,Zonotrichia,albicollis,Passerellidae,10133,Yes,Forest,Lower
2006-04-28,16.0,CHI,Catharus,guttatus,Turdidae,3729,Yes,Forest,Lower
2006-04-28,16.0,CHI,Catharus,guttatus,Turdidae,3729,Yes,Forest,Lower
2006-04-29,16.0,MP,Zonotrichia,albicollis,Passerellidae,10133,Yes,Forest,Lower
2006-04-29,16.0,CHI,Sitta,canadensis,Sittidae,260,Yes,Forest,Upper
2006-04-29,16.0,MP,Zonotrichia,albicollis,Passerellidae,10133,Yes,Forest,Lower
2006-04-29,16.0,CHI,Zonotrichia,albicollis,Passerellidae,10133,Yes,Forest,Lower
2006-04-29,16.0,CHI,Zonotrichia,albicollis,Passerellidae,10133,Yes,Forest,Lower
2006-04-29,16.0,MP,Zonotrichia,albicollis,Passerellidae,10133,Yes,Forest,Lower
2006-04-29,16.0,CHI,Zonotrichia,albicollis,Passerellidae,10133,Yes,Forest,Lower
2006-04-29,16.0,CHI,Zonotrichia,albicollis,Passerellidae,10133,Yes,Forest,Lower
2006-04-29,16.0,CHI,Zonotrichia,albicollis,Passerellidae,10133,Yes,Forest,Lower
2006-04-29,16.0,CHI,Zonotrichia,albicollis,Passerellidae,10133,Yes,Forest,Lower
2006-04-29,16.0,CHI,Zonotrichia,albicollis,Passerellidae,10133,Yes,Forest,Lower
2006-04-29,16.0,CHI,Zonotrichia,albicollis,Passerellidae,10133,Yes,Forest,Lower
2006-04-29,16.0,MP,Zonotrichia,albicollis,Passerellidae,10133,Yes,Forest,Lower
2006-04-29,16.0,CHI,Zonotrichia,albicollis,Passerellidae,10133,Yes,Forest,Lower
2006-04-29,16.0,CHI,Setophaga,palmarum,Parulidae,694,Yes,Edge,Lower
2006-04-29,16.0,CHI,Zonotrichia,albicollis,Passerellidae,10133,Yes,Forest,Lower
2006-04-29,16.0,CHI,Zonotrichia,albicollis,Passerellidae,10133,Yes,Forest,Lower
2006-04-29,16.0,CHI,Zonotrichia,albicollis,Passerellidae,10133,Yes,Forest,Lower
2006-04-29,16.0,CHI,Zonotrichia,albicollis,Passerellidae,10133,Yes,Forest,Lower
2006-04-29,16.0,CHI,Regulus,calendula,Regulidae,416,No,Forest,Upper
2006-04-29,16.0,CHI,Zonotrichia,albicollis,Passerellidae,10133,Yes,Forest,Lower
2006-04-29,16.0,CHI,Zonotrichia,albicollis,Passerellidae,10133,Yes,Forest,Lower
2006-04-30,17.0,CHI,Zonotrichia,albicollis,Passerellidae,10133,Yes,Forest,Lower
2006-04-30,17.0,CHI,Zonotrichia,albicollis,Passerellidae,10133,Yes,Forest,Lower
2006-04-30,17.0,MP,Toxostoma,rufum,Mimidae,166,No,Edge,Lower
2006-04-30,17.0,CHI,Zonotrichia,albicollis,Passerellidae,10133,Yes,Forest,Lower
2006-04-30,17.0,CHI,Catharus,guttatus,Turdidae,3729,Yes,Forest,Lower
2006-04-30,17.0,CHI,Zonotrichia,albicollis,Passerellidae,10133,Yes,Forest,Lower
2006-04-30,17.0,CHI,Zonotrichia,albicollis,Passerellidae,10133,Yes,Forest,Lower
2006-05-01,17.0,MP,Zonotrichia,albicollis,Passerellidae,10133,Yes,Forest,Lower
2006-05-01,17.0,CHI,Zonotrichia,albicollis,Passerellidae,10133,Yes,Forest,Lower
2006-05-01,17.0,CHI,Oreothlypis,ruficapilla,Parulidae,1690,Yes,Forest,Upper
2006-05-01,17.0,CHI,Oreothlypis,ruficapilla,Parulidae,1690,Yes,Forest,Upper
2006-05-01,17.0,MP,Catharus,guttatus,Turdidae,3729,Yes,Forest,Lower
2006-05-01,17.0,MP,Catharus,guttatus,Turdidae,3729,Yes,Forest,Lower
2006-05-01,17.0,MP,Zonotrichia,albicollis,Passerellidae,10133,Yes,Forest,Lower
2006-05-01,17.0,MP,Passerculus,sandwichensis,Passerellidae,274,yes,open,Lower	
2006-05-01,17.0,CHI,Zonotrichia,albicollis,Passerellidae,10133,Yes,Forest,Lower
2006-05-01,17.0,CHI,Zonotrichia,albicollis,Passerellidae,10133,Yes,Forest,Lower
2006-05-01,17.0,MP,Zonotrichia,albicollis,Passerellidae,10133,Yes,Forest,Lower
2006-05-01,17.0,CHI,Catharus,guttatus,Turdidae,3729,Yes,Forest,Lower
2006-05-01,17.0,CHI,Seiurus,aurocapilla,Parulidae,4580,Yes,Forest,Lower
2006-05-01,17.0,MP,Zonotrichia,albicollis,Passerellidae,10133,Yes,Forest,Lower
2006-05-01,17.0,CHI,Geothlypis,trichas,Parulidae,1555,Yes,Open,Lower
2006-05-01,17.0,MP,Zonotrichia,albicollis,Passerellidae,10133,Yes,Forest,Lower
2006-05-01,17.0,MP,Zonotrichia,albicollis,Passerellidae,10133,Yes,Forest,Lower
2006-05-01,17.0,MP,Melospiza,lincolnii,Passerellidae,2029,yes,edge,Lower
2006-05-01,17.0,MP,Melospiza,lincolnii,Passerellidae,2029,yes,edge,Lower
2006-05-01,17.0,CHI,Passerina,cyanea,Cardinalidae,725,yes,edge,Upper
2006-05-01,17.0,CHI,Melospiza,lincolnii,Passerellidae,2029,yes,edge,Lower
2006-05-01,17.0,MP,Zonotrichia,leucophrys,Passerellidae,1090,Yes,Edge,Lower
2006-05-01,17.0,CHI,Hylocichla,mustelina,Turdidae,500,Yes,Forest,Lower
2006-05-01,17.0,MP,Catharus,guttatus,Turdidae,3729,Yes,Forest,Lower
2006-05-01,17.0,MP,Hylocichla,mustelina,Turdidae,500,Yes,Forest,Lower
2006-05-01,17.0,MP,Zonotrichia,leucophrys,Passerellidae,1090,Yes,Edge,Lower
2006-05-02,15.0,CHI,Hylocichla,mustelina,Turdidae,500,Yes,Forest,Lower
2006-05-02,15.0,CHI,Oreothlypis,ruficapilla,Parulidae,1690,Yes,Forest,Upper
2006-05-02,15.0,CHI,Oreothlypis,ruficapilla,Parulidae,1690,Yes,Forest,Upper
2006-05-02,15.0,MP,Zonotrichia,albicollis,Passerellidae,10133,Yes,Forest,Lower
2006-05-02,15.0,CHI,Geothlypis,trichas,Parulidae,1555,Yes,Open,Lower
2006-05-02,15.0,MP,Zonotrichia,albicollis,Passerellidae,10133,Yes,Forest,Lower
2006-05-02,15.0,CHI,Zonotrichia,albicollis,Passerellidae,10133,Yes,Forest,Lower
2006-05-02,15.0,CHI,Zonotrichia,albicollis,Passerellidae,10133,Yes,Forest,Lower
2006-05-02,15.0,CHI,Zonotrichia,albicollis,Passerellidae,10133,Yes,Forest,Lower
2006-05-02,15.0,MP,Zonotrichia,albicollis,Passerellidae,10133,Yes,Forest,Lower
2006-05-02,15.0,CHI,Zonotrichia,albicollis,Passerellidae,10133,Yes,Forest,Lower
2006-05-02,15.0,CHI,Zonotrichia,albicollis,Passerellidae,10133,Yes,Forest,Lower
2006-05-03,14.0,CHI,Zonotrichia,albicollis,Passerellidae,10133,Yes,Forest,Lower
2006-05-03,14.0,CHI,Seiurus,aurocapilla,Parulidae,4580,Yes,Forest,Lower
2006-05-03,14.0,CHI,Zonotrichia,albicollis,Passerellidae,10133,Yes,Forest,Lower
2006-05-03,14.0,CHI,Zonotrichia,albicollis,Passerellidae,10133,Yes,Forest,Lower
2006-05-03,14.0,CHI,Myiarchus,crinitus,Tyrannidae,28,No,Edge,Upper
2006-05-03,14.0,CHI,Oreothlypis,celata,Parulidae,227,Yes,Edge,Lower
2006-05-03,14.0,CHI,Zonotrichia,albicollis,Passerellidae,10133,Yes,Forest,Lower
2006-05-03,14.0,MP,Zonotrichia,albicollis,Passerellidae,10133,Yes,Forest,Lower
2006-05-03,14.0,CHI,Zonotrichia,albicollis,Passerellidae,10133,Yes,Forest,Lower
2006-05-03,14.0,MP,dumetella,carolinensis,Mimidae,599,no,edge,Lower
2006-05-03,14.0,CHI,Zonotrichia,albicollis,Passerellidae,10133,Yes,Forest,Lower
2006-05-03,14.0,CHI,Zonotrichia,albicollis,Passerellidae,10133,Yes,Forest,Lower
2006-05-03,14.0,CHI,Oreothlypis,ruficapilla,Parulidae,1690,Yes,Forest,Upper
2006-05-03,14.0,CHI,Zonotrichia,albicollis,Passerellidae,10133,Yes,Forest,Lower
2006-05-03,14.0,MP,Zonotrichia,albicollis,Passerellidae,10133,Yes,Forest,Lower
2006-05-03,14.0,CHI,Seiurus,aurocapilla,Parulidae,4580,Yes,Forest,Lower
2006-05-03,14.0,CHI,Seiurus,aurocapilla,Parulidae,4580,Yes,Forest,Lower
2006-05-03,14.0,CHI,Zonotrichia,albicollis,Passerellidae,10133,Yes,Forest,Lower
2006-05-03,14.0,CHI,Zonotrichia,albicollis,Passerellidae,10133,Yes,Forest,Lower
2006-05-03,14.0,MP,Seiurus,aurocapilla,Parulidae,4580,Yes,Forest,Lower
2006-05-03,14.0,CHI,Zonotrichia,albicollis,Passerellidae,10133,Yes,Forest,Lower
2006-05-03,14.0,CHI,Vermivora,cyanoptera,Parulidae,16,Yes,Edge,Upper
2006-05-03,14.0,CHI,Setophaga,magnolia,Parulidae,1224,yes,forest,Upper
2006-05-03,14.0,CHI,Zonotrichia,albicollis,Passerellidae,10133,Yes,Forest,Lower
2006-05-03,14.0,CHI,Seiurus,aurocapilla,Parulidae,4580,Yes,Forest,Lower
2006-05-03,14.0,CHI,Catharus,guttatus,Turdidae,3729,Yes,Forest,Lower
2006-05-03,14.0,CHI,Zonotrichia,albicollis,Passerellidae,10133,Yes,Forest,Lower
2006-05-03,14.0,CHI,Seiurus,aurocapilla,Parulidae,4580,Yes,Forest,Lower
2006-05-03,14.0,CHI,Oreothlypis,ruficapilla,Parulidae,1690,Yes,Forest,Upper
2006-05-03,14.0,CHI,Zonotrichia,albicollis,Passerellidae,10133,Yes,Forest,Lower
2006-05-04,14.0,CHI,Zonotrichia,albicollis,Passerellidae,10133,Yes,Forest,Lower
2006-05-04,14.0,CHI,Seiurus,aurocapilla,Parulidae,4580,Yes,Forest,Lower
2006-05-04,14.0,CHI,Seiurus,aurocapilla,Parulidae,4580,Yes,Forest,Lower
2006-05-04,14.0,CHI,Seiurus,aurocapilla,Parulidae,4580,Yes,Forest,Lower
2006-05-04,14.0,CHI,Seiurus,aurocapilla,Parulidae,4580,Yes,Forest,Lower
2006-05-04,14.0,CHI,Zonotrichia,albicollis,Passerellidae,10133,Yes,Forest,Lower
2006-05-04,14.0,CHI,Mniotilta,varia,Parulidae,620,Yes,Forest,Upper
2006-05-04,14.0,CHI,Zonotrichia,albicollis,Passerellidae,10133,Yes,Forest,Lower
2006-05-04,14.0,CHI,vireo,solitarius,Vireonidae,18,No,Forest,Upper
2006-05-04,14.0,MP,Zonotrichia,albicollis,Passerellidae,10133,Yes,Forest,Lower
2006-05-04,14.0,CHI,Zonotrichia,albicollis,Passerellidae,10133,Yes,Forest,Lower
2006-05-04,14.0,MP,Zonotrichia,albicollis,Passerellidae,10133,Yes,Forest,Lower
2006-05-04,14.0,CHI,Parkesia,noveboracensis,Parulidae,916,Yes,Forest,Lower
2006-05-04,14.0,MP,dumetella,carolinensis,Mimidae,599,no,edge,Lower
2006-05-04,14.0,CHI,Oreothlypis,ruficapilla,Parulidae,1690,Yes,Forest,Upper
2006-05-04,14.0,MP,dumetella,carolinensis,Mimidae,599,no,edge,Lower
2006-05-04,14.0,MP,Zonotrichia,albicollis,Passerellidae,10133,Yes,Forest,Lower
2006-05-04,14.0,CHI,Passerina,cyanea,Cardinalidae,725,yes,edge,Upper
2006-05-04,14.0,MP,Zonotrichia,albicollis,Passerellidae,10133,Yes,Forest,Lower
2006-05-04,14.0,MP,Zonotrichia,albicollis,Passerellidae,10133,Yes,Forest,Lower
2006-05-04,14.0,MP,Zonotrichia,albicollis,Passerellidae,10133,Yes,Forest,Lower
2006-05-04,14.0,MP,Zonotrichia,albicollis,Passerellidae,10133,Yes,Forest,Lower
2006-05-04,14.0,MP,Zonotrichia,albicollis,Passerellidae,10133,Yes,Forest,Lower
2006-05-04,14.0,CHI,Zonotrichia,albicollis,Passerellidae,10133,Yes,Forest,Lower
2006-05-04,14.0,MP,Zonotrichia,albicollis,Passerellidae,10133,Yes,Forest,Lower
2006-05-04,14.0,MP,Zonotrichia,albicollis,Passerellidae,10133,Yes,Forest,Lower
2006-05-04,14.0,CHI,Catharus,fuscescens,Turdidae,727,Yes,Forest,Lower
2006-05-04,14.0,CHI,Zonotrichia,albicollis,Passerellidae,10133,Yes,Forest,Lower
2006-05-04,14.0,CHI,Zonotrichia,albicollis,Passerellidae,10133,Yes,Forest,Lower
2006-05-04,14.0,MP,Zonotrichia,albicollis,Passerellidae,10133,Yes,Forest,Lower
2006-05-04,14.0,CHI,Hylocichla,mustelina,Turdidae,500,Yes,Forest,Lower
2006-05-04,14.0,MP,Zonotrichia,albicollis,Passerellidae,10133,Yes,Forest,Lower
2006-05-04,14.0,MP,Zonotrichia,albicollis,Passerellidae,10133,Yes,Forest,Lower
2006-05-04,14.0,MP,Zonotrichia,albicollis,Passerellidae,10133,Yes,Forest,Lower
2006-05-04,14.0,MP,Zonotrichia,albicollis,Passerellidae,10133,Yes,Forest,Lower
2006-05-04,14.0,MP,Zonotrichia,albicollis,Passerellidae,10133,Yes,Forest,Lower
2006-05-04,14.0,CHI,Hylocichla,mustelina,Turdidae,500,Yes,Forest,Lower
2006-05-04,14.0,CHI,Zonotrichia,albicollis,Passerellidae,10133,Yes,Forest,Lower
2006-05-04,14.0,MP,Zonotrichia,leucophrys,Passerellidae,1090,Yes,Edge,Lower
2006-05-04,14.0,MP,Zonotrichia,albicollis,Passerellidae,10133,Yes,Forest,Lower
2006-05-04,14.0,MP,Geothlypis,trichas,Parulidae,1555,Yes,Open,Lower
2006-05-04,14.0,CHI,Hylocichla,mustelina,Turdidae,500,Yes,Forest,Lower
2006-05-06,8.0,CHI,Passerina,cyanea,Cardinalidae,725,yes,edge,Upper
2006-05-06,8.0,MP,Zonotrichia,albicollis,Passerellidae,10133,Yes,Forest,Lower
2006-05-06,8.0,CHI,Hylocichla,mustelina,Turdidae,500,Yes,Forest,Lower
2006-05-06,8.0,MP,Zonotrichia,albicollis,Passerellidae,10133,Yes,Forest,Lower
2006-05-06,8.0,CHI,Zonotrichia,albicollis,Passerellidae,10133,Yes,Forest,Lower
2006-05-06,8.0,CHI,Zonotrichia,albicollis,Passerellidae,10133,Yes,Forest,Lower
2006-05-06,8.0,CHI,Zonotrichia,albicollis,Passerellidae,10133,Yes,Forest,Lower
2006-05-06,8.0,CHI,Zonotrichia,albicollis,Passerellidae,10133,Yes,Forest,Lower
2006-05-07,4.0,CHI,Geothlypis,trichas,Parulidae,1555,Yes,Open,Lower
2006-05-07,4.0,MP,cistothorus,palustris,Troglodytidae,91,No,Open,Lower
2006-05-07,4.0,CHI,dumetella,carolinensis,Mimidae,599,no,edge,Lower
2006-05-07,4.0,CHI,Vermivora,chrysoptera,Parulidae,53,Yes,Edge,Upper
2006-05-07,4.0,CHI,Vermivora,chrysoptera,Parulidae,53,Yes,Edge,Upper
2006-05-07,4.0,CHI,Zonotrichia,albicollis,Passerellidae,10133,Yes,Forest,Lower
2006-05-07,4.0,MP,Zonotrichia,albicollis,Passerellidae,10133,Yes,Forest,Lower
2006-05-07,4.0,CHI,Seiurus,aurocapilla,Parulidae,4580,Yes,Forest,Lower
2006-05-08,3.0,CHI,Zonotrichia,albicollis,Passerellidae,10133,Yes,Forest,Lower
2006-05-08,3.0,CHI,Zonotrichia,leucophrys,Passerellidae,1090,Yes,Edge,Lower
2006-05-08,3.0,CHI,Pheucticus,ludovicianus,Cardinalidae,397,Yes,Forest,Upper
2006-05-08,3.0,CHI,Melospiza,lincolnii,Passerellidae,2029,yes,edge,Lower
2006-05-09,4.0,CHI,Zonotrichia,leucophrys,Passerellidae,1090,Yes,Edge,Lower
2006-05-09,4.0,CHI,Passerina,cyanea,Cardinalidae,725,yes,edge,Upper
2006-05-09,4.0,CHI,Setophaga,pensylvanica,Parulidae,303,Yes,Edge,Upper
2006-05-09,4.0,CHI,Oreothlypis,ruficapilla,Parulidae,1690,Yes,Forest,Upper
2006-05-09,4.0,CHI,Catharus,fuscescens,Turdidae,727,Yes,Forest,Lower
2006-05-09,4.0,CHI,Seiurus,aurocapilla,Parulidae,4580,Yes,Forest,Lower
2006-05-09,4.0,CHI,Seiurus,aurocapilla,Parulidae,4580,Yes,Forest,Lower
2006-05-09,4.0,CHI,Seiurus,aurocapilla,Parulidae,4580,Yes,Forest,Lower
2006-05-09,4.0,CHI,Seiurus,aurocapilla,Parulidae,4580,Yes,Forest,Lower
2006-05-09,4.0,CHI,Setophaga,virens,Parulidae,223,Yes,Forest,Upper
2006-05-10,3.0,CHI,Seiurus,aurocapilla,Parulidae,4580,Yes,Forest,Lower
2006-05-10,3.0,CHI,Catharus,minimus,Turdidae,822,Yes,Forest,Lower
2006-05-10,3.0,CHI,Seiurus,aurocapilla,Parulidae,4580,Yes,Forest,Lower
2006-05-10,3.0,CHI,Seiurus,aurocapilla,Parulidae,4580,Yes,Forest,Lower
2006-05-10,3.0,CHI,Zonotrichia,leucophrys,Passerellidae,1090,Yes,Edge,Lower
2006-05-10,3.0,CHI,Seiurus,aurocapilla,Parulidae,4580,Yes,Forest,Lower
2006-05-10,3.0,CHI,Passerina,cyanea,Cardinalidae,725,yes,edge,Upper
2006-05-10,3.0,CHI,Parkesia,noveboracensis,Parulidae,916,Yes,Forest,Lower
2006-05-10,3.0,CHI,Seiurus,aurocapilla,Parulidae,4580,Yes,Forest,Lower
2006-05-10,3.0,CHI,Mniotilta,varia,Parulidae,620,Yes,Forest,Upper
2006-05-10,3.0,CHI,Pheucticus,ludovicianus,Cardinalidae,397,Yes,Forest,Upper
2006-05-10,3.0,CHI,Catharus,fuscescens,Turdidae,727,Yes,Forest,Lower
2006-05-10,3.0,CHI,Geothlypis,trichas,Parulidae,1555,Yes,Open,Lower
2006-05-10,3.0,CHI,Catharus,fuscescens,Turdidae,727,Yes,Forest,Lower
2006-05-10,3.0,CHI,Setophaga,magnolia,Parulidae,1224,yes,forest,Upper
2006-05-10,3.0,CHI,Zonotrichia,albicollis,Passerellidae,10133,Yes,Forest,Lower
2006-05-10,3.0,CHI,Catharus,fuscescens,Turdidae,727,Yes,Forest,Lower
2006-05-10,3.0,CHI,Setophaga,castanea,Parulidae,287,Yes,Forest,Upper
2006-05-10,3.0,CHI,Zonotrichia,albicollis,Passerellidae,10133,Yes,Forest,Lower
2006-05-10,3.0,CHI,Icterus,galbula,Icteridae,83,Yes,Edge,Upper
2006-05-10,3.0,CHI,Zonotrichia,albicollis,Passerellidae,10133,Yes,Forest,Lower
2006-05-10,3.0,CHI,Mniotilta,varia,Parulidae,620,Yes,Forest,Upper
2006-05-10,3.0,MP,Melospiza,lincolnii,Passerellidae,2029,yes,edge,Lower
2006-05-10,3.0,CHI,Hylocichla,mustelina,Turdidae,500,Yes,Forest,Lower
2006-05-10,3.0,CHI,dumetella,carolinensis,Mimidae,599,no,edge,Lower
2006-05-10,3.0,CHI,dumetella,carolinensis,Mimidae,599,no,edge,Lower
2006-05-10,3.0,CHI,Geothlypis,trichas,Parulidae,1555,Yes,Open,Lower
2006-05-10,3.0,MP,Oreothlypis,ruficapilla,Parulidae,1690,Yes,Forest,Upper
2006-05-10,3.0,MP,Zonotrichia,albicollis,Passerellidae,10133,Yes,Forest,Lower
2006-05-10,3.0,CHI,Geothlypis,trichas,Parulidae,1555,Yes,Open,Lower
2006-05-10,3.0,CHI,Hylocichla,mustelina,Turdidae,500,Yes,Forest,Lower
2006-05-10,3.0,CHI,catharus,ustulatus,Turdidae,2331,Yes,Forest,Lower
2006-05-11,4.0,CHI,Seiurus,aurocapilla,Parulidae,4580,Yes,Forest,Lower
2006-05-12,14.0,CHI,Hylocichla,mustelina,Turdidae,500,Yes,Forest,Lower
2006-05-12,14.0,MP,Piranga,olivacea,Cardinalidae,127,Yes,Forest,Upper
2006-05-12,14.0,CHI,dumetella,carolinensis,Mimidae,599,no,edge,Lower
2006-05-13,14.0,CHI,Zonotrichia,albicollis,Passerellidae,10133,Yes,Forest,Lower
2006-05-14,17.0,CHI,Hylocichla,mustelina,Turdidae,500,Yes,Forest,Lower
2006-05-14,17.0,CHI,Seiurus,aurocapilla,Parulidae,4580,Yes,Forest,Lower
2006-05-14,17.0,CHI,Seiurus,aurocapilla,Parulidae,4580,Yes,Forest,Lower
2006-05-15,17.0,CHI,Hylocichla,mustelina,Turdidae,500,Yes,Forest,Lower
2006-05-15,17.0,CHI,Parkesia,motacilla,Parulidae,15,Yes,Forest,Lower
2006-05-16,15.0,MP,Geothlypis,trichas,Parulidae,1555,Yes,Open,Lower
2006-05-16,15.0,CHI,Hylocichla,mustelina,Turdidae,500,Yes,Forest,Lower
2006-05-16,15.0,CHI,Seiurus,aurocapilla,Parulidae,4580,Yes,Forest,Lower
2006-05-16,15.0,CHI,Seiurus,aurocapilla,Parulidae,4580,Yes,Forest,Lower
2006-05-16,15.0,CHI,Troglodytes,aedon,Troglodytidae,104,No,Edge,Lower
2006-05-16,15.0,MP,Hylocichla,mustelina,Turdidae,500,Yes,Forest,Lower
2006-05-16,15.0,CHI,Hylocichla,mustelina,Turdidae,500,Yes,Forest,Lower
2006-05-16,15.0,CHI,Zonotrichia,albicollis,Passerellidae,10133,Yes,Forest,Lower
2006-05-16,15.0,CHI,Seiurus,aurocapilla,Parulidae,4580,Yes,Forest,Lower
2006-05-17,15.0,CHI,Seiurus,aurocapilla,Parulidae,4580,Yes,Forest,Lower
2006-05-17,15.0,CHI,Hylocichla,mustelina,Turdidae,500,Yes,Forest,Lower
2006-05-17,15.0,CHI,Passerina,cyanea,Cardinalidae,725,yes,edge,Upper
2006-05-17,15.0,CHI,Seiurus,aurocapilla,Parulidae,4580,Yes,Forest,Lower
2006-05-17,15.0,CHI,dumetella,carolinensis,Mimidae,599,no,edge,Lower
2006-05-17,15.0,CHI,Mniotilta,varia,Parulidae,620,Yes,Forest,Upper
2006-05-17,15.0,CHI,Setophaga,magnolia,Parulidae,1224,yes,forest,Upper
2006-05-17,15.0,CHI,Setophaga,magnolia,Parulidae,1224,yes,forest,Upper
2006-05-17,15.0,CHI,Setophaga,magnolia,Parulidae,1224,yes,forest,Upper
2006-05-17,15.0,CHI,Catharus,fuscescens,Turdidae,727,Yes,Forest,Lower
2006-05-17,15.0,CHI,Setophaga,petechia,Parulidae,77,Yes,Edge,Upper
2006-05-17,15.0,CHI,Setophaga,fusca,Parulidae,201,Yes,Forest,Upper
2006-05-19,15.0,CHI,Mniotilta,varia,Parulidae,620,Yes,Forest,Upper
2006-05-19,15.0,CHI,Mniotilta,varia,Parulidae,620,Yes,Forest,Upper
2006-05-19,15.0,MP,catharus,ustulatus,Turdidae,2331,Yes,Forest,Lower
2006-05-19,15.0,MP,Setophaga,magnolia,Parulidae,1224,yes,forest,Upper
2006-05-19,15.0,CHI,Setophaga,magnolia,Parulidae,1224,yes,forest,Upper
2006-05-19,15.0,CHI,Setophaga,pensylvanica,Parulidae,303,Yes,Edge,Upper
2006-05-19,15.0,CHI,Pheucticus,ludovicianus,Cardinalidae,397,Yes,Forest,Upper
2006-05-19,15.0,MP,catharus,ustulatus,Turdidae,2331,Yes,Forest,Lower
2006-05-19,15.0,CHI,Oreothlypis,peregrina,Parulidae,2515,Yes,Edge,Upper
2006-05-19,15.0,CHI,Setophaga,magnolia,Parulidae,1224,yes,forest,Upper
2006-05-19,15.0,CHI,Seiurus,aurocapilla,Parulidae,4580,Yes,Forest,Lower
2006-05-19,15.0,CHI,Seiurus,aurocapilla,Parulidae,4580,Yes,Forest,Lower
2006-05-19,15.0,CHI,Melospiza,lincolnii,Passerellidae,2029,yes,edge,Lower
2006-05-19,15.0,CHI,Seiurus,aurocapilla,Parulidae,4580,Yes,Forest,Lower
2006-05-19,15.0,CHI,Setophaga,virens,Parulidae,223,Yes,Forest,Upper
2006-05-19,15.0,CHI,Seiurus,aurocapilla,Parulidae,4580,Yes,Forest,Lower
2006-05-19,15.0,CHI,Seiurus,aurocapilla,Parulidae,4580,Yes,Forest,Lower
2006-05-20,5.0,CHI,Setophaga,fusca,Parulidae,201,Yes,Forest,Upper
2006-05-20,5.0,CHI,Seiurus,aurocapilla,Parulidae,4580,Yes,Forest,Lower
2006-05-20,5.0,CHI,Mniotilta,varia,Parulidae,620,Yes,Forest,Upper
2006-05-20,5.0,CHI,Seiurus,aurocapilla,Parulidae,4580,Yes,Forest,Lower
2006-05-20,5.0,CHI,Setophaga,fusca,Parulidae,201,Yes,Forest,Upper
2006-05-20,5.0,CHI,Catharus,fuscescens,Turdidae,727,Yes,Forest,Lower
2006-05-20,5.0,CHI,Hylocichla,mustelina,Turdidae,500,Yes,Forest,Lower
2006-05-20,5.0,CHI,Parkesia,noveboracensis,Parulidae,916,Yes,Forest,Lower
2006-05-20,5.0,CHI,Seiurus,aurocapilla,Parulidae,4580,Yes,Forest,Lower
2006-05-20,5.0,CHI,Geothlypis,trichas,Parulidae,1555,Yes,Open,Lower
2006-05-20,5.0,CHI,Passerina,cyanea,Cardinalidae,725,yes,edge,Upper
2006-05-20,5.0,CHI,Seiurus,aurocapilla,Parulidae,4580,Yes,Forest,Lower
2006-05-20,5.0,CHI,Seiurus,aurocapilla,Parulidae,4580,Yes,Forest,Lower
2006-05-20,5.0,CHI,vireo,solitarius,Vireonidae,18,No,Forest,Upper
2006-05-20,5.0,CHI,Hylocichla,mustelina,Turdidae,500,Yes,Forest,Lower
2006-05-20,5.0,CHI,Seiurus,aurocapilla,Parulidae,4580,Yes,Forest,Lower
2006-05-20,5.0,CHI,Oreothlypis,ruficapilla,Parulidae,1690,Yes,Forest,Upper
2006-05-20,5.0,CHI,Oreothlypis,ruficapilla,Parulidae,1690,Yes,Forest,Upper
2006-05-21,5.0,CHI,Mniotilta,varia,Parulidae,620,Yes,Forest,Upper
2006-05-21,5.0,CHI,Geothlypis,trichas,Parulidae,1555,Yes,Open,Lower
2006-05-21,5.0,CHI,Seiurus,aurocapilla,Parulidae,4580,Yes,Forest,Lower
2006-05-21,5.0,CHI,Parkesia,noveboracensis,Parulidae,916,Yes,Forest,Lower
2006-05-21,5.0,CHI,Passerina,cyanea,Cardinalidae,725,yes,edge,Upper
2006-05-21,5.0,CHI,Geothlypis,trichas,Parulidae,1555,Yes,Open,Lower
2006-05-21,5.0,CHI,Seiurus,aurocapilla,Parulidae,4580,Yes,Forest,Lower
2006-05-21,5.0,CHI,Setophaga,magnolia,Parulidae,1224,yes,forest,Upper
2006-05-22,6.0,CHI,Setophaga,tigrina,Parulidae,182,Yes,Forest,Upper
2006-05-22,6.0,CHI,Setophaga,pensylvanica,Parulidae,303,Yes,Edge,Upper
2006-05-22,6.0,CHI,Geothlypis,trichas,Parulidae,1555,Yes,Open,Lower
2006-05-22,6.0,CHI,Oreothlypis,peregrina,Parulidae,2515,Yes,Edge,Upper
2006-05-22,6.0,CHI,Seiurus,aurocapilla,Parulidae,4580,Yes,Forest,Lower
2006-05-22,6.0,CHI,Seiurus,aurocapilla,Parulidae,4580,Yes,Forest,Lower
2006-05-22,6.0,CHI,Seiurus,aurocapilla,Parulidae,4580,Yes,Forest,Lower
2006-05-22,6.0,CHI,Seiurus,aurocapilla,Parulidae,4580,Yes,Forest,Lower
2006-05-22,6.0,CHI,Oreothlypis,ruficapilla,Parulidae,1690,Yes,Forest,Upper
2006-05-22,6.0,CHI,dumetella,carolinensis,Mimidae,599,no,edge,Lower
2006-05-23,6.0,CHI,Seiurus,aurocapilla,Parulidae,4580,Yes,Forest,Lower
2006-05-23,6.0,CHI,Seiurus,aurocapilla,Parulidae,4580,Yes,Forest,Lower
2006-05-25,6.0,CHI,Catharus,minimus,Turdidae,822,Yes,Forest,Lower
2006-05-25,6.0,CHI,Seiurus,aurocapilla,Parulidae,4580,Yes,Forest,Lower
2006-05-25,6.0,CHI,Passerina,cyanea,Cardinalidae,725,yes,edge,Upper
2006-05-26,16.0,CHI,dumetella,carolinensis,Mimidae,599,no,edge,Lower
2006-05-26,16.0,CHI,Setophaga,striata,Parulidae,787,Yes,Forest,Upper
2006-05-26,16.0,CHI,Seiurus,aurocapilla,Parulidae,4580,Yes,Forest,Lower
2006-05-26,16.0,MP,Seiurus,aurocapilla,Parulidae,4580,Yes,Forest,Lower
2006-05-26,16.0,CHI,Geothlypis,trichas,Parulidae,1555,Yes,Open,Lower
2006-05-26,16.0,CHI,catharus,ustulatus,Turdidae,2331,Yes,Forest,Lower
2006-05-27,17.0,CHI,Setophaga,americana,Parulidae,59,Yes,Forest,Upper
2006-05-28,14.0,CHI,Melospiza,lincolnii,Passerellidae,2029,yes,edge,Lower
2006-05-28,14.0,CHI,Passerina,cyanea,Cardinalidae,725,yes,edge,Upper
2006-05-28,14.0,CHI,Passerina,cyanea,Cardinalidae,725,yes,edge,Upper
2006-05-28,14.0,CHI,Vireo,olivaceus,Vireonidae,133,No,Forest,Upper
2006-08-21,17.0,CHI,Oreothlypis,peregrina,Parulidae,2515,Yes,Edge,Upper
2006-08-21,17.0,MP,Oreothlypis,peregrina,Parulidae,2515,Yes,Edge,Upper
2006-08-21,17.0,CHI,Seiurus,aurocapilla,Parulidae,4580,Yes,Forest,Lower
2006-08-21,17.0,CHI,Oreothlypis,peregrina,Parulidae,2515,Yes,Edge,Upper
2006-08-21,17.0,CHI,geothlypis,philadelphia,Parulidae,430,Yes,Edge,Lower
2006-08-22,8.0,CHI,Mniotilta,varia,Parulidae,620,Yes,Forest,Upper
2006-08-22,8.0,CHI,Setophaga,fusca,Parulidae,201,Yes,Forest,Upper
2006-08-22,8.0,CHI,Catharus,fuscescens,Turdidae,727,Yes,Forest,Lower
2006-08-22,8.0,CHI,Oreothlypis,peregrina,Parulidae,2515,Yes,Edge,Upper
2006-08-22,8.0,CHI,catharus,ustulatus,Turdidae,2331,Yes,Forest,Lower
2006-08-22,8.0,CHI,Oreothlypis,peregrina,Parulidae,2515,Yes,Edge,Upper
2006-08-23,17.0,CHI,Setophaga,caerulescens,Parulidae,183,Yes,Forest,Upper
2006-08-23,17.0,CHI,Oreothlypis,peregrina,Parulidae,2515,Yes,Edge,Upper
2006-08-23,17.0,CHI,catharus,ustulatus,Turdidae,2331,Yes,Forest,Lower
2006-08-23,17.0,MP,Seiurus,aurocapilla,Parulidae,4580,Yes,Forest,Lower
2006-08-23,17.0,CHI,Setophaga,pensylvanica,Parulidae,303,Yes,Edge,Upper
2006-08-23,17.0,CHI,Setophaga,tigrina,Parulidae,182,Yes,Forest,Upper
2006-08-25,16.0,CHI,Parkesia,noveboracensis,Parulidae,916,Yes,Forest,Lower
2006-08-25,16.0,CHI,Seiurus,aurocapilla,Parulidae,4580,Yes,Forest,Lower
2006-08-25,16.0,CHI,Oporornis,agilis,Parulidae,365,Yes,Forest,Lower
2006-08-26,16.0,CHI,Oreothlypis,peregrina,Parulidae,2515,Yes,Edge,Upper
2006-08-26,16.0,CHI,Mniotilta,varia,Parulidae,620,Yes,Forest,Upper
2006-08-26,16.0,CHI,Cardellina,canadensis,Parulidae,241,Yes,Forest,Lower
2006-08-27,13.0,CHI,Oreothlypis,peregrina,Parulidae,2515,Yes,Edge,Upper
2006-08-27,13.0,CHI,Catharus,fuscescens,Turdidae,727,Yes,Forest,Lower
2006-08-28,13.0,CHI,Setophaga,pensylvanica,Parulidae,303,Yes,Edge,Upper
2006-08-28,13.0,CHI,catharus,ustulatus,Turdidae,2331,Yes,Forest,Lower
2006-08-28,13.0,CHI,Oporornis,agilis,Parulidae,365,Yes,Forest,Lower
2006-08-28,13.0,CHI,Oporornis,agilis,Parulidae,365,Yes,Forest,Lower
2006-08-28,13.0,CHI,Oporornis,agilis,Parulidae,365,Yes,Forest,Lower
2006-08-28,13.0,CHI,Setophaga,fusca,Parulidae,201,Yes,Forest,Upper
2006-08-28,13.0,CHI,catharus,ustulatus,Turdidae,2331,Yes,Forest,Lower
2006-08-28,13.0,CHI,Seiurus,aurocapilla,Parulidae,4580,Yes,Forest,Lower
2006-08-28,13.0,CHI,catharus,ustulatus,Turdidae,2331,Yes,Forest,Lower
2006-08-28,13.0,CHI,Setophaga,caerulescens,Parulidae,183,Yes,Forest,Upper
2006-08-28,13.0,CHI,Mniotilta,varia,Parulidae,620,Yes,Forest,Upper
2006-08-28,13.0,CHI,Mniotilta,varia,Parulidae,620,Yes,Forest,Upper
2006-08-28,13.0,CHI,Mniotilta,varia,Parulidae,620,Yes,Forest,Upper
2006-08-28,13.0,CHI,Mniotilta,varia,Parulidae,620,Yes,Forest,Upper
2006-08-28,13.0,CHI,Mniotilta,varia,Parulidae,620,Yes,Forest,Upper
2006-08-28,13.0,CHI,Mniotilta,varia,Parulidae,620,Yes,Forest,Upper
2006-08-28,13.0,CHI,Oreothlypis,peregrina,Parulidae,2515,Yes,Edge,Upper
2006-08-28,13.0,CHI,Oreothlypis,peregrina,Parulidae,2515,Yes,Edge,Upper
2006-08-28,13.0,CHI,Oreothlypis,peregrina,Parulidae,2515,Yes,Edge,Upper
2006-08-28,13.0,CHI,Mniotilta,varia,Parulidae,620,Yes,Forest,Upper
2006-08-28,13.0,CHI,Mniotilta,varia,Parulidae,620,Yes,Forest,Upper
2006-08-28,13.0,CHI,Setophaga,striata,Parulidae,787,Yes,Forest,Upper
2006-08-28,13.0,CHI,catharus,ustulatus,Turdidae,2331,Yes,Forest,Lower
2006-08-28,13.0,CHI,setophaga,ruticilla,Parulidae,868,Yes,Edge,Upper
2006-08-28,13.0,CHI,setophaga,ruticilla,Parulidae,868,Yes,Edge,Upper
2006-08-28,13.0,CHI,Catharus,fuscescens,Turdidae,727,Yes,Forest,Lower
2006-08-28,13.0,CHI,geothlypis,philadelphia,Parulidae,430,Yes,Edge,Lower
2006-08-28,13.0,CHI,Oreothlypis,ruficapilla,Parulidae,1690,Yes,Forest,Upper
2006-08-28,13.0,CHI,Oreothlypis,ruficapilla,Parulidae,1690,Yes,Forest,Upper
2006-08-28,13.0,CHI,Seiurus,aurocapilla,Parulidae,4580,Yes,Forest,Lower
2006-08-28,13.0,CHI,Geothlypis,trichas,Parulidae,1555,Yes,Open,Lower
2006-08-28,13.0,CHI,Seiurus,aurocapilla,Parulidae,4580,Yes,Forest,Lower
2006-08-28,13.0,CHI,Setophaga,magnolia,Parulidae,1224,yes,forest,Upper
2006-08-28,13.0,CHI,Setophaga,pensylvanica,Parulidae,303,Yes,Edge,Upper
2006-08-28,13.0,CHI,Setophaga,magnolia,Parulidae,1224,yes,forest,Upper
2006-08-28,13.0,CHI,Setophaga,pensylvanica,Parulidae,303,Yes,Edge,Upper
2006-08-28,13.0,CHI,Setophaga,magnolia,Parulidae,1224,yes,forest,Upper
2006-08-28,13.0,CHI,Seiurus,aurocapilla,Parulidae,4580,Yes,Forest,Lower
2006-08-29,16.0,CHI,geothlypis,philadelphia,Parulidae,430,Yes,Edge,Lower
2006-08-29,16.0,CHI,Mniotilta,varia,Parulidae,620,Yes,Forest,Upper
2006-08-30,16.0,CHI,Oreothlypis,peregrina,Parulidae,2515,Yes,Edge,Upper
2006-08-30,16.0,CHI,Oporornis,agilis,Parulidae,365,Yes,Forest,Lower
2006-08-30,16.0,CHI,Setophaga,magnolia,Parulidae,1224,yes,forest,Upper
2006-08-30,16.0,CHI,Setophaga,pensylvanica,Parulidae,303,Yes,Edge,Upper
2006-08-30,16.0,CHI,Setophaga,pensylvanica,Parulidae,303,Yes,Edge,Upper
2006-08-30,16.0,CHI,Setophaga,magnolia,Parulidae,1224,yes,forest,Upper
2006-08-30,16.0,CHI,Oreothlypis,ruficapilla,Parulidae,1690,Yes,Forest,Upper
2006-08-30,16.0,CHI,Oporornis,agilis,Parulidae,365,Yes,Forest,Lower
2006-08-30,16.0,CHI,Seiurus,aurocapilla,Parulidae,4580,Yes,Forest,Lower
2006-08-30,16.0,CHI,Setophaga,magnolia,Parulidae,1224,yes,forest,Upper
2006-08-30,16.0,CHI,Oporornis,agilis,Parulidae,365,Yes,Forest,Lower
2006-08-30,16.0,CHI,setophaga,ruticilla,Parulidae,868,Yes,Edge,Upper
2006-08-30,16.0,CHI,Setophaga,striata,Parulidae,787,Yes,Forest,Upper
2006-08-30,16.0,CHI,Seiurus,aurocapilla,Parulidae,4580,Yes,Forest,Lower
2006-08-30,16.0,CHI,Seiurus,aurocapilla,Parulidae,4580,Yes,Forest,Lower
2006-08-30,16.0,CHI,Oreothlypis,peregrina,Parulidae,2515,Yes,Edge,Upper
2006-08-30,16.0,CHI,Setophaga,pensylvanica,Parulidae,303,Yes,Edge,Upper
2006-08-30,16.0,CHI,Parkesia,noveboracensis,Parulidae,916,Yes,Forest,Lower
2006-08-30,16.0,CHI,Setophaga,magnolia,Parulidae,1224,yes,forest,Upper
2006-08-30,16.0,CHI,Mniotilta,varia,Parulidae,620,Yes,Forest,Upper
2006-08-30,16.0,CHI,Setophaga,magnolia,Parulidae,1224,yes,forest,Upper
2006-08-30,16.0,CHI,Oporornis,agilis,Parulidae,365,Yes,Forest,Lower
2006-08-30,16.0,CHI,Seiurus,aurocapilla,Parulidae,4580,Yes,Forest,Lower
2006-08-30,16.0,CHI,catharus,ustulatus,Turdidae,2331,Yes,Forest,Lower
2006-08-30,16.0,CHI,Setophaga,pensylvanica,Parulidae,303,Yes,Edge,Upper
2006-08-30,16.0,CHI,Setophaga,caerulescens,Parulidae,183,Yes,Forest,Upper
2006-08-30,16.0,CHI,Setophaga,caerulescens,Parulidae,183,Yes,Forest,Upper
2006-08-30,16.0,CHI,Setophaga,caerulescens,Parulidae,183,Yes,Forest,Upper
2006-08-30,16.0,CHI,Setophaga,caerulescens,Parulidae,183,Yes,Forest,Upper
2006-08-30,16.0,CHI,Oporornis,agilis,Parulidae,365,Yes,Forest,Lower
2006-08-30,16.0,CHI,Setophaga,striata,Parulidae,787,Yes,Forest,Upper
2006-08-30,16.0,CHI,Setophaga,striata,Parulidae,787,Yes,Forest,Upper
2006-08-30,16.0,CHI,Seiurus,aurocapilla,Parulidae,4580,Yes,Forest,Lower
2006-08-30,16.0,CHI,Setophaga,striata,Parulidae,787,Yes,Forest,Upper
2006-08-30,16.0,CHI,Seiurus,aurocapilla,Parulidae,4580,Yes,Forest,Lower
2006-08-30,16.0,CHI,setophaga,ruticilla,Parulidae,868,Yes,Edge,Upper
2006-08-30,16.0,CHI,Cardellina,pusilla,Parulidae,185,Yes,Edge,Lower
2006-08-30,16.0,CHI,Setophaga,striata,Parulidae,787,Yes,Forest,Upper
2006-08-30,16.0,CHI,catharus,ustulatus,Turdidae,2331,Yes,Forest,Lower
2006-08-30,16.0,CHI,Seiurus,aurocapilla,Parulidae,4580,Yes,Forest,Lower
2006-08-30,16.0,CHI,Seiurus,aurocapilla,Parulidae,4580,Yes,Forest,Lower
2006-08-30,16.0,CHI,catharus,ustulatus,Turdidae,2331,Yes,Forest,Lower
2006-08-30,16.0,CHI,Setophaga,pensylvanica,Parulidae,303,Yes,Edge,Upper
2006-08-30,16.0,CHI,catharus,ustulatus,Turdidae,2331,Yes,Forest,Lower
2006-08-31,16.0,CHI,Mniotilta,varia,Parulidae,620,Yes,Forest,Upper
2006-08-31,16.0,CHI,Cardellina,pusilla,Parulidae,185,Yes,Edge,Lower
2006-08-31,16.0,CHI,Setophaga,pensylvanica,Parulidae,303,Yes,Edge,Upper
2006-08-31,16.0,MP,catharus,ustulatus,Turdidae,2331,Yes,Forest,Lower
2006-08-31,16.0,CHI,Setophaga,striata,Parulidae,787,Yes,Forest,Upper
2006-08-31,16.0,CHI,Oreothlypis,ruficapilla,Parulidae,1690,Yes,Forest,Upper
2006-08-31,16.0,CHI,Setophaga,magnolia,Parulidae,1224,yes,forest,Upper
2006-08-31,16.0,CHI,Oreothlypis,ruficapilla,Parulidae,1690,Yes,Forest,Upper
2006-08-31,16.0,CHI,Oporornis,agilis,Parulidae,365,Yes,Forest,Lower
2006-09-01,16.0,CHI,Setophaga,magnolia,Parulidae,1224,yes,forest,Upper
2006-09-01,16.0,CHI,Setophaga,castanea,Parulidae,287,Yes,Forest,Upper
2006-09-01,16.0,CHI,Setophaga,castanea,Parulidae,287,Yes,Forest,Upper
2006-09-01,16.0,CHI,Seiurus,aurocapilla,Parulidae,4580,Yes,Forest,Lower
2006-09-01,16.0,CHI,Empidonax,minimus,Tyrannidae,96,No,Edge,Upper
2006-09-01,16.0,CHI,Cardellina,canadensis,Parulidae,241,Yes,Forest,Lower
2006-09-02,13.0,CHI,catharus,ustulatus,Turdidae,2331,Yes,Forest,Lower
2006-09-02,13.0,MP,Setophaga,caerulescens,Parulidae,183,Yes,Forest,Upper
2006-09-02,13.0,CHI,Catharus,fuscescens,Turdidae,727,Yes,Forest,Lower
2006-09-03,13.0,CHI,catharus,ustulatus,Turdidae,2331,Yes,Forest,Lower
2006-09-03,13.0,CHI,Oporornis,agilis,Parulidae,365,Yes,Forest,Lower
2006-09-03,13.0,CHI,Oporornis,agilis,Parulidae,365,Yes,Forest,Lower
2006-09-03,13.0,CHI,Setophaga,fusca,Parulidae,201,Yes,Forest,Upper
2006-09-03,13.0,CHI,Oreothlypis,peregrina,Parulidae,2515,Yes,Edge,Upper
2006-09-03,13.0,CHI,Cardellina,pusilla,Parulidae,185,Yes,Edge,Lower
2006-09-03,13.0,MP,Parkesia,noveboracensis,Parulidae,916,Yes,Forest,Lower
2006-09-03,13.0,CHI,Oreothlypis,ruficapilla,Parulidae,1690,Yes,Forest,Upper
2006-09-03,13.0,CHI,Oreothlypis,peregrina,Parulidae,2515,Yes,Edge,Upper
2006-09-04,13.0,CHI,Catharus,fuscescens,Turdidae,727,Yes,Forest,Lower
2006-09-04,13.0,MP,Catharus,fuscescens,Turdidae,727,Yes,Forest,Lower
2006-09-04,13.0,CHI,Setophaga,castanea,Parulidae,287,Yes,Forest,Upper
2006-09-04,13.0,CHI,catharus,ustulatus,Turdidae,2331,Yes,Forest,Lower
2006-09-05,13.0,CHI,Seiurus,aurocapilla,Parulidae,4580,Yes,Forest,Lower
2006-09-05,13.0,CHI,Seiurus,aurocapilla,Parulidae,4580,Yes,Forest,Lower
2006-09-05,13.0,CHI,Setophaga,castanea,Parulidae,287,Yes,Forest,Upper
2006-09-05,13.0,CHI,Seiurus,aurocapilla,Parulidae,4580,Yes,Forest,Lower
2006-09-05,13.0,CHI,catharus,ustulatus,Turdidae,2331,Yes,Forest,Lower
2006-09-05,13.0,CHI,catharus,ustulatus,Turdidae,2331,Yes,Forest,Lower
2006-09-05,13.0,CHI,catharus,ustulatus,Turdidae,2331,Yes,Forest,Lower
2006-09-05,13.0,CHI,Oporornis,agilis,Parulidae,365,Yes,Forest,Lower
2006-09-05,13.0,MP,Oporornis,agilis,Parulidae,365,Yes,Forest,Lower
2006-09-05,13.0,CHI,Setophaga,tigrina,Parulidae,182,Yes,Forest,Upper
2006-09-05,13.0,CHI,Oreothlypis,ruficapilla,Parulidae,1690,Yes,Forest,Upper
2006-09-05,13.0,CHI,Oreothlypis,peregrina,Parulidae,2515,Yes,Edge,Upper
2006-09-05,13.0,CHI,Oreothlypis,ruficapilla,Parulidae,1690,Yes,Forest,Upper
2006-09-05,13.0,CHI,Setophaga,caerulescens,Parulidae,183,Yes,Forest,Upper
2006-09-05,13.0,CHI,catharus,ustulatus,Turdidae,2331,Yes,Forest,Lower
2006-09-05,13.0,CHI,Oporornis,agilis,Parulidae,365,Yes,Forest,Lower
2006-09-05,13.0,CHI,Parkesia,noveboracensis,Parulidae,916,Yes,Forest,Lower
2006-09-05,13.0,CHI,Oporornis,agilis,Parulidae,365,Yes,Forest,Lower
2006-09-05,13.0,CHI,Oporornis,agilis,Parulidae,365,Yes,Forest,Lower
2006-09-05,13.0,MP,Setophaga,striata,Parulidae,787,Yes,Forest,Upper
2006-09-06,17.0,CHI,Seiurus,aurocapilla,Parulidae,4580,Yes,Forest,Lower
2006-09-06,17.0,CHI,Seiurus,aurocapilla,Parulidae,4580,Yes,Forest,Lower
2006-09-06,17.0,MP,catharus,ustulatus,Turdidae,2331,Yes,Forest,Lower
2006-09-06,17.0,CHI,Oporornis,agilis,Parulidae,365,Yes,Forest,Lower
2006-09-06,17.0,CHI,Oporornis,agilis,Parulidae,365,Yes,Forest,Lower
2006-09-06,17.0,CHI,Hylocichla,mustelina,Turdidae,500,Yes,Forest,Lower
2006-09-06,17.0,CHI,catharus,ustulatus,Turdidae,2331,Yes,Forest,Lower
2006-09-06,17.0,CHI,Seiurus,aurocapilla,Parulidae,4580,Yes,Forest,Lower
2006-09-06,17.0,CHI,Seiurus,aurocapilla,Parulidae,4580,Yes,Forest,Lower
2006-09-06,17.0,MP,Seiurus,aurocapilla,Parulidae,4580,Yes,Forest,Lower
2006-09-06,17.0,MP,Seiurus,aurocapilla,Parulidae,4580,Yes,Forest,Lower
2006-09-06,17.0,CHI,Seiurus,aurocapilla,Parulidae,4580,Yes,Forest,Lower
2006-09-06,17.0,CHI,Hylocichla,mustelina,Turdidae,500,Yes,Forest,Lower
2006-09-06,17.0,CHI,Seiurus,aurocapilla,Parulidae,4580,Yes,Forest,Lower
2006-09-06,17.0,CHI,geothlypis,philadelphia,Parulidae,430,Yes,Edge,Lower
2006-09-06,17.0,CHI,Seiurus,aurocapilla,Parulidae,4580,Yes,Forest,Lower
2006-09-06,17.0,CHI,Seiurus,aurocapilla,Parulidae,4580,Yes,Forest,Lower
2006-09-06,17.0,CHI,Oreothlypis,peregrina,Parulidae,2515,Yes,Edge,Upper
2006-09-06,17.0,MP,Catharus,fuscescens,Turdidae,727,Yes,Forest,Lower
2006-09-06,17.0,CHI,Oreothlypis,peregrina,Parulidae,2515,Yes,Edge,Upper
2006-09-06,17.0,MP,Oreothlypis,peregrina,Parulidae,2515,Yes,Edge,Upper
2006-09-06,17.0,CHI,Setophaga,americana,Parulidae,59,Yes,Forest,Upper
2006-09-06,17.0,MP,Oreothlypis,peregrina,Parulidae,2515,Yes,Edge,Upper
2006-09-06,17.0,CHI,setophaga,ruticilla,Parulidae,868,Yes,Edge,Upper
2006-09-06,17.0,CHI,Oreothlypis,peregrina,Parulidae,2515,Yes,Edge,Upper
2006-09-06,17.0,CHI,Catharus,minimus,Turdidae,822,Yes,Forest,Lower
2006-09-06,17.0,CHI,Vireo,olivaceus,Vireonidae,133,No,Forest,Upper
2006-09-06,17.0,MP,cistothorus,palustris,Troglodytidae,91,No,Open,Lower
2006-09-06,17.0,CHI,Setophaga,tigrina,Parulidae,182,Yes,Forest,Upper
2006-09-06,17.0,MP,Catharus,minimus,Turdidae,822,Yes,Forest,Lower
2006-09-06,17.0,CHI,Setophaga,magnolia,Parulidae,1224,yes,forest,Upper
2006-09-07,17.0,MP,catharus,ustulatus,Turdidae,2331,Yes,Forest,Lower
2006-09-07,17.0,CHI,catharus,ustulatus,Turdidae,2331,Yes,Forest,Lower
2006-09-07,17.0,MP,Passerculus,sandwichensis,Passerellidae,274,yes,open,Lower	
2006-09-07,17.0,CHI,Vireo,olivaceus,Vireonidae,133,No,Forest,Upper
2006-09-07,17.0,CHI,Setophaga,petechia,Parulidae,77,Yes,Edge,Upper
2006-09-07,17.0,CHI,catharus,ustulatus,Turdidae,2331,Yes,Forest,Lower
2006-09-07,17.0,MP,Setophaga,tigrina,Parulidae,182,Yes,Forest,Upper
2006-09-07,17.0,MP,catharus,ustulatus,Turdidae,2331,Yes,Forest,Lower
2006-09-07,17.0,CHI,setophaga,ruticilla,Parulidae,868,Yes,Edge,Upper
2006-09-08,17.0,CHI,Setophaga,magnolia,Parulidae,1224,yes,forest,Upper
2006-09-08,17.0,CHI,Seiurus,aurocapilla,Parulidae,4580,Yes,Forest,Lower
2006-09-08,17.0,CHI,Parkesia,noveboracensis,Parulidae,916,Yes,Forest,Lower
2006-09-08,17.0,CHI,Oreothlypis,ruficapilla,Parulidae,1690,Yes,Forest,Upper
2006-09-08,17.0,MP,Setophaga,caerulescens,Parulidae,183,Yes,Forest,Upper
2006-09-08,17.0,CHI,Geothlypis,trichas,Parulidae,1555,Yes,Open,Lower
2006-09-08,17.0,CHI,Vireo,olivaceus,Vireonidae,133,No,Forest,Upper
2006-09-08,17.0,CHI,setophaga,ruticilla,Parulidae,868,Yes,Edge,Upper
2006-09-08,17.0,CHI,Oporornis,agilis,Parulidae,365,Yes,Forest,Lower
2006-09-08,17.0,CHI,setophaga,ruticilla,Parulidae,868,Yes,Edge,Upper
2006-09-08,17.0,CHI,Seiurus,aurocapilla,Parulidae,4580,Yes,Forest,Lower
2006-09-08,17.0,CHI,catharus,ustulatus,Turdidae,2331,Yes,Forest,Lower
2006-09-09,17.0,MP,catharus,ustulatus,Turdidae,2331,Yes,Forest,Lower
2006-09-09,17.0,CHI,Setophaga,magnolia,Parulidae,1224,yes,forest,Upper
2006-09-09,17.0,CHI,Vireo,philadelphicus,Vireonidae,12,No,Forest,Upper
2006-09-09,17.0,MP,Parkesia,noveboracensis,Parulidae,916,Yes,Forest,Lower
2006-09-09,17.0,CHI,Setophaga,magnolia,Parulidae,1224,yes,forest,Upper
2006-09-09,17.0,CHI,Melospiza,lincolnii,Passerellidae,2029,yes,edge,Lower
2006-09-09,17.0,MP,Mniotilta,varia,Parulidae,620,Yes,Forest,Upper
2006-09-09,17.0,MP,Oreothlypis,peregrina,Parulidae,2515,Yes,Edge,Upper
2006-09-10,17.0,CHI,Seiurus,aurocapilla,Parulidae,4580,Yes,Forest,Lower
2006-09-10,17.0,CHI,Melospiza,lincolnii,Passerellidae,2029,yes,edge,Lower
2006-09-10,17.0,CHI,Seiurus,aurocapilla,Parulidae,4580,Yes,Forest,Lower
2006-09-10,17.0,CHI,Geothlypis,trichas,Parulidae,1555,Yes,Open,Lower
2006-09-10,17.0,CHI,Seiurus,aurocapilla,Parulidae,4580,Yes,Forest,Lower
2006-09-10,17.0,CHI,Oreothlypis,ruficapilla,Parulidae,1690,Yes,Forest,Upper
2006-09-10,17.0,CHI,Oreothlypis,ruficapilla,Parulidae,1690,Yes,Forest,Upper
2006-09-10,17.0,CHI,Oreothlypis,peregrina,Parulidae,2515,Yes,Edge,Upper
2006-09-10,17.0,MP,Melospiza,lincolnii,Passerellidae,2029,yes,edge,Lower
2006-09-10,17.0,MP,Melospiza,lincolnii,Passerellidae,2029,yes,edge,Lower
2006-09-10,17.0,CHI,Oporornis,agilis,Parulidae,365,Yes,Forest,Lower
2006-09-11,17.0,CHI,Oreothlypis,ruficapilla,Parulidae,1690,Yes,Forest,Upper
2006-09-11,17.0,CHI,Oreothlypis,ruficapilla,Parulidae,1690,Yes,Forest,Upper
2006-09-11,17.0,CHI,Seiurus,aurocapilla,Parulidae,4580,Yes,Forest,Lower
2006-09-11,17.0,MP,Setophaga,coronata,Parulidae,887,yes,forest,Upper
2006-09-12,17.0,CHI,Setophaga,striata,Parulidae,787,Yes,Forest,Upper
2006-09-12,17.0,CHI,Setophaga,striata,Parulidae,787,Yes,Forest,Upper
2006-09-12,17.0,MP,Setophaga,pensylvanica,Parulidae,303,Yes,Edge,Upper
2006-09-12,17.0,CHI,Oreothlypis,ruficapilla,Parulidae,1690,Yes,Forest,Upper
2006-09-12,17.0,MP,Melospiza,lincolnii,Passerellidae,2029,yes,edge,Lower
2006-09-12,17.0,MP,Melospiza,lincolnii,Passerellidae,2029,yes,edge,Lower
2006-09-12,17.0,CHI,Melospiza,lincolnii,Passerellidae,2029,yes,edge,Lower
2006-09-12,17.0,CHI,Melospiza,lincolnii,Passerellidae,2029,yes,edge,Lower
2006-09-12,17.0,CHI,Oreothlypis,ruficapilla,Parulidae,1690,Yes,Forest,Upper
2006-09-12,17.0,MP,Geothlypis,trichas,Parulidae,1555,Yes,Open,Lower
2006-09-13,17.0,CHI,catharus,ustulatus,Turdidae,2331,Yes,Forest,Lower
2006-09-13,17.0,CHI,Oreothlypis,ruficapilla,Parulidae,1690,Yes,Forest,Upper
2006-09-13,17.0,CHI,catharus,ustulatus,Turdidae,2331,Yes,Forest,Lower
2006-09-13,17.0,MP,Melospiza,lincolnii,Passerellidae,2029,yes,edge,Lower
2006-09-13,17.0,MP,Setophaga,castanea,Parulidae,287,Yes,Forest,Upper
2006-09-13,17.0,CHI,catharus,ustulatus,Turdidae,2331,Yes,Forest,Lower
2006-09-13,17.0,CHI,Setophaga,striata,Parulidae,787,Yes,Forest,Upper
2006-09-13,17.0,MP,catharus,ustulatus,Turdidae,2331,Yes,Forest,Lower
2006-09-14,17.0,CHI,Seiurus,aurocapilla,Parulidae,4580,Yes,Forest,Lower
2006-09-14,17.0,CHI,Geothlypis,trichas,Parulidae,1555,Yes,Open,Lower
2006-09-14,17.0,CHI,Setophaga,palmarum,Parulidae,694,Yes,Edge,Lower
2006-09-14,17.0,CHI,Setophaga,palmarum,Parulidae,694,Yes,Edge,Lower
2006-09-14,17.0,CHI,Geothlypis,trichas,Parulidae,1555,Yes,Open,Lower
2006-09-14,17.0,CHI,Setophaga,striata,Parulidae,787,Yes,Forest,Upper
2006-09-14,17.0,CHI,Setophaga,palmarum,Parulidae,694,Yes,Edge,Lower
2006-09-14,17.0,CHI,Setophaga,palmarum,Parulidae,694,Yes,Edge,Lower
2006-09-14,17.0,CHI,Hylocichla,mustelina,Turdidae,500,Yes,Forest,Lower
2006-09-14,17.0,CHI,Seiurus,aurocapilla,Parulidae,4580,Yes,Forest,Lower
2006-09-14,17.0,CHI,Mniotilta,varia,Parulidae,620,Yes,Forest,Upper
2006-09-14,17.0,CHI,Hylocichla,mustelina,Turdidae,500,Yes,Forest,Lower
2006-09-14,17.0,CHI,Seiurus,aurocapilla,Parulidae,4580,Yes,Forest,Lower
2006-09-14,17.0,CHI,cistothorus,palustris,Troglodytidae,91,No,Open,Lower
2006-09-14,17.0,CHI,Mniotilta,varia,Parulidae,620,Yes,Forest,Upper
2006-09-14,17.0,CHI,Catharus,fuscescens,Turdidae,727,Yes,Forest,Lower
2006-09-14,17.0,CHI,Empidonax,flaviventris,Tyrannidae,68,No,Forest,Upper
2006-09-14,17.0,CHI,Seiurus,aurocapilla,Parulidae,4580,Yes,Forest,Lower
2006-09-14,17.0,CHI,Seiurus,aurocapilla,Parulidae,4580,Yes,Forest,Lower
2006-09-14,17.0,CHI,Hylocichla,mustelina,Turdidae,500,Yes,Forest,Lower
2006-09-14,17.0,CHI,Seiurus,aurocapilla,Parulidae,4580,Yes,Forest,Lower
2006-09-14,17.0,CHI,Seiurus,aurocapilla,Parulidae,4580,Yes,Forest,Lower
2006-09-14,17.0,CHI,Hylocichla,mustelina,Turdidae,500,Yes,Forest,Lower
2006-09-14,17.0,CHI,Setophaga,pensylvanica,Parulidae,303,Yes,Edge,Upper
2006-09-14,17.0,CHI,Mniotilta,varia,Parulidae,620,Yes,Forest,Upper
2006-09-14,17.0,CHI,Setophaga,magnolia,Parulidae,1224,yes,forest,Upper
2006-09-14,17.0,CHI,catharus,ustulatus,Turdidae,2331,Yes,Forest,Lower
2006-09-14,17.0,CHI,Oreothlypis,ruficapilla,Parulidae,1690,Yes,Forest,Upper
2006-09-14,17.0,CHI,catharus,ustulatus,Turdidae,2331,Yes,Forest,Lower
2006-09-14,17.0,CHI,catharus,ustulatus,Turdidae,2331,Yes,Forest,Lower
2006-09-14,17.0,CHI,catharus,ustulatus,Turdidae,2331,Yes,Forest,Lower
2006-09-14,17.0,MP,catharus,ustulatus,Turdidae,2331,Yes,Forest,Lower
2006-09-14,17.0,MP,Mniotilta,varia,Parulidae,620,Yes,Forest,Upper
2006-09-14,17.0,CHI,setophaga,ruticilla,Parulidae,868,Yes,Edge,Upper
2006-09-14,17.0,CHI,setophaga,ruticilla,Parulidae,868,Yes,Edge,Upper
2006-09-14,17.0,CHI,setophaga,ruticilla,Parulidae,868,Yes,Edge,Upper
2006-09-14,17.0,CHI,Seiurus,aurocapilla,Parulidae,4580,Yes,Forest,Lower
2006-09-14,17.0,CHI,setophaga,ruticilla,Parulidae,868,Yes,Edge,Upper
2006-09-14,17.0,CHI,Seiurus,aurocapilla,Parulidae,4580,Yes,Forest,Lower
2006-09-14,17.0,CHI,Seiurus,aurocapilla,Parulidae,4580,Yes,Forest,Lower
2006-09-14,17.0,CHI,Catharus,minimus,Turdidae,822,Yes,Forest,Lower
2006-09-14,17.0,CHI,setophaga,ruticilla,Parulidae,868,Yes,Edge,Upper
2006-09-14,17.0,CHI,setophaga,ruticilla,Parulidae,868,Yes,Edge,Upper
2006-09-14,17.0,CHI,setophaga,ruticilla,Parulidae,868,Yes,Edge,Upper
2006-09-14,17.0,CHI,setophaga,ruticilla,Parulidae,868,Yes,Edge,Upper
2006-09-14,17.0,CHI,Seiurus,aurocapilla,Parulidae,4580,Yes,Forest,Lower
2006-09-14,17.0,CHI,Seiurus,aurocapilla,Parulidae,4580,Yes,Forest,Lower
2006-09-14,17.0,CHI,Seiurus,aurocapilla,Parulidae,4580,Yes,Forest,Lower
2006-09-14,17.0,CHI,Seiurus,aurocapilla,Parulidae,4580,Yes,Forest,Lower
2006-09-14,17.0,CHI,Seiurus,aurocapilla,Parulidae,4580,Yes,Forest,Lower
2006-09-14,17.0,CHI,Seiurus,aurocapilla,Parulidae,4580,Yes,Forest,Lower
2006-09-14,17.0,CHI,Seiurus,aurocapilla,Parulidae,4580,Yes,Forest,Lower
2006-09-14,17.0,CHI,Seiurus,aurocapilla,Parulidae,4580,Yes,Forest,Lower
2006-09-14,17.0,CHI,Seiurus,aurocapilla,Parulidae,4580,Yes,Forest,Lower
2006-09-14,17.0,CHI,Setophaga,castanea,Parulidae,287,Yes,Forest,Upper
2006-09-14,17.0,CHI,Setophaga,magnolia,Parulidae,1224,yes,forest,Upper
2006-09-14,17.0,CHI,catharus,ustulatus,Turdidae,2331,Yes,Forest,Lower
2006-09-14,17.0,CHI,catharus,ustulatus,Turdidae,2331,Yes,Forest,Lower
2006-09-14,17.0,CHI,Setophaga,magnolia,Parulidae,1224,yes,forest,Upper
2006-09-14,17.0,CHI,Setophaga,magnolia,Parulidae,1224,yes,forest,Upper
2006-09-14,17.0,CHI,Setophaga,magnolia,Parulidae,1224,yes,forest,Upper
2006-09-14,17.0,CHI,Setophaga,magnolia,Parulidae,1224,yes,forest,Upper
2006-09-14,17.0,CHI,Seiurus,aurocapilla,Parulidae,4580,Yes,Forest,Lower
2006-09-14,17.0,CHI,Setophaga,magnolia,Parulidae,1224,yes,forest,Upper
2006-09-14,17.0,CHI,catharus,ustulatus,Turdidae,2331,Yes,Forest,Lower
2006-09-14,17.0,CHI,catharus,ustulatus,Turdidae,2331,Yes,Forest,Lower
2006-09-14,17.0,CHI,Seiurus,aurocapilla,Parulidae,4580,Yes,Forest,Lower
2006-09-14,17.0,CHI,Melospiza,lincolnii,Passerellidae,2029,yes,edge,Lower
2006-09-14,17.0,CHI,catharus,ustulatus,Turdidae,2331,Yes,Forest,Lower
2006-09-14,17.0,CHI,Melospiza,lincolnii,Passerellidae,2029,yes,edge,Lower
2006-09-14,17.0,CHI,catharus,ustulatus,Turdidae,2331,Yes,Forest,Lower
2006-09-14,17.0,MP,Melospiza,lincolnii,Passerellidae,2029,yes,edge,Lower
2006-09-14,17.0,CHI,catharus,ustulatus,Turdidae,2331,Yes,Forest,Lower
2006-09-14,17.0,CHI,catharus,ustulatus,Turdidae,2331,Yes,Forest,Lower
2006-09-14,17.0,CHI,catharus,ustulatus,Turdidae,2331,Yes,Forest,Lower
2006-09-14,17.0,CHI,Oporornis,agilis,Parulidae,365,Yes,Forest,Lower
2006-09-14,17.0,CHI,Oporornis,agilis,Parulidae,365,Yes,Forest,Lower
2006-09-14,17.0,CHI,Oporornis,agilis,Parulidae,365,Yes,Forest,Lower
2006-09-14,17.0,CHI,catharus,ustulatus,Turdidae,2331,Yes,Forest,Lower
2006-09-14,17.0,CHI,catharus,ustulatus,Turdidae,2331,Yes,Forest,Lower
2006-09-14,17.0,CHI,catharus,ustulatus,Turdidae,2331,Yes,Forest,Lower
2006-09-14,17.0,CHI,Oporornis,agilis,Parulidae,365,Yes,Forest,Lower
2006-09-14,17.0,CHI,catharus,ustulatus,Turdidae,2331,Yes,Forest,Lower
2006-09-14,17.0,CHI,Oporornis,agilis,Parulidae,365,Yes,Forest,Lower
2006-09-14,17.0,CHI,catharus,ustulatus,Turdidae,2331,Yes,Forest,Lower
2006-09-14,17.0,CHI,Mniotilta,varia,Parulidae,620,Yes,Forest,Upper
2006-09-14,17.0,CHI,Pheucticus,ludovicianus,Cardinalidae,397,Yes,Forest,Upper
2006-09-14,17.0,CHI,Setophaga,striata,Parulidae,787,Yes,Forest,Upper
2006-09-14,17.0,CHI,Seiurus,aurocapilla,Parulidae,4580,Yes,Forest,Lower
2006-09-14,17.0,CHI,Seiurus,aurocapilla,Parulidae,4580,Yes,Forest,Lower
2006-09-14,17.0,CHI,Seiurus,aurocapilla,Parulidae,4580,Yes,Forest,Lower
2006-09-14,17.0,CHI,Oreothlypis,peregrina,Parulidae,2515,Yes,Edge,Upper
2006-09-14,17.0,CHI,Setophaga,striata,Parulidae,787,Yes,Forest,Upper
2006-09-14,17.0,CHI,Setophaga,caerulescens,Parulidae,183,Yes,Forest,Upper
2006-09-14,17.0,CHI,Seiurus,aurocapilla,Parulidae,4580,Yes,Forest,Lower
2006-09-14,17.0,CHI,Setophaga,caerulescens,Parulidae,183,Yes,Forest,Upper
2006-09-14,17.0,CHI,vireo,solitarius,Vireonidae,18,No,Forest,Upper
2006-09-14,17.0,CHI,Zonotrichia,albicollis,Passerellidae,10133,Yes,Forest,Lower
2006-09-14,17.0,CHI,Zonotrichia,albicollis,Passerellidae,10133,Yes,Forest,Lower
2006-09-14,17.0,CHI,Zonotrichia,albicollis,Passerellidae,10133,Yes,Forest,Lower
2006-09-14,17.0,CHI,Zonotrichia,albicollis,Passerellidae,10133,Yes,Forest,Lower
2006-09-14,17.0,MP,Zonotrichia,albicollis,Passerellidae,10133,Yes,Forest,Lower
2006-09-14,17.0,CHI,Setophaga,virens,Parulidae,223,Yes,Forest,Upper
2006-09-14,17.0,CHI,Seiurus,aurocapilla,Parulidae,4580,Yes,Forest,Lower
2006-09-14,17.0,CHI,Seiurus,aurocapilla,Parulidae,4580,Yes,Forest,Lower
2006-09-14,17.0,CHI,Seiurus,aurocapilla,Parulidae,4580,Yes,Forest,Lower
2006-09-14,17.0,CHI,Seiurus,aurocapilla,Parulidae,4580,Yes,Forest,Lower
2006-09-14,17.0,CHI,Setophaga,striata,Parulidae,787,Yes,Forest,Upper
2006-09-14,17.0,CHI,Setophaga,striata,Parulidae,787,Yes,Forest,Upper
2006-09-18,15.0,CHI,Seiurus,aurocapilla,Parulidae,4580,Yes,Forest,Lower
2006-09-18,15.0,CHI,Setophaga,striata,Parulidae,787,Yes,Forest,Upper
2006-09-18,15.0,CHI,Seiurus,aurocapilla,Parulidae,4580,Yes,Forest,Lower
2006-09-18,15.0,CHI,Setophaga,striata,Parulidae,787,Yes,Forest,Upper
2006-09-18,15.0,CHI,Setophaga,striata,Parulidae,787,Yes,Forest,Upper
2006-09-18,15.0,MP,Seiurus,aurocapilla,Parulidae,4580,Yes,Forest,Lower
2006-09-18,15.0,CHI,Seiurus,aurocapilla,Parulidae,4580,Yes,Forest,Lower
2006-09-18,15.0,CHI,Setophaga,striata,Parulidae,787,Yes,Forest,Upper
2006-09-18,15.0,MP,Junco,hyemalis,Passerellidae,6303,Yes,Edge,Lower
2006-09-18,15.0,MP,Setophaga,striata,Parulidae,787,Yes,Forest,Upper
2006-09-18,15.0,MP,cistothorus,palustris,Troglodytidae,91,No,Open,Lower
2006-09-18,15.0,CHI,Melospiza,lincolnii,Passerellidae,2029,yes,edge,Lower
2006-09-18,15.0,MP,Setophaga,striata,Parulidae,787,Yes,Forest,Upper
2006-09-18,15.0,CHI,Setophaga,striata,Parulidae,787,Yes,Forest,Upper
2006-09-18,15.0,CHI,Contopus,virens,Tyrannidae,70,No,Forest,Upper
2006-09-18,15.0,CHI,Seiurus,aurocapilla,Parulidae,4580,Yes,Forest,Lower
2006-09-18,15.0,CHI,Seiurus,aurocapilla,Parulidae,4580,Yes,Forest,Lower
2006-09-18,15.0,CHI,Seiurus,aurocapilla,Parulidae,4580,Yes,Forest,Lower
2006-09-18,15.0,MP,catharus,ustulatus,Turdidae,2331,Yes,Forest,Lower
2006-09-18,15.0,MP,catharus,ustulatus,Turdidae,2331,Yes,Forest,Lower
2006-09-18,15.0,CHI,Setophaga,castanea,Parulidae,287,Yes,Forest,Upper
2006-09-18,15.0,CHI,catharus,ustulatus,Turdidae,2331,Yes,Forest,Lower
2006-09-18,15.0,CHI,Seiurus,aurocapilla,Parulidae,4580,Yes,Forest,Lower
2006-09-18,15.0,CHI,Seiurus,aurocapilla,Parulidae,4580,Yes,Forest,Lower
2006-09-18,15.0,CHI,Seiurus,aurocapilla,Parulidae,4580,Yes,Forest,Lower
2006-09-18,15.0,CHI,Pheucticus,ludovicianus,Cardinalidae,397,Yes,Forest,Upper
2006-09-18,15.0,CHI,Seiurus,aurocapilla,Parulidae,4580,Yes,Forest,Lower
2006-09-18,15.0,CHI,Seiurus,aurocapilla,Parulidae,4580,Yes,Forest,Lower
2006-09-18,15.0,CHI,Seiurus,aurocapilla,Parulidae,4580,Yes,Forest,Lower
2006-09-18,15.0,CHI,Setophaga,tigrina,Parulidae,182,Yes,Forest,Upper
2006-09-18,15.0,CHI,Setophaga,tigrina,Parulidae,182,Yes,Forest,Upper
2006-09-18,15.0,CHI,Setophaga,tigrina,Parulidae,182,Yes,Forest,Upper
2006-09-18,15.0,CHI,Setophaga,virens,Parulidae,223,Yes,Forest,Upper
2006-09-18,15.0,CHI,catharus,ustulatus,Turdidae,2331,Yes,Forest,Lower
2006-09-18,15.0,CHI,catharus,ustulatus,Turdidae,2331,Yes,Forest,Lower
2006-09-18,15.0,CHI,catharus,ustulatus,Turdidae,2331,Yes,Forest,Lower
2006-09-18,15.0,CHI,catharus,ustulatus,Turdidae,2331,Yes,Forest,Lower
2006-09-18,15.0,CHI,catharus,ustulatus,Turdidae,2331,Yes,Forest,Lower
2006-09-18,15.0,CHI,Seiurus,aurocapilla,Parulidae,4580,Yes,Forest,Lower
2006-09-18,15.0,CHI,Seiurus,aurocapilla,Parulidae,4580,Yes,Forest,Lower
2006-09-18,15.0,CHI,catharus,ustulatus,Turdidae,2331,Yes,Forest,Lower
2006-09-18,15.0,CHI,Geothlypis,trichas,Parulidae,1555,Yes,Open,Lower
2006-09-18,15.0,CHI,Catharus,fuscescens,Turdidae,727,Yes,Forest,Lower
2006-09-18,15.0,CHI,Seiurus,aurocapilla,Parulidae,4580,Yes,Forest,Lower
2006-09-18,15.0,MP,Setophaga,palmarum,Parulidae,694,Yes,Edge,Lower
2006-09-18,15.0,CHI,Oporornis,agilis,Parulidae,365,Yes,Forest,Lower
2006-09-18,15.0,CHI,Oreothlypis,ruficapilla,Parulidae,1690,Yes,Forest,Upper
2006-09-18,15.0,CHI,Mniotilta,varia,Parulidae,620,Yes,Forest,Upper
2006-09-18,15.0,CHI,Oporornis,agilis,Parulidae,365,Yes,Forest,Lower
2006-09-18,15.0,CHI,Setophaga,magnolia,Parulidae,1224,yes,forest,Upper
2006-09-18,15.0,CHI,Parkesia,noveboracensis,Parulidae,916,Yes,Forest,Lower
2006-09-19,15.0,CHI,Setophaga,magnolia,Parulidae,1224,yes,forest,Upper
2006-09-19,15.0,CHI,Setophaga,virens,Parulidae,223,Yes,Forest,Upper
2006-09-19,15.0,CHI,Seiurus,aurocapilla,Parulidae,4580,Yes,Forest,Lower
2006-09-19,15.0,CHI,Seiurus,aurocapilla,Parulidae,4580,Yes,Forest,Lower
2006-09-19,15.0,MP,Zonotrichia,albicollis,Passerellidae,10133,Yes,Forest,Lower
2006-09-19,15.0,CHI,Setophaga,magnolia,Parulidae,1224,yes,forest,Upper
2006-09-19,15.0,MP,Melospiza,lincolnii,Passerellidae,2029,yes,edge,Lower
2006-09-19,15.0,CHI,Seiurus,aurocapilla,Parulidae,4580,Yes,Forest,Lower
2006-09-19,15.0,CHI,Seiurus,aurocapilla,Parulidae,4580,Yes,Forest,Lower
2006-09-19,15.0,CHI,Seiurus,aurocapilla,Parulidae,4580,Yes,Forest,Lower
2006-09-19,15.0,CHI,Seiurus,aurocapilla,Parulidae,4580,Yes,Forest,Lower
2006-09-19,15.0,CHI,Seiurus,aurocapilla,Parulidae,4580,Yes,Forest,Lower
2006-09-19,15.0,MP,catharus,ustulatus,Turdidae,2331,Yes,Forest,Lower
2006-09-19,15.0,MP,Oreothlypis,peregrina,Parulidae,2515,Yes,Edge,Upper
2006-09-19,15.0,CHI,Seiurus,aurocapilla,Parulidae,4580,Yes,Forest,Lower
2006-09-19,15.0,CHI,Seiurus,aurocapilla,Parulidae,4580,Yes,Forest,Lower
2006-09-19,15.0,CHI,setophaga,ruticilla,Parulidae,868,Yes,Edge,Upper
2006-09-19,15.0,MP,Parkesia,noveboracensis,Parulidae,916,Yes,Forest,Lower
2006-09-19,15.0,MP,Seiurus,aurocapilla,Parulidae,4580,Yes,Forest,Lower
2006-09-19,15.0,CHI,Oreothlypis,peregrina,Parulidae,2515,Yes,Edge,Upper
2006-09-19,15.0,CHI,Oreothlypis,peregrina,Parulidae,2515,Yes,Edge,Upper
2006-09-19,15.0,CHI,Cardellina,canadensis,Parulidae,241,Yes,Forest,Lower
2006-09-19,15.0,CHI,setophaga,ruticilla,Parulidae,868,Yes,Edge,Upper
2006-09-19,15.0,CHI,Seiurus,aurocapilla,Parulidae,4580,Yes,Forest,Lower
2006-09-19,15.0,CHI,Seiurus,aurocapilla,Parulidae,4580,Yes,Forest,Lower
2006-09-19,15.0,CHI,setophaga,ruticilla,Parulidae,868,Yes,Edge,Upper
2006-09-19,15.0,CHI,Seiurus,aurocapilla,Parulidae,4580,Yes,Forest,Lower
2006-09-19,15.0,MP,Setophaga,striata,Parulidae,787,Yes,Forest,Upper
2006-09-19,15.0,CHI,Oreothlypis,ruficapilla,Parulidae,1690,Yes,Forest,Upper
2006-09-19,15.0,MP,Catharus,minimus,Turdidae,822,Yes,Forest,Lower
2006-09-19,15.0,MP,Zonotrichia,albicollis,Passerellidae,10133,Yes,Forest,Lower
2006-09-20,15.0,CHI,Seiurus,aurocapilla,Parulidae,4580,Yes,Forest,Lower
2006-09-20,15.0,CHI,catharus,ustulatus,Turdidae,2331,Yes,Forest,Lower
2006-09-20,15.0,CHI,Catharus,minimus,Turdidae,822,Yes,Forest,Lower
2006-09-20,15.0,MP,Setophaga,virens,Parulidae,223,Yes,Forest,Upper
2006-09-20,15.0,CHI,Melospiza,lincolnii,Passerellidae,2029,yes,edge,Lower
2006-09-20,15.0,CHI,Zonotrichia,albicollis,Passerellidae,10133,Yes,Forest,Lower
2006-09-20,15.0,MP,Oreothlypis,ruficapilla,Parulidae,1690,Yes,Forest,Upper
2006-09-20,15.0,CHI,Setophaga,striata,Parulidae,787,Yes,Forest,Upper
2006-09-20,15.0,MP,Melospiza,lincolnii,Passerellidae,2029,yes,edge,Lower
2006-09-20,15.0,CHI,Seiurus,aurocapilla,Parulidae,4580,Yes,Forest,Lower
2006-09-20,15.0,CHI,Seiurus,aurocapilla,Parulidae,4580,Yes,Forest,Lower
2006-09-20,15.0,CHI,catharus,ustulatus,Turdidae,2331,Yes,Forest,Lower
2006-09-20,15.0,MP,Oreothlypis,ruficapilla,Parulidae,1690,Yes,Forest,Upper
2006-09-20,15.0,CHI,Zonotrichia,albicollis,Passerellidae,10133,Yes,Forest,Lower
2006-09-20,15.0,CHI,Catharus,minimus,Turdidae,822,Yes,Forest,Lower
2006-09-20,15.0,CHI,Setophaga,magnolia,Parulidae,1224,yes,forest,Upper
2006-09-20,15.0,MP,Melospiza,lincolnii,Passerellidae,2029,yes,edge,Lower
2006-09-20,15.0,CHI,Seiurus,aurocapilla,Parulidae,4580,Yes,Forest,Lower
2006-09-20,15.0,CHI,Zonotrichia,albicollis,Passerellidae,10133,Yes,Forest,Lower
2006-09-20,15.0,CHI,Setophaga,magnolia,Parulidae,1224,yes,forest,Upper
2006-09-20,15.0,CHI,Setophaga,magnolia,Parulidae,1224,yes,forest,Upper
2006-09-20,15.0,CHI,Seiurus,aurocapilla,Parulidae,4580,Yes,Forest,Lower
2006-09-20,15.0,CHI,Setophaga,pensylvanica,Parulidae,303,Yes,Edge,Upper
2006-09-20,15.0,CHI,Setophaga,magnolia,Parulidae,1224,yes,forest,Upper
2006-09-20,15.0,CHI,Seiurus,aurocapilla,Parulidae,4580,Yes,Forest,Lower
2006-09-20,15.0,MP,Regulus,satrapa,Regulidae,1029,Yes,Forest,Upper
2006-09-20,15.0,CHI,Zonotrichia,albicollis,Passerellidae,10133,Yes,Forest,Lower
2006-09-20,15.0,CHI,Hylocichla,mustelina,Turdidae,500,Yes,Forest,Lower
2006-09-20,15.0,CHI,Zonotrichia,albicollis,Passerellidae,10133,Yes,Forest,Lower
2006-09-20,15.0,CHI,Setophaga,magnolia,Parulidae,1224,yes,forest,Upper
2006-09-20,15.0,CHI,troglodytes,hiemalis,Troglodytidae,474,No,Forest,Lower
2006-09-20,15.0,CHI,Setophaga,magnolia,Parulidae,1224,yes,forest,Upper
2006-09-20,15.0,CHI,Mniotilta,varia,Parulidae,620,Yes,Forest,Upper
2006-09-20,15.0,CHI,Mniotilta,varia,Parulidae,620,Yes,Forest,Upper
2006-09-20,15.0,CHI,Zonotrichia,albicollis,Passerellidae,10133,Yes,Forest,Lower
2006-09-20,15.0,CHI,catharus,ustulatus,Turdidae,2331,Yes,Forest,Lower
2006-09-20,15.0,CHI,Seiurus,aurocapilla,Parulidae,4580,Yes,Forest,Lower
2006-09-20,15.0,MP,Setophaga,palmarum,Parulidae,694,Yes,Edge,Lower
2006-09-20,15.0,CHI,Seiurus,aurocapilla,Parulidae,4580,Yes,Forest,Lower
2006-09-20,15.0,CHI,Junco,hyemalis,Passerellidae,6303,Yes,Edge,Lower
2006-09-20,15.0,CHI,Junco,hyemalis,Passerellidae,6303,Yes,Edge,Lower
2006-09-20,15.0,CHI,Junco,hyemalis,Passerellidae,6303,Yes,Edge,Lower
2006-09-20,15.0,CHI,Zonotrichia,albicollis,Passerellidae,10133,Yes,Forest,Lower
2006-09-20,15.0,CHI,Junco,hyemalis,Passerellidae,6303,Yes,Edge,Lower
2006-09-20,15.0,CHI,Geothlypis,trichas,Parulidae,1555,Yes,Open,Lower
2006-09-20,15.0,CHI,Geothlypis,trichas,Parulidae,1555,Yes,Open,Lower
2006-09-20,15.0,CHI,Seiurus,aurocapilla,Parulidae,4580,Yes,Forest,Lower
2006-09-20,15.0,CHI,Zonotrichia,albicollis,Passerellidae,10133,Yes,Forest,Lower
2006-09-20,15.0,CHI,Zonotrichia,albicollis,Passerellidae,10133,Yes,Forest,Lower
2006-09-20,15.0,CHI,Seiurus,aurocapilla,Parulidae,4580,Yes,Forest,Lower
2006-09-20,15.0,CHI,Zonotrichia,albicollis,Passerellidae,10133,Yes,Forest,Lower
2006-09-20,15.0,CHI,Zonotrichia,albicollis,Passerellidae,10133,Yes,Forest,Lower
2006-09-20,15.0,CHI,Zonotrichia,albicollis,Passerellidae,10133,Yes,Forest,Lower
2006-09-20,15.0,CHI,Oreothlypis,peregrina,Parulidae,2515,Yes,Edge,Upper
2006-09-20,15.0,CHI,Oreothlypis,peregrina,Parulidae,2515,Yes,Edge,Upper
2006-09-20,15.0,CHI,Empidonax,minimus,Tyrannidae,96,No,Edge,Upper
2006-09-20,15.0,CHI,catharus,ustulatus,Turdidae,2331,Yes,Forest,Lower
2006-09-20,15.0,CHI,Zonotrichia,albicollis,Passerellidae,10133,Yes,Forest,Lower
2006-09-20,15.0,CHI,catharus,ustulatus,Turdidae,2331,Yes,Forest,Lower
2006-09-20,15.0,CHI,Zonotrichia,albicollis,Passerellidae,10133,Yes,Forest,Lower
2006-09-20,15.0,MP,setophaga,ruticilla,Parulidae,868,Yes,Edge,Upper
2006-09-20,15.0,CHI,Seiurus,aurocapilla,Parulidae,4580,Yes,Forest,Lower
2006-09-20,15.0,CHI,catharus,ustulatus,Turdidae,2331,Yes,Forest,Lower
2006-09-20,15.0,CHI,Zonotrichia,albicollis,Passerellidae,10133,Yes,Forest,Lower
2006-09-20,15.0,CHI,Zonotrichia,albicollis,Passerellidae,10133,Yes,Forest,Lower
2006-09-20,15.0,CHI,Zonotrichia,albicollis,Passerellidae,10133,Yes,Forest,Lower
2006-09-20,15.0,CHI,Zonotrichia,albicollis,Passerellidae,10133,Yes,Forest,Lower
2006-09-20,15.0,CHI,Zonotrichia,albicollis,Passerellidae,10133,Yes,Forest,Lower
2006-09-20,15.0,CHI,Zonotrichia,albicollis,Passerellidae,10133,Yes,Forest,Lower
2006-09-20,15.0,CHI,catharus,ustulatus,Turdidae,2331,Yes,Forest,Lower
2006-09-20,15.0,CHI,Zonotrichia,albicollis,Passerellidae,10133,Yes,Forest,Lower
2006-09-20,15.0,CHI,catharus,ustulatus,Turdidae,2331,Yes,Forest,Lower
2006-09-21,15.0,MP,Zonotrichia,albicollis,Passerellidae,10133,Yes,Forest,Lower
2006-09-21,15.0,CHI,Catharus,fuscescens,Turdidae,727,Yes,Forest,Lower
2006-09-21,15.0,CHI,Seiurus,aurocapilla,Parulidae,4580,Yes,Forest,Lower
2006-09-21,15.0,CHI,dumetella,carolinensis,Mimidae,599,no,edge,Lower
2006-09-21,15.0,CHI,Seiurus,aurocapilla,Parulidae,4580,Yes,Forest,Lower
2006-09-21,15.0,CHI,Catharus,minimus,Turdidae,822,Yes,Forest,Lower
2006-09-21,15.0,CHI,Junco,hyemalis,Passerellidae,6303,Yes,Edge,Lower
2006-09-21,15.0,CHI,Parkesia,noveboracensis,Parulidae,916,Yes,Forest,Lower
2006-09-21,15.0,CHI,Seiurus,aurocapilla,Parulidae,4580,Yes,Forest,Lower
2006-09-21,15.0,MP,Melospiza,lincolnii,Passerellidae,2029,yes,edge,Lower
2006-09-21,15.0,CHI,Mniotilta,varia,Parulidae,620,Yes,Forest,Upper
2006-09-21,15.0,CHI,setophaga,ruticilla,Parulidae,868,Yes,Edge,Upper
2006-09-21,15.0,CHI,Parkesia,noveboracensis,Parulidae,916,Yes,Forest,Lower
2006-09-21,15.0,CHI,Seiurus,aurocapilla,Parulidae,4580,Yes,Forest,Lower
2006-09-21,15.0,MP,Melospiza,lincolnii,Passerellidae,2029,yes,edge,Lower
2006-09-21,15.0,CHI,Setophaga,pensylvanica,Parulidae,303,Yes,Edge,Upper
2006-09-21,15.0,CHI,Melospiza,lincolnii,Passerellidae,2029,yes,edge,Lower
2006-09-21,15.0,CHI,Zonotrichia,albicollis,Passerellidae,10133,Yes,Forest,Lower
2006-09-21,15.0,CHI,Setophaga,americana,Parulidae,59,Yes,Forest,Upper
2006-09-21,15.0,MP,Catharus,minimus,Turdidae,822,Yes,Forest,Lower
2006-09-21,15.0,CHI,Seiurus,aurocapilla,Parulidae,4580,Yes,Forest,Lower
2006-09-21,15.0,CHI,Mniotilta,varia,Parulidae,620,Yes,Forest,Upper
2006-09-21,15.0,CHI,Zonotrichia,albicollis,Passerellidae,10133,Yes,Forest,Lower
2006-09-21,15.0,CHI,Seiurus,aurocapilla,Parulidae,4580,Yes,Forest,Lower
2006-09-21,15.0,CHI,Oreothlypis,ruficapilla,Parulidae,1690,Yes,Forest,Upper
2006-09-21,15.0,CHI,Oreothlypis,ruficapilla,Parulidae,1690,Yes,Forest,Upper
2006-09-21,15.0,CHI,Oreothlypis,ruficapilla,Parulidae,1690,Yes,Forest,Upper
2006-09-21,15.0,CHI,Zonotrichia,albicollis,Passerellidae,10133,Yes,Forest,Lower
2006-09-21,15.0,CHI,Zonotrichia,albicollis,Passerellidae,10133,Yes,Forest,Lower
2006-09-21,15.0,CHI,Zonotrichia,albicollis,Passerellidae,10133,Yes,Forest,Lower
2006-09-21,15.0,CHI,Geothlypis,trichas,Parulidae,1555,Yes,Open,Lower
2006-09-21,15.0,CHI,Geothlypis,trichas,Parulidae,1555,Yes,Open,Lower
2006-09-21,15.0,CHI,Geothlypis,trichas,Parulidae,1555,Yes,Open,Lower
2006-09-21,15.0,MP,Geothlypis,trichas,Parulidae,1555,Yes,Open,Lower
2006-09-21,15.0,CHI,Contopus,virens,Tyrannidae,70,No,Forest,Upper
2006-09-21,15.0,MP,Oreothlypis,peregrina,Parulidae,2515,Yes,Edge,Upper
2006-09-21,15.0,CHI,Setophaga,palmarum,Parulidae,694,Yes,Edge,Lower
2006-09-21,15.0,MP,catharus,ustulatus,Turdidae,2331,Yes,Forest,Lower
2006-09-21,15.0,CHI,catharus,ustulatus,Turdidae,2331,Yes,Forest,Lower
2006-09-21,15.0,CHI,catharus,ustulatus,Turdidae,2331,Yes,Forest,Lower
2006-09-21,15.0,CHI,Piranga,olivacea,Cardinalidae,127,Yes,Forest,Upper
2006-09-21,15.0,MP,Zonotrichia,albicollis,Passerellidae,10133,Yes,Forest,Lower
2006-09-21,15.0,MP,Zonotrichia,albicollis,Passerellidae,10133,Yes,Forest,Lower
2006-09-21,15.0,CHI,Zonotrichia,albicollis,Passerellidae,10133,Yes,Forest,Lower
2006-09-21,15.0,CHI,Cardellina,canadensis,Parulidae,241,Yes,Forest,Lower
2006-09-21,15.0,CHI,Oreothlypis,peregrina,Parulidae,2515,Yes,Edge,Upper
2006-09-21,15.0,CHI,Oreothlypis,ruficapilla,Parulidae,1690,Yes,Forest,Upper
2006-09-21,15.0,MP,Oreothlypis,ruficapilla,Parulidae,1690,Yes,Forest,Upper
2006-09-21,15.0,MP,Oreothlypis,ruficapilla,Parulidae,1690,Yes,Forest,Upper
2006-09-21,15.0,CHI,Seiurus,aurocapilla,Parulidae,4580,Yes,Forest,Lower
2006-09-21,15.0,CHI,Oreothlypis,ruficapilla,Parulidae,1690,Yes,Forest,Upper
2006-09-21,15.0,CHI,Setophaga,striata,Parulidae,787,Yes,Forest,Upper
2006-09-21,15.0,MP,Seiurus,aurocapilla,Parulidae,4580,Yes,Forest,Lower
2006-09-21,15.0,CHI,Seiurus,aurocapilla,Parulidae,4580,Yes,Forest,Lower
2006-09-21,15.0,CHI,Seiurus,aurocapilla,Parulidae,4580,Yes,Forest,Lower
2006-09-21,15.0,CHI,Setophaga,virens,Parulidae,223,Yes,Forest,Upper
2006-09-21,15.0,CHI,Toxostoma,rufum,Mimidae,166,No,Edge,Lower
2006-09-21,15.0,MP,Oreothlypis,ruficapilla,Parulidae,1690,Yes,Forest,Upper
2006-09-21,15.0,CHI,Seiurus,aurocapilla,Parulidae,4580,Yes,Forest,Lower
2006-09-21,15.0,CHI,setophaga,ruticilla,Parulidae,868,Yes,Edge,Upper
2006-09-21,15.0,CHI,Seiurus,aurocapilla,Parulidae,4580,Yes,Forest,Lower
2006-09-21,15.0,CHI,Regulus,satrapa,Regulidae,1029,Yes,Forest,Upper
2006-09-21,15.0,CHI,Zonotrichia,albicollis,Passerellidae,10133,Yes,Forest,Lower
2006-09-21,15.0,CHI,Zonotrichia,albicollis,Passerellidae,10133,Yes,Forest,Lower
2006-09-21,15.0,CHI,Setophaga,magnolia,Parulidae,1224,yes,forest,Upper
2006-09-21,15.0,MP,Setophaga,magnolia,Parulidae,1224,yes,forest,Upper
2006-09-21,15.0,CHI,Setophaga,magnolia,Parulidae,1224,yes,forest,Upper
2006-09-21,15.0,CHI,Setophaga,magnolia,Parulidae,1224,yes,forest,Upper
2006-09-21,15.0,CHI,Setophaga,magnolia,Parulidae,1224,yes,forest,Upper
2006-09-21,15.0,CHI,Regulus,satrapa,Regulidae,1029,Yes,Forest,Upper
2006-09-21,15.0,CHI,Setophaga,virens,Parulidae,223,Yes,Forest,Upper
2006-09-21,15.0,CHI,Seiurus,aurocapilla,Parulidae,4580,Yes,Forest,Lower
2006-09-24,12.0,CHI,Setophaga,virens,Parulidae,223,Yes,Forest,Upper
2006-09-24,12.0,CHI,Seiurus,aurocapilla,Parulidae,4580,Yes,Forest,Lower
2006-09-24,12.0,CHI,Seiurus,aurocapilla,Parulidae,4580,Yes,Forest,Lower
2006-09-24,12.0,CHI,Seiurus,aurocapilla,Parulidae,4580,Yes,Forest,Lower
2006-09-24,12.0,CHI,Seiurus,aurocapilla,Parulidae,4580,Yes,Forest,Lower
2006-09-24,12.0,CHI,Seiurus,aurocapilla,Parulidae,4580,Yes,Forest,Lower
2006-09-24,12.0,CHI,Seiurus,aurocapilla,Parulidae,4580,Yes,Forest,Lower
2006-09-24,12.0,MP,Seiurus,aurocapilla,Parulidae,4580,Yes,Forest,Lower
2006-09-24,12.0,CHI,Seiurus,aurocapilla,Parulidae,4580,Yes,Forest,Lower
2006-09-24,12.0,CHI,Oreothlypis,peregrina,Parulidae,2515,Yes,Edge,Upper
2006-09-24,12.0,CHI,Setophaga,virens,Parulidae,223,Yes,Forest,Upper
2006-09-24,12.0,CHI,Oreothlypis,peregrina,Parulidae,2515,Yes,Edge,Upper
2006-09-24,12.0,MP,Setophaga,palmarum,Parulidae,694,Yes,Edge,Lower
2006-09-24,12.0,CHI,dumetella,carolinensis,Mimidae,599,no,edge,Lower
2006-09-24,12.0,MP,Setophaga,palmarum,Parulidae,694,Yes,Edge,Lower
2006-09-24,12.0,CHI,Parkesia,noveboracensis,Parulidae,916,Yes,Forest,Lower
2006-09-24,12.0,CHI,Setophaga,pensylvanica,Parulidae,303,Yes,Edge,Upper
2006-09-24,12.0,CHI,Zonotrichia,albicollis,Passerellidae,10133,Yes,Forest,Lower
2006-09-24,12.0,MP,Geothlypis,trichas,Parulidae,1555,Yes,Open,Lower
2006-09-24,12.0,CHI,Setophaga,magnolia,Parulidae,1224,yes,forest,Upper
2006-09-24,12.0,CHI,Setophaga,magnolia,Parulidae,1224,yes,forest,Upper
2006-09-24,12.0,CHI,Setophaga,magnolia,Parulidae,1224,yes,forest,Upper
2006-09-24,12.0,MP,Setophaga,striata,Parulidae,787,Yes,Forest,Upper
2006-09-24,12.0,CHI,Catharus,guttatus,Turdidae,3729,Yes,Forest,Lower
2006-09-24,12.0,CHI,Setophaga,magnolia,Parulidae,1224,yes,forest,Upper
2006-09-24,12.0,CHI,Oreothlypis,peregrina,Parulidae,2515,Yes,Edge,Upper
2006-09-24,12.0,CHI,setophaga,ruticilla,Parulidae,868,Yes,Edge,Upper
2006-09-24,12.0,CHI,Mniotilta,varia,Parulidae,620,Yes,Forest,Upper
2006-09-24,12.0,CHI,Oreothlypis,peregrina,Parulidae,2515,Yes,Edge,Upper
2006-09-24,12.0,CHI,Setophaga,magnolia,Parulidae,1224,yes,forest,Upper
2006-09-25,12.0,CHI,Oporornis,agilis,Parulidae,365,Yes,Forest,Lower
2006-09-25,12.0,CHI,Setophaga,fusca,Parulidae,201,Yes,Forest,Upper
2006-09-25,12.0,CHI,Pheucticus,ludovicianus,Cardinalidae,397,Yes,Forest,Upper
2006-09-25,12.0,CHI,Pheucticus,ludovicianus,Cardinalidae,397,Yes,Forest,Upper
2006-09-25,12.0,CHI,Setophaga,pensylvanica,Parulidae,303,Yes,Edge,Upper
2006-09-25,12.0,MP,Setophaga,palmarum,Parulidae,694,Yes,Edge,Lower
2006-09-25,12.0,MP,Passerculus,sandwichensis,Passerellidae,274,yes,open,Lower	
2006-09-25,12.0,CHI,Seiurus,aurocapilla,Parulidae,4580,Yes,Forest,Lower
2006-09-25,12.0,CHI,Seiurus,aurocapilla,Parulidae,4580,Yes,Forest,Lower
2006-09-25,12.0,CHI,Seiurus,aurocapilla,Parulidae,4580,Yes,Forest,Lower
2006-09-25,12.0,CHI,Hylocichla,mustelina,Turdidae,500,Yes,Forest,Lower
2006-09-25,12.0,MP,Geothlypis,trichas,Parulidae,1555,Yes,Open,Lower
2006-09-25,12.0,CHI,Oreothlypis,ruficapilla,Parulidae,1690,Yes,Forest,Upper
2006-09-25,12.0,MP,Setophaga,striata,Parulidae,787,Yes,Forest,Upper
2006-09-25,12.0,CHI,Geothlypis,trichas,Parulidae,1555,Yes,Open,Lower
2006-09-25,12.0,CHI,Setophaga,magnolia,Parulidae,1224,yes,forest,Upper
2006-09-25,12.0,CHI,Setophaga,magnolia,Parulidae,1224,yes,forest,Upper
2006-09-25,12.0,CHI,Setophaga,magnolia,Parulidae,1224,yes,forest,Upper
2006-09-25,12.0,MP,Toxostoma,rufum,Mimidae,166,No,Edge,Lower
2006-09-25,12.0,CHI,Setophaga,coronata,Parulidae,887,yes,forest,Upper
2006-09-25,12.0,MP,Catharus,guttatus,Turdidae,3729,Yes,Forest,Lower
2006-09-25,12.0,CHI,Geothlypis,trichas,Parulidae,1555,Yes,Open,Lower
2006-09-25,12.0,CHI,Geothlypis,trichas,Parulidae,1555,Yes,Open,Lower
2006-09-25,12.0,CHI,Setophaga,magnolia,Parulidae,1224,yes,forest,Upper
2006-09-25,12.0,MP,Setophaga,magnolia,Parulidae,1224,yes,forest,Upper
2006-09-25,12.0,CHI,Setophaga,striata,Parulidae,787,Yes,Forest,Upper
2006-09-25,12.0,CHI,Junco,hyemalis,Passerellidae,6303,Yes,Edge,Lower
2006-09-25,12.0,MP,Setophaga,coronata,Parulidae,887,yes,forest,Upper
2006-09-25,12.0,MP,Zonotrichia,albicollis,Passerellidae,10133,Yes,Forest,Lower
2006-09-25,12.0,CHI,Zonotrichia,albicollis,Passerellidae,10133,Yes,Forest,Lower
2006-09-25,12.0,CHI,Seiurus,aurocapilla,Parulidae,4580,Yes,Forest,Lower
2006-09-25,12.0,CHI,Passerella,iliaca,Passerellidae,2443,Yes,Edge,Lower
2006-09-25,12.0,CHI,Seiurus,aurocapilla,Parulidae,4580,Yes,Forest,Lower
2006-09-25,12.0,MP,Melospiza,lincolnii,Passerellidae,2029,yes,edge,Lower
2006-09-25,12.0,CHI,Mniotilta,varia,Parulidae,620,Yes,Forest,Upper
2006-09-25,12.0,CHI,Zonotrichia,albicollis,Passerellidae,10133,Yes,Forest,Lower
2006-09-25,12.0,MP,Zonotrichia,albicollis,Passerellidae,10133,Yes,Forest,Lower
2006-09-25,12.0,CHI,Parkesia,noveboracensis,Parulidae,916,Yes,Forest,Lower
2006-09-25,12.0,MP,Catharus,minimus,Turdidae,822,Yes,Forest,Lower
2006-09-25,12.0,CHI,Oreothlypis,peregrina,Parulidae,2515,Yes,Edge,Upper
2006-09-25,12.0,CHI,Oreothlypis,peregrina,Parulidae,2515,Yes,Edge,Upper
2006-09-25,12.0,CHI,Oreothlypis,peregrina,Parulidae,2515,Yes,Edge,Upper
2006-09-25,12.0,MP,Oreothlypis,peregrina,Parulidae,2515,Yes,Edge,Upper
2006-09-25,12.0,CHI,Oreothlypis,peregrina,Parulidae,2515,Yes,Edge,Upper
2006-09-25,12.0,CHI,Oreothlypis,peregrina,Parulidae,2515,Yes,Edge,Upper
2006-09-25,12.0,CHI,Oreothlypis,peregrina,Parulidae,2515,Yes,Edge,Upper
2006-09-25,12.0,CHI,Oreothlypis,peregrina,Parulidae,2515,Yes,Edge,Upper
2006-09-25,12.0,CHI,Oreothlypis,peregrina,Parulidae,2515,Yes,Edge,Upper
2006-09-25,12.0,CHI,Zonotrichia,albicollis,Passerellidae,10133,Yes,Forest,Lower
2006-09-25,12.0,CHI,Zonotrichia,albicollis,Passerellidae,10133,Yes,Forest,Lower
2006-09-25,12.0,CHI,Seiurus,aurocapilla,Parulidae,4580,Yes,Forest,Lower
2006-09-25,12.0,CHI,Seiurus,aurocapilla,Parulidae,4580,Yes,Forest,Lower
2006-09-25,12.0,MP,Contopus,virens,Tyrannidae,70,No,Forest,Upper
2006-09-25,12.0,CHI,Seiurus,aurocapilla,Parulidae,4580,Yes,Forest,Lower
2006-09-25,12.0,CHI,Seiurus,aurocapilla,Parulidae,4580,Yes,Forest,Lower
2006-09-25,12.0,CHI,Setophaga,tigrina,Parulidae,182,Yes,Forest,Upper
2006-09-25,12.0,CHI,Seiurus,aurocapilla,Parulidae,4580,Yes,Forest,Lower
2006-09-25,12.0,CHI,Zonotrichia,albicollis,Passerellidae,10133,Yes,Forest,Lower
2006-09-25,12.0,CHI,Seiurus,aurocapilla,Parulidae,4580,Yes,Forest,Lower
2006-09-25,12.0,CHI,catharus,ustulatus,Turdidae,2331,Yes,Forest,Lower
2006-09-25,12.0,CHI,Seiurus,aurocapilla,Parulidae,4580,Yes,Forest,Lower
2006-09-25,12.0,CHI,Setophaga,castanea,Parulidae,287,Yes,Forest,Upper
2006-09-25,12.0,CHI,Zonotrichia,albicollis,Passerellidae,10133,Yes,Forest,Lower
2006-09-25,12.0,CHI,Zonotrichia,albicollis,Passerellidae,10133,Yes,Forest,Lower
2006-09-25,12.0,CHI,setophaga,ruticilla,Parulidae,868,Yes,Edge,Upper
2006-09-25,12.0,CHI,setophaga,ruticilla,Parulidae,868,Yes,Edge,Upper
2006-09-25,12.0,CHI,Zonotrichia,albicollis,Passerellidae,10133,Yes,Forest,Lower
2006-09-25,12.0,CHI,catharus,ustulatus,Turdidae,2331,Yes,Forest,Lower
2006-09-26,10.0,CHI,catharus,ustulatus,Turdidae,2331,Yes,Forest,Lower
2006-09-26,10.0,CHI,catharus,ustulatus,Turdidae,2331,Yes,Forest,Lower
2006-09-26,10.0,CHI,catharus,ustulatus,Turdidae,2331,Yes,Forest,Lower
2006-09-26,10.0,CHI,Setophaga,pensylvanica,Parulidae,303,Yes,Edge,Upper
2006-09-26,10.0,CHI,Melospiza,lincolnii,Passerellidae,2029,yes,edge,Lower
2006-09-26,10.0,CHI,Setophaga,palmarum,Parulidae,694,Yes,Edge,Lower
2006-09-26,10.0,CHI,Zonotrichia,albicollis,Passerellidae,10133,Yes,Forest,Lower
2006-09-26,10.0,CHI,Zonotrichia,albicollis,Passerellidae,10133,Yes,Forest,Lower
2006-09-26,10.0,CHI,Seiurus,aurocapilla,Parulidae,4580,Yes,Forest,Lower
2006-09-26,10.0,CHI,Zonotrichia,albicollis,Passerellidae,10133,Yes,Forest,Lower
2006-09-26,10.0,CHI,Zonotrichia,albicollis,Passerellidae,10133,Yes,Forest,Lower
2006-09-26,10.0,CHI,Zonotrichia,albicollis,Passerellidae,10133,Yes,Forest,Lower
2006-09-26,10.0,CHI,Zonotrichia,albicollis,Passerellidae,10133,Yes,Forest,Lower
2006-09-26,10.0,CHI,Zonotrichia,albicollis,Passerellidae,10133,Yes,Forest,Lower
2006-09-26,10.0,CHI,Zonotrichia,albicollis,Passerellidae,10133,Yes,Forest,Lower
2006-09-26,10.0,CHI,Zonotrichia,albicollis,Passerellidae,10133,Yes,Forest,Lower
2006-09-26,10.0,CHI,Zonotrichia,albicollis,Passerellidae,10133,Yes,Forest,Lower
2006-09-26,10.0,CHI,Oreothlypis,ruficapilla,Parulidae,1690,Yes,Forest,Upper
2006-09-26,10.0,CHI,Passerella,iliaca,Passerellidae,2443,Yes,Edge,Lower
2006-09-26,10.0,CHI,Oreothlypis,ruficapilla,Parulidae,1690,Yes,Forest,Upper
2006-09-26,10.0,CHI,Catharus,guttatus,Turdidae,3729,Yes,Forest,Lower
2006-09-26,10.0,CHI,Catharus,guttatus,Turdidae,3729,Yes,Forest,Lower
2006-09-26,10.0,CHI,Geothlypis,trichas,Parulidae,1555,Yes,Open,Lower
2006-09-26,10.0,CHI,Geothlypis,trichas,Parulidae,1555,Yes,Open,Lower
2006-09-26,10.0,CHI,Catharus,guttatus,Turdidae,3729,Yes,Forest,Lower
2006-09-26,10.0,CHI,Catharus,guttatus,Turdidae,3729,Yes,Forest,Lower
2006-09-26,10.0,CHI,Zonotrichia,albicollis,Passerellidae,10133,Yes,Forest,Lower
2006-09-26,10.0,CHI,Catharus,guttatus,Turdidae,3729,Yes,Forest,Lower
2006-09-26,10.0,CHI,Catharus,guttatus,Turdidae,3729,Yes,Forest,Lower
2006-09-26,10.0,CHI,Zonotrichia,albicollis,Passerellidae,10133,Yes,Forest,Lower
2006-09-26,10.0,CHI,Zonotrichia,albicollis,Passerellidae,10133,Yes,Forest,Lower
2006-09-26,10.0,CHI,Zonotrichia,albicollis,Passerellidae,10133,Yes,Forest,Lower
2006-09-26,10.0,CHI,Zonotrichia,albicollis,Passerellidae,10133,Yes,Forest,Lower
2006-09-26,10.0,CHI,Zonotrichia,albicollis,Passerellidae,10133,Yes,Forest,Lower
2006-09-26,10.0,CHI,Zonotrichia,albicollis,Passerellidae,10133,Yes,Forest,Lower
2006-09-26,10.0,CHI,Seiurus,aurocapilla,Parulidae,4580,Yes,Forest,Lower
2006-09-26,10.0,CHI,Oreothlypis,peregrina,Parulidae,2515,Yes,Edge,Upper
2006-09-26,10.0,CHI,Regulus,calendula,Regulidae,416,No,Forest,Upper
2006-09-26,10.0,CHI,Zonotrichia,albicollis,Passerellidae,10133,Yes,Forest,Lower
2006-09-26,10.0,CHI,Zonotrichia,albicollis,Passerellidae,10133,Yes,Forest,Lower
2006-09-26,10.0,CHI,Zonotrichia,albicollis,Passerellidae,10133,Yes,Forest,Lower
2006-09-26,10.0,CHI,Zonotrichia,albicollis,Passerellidae,10133,Yes,Forest,Lower
2006-09-26,10.0,CHI,Zonotrichia,albicollis,Passerellidae,10133,Yes,Forest,Lower
2006-09-26,10.0,CHI,Zonotrichia,albicollis,Passerellidae,10133,Yes,Forest,Lower
2006-09-26,10.0,CHI,Zonotrichia,albicollis,Passerellidae,10133,Yes,Forest,Lower
2006-09-26,10.0,CHI,Zonotrichia,albicollis,Passerellidae,10133,Yes,Forest,Lower
2006-09-26,10.0,CHI,Zonotrichia,albicollis,Passerellidae,10133,Yes,Forest,Lower
2006-09-26,10.0,CHI,Zonotrichia,albicollis,Passerellidae,10133,Yes,Forest,Lower
2006-09-26,10.0,CHI,Zonotrichia,albicollis,Passerellidae,10133,Yes,Forest,Lower
2006-09-26,10.0,CHI,Zonotrichia,albicollis,Passerellidae,10133,Yes,Forest,Lower
2006-09-26,10.0,CHI,Zonotrichia,albicollis,Passerellidae,10133,Yes,Forest,Lower
2006-09-26,10.0,CHI,Setophaga,magnolia,Parulidae,1224,yes,forest,Upper
2006-09-26,10.0,CHI,setophaga,ruticilla,Parulidae,868,Yes,Edge,Upper
2006-09-26,10.0,CHI,Setophaga,magnolia,Parulidae,1224,yes,forest,Upper
2006-09-26,10.0,CHI,Regulus,satrapa,Regulidae,1029,Yes,Forest,Upper
2006-09-26,10.0,CHI,Regulus,satrapa,Regulidae,1029,Yes,Forest,Upper
2006-09-26,10.0,CHI,Zonotrichia,albicollis,Passerellidae,10133,Yes,Forest,Lower
2006-09-26,10.0,CHI,Zonotrichia,albicollis,Passerellidae,10133,Yes,Forest,Lower
2006-09-26,10.0,CHI,Zonotrichia,albicollis,Passerellidae,10133,Yes,Forest,Lower
2006-09-26,10.0,CHI,Zonotrichia,albicollis,Passerellidae,10133,Yes,Forest,Lower
2006-09-26,10.0,CHI,Seiurus,aurocapilla,Parulidae,4580,Yes,Forest,Lower
2006-09-26,10.0,CHI,Seiurus,aurocapilla,Parulidae,4580,Yes,Forest,Lower
2006-09-26,10.0,CHI,Zonotrichia,albicollis,Passerellidae,10133,Yes,Forest,Lower
2006-09-26,10.0,CHI,Seiurus,aurocapilla,Parulidae,4580,Yes,Forest,Lower
2006-09-26,10.0,CHI,Regulus,calendula,Regulidae,416,No,Forest,Upper
2006-09-26,10.0,CHI,Zonotrichia,albicollis,Passerellidae,10133,Yes,Forest,Lower
2006-09-26,10.0,CHI,Regulus,calendula,Regulidae,416,No,Forest,Upper
2006-09-26,10.0,CHI,Zonotrichia,albicollis,Passerellidae,10133,Yes,Forest,Lower
2006-09-26,10.0,CHI,Catharus,guttatus,Turdidae,3729,Yes,Forest,Lower
2006-09-26,10.0,CHI,Zonotrichia,albicollis,Passerellidae,10133,Yes,Forest,Lower
2006-09-26,10.0,CHI,Zonotrichia,albicollis,Passerellidae,10133,Yes,Forest,Lower
2006-09-26,10.0,CHI,troglodytes,hiemalis,Troglodytidae,474,No,Forest,Lower
2006-09-26,10.0,MP,Junco,hyemalis,Passerellidae,6303,Yes,Edge,Lower
2006-09-26,10.0,CHI,Junco,hyemalis,Passerellidae,6303,Yes,Edge,Lower
2006-09-26,10.0,CHI,Zonotrichia,albicollis,Passerellidae,10133,Yes,Forest,Lower
2006-09-26,10.0,CHI,Junco,hyemalis,Passerellidae,6303,Yes,Edge,Lower
2006-09-26,10.0,CHI,Zonotrichia,albicollis,Passerellidae,10133,Yes,Forest,Lower
2006-09-26,10.0,CHI,Zonotrichia,albicollis,Passerellidae,10133,Yes,Forest,Lower
2006-09-26,10.0,CHI,Junco,hyemalis,Passerellidae,6303,Yes,Edge,Lower
2006-09-26,10.0,CHI,Junco,hyemalis,Passerellidae,6303,Yes,Edge,Lower
2006-09-26,10.0,CHI,Junco,hyemalis,Passerellidae,6303,Yes,Edge,Lower
2006-09-26,10.0,CHI,Pheucticus,ludovicianus,Cardinalidae,397,Yes,Forest,Upper
2006-09-26,10.0,CHI,Pheucticus,ludovicianus,Cardinalidae,397,Yes,Forest,Upper
2006-09-26,10.0,CHI,Catharus,minimus,Turdidae,822,Yes,Forest,Lower
2006-09-26,10.0,CHI,Catharus,minimus,Turdidae,822,Yes,Forest,Lower
2006-09-26,10.0,CHI,Catharus,minimus,Turdidae,822,Yes,Forest,Lower
2006-09-26,10.0,CHI,Zonotrichia,albicollis,Passerellidae,10133,Yes,Forest,Lower
2006-09-26,10.0,CHI,Zonotrichia,albicollis,Passerellidae,10133,Yes,Forest,Lower
2006-09-26,10.0,CHI,Zonotrichia,albicollis,Passerellidae,10133,Yes,Forest,Lower
2006-09-26,10.0,CHI,Zonotrichia,albicollis,Passerellidae,10133,Yes,Forest,Lower
2006-09-26,10.0,CHI,Melospiza,melodia,Passerellidae,5124,Yes,Edge,Lower
2006-09-26,10.0,CHI,Junco,hyemalis,Passerellidae,6303,Yes,Edge,Lower
2006-09-26,10.0,CHI,Junco,hyemalis,Passerellidae,6303,Yes,Edge,Lower
2006-09-26,10.0,MP,Zonotrichia,albicollis,Passerellidae,10133,Yes,Forest,Lower
2006-09-26,10.0,CHI,Zonotrichia,albicollis,Passerellidae,10133,Yes,Forest,Lower
2006-09-26,10.0,CHI,Zonotrichia,albicollis,Passerellidae,10133,Yes,Forest,Lower
2006-09-26,10.0,CHI,Melospiza,melodia,Passerellidae,5124,Yes,Edge,Lower
2006-09-26,10.0,CHI,Zonotrichia,albicollis,Passerellidae,10133,Yes,Forest,Lower
2006-09-26,10.0,CHI,Zonotrichia,albicollis,Passerellidae,10133,Yes,Forest,Lower
2006-09-26,10.0,CHI,Zonotrichia,albicollis,Passerellidae,10133,Yes,Forest,Lower
2006-09-26,10.0,CHI,Zonotrichia,albicollis,Passerellidae,10133,Yes,Forest,Lower
2006-09-26,10.0,CHI,Zonotrichia,albicollis,Passerellidae,10133,Yes,Forest,Lower
2006-09-26,10.0,CHI,Zonotrichia,albicollis,Passerellidae,10133,Yes,Forest,Lower
2006-09-26,10.0,CHI,Zonotrichia,albicollis,Passerellidae,10133,Yes,Forest,Lower
2006-09-26,10.0,CHI,Zonotrichia,albicollis,Passerellidae,10133,Yes,Forest,Lower
2006-09-26,10.0,CHI,Zonotrichia,albicollis,Passerellidae,10133,Yes,Forest,Lower
2006-09-26,10.0,CHI,Zonotrichia,albicollis,Passerellidae,10133,Yes,Forest,Lower
2006-09-26,10.0,CHI,Zonotrichia,albicollis,Passerellidae,10133,Yes,Forest,Lower
2006-09-27,11.0,CHI,Catharus,guttatus,Turdidae,3729,Yes,Forest,Lower
2006-09-27,11.0,CHI,Zonotrichia,albicollis,Passerellidae,10133,Yes,Forest,Lower
2006-09-27,11.0,CHI,Setophaga,striata,Parulidae,787,Yes,Forest,Upper
2006-09-27,11.0,MP,Oreothlypis,ruficapilla,Parulidae,1690,Yes,Forest,Upper
2006-09-27,11.0,CHI,Oreothlypis,ruficapilla,Parulidae,1690,Yes,Forest,Upper
2006-09-27,11.0,CHI,Setophaga,magnolia,Parulidae,1224,yes,forest,Upper
2006-09-27,11.0,MP,Oreothlypis,ruficapilla,Parulidae,1690,Yes,Forest,Upper
2006-09-27,11.0,CHI,Zonotrichia,albicollis,Passerellidae,10133,Yes,Forest,Lower
2006-09-27,11.0,MP,Oreothlypis,ruficapilla,Parulidae,1690,Yes,Forest,Upper
2006-09-27,11.0,MP,Oreothlypis,ruficapilla,Parulidae,1690,Yes,Forest,Upper
2006-09-27,11.0,CHI,Zonotrichia,albicollis,Passerellidae,10133,Yes,Forest,Lower
2006-09-27,11.0,MP,dumetella,carolinensis,Mimidae,599,no,edge,Lower
2006-09-27,11.0,CHI,Setophaga,palmarum,Parulidae,694,Yes,Edge,Lower
2006-09-27,11.0,CHI,Zonotrichia,albicollis,Passerellidae,10133,Yes,Forest,Lower
2006-09-27,11.0,CHI,Zonotrichia,albicollis,Passerellidae,10133,Yes,Forest,Lower
2006-09-27,11.0,CHI,Zonotrichia,albicollis,Passerellidae,10133,Yes,Forest,Lower
2006-09-27,11.0,CHI,Zonotrichia,albicollis,Passerellidae,10133,Yes,Forest,Lower
2006-09-27,11.0,MP,Zonotrichia,albicollis,Passerellidae,10133,Yes,Forest,Lower
2006-09-27,11.0,CHI,Regulus,satrapa,Regulidae,1029,Yes,Forest,Upper
2006-09-27,11.0,CHI,Junco,hyemalis,Passerellidae,6303,Yes,Edge,Lower
2006-09-27,11.0,CHI,Junco,hyemalis,Passerellidae,6303,Yes,Edge,Lower
2006-09-27,11.0,MP,Melospiza,lincolnii,Passerellidae,2029,yes,edge,Lower
2006-09-27,11.0,CHI,Zonotrichia,albicollis,Passerellidae,10133,Yes,Forest,Lower
2006-09-27,11.0,MP,Zonotrichia,albicollis,Passerellidae,10133,Yes,Forest,Lower
2006-09-27,11.0,MP,Melospiza,lincolnii,Passerellidae,2029,yes,edge,Lower
2006-09-27,11.0,MP,Zonotrichia,albicollis,Passerellidae,10133,Yes,Forest,Lower
2006-09-27,11.0,MP,Catharus,minimus,Turdidae,822,Yes,Forest,Lower
2006-09-27,11.0,CHI,Zonotrichia,albicollis,Passerellidae,10133,Yes,Forest,Lower
2006-09-27,11.0,CHI,Oreothlypis,ruficapilla,Parulidae,1690,Yes,Forest,Upper
2006-09-27,11.0,CHI,Zonotrichia,albicollis,Passerellidae,10133,Yes,Forest,Lower
2006-09-27,11.0,MP,Melospiza,lincolnii,Passerellidae,2029,yes,edge,Lower
2006-09-27,11.0,CHI,Oreothlypis,ruficapilla,Parulidae,1690,Yes,Forest,Upper
2006-09-28,10.0,CHI,Seiurus,aurocapilla,Parulidae,4580,Yes,Forest,Lower
2006-09-28,10.0,MP,catharus,ustulatus,Turdidae,2331,Yes,Forest,Lower
2006-09-28,10.0,CHI,Setophaga,palmarum,Parulidae,694,Yes,Edge,Lower
2006-09-28,10.0,CHI,Setophaga,palmarum,Parulidae,694,Yes,Edge,Lower
2006-09-28,10.0,CHI,catharus,ustulatus,Turdidae,2331,Yes,Forest,Lower
2006-09-28,10.0,CHI,Passerella,iliaca,Passerellidae,2443,Yes,Edge,Lower
2006-09-28,10.0,CHI,Cistothorus,platensis,Troglodytidae,60,no,open,Lower
2006-09-28,10.0,CHI,Junco,hyemalis,Passerellidae,6303,Yes,Edge,Lower
2006-09-28,10.0,CHI,Parkesia,noveboracensis,Parulidae,916,Yes,Forest,Lower
2006-09-28,10.0,CHI,Seiurus,aurocapilla,Parulidae,4580,Yes,Forest,Lower
2006-09-28,10.0,CHI,Seiurus,aurocapilla,Parulidae,4580,Yes,Forest,Lower
2006-09-28,10.0,CHI,Seiurus,aurocapilla,Parulidae,4580,Yes,Forest,Lower
2006-09-28,10.0,CHI,setophaga,ruticilla,Parulidae,868,Yes,Edge,Upper
2006-09-28,10.0,CHI,Hylocichla,mustelina,Turdidae,500,Yes,Forest,Lower
2006-09-28,10.0,CHI,Setophaga,coronata,Parulidae,887,yes,forest,Upper
2006-09-28,10.0,CHI,Geothlypis,trichas,Parulidae,1555,Yes,Open,Lower
2006-09-28,10.0,CHI,Mniotilta,varia,Parulidae,620,Yes,Forest,Upper
2006-09-28,10.0,CHI,Setophaga,pinus,Parulidae,49,Yes,Forest,Upper
2006-09-28,10.0,CHI,Regulus,satrapa,Regulidae,1029,Yes,Forest,Upper
2006-09-28,10.0,CHI,Setophaga,pinus,Parulidae,49,Yes,Forest,Upper
2006-09-28,10.0,CHI,Regulus,calendula,Regulidae,416,No,Forest,Upper
2006-09-28,10.0,CHI,Regulus,calendula,Regulidae,416,No,Forest,Upper
2006-09-28,10.0,CHI,Oreothlypis,peregrina,Parulidae,2515,Yes,Edge,Upper
2006-09-28,10.0,CHI,Catharus,guttatus,Turdidae,3729,Yes,Forest,Lower
2006-09-28,10.0,CHI,Melospiza,lincolnii,Passerellidae,2029,yes,edge,Lower
2006-09-28,10.0,CHI,Setophaga,striata,Parulidae,787,Yes,Forest,Upper
2006-09-28,10.0,CHI,Regulus,satrapa,Regulidae,1029,Yes,Forest,Upper
2006-09-28,10.0,CHI,Oreothlypis,peregrina,Parulidae,2515,Yes,Edge,Upper
2006-09-28,10.0,MP,Geothlypis,trichas,Parulidae,1555,Yes,Open,Lower
2006-09-28,10.0,CHI,dumetella,carolinensis,Mimidae,599,no,edge,Lower
2006-09-28,10.0,CHI,Oreothlypis,ruficapilla,Parulidae,1690,Yes,Forest,Upper
2006-09-28,10.0,CHI,Zonotrichia,albicollis,Passerellidae,10133,Yes,Forest,Lower
2006-09-28,10.0,CHI,Zonotrichia,albicollis,Passerellidae,10133,Yes,Forest,Lower
2006-09-28,10.0,CHI,Zonotrichia,albicollis,Passerellidae,10133,Yes,Forest,Lower
2006-09-28,10.0,CHI,Zonotrichia,albicollis,Passerellidae,10133,Yes,Forest,Lower
2006-09-28,10.0,CHI,Zonotrichia,albicollis,Passerellidae,10133,Yes,Forest,Lower
2006-09-28,10.0,CHI,Zonotrichia,albicollis,Passerellidae,10133,Yes,Forest,Lower
2006-09-28,10.0,CHI,Vireo,olivaceus,Vireonidae,133,No,Forest,Upper
2006-09-28,10.0,CHI,Zonotrichia,albicollis,Passerellidae,10133,Yes,Forest,Lower
2006-09-28,10.0,CHI,Zonotrichia,albicollis,Passerellidae,10133,Yes,Forest,Lower
2006-09-30,16.0,MP,Regulus,satrapa,Regulidae,1029,Yes,Forest,Upper
2006-09-30,16.0,MP,Zonotrichia,albicollis,Passerellidae,10133,Yes,Forest,Lower
2006-09-30,16.0,CHI,Seiurus,aurocapilla,Parulidae,4580,Yes,Forest,Lower
2006-09-30,16.0,CHI,Oreothlypis,peregrina,Parulidae,2515,Yes,Edge,Upper
2006-10-01,14.0,CHI,Catharus,minimus,Turdidae,822,Yes,Forest,Lower
2006-10-01,14.0,CHI,Catharus,minimus,Turdidae,822,Yes,Forest,Lower
2006-10-01,14.0,CHI,Setophaga,magnolia,Parulidae,1224,yes,forest,Upper
2006-10-01,14.0,CHI,Passerella,iliaca,Passerellidae,2443,Yes,Edge,Lower
2006-10-01,14.0,CHI,Sitta,canadensis,Sittidae,260,Yes,Forest,Upper
2006-10-01,14.0,CHI,setophaga,ruticilla,Parulidae,868,Yes,Edge,Upper
2006-10-01,14.0,CHI,Passerella,iliaca,Passerellidae,2443,Yes,Edge,Lower
2006-10-01,14.0,CHI,Catharus,minimus,Turdidae,822,Yes,Forest,Lower
2006-10-01,14.0,CHI,Passerella,iliaca,Passerellidae,2443,Yes,Edge,Lower
2006-10-01,14.0,CHI,Passerella,iliaca,Passerellidae,2443,Yes,Edge,Lower
2006-10-01,14.0,CHI,Catharus,minimus,Turdidae,822,Yes,Forest,Lower
2006-10-01,14.0,CHI,Passerella,iliaca,Passerellidae,2443,Yes,Edge,Lower
2006-10-01,14.0,CHI,Oporornis,agilis,Parulidae,365,Yes,Forest,Lower
2006-10-01,14.0,CHI,Passerella,iliaca,Passerellidae,2443,Yes,Edge,Lower
2006-10-01,14.0,CHI,Passerella,iliaca,Passerellidae,2443,Yes,Edge,Lower
2006-10-01,14.0,CHI,Passerella,iliaca,Passerellidae,2443,Yes,Edge,Lower
2006-10-01,14.0,CHI,Passerella,iliaca,Passerellidae,2443,Yes,Edge,Lower
2006-10-01,14.0,CHI,Junco,hyemalis,Passerellidae,6303,Yes,Edge,Lower
2006-10-01,14.0,CHI,Regulus,calendula,Regulidae,416,No,Forest,Upper
2006-10-01,14.0,CHI,Passerella,iliaca,Passerellidae,2443,Yes,Edge,Lower
2006-10-01,14.0,CHI,Passerella,iliaca,Passerellidae,2443,Yes,Edge,Lower
2006-10-01,14.0,CHI,Passerella,iliaca,Passerellidae,2443,Yes,Edge,Lower
2006-10-01,14.0,CHI,Passerella,iliaca,Passerellidae,2443,Yes,Edge,Lower
2006-10-01,14.0,CHI,Passerella,iliaca,Passerellidae,2443,Yes,Edge,Lower
2006-10-01,14.0,CHI,Passerella,iliaca,Passerellidae,2443,Yes,Edge,Lower
2006-10-01,14.0,CHI,Passerella,iliaca,Passerellidae,2443,Yes,Edge,Lower
2006-10-01,14.0,CHI,Passerella,iliaca,Passerellidae,2443,Yes,Edge,Lower
2006-10-01,14.0,CHI,Zonotrichia,albicollis,Passerellidae,10133,Yes,Forest,Lower
2006-10-01,14.0,CHI,Passerina,cyanea,Cardinalidae,725,yes,edge,Upper
2006-10-01,14.0,CHI,Passerella,iliaca,Passerellidae,2443,Yes,Edge,Lower
2006-10-01,14.0,CHI,Passerella,iliaca,Passerellidae,2443,Yes,Edge,Lower
2006-10-01,14.0,CHI,Zonotrichia,albicollis,Passerellidae,10133,Yes,Forest,Lower
2006-10-01,14.0,CHI,Catharus,minimus,Turdidae,822,Yes,Forest,Lower
2006-10-01,14.0,CHI,Zonotrichia,albicollis,Passerellidae,10133,Yes,Forest,Lower
2006-10-01,14.0,CHI,Zonotrichia,albicollis,Passerellidae,10133,Yes,Forest,Lower
2006-10-01,14.0,CHI,Zonotrichia,albicollis,Passerellidae,10133,Yes,Forest,Lower
2006-10-01,14.0,CHI,Zonotrichia,albicollis,Passerellidae,10133,Yes,Forest,Lower
2006-10-01,14.0,MP,Zonotrichia,albicollis,Passerellidae,10133,Yes,Forest,Lower
2006-10-01,14.0,MP,Zonotrichia,albicollis,Passerellidae,10133,Yes,Forest,Lower
2006-10-01,14.0,CHI,Zonotrichia,albicollis,Passerellidae,10133,Yes,Forest,Lower
2006-10-01,14.0,CHI,Zonotrichia,albicollis,Passerellidae,10133,Yes,Forest,Lower
2006-10-01,14.0,CHI,Junco,hyemalis,Passerellidae,6303,Yes,Edge,Lower
2006-10-01,14.0,CHI,Zonotrichia,albicollis,Passerellidae,10133,Yes,Forest,Lower
2006-10-01,14.0,CHI,Junco,hyemalis,Passerellidae,6303,Yes,Edge,Lower
2006-10-01,14.0,CHI,Junco,hyemalis,Passerellidae,6303,Yes,Edge,Lower
2006-10-01,14.0,CHI,Junco,hyemalis,Passerellidae,6303,Yes,Edge,Lower
2006-10-01,14.0,CHI,Junco,hyemalis,Passerellidae,6303,Yes,Edge,Lower
2006-10-01,14.0,CHI,Junco,hyemalis,Passerellidae,6303,Yes,Edge,Lower
2006-10-01,14.0,CHI,Junco,hyemalis,Passerellidae,6303,Yes,Edge,Lower
2006-10-01,14.0,CHI,Junco,hyemalis,Passerellidae,6303,Yes,Edge,Lower
2006-10-01,14.0,CHI,Junco,hyemalis,Passerellidae,6303,Yes,Edge,Lower
2006-10-01,14.0,CHI,Junco,hyemalis,Passerellidae,6303,Yes,Edge,Lower
2006-10-01,14.0,CHI,Junco,hyemalis,Passerellidae,6303,Yes,Edge,Lower
2006-10-01,14.0,CHI,Geothlypis,trichas,Parulidae,1555,Yes,Open,Lower
2006-10-01,14.0,CHI,Zonotrichia,albicollis,Passerellidae,10133,Yes,Forest,Lower
2006-10-01,14.0,CHI,Zonotrichia,albicollis,Passerellidae,10133,Yes,Forest,Lower
2006-10-01,14.0,CHI,Zonotrichia,albicollis,Passerellidae,10133,Yes,Forest,Lower
2006-10-01,14.0,CHI,Zonotrichia,albicollis,Passerellidae,10133,Yes,Forest,Lower
2006-10-01,14.0,CHI,Zonotrichia,albicollis,Passerellidae,10133,Yes,Forest,Lower
2006-10-01,14.0,CHI,Zonotrichia,albicollis,Passerellidae,10133,Yes,Forest,Lower
2006-10-01,14.0,CHI,Zonotrichia,albicollis,Passerellidae,10133,Yes,Forest,Lower
2006-10-01,14.0,CHI,Regulus,calendula,Regulidae,416,No,Forest,Upper
2006-10-01,14.0,CHI,Zonotrichia,albicollis,Passerellidae,10133,Yes,Forest,Lower
2006-10-01,14.0,CHI,Zonotrichia,albicollis,Passerellidae,10133,Yes,Forest,Lower
2006-10-01,14.0,CHI,Zonotrichia,albicollis,Passerellidae,10133,Yes,Forest,Lower
2006-10-01,14.0,CHI,Zonotrichia,albicollis,Passerellidae,10133,Yes,Forest,Lower
2006-10-01,14.0,CHI,Zonotrichia,albicollis,Passerellidae,10133,Yes,Forest,Lower
2006-10-01,14.0,CHI,Zonotrichia,albicollis,Passerellidae,10133,Yes,Forest,Lower
2006-10-01,14.0,CHI,Zonotrichia,albicollis,Passerellidae,10133,Yes,Forest,Lower
2006-10-01,14.0,CHI,Zonotrichia,albicollis,Passerellidae,10133,Yes,Forest,Lower
2006-10-01,14.0,CHI,Zonotrichia,albicollis,Passerellidae,10133,Yes,Forest,Lower
2006-10-01,14.0,CHI,Zonotrichia,albicollis,Passerellidae,10133,Yes,Forest,Lower
2006-10-01,14.0,CHI,Zonotrichia,albicollis,Passerellidae,10133,Yes,Forest,Lower
2006-10-01,14.0,CHI,Zonotrichia,albicollis,Passerellidae,10133,Yes,Forest,Lower
2006-10-01,14.0,CHI,Zonotrichia,albicollis,Passerellidae,10133,Yes,Forest,Lower
2006-10-01,14.0,CHI,Zonotrichia,albicollis,Passerellidae,10133,Yes,Forest,Lower
2006-10-01,14.0,CHI,Zonotrichia,albicollis,Passerellidae,10133,Yes,Forest,Lower
2006-10-01,14.0,CHI,Regulus,calendula,Regulidae,416,No,Forest,Upper
2006-10-01,14.0,CHI,Oreothlypis,peregrina,Parulidae,2515,Yes,Edge,Upper
2006-10-01,14.0,CHI,dumetella,carolinensis,Mimidae,599,no,edge,Lower
2006-10-01,14.0,CHI,Setophaga,tigrina,Parulidae,182,Yes,Forest,Upper
2006-10-01,14.0,CHI,Setophaga,palmarum,Parulidae,694,Yes,Edge,Lower
2006-10-01,14.0,CHI,Catharus,guttatus,Turdidae,3729,Yes,Forest,Lower
2006-10-01,14.0,CHI,Setophaga,palmarum,Parulidae,694,Yes,Edge,Lower
2006-10-01,14.0,CHI,Regulus,satrapa,Regulidae,1029,Yes,Forest,Upper
2006-10-01,14.0,MP,Seiurus,aurocapilla,Parulidae,4580,Yes,Forest,Lower
2006-10-01,14.0,CHI,Seiurus,aurocapilla,Parulidae,4580,Yes,Forest,Lower
2006-10-01,14.0,CHI,Setophaga,tigrina,Parulidae,182,Yes,Forest,Upper
2006-10-01,14.0,CHI,Seiurus,aurocapilla,Parulidae,4580,Yes,Forest,Lower
2006-10-01,14.0,CHI,Setophaga,coronata,Parulidae,887,yes,forest,Upper
2006-10-01,14.0,CHI,Zonotrichia,leucophrys,Passerellidae,1090,Yes,Edge,Lower
2006-10-01,14.0,CHI,Setophaga,virens,Parulidae,223,Yes,Forest,Upper
2006-10-01,14.0,CHI,Parkesia,noveboracensis,Parulidae,916,Yes,Forest,Lower
2006-10-01,14.0,CHI,Parkesia,noveboracensis,Parulidae,916,Yes,Forest,Lower
2006-10-01,14.0,CHI,Regulus,satrapa,Regulidae,1029,Yes,Forest,Upper
2006-10-01,14.0,CHI,troglodytes,hiemalis,Troglodytidae,474,No,Forest,Lower
2006-10-01,14.0,CHI,Setophaga,striata,Parulidae,787,Yes,Forest,Upper
2006-10-01,14.0,CHI,Catharus,guttatus,Turdidae,3729,Yes,Forest,Lower
2006-10-01,14.0,CHI,Catharus,guttatus,Turdidae,3729,Yes,Forest,Lower
2006-10-01,14.0,CHI,catharus,ustulatus,Turdidae,2331,Yes,Forest,Lower
2006-10-01,14.0,CHI,Catharus,guttatus,Turdidae,3729,Yes,Forest,Lower
2006-10-01,14.0,CHI,Setophaga,tigrina,Parulidae,182,Yes,Forest,Upper
2006-10-01,14.0,CHI,Catharus,guttatus,Turdidae,3729,Yes,Forest,Lower
2006-10-01,14.0,CHI,Setophaga,coronata,Parulidae,887,yes,forest,Upper
2006-10-01,14.0,CHI,Catharus,guttatus,Turdidae,3729,Yes,Forest,Lower
2006-10-01,14.0,CHI,Catharus,guttatus,Turdidae,3729,Yes,Forest,Lower
2006-10-01,14.0,MP,Setophaga,striata,Parulidae,787,Yes,Forest,Upper
2006-10-01,14.0,CHI,Catharus,guttatus,Turdidae,3729,Yes,Forest,Lower
2006-10-01,14.0,CHI,Regulus,satrapa,Regulidae,1029,Yes,Forest,Upper
2006-10-02,14.0,CHI,Cistothorus,platensis,Troglodytidae,60,no,open,Lower
2006-10-02,14.0,CHI,Catharus,guttatus,Turdidae,3729,Yes,Forest,Lower
2006-10-02,14.0,CHI,Catharus,guttatus,Turdidae,3729,Yes,Forest,Lower
2006-10-02,14.0,CHI,Setophaga,striata,Parulidae,787,Yes,Forest,Upper
2006-10-02,14.0,CHI,Zonotrichia,albicollis,Passerellidae,10133,Yes,Forest,Lower
2006-10-02,14.0,MP,Melospiza,lincolnii,Passerellidae,2029,yes,edge,Lower
2006-10-02,14.0,CHI,Seiurus,aurocapilla,Parulidae,4580,Yes,Forest,Lower
2006-10-02,14.0,CHI,Regulus,calendula,Regulidae,416,No,Forest,Upper
2006-10-02,14.0,CHI,Regulus,calendula,Regulidae,416,No,Forest,Upper
2006-10-02,14.0,CHI,Oreothlypis,celata,Parulidae,227,Yes,Edge,Lower
2006-10-02,14.0,CHI,Toxostoma,rufum,Mimidae,166,No,Edge,Lower
2006-10-02,14.0,CHI,Oreothlypis,ruficapilla,Parulidae,1690,Yes,Forest,Upper
2006-10-02,14.0,CHI,Passerella,iliaca,Passerellidae,2443,Yes,Edge,Lower
2006-10-02,14.0,MP,Passerella,iliaca,Passerellidae,2443,Yes,Edge,Lower
2006-10-02,14.0,CHI,Passerella,iliaca,Passerellidae,2443,Yes,Edge,Lower
2006-10-02,14.0,MP,Seiurus,aurocapilla,Parulidae,4580,Yes,Forest,Lower
2006-10-02,14.0,CHI,Passerella,iliaca,Passerellidae,2443,Yes,Edge,Lower
2006-10-02,14.0,CHI,Regulus,satrapa,Regulidae,1029,Yes,Forest,Upper
2006-10-02,14.0,MP,Melospiza,lincolnii,Passerellidae,2029,yes,edge,Lower
2006-10-02,14.0,CHI,Zonotrichia,albicollis,Passerellidae,10133,Yes,Forest,Lower
2006-10-02,14.0,MP,Zonotrichia,albicollis,Passerellidae,10133,Yes,Forest,Lower
2006-10-02,14.0,CHI,Zonotrichia,albicollis,Passerellidae,10133,Yes,Forest,Lower
2006-10-02,14.0,CHI,Zonotrichia,albicollis,Passerellidae,10133,Yes,Forest,Lower
2006-10-02,14.0,CHI,Setophaga,virens,Parulidae,223,Yes,Forest,Upper
2006-10-02,14.0,CHI,Seiurus,aurocapilla,Parulidae,4580,Yes,Forest,Lower
2006-10-02,14.0,CHI,Regulus,satrapa,Regulidae,1029,Yes,Forest,Upper
2006-10-02,14.0,CHI,Setophaga,tigrina,Parulidae,182,Yes,Forest,Upper
2006-10-03,14.0,MP,troglodytes,hiemalis,Troglodytidae,474,No,Forest,Lower
2006-10-03,14.0,MP,Zonotrichia,albicollis,Passerellidae,10133,Yes,Forest,Lower
2006-10-03,14.0,CHI,Zonotrichia,albicollis,Passerellidae,10133,Yes,Forest,Lower
2006-10-03,14.0,CHI,catharus,ustulatus,Turdidae,2331,Yes,Forest,Lower
2006-10-03,14.0,MP,Passerella,iliaca,Passerellidae,2443,Yes,Edge,Lower
2006-10-04,14.0,CHI,Setophaga,caerulescens,Parulidae,183,Yes,Forest,Upper
2006-10-04,14.0,CHI,Catharus,minimus,Turdidae,822,Yes,Forest,Lower
2006-10-04,14.0,MP,Seiurus,aurocapilla,Parulidae,4580,Yes,Forest,Lower
2006-10-04,14.0,CHI,Zonotrichia,albicollis,Passerellidae,10133,Yes,Forest,Lower
2006-10-04,14.0,CHI,Zonotrichia,albicollis,Passerellidae,10133,Yes,Forest,Lower
2006-10-04,14.0,CHI,Seiurus,aurocapilla,Parulidae,4580,Yes,Forest,Lower
2006-10-04,14.0,CHI,Seiurus,aurocapilla,Parulidae,4580,Yes,Forest,Lower
2006-10-04,14.0,MP,Zonotrichia,albicollis,Passerellidae,10133,Yes,Forest,Lower
2006-10-04,14.0,MP,Zonotrichia,albicollis,Passerellidae,10133,Yes,Forest,Lower
2006-10-04,14.0,CHI,Setophaga,striata,Parulidae,787,Yes,Forest,Upper
2006-10-04,14.0,MP,Passerella,iliaca,Passerellidae,2443,Yes,Edge,Lower
2006-10-04,14.0,MP,Passerella,iliaca,Passerellidae,2443,Yes,Edge,Lower
2006-10-04,14.0,CHI,Passerella,iliaca,Passerellidae,2443,Yes,Edge,Lower
2006-10-04,14.0,CHI,Parkesia,noveboracensis,Parulidae,916,Yes,Forest,Lower
2006-10-04,14.0,MP,Zonotrichia,albicollis,Passerellidae,10133,Yes,Forest,Lower
2006-10-04,14.0,MP,Zonotrichia,albicollis,Passerellidae,10133,Yes,Forest,Lower
2006-10-04,14.0,MP,Zonotrichia,albicollis,Passerellidae,10133,Yes,Forest,Lower
2006-10-04,14.0,CHI,Oreothlypis,ruficapilla,Parulidae,1690,Yes,Forest,Upper
2006-10-04,14.0,MP,Zonotrichia,albicollis,Passerellidae,10133,Yes,Forest,Lower
2006-10-05,16.0,CHI,Vireo,philadelphicus,Vireonidae,12,No,Forest,Upper
2006-10-05,16.0,CHI,Regulus,satrapa,Regulidae,1029,Yes,Forest,Upper
2006-10-05,16.0,CHI,Regulus,satrapa,Regulidae,1029,Yes,Forest,Upper
2006-10-05,16.0,CHI,Setophaga,virens,Parulidae,223,Yes,Forest,Upper
2006-10-05,16.0,CHI,Melospiza,lincolnii,Passerellidae,2029,yes,edge,Lower
2006-10-05,16.0,MP,Oreothlypis,peregrina,Parulidae,2515,Yes,Edge,Upper
2006-10-05,16.0,CHI,Setophaga,caerulescens,Parulidae,183,Yes,Forest,Upper
2006-10-05,16.0,CHI,Oreothlypis,peregrina,Parulidae,2515,Yes,Edge,Upper
2006-10-05,16.0,CHI,Regulus,satrapa,Regulidae,1029,Yes,Forest,Upper
2006-10-05,16.0,CHI,Regulus,calendula,Regulidae,416,No,Forest,Upper
2006-10-05,16.0,CHI,catharus,ustulatus,Turdidae,2331,Yes,Forest,Lower
2006-10-05,16.0,CHI,Regulus,satrapa,Regulidae,1029,Yes,Forest,Upper
2006-10-05,16.0,CHI,Zonotrichia,leucophrys,Passerellidae,1090,Yes,Edge,Lower
2006-10-05,16.0,CHI,Melospiza,lincolnii,Passerellidae,2029,yes,edge,Lower
2006-10-05,16.0,CHI,Melospiza,melodia,Passerellidae,5124,Yes,Edge,Lower
2006-10-05,16.0,CHI,Melospiza,melodia,Passerellidae,5124,Yes,Edge,Lower
2006-10-05,16.0,CHI,Melospiza,melodia,Passerellidae,5124,Yes,Edge,Lower
2006-10-05,16.0,CHI,Melospiza,melodia,Passerellidae,5124,Yes,Edge,Lower
2006-10-05,16.0,CHI,Regulus,satrapa,Regulidae,1029,Yes,Forest,Upper
2006-10-05,16.0,CHI,Hylocichla,mustelina,Turdidae,500,Yes,Forest,Lower
2006-10-05,16.0,CHI,Regulus,satrapa,Regulidae,1029,Yes,Forest,Upper
2006-10-05,16.0,MP,Zonotrichia,leucophrys,Passerellidae,1090,Yes,Edge,Lower
2006-10-05,16.0,CHI,Regulus,satrapa,Regulidae,1029,Yes,Forest,Upper
2006-10-05,16.0,MP,Melospiza,lincolnii,Passerellidae,2029,yes,edge,Lower
2006-10-05,16.0,CHI,Regulus,satrapa,Regulidae,1029,Yes,Forest,Upper
2006-10-05,16.0,CHI,Regulus,satrapa,Regulidae,1029,Yes,Forest,Upper
2006-10-05,16.0,CHI,Regulus,satrapa,Regulidae,1029,Yes,Forest,Upper
2006-10-05,16.0,CHI,Regulus,satrapa,Regulidae,1029,Yes,Forest,Upper
2006-10-05,16.0,CHI,Regulus,satrapa,Regulidae,1029,Yes,Forest,Upper
2006-10-05,16.0,CHI,Regulus,satrapa,Regulidae,1029,Yes,Forest,Upper
2006-10-05,16.0,CHI,Zonotrichia,leucophrys,Passerellidae,1090,Yes,Edge,Lower
2006-10-05,16.0,CHI,Melospiza,lincolnii,Passerellidae,2029,yes,edge,Lower
2006-10-05,16.0,CHI,Regulus,satrapa,Regulidae,1029,Yes,Forest,Upper
2006-10-05,16.0,CHI,Melospiza,lincolnii,Passerellidae,2029,yes,edge,Lower
2006-10-05,16.0,CHI,Zonotrichia,albicollis,Passerellidae,10133,Yes,Forest,Lower
2006-10-05,16.0,CHI,Setophaga,coronata,Parulidae,887,yes,forest,Upper
2006-10-05,16.0,CHI,Zonotrichia,albicollis,Passerellidae,10133,Yes,Forest,Lower
2006-10-05,16.0,CHI,Zonotrichia,albicollis,Passerellidae,10133,Yes,Forest,Lower
2006-10-05,16.0,CHI,Zonotrichia,albicollis,Passerellidae,10133,Yes,Forest,Lower
2006-10-05,16.0,CHI,Zonotrichia,albicollis,Passerellidae,10133,Yes,Forest,Lower
2006-10-05,16.0,CHI,Zonotrichia,albicollis,Passerellidae,10133,Yes,Forest,Lower
2006-10-05,16.0,CHI,Junco,hyemalis,Passerellidae,6303,Yes,Edge,Lower
2006-10-05,16.0,CHI,Zonotrichia,albicollis,Passerellidae,10133,Yes,Forest,Lower
2006-10-05,16.0,CHI,Junco,hyemalis,Passerellidae,6303,Yes,Edge,Lower
2006-10-05,16.0,CHI,Zonotrichia,albicollis,Passerellidae,10133,Yes,Forest,Lower
2006-10-05,16.0,CHI,Zonotrichia,albicollis,Passerellidae,10133,Yes,Forest,Lower
2006-10-05,16.0,CHI,Zonotrichia,albicollis,Passerellidae,10133,Yes,Forest,Lower
2006-10-05,16.0,CHI,Junco,hyemalis,Passerellidae,6303,Yes,Edge,Lower
2006-10-05,16.0,CHI,Junco,hyemalis,Passerellidae,6303,Yes,Edge,Lower
2006-10-05,16.0,CHI,Zonotrichia,albicollis,Passerellidae,10133,Yes,Forest,Lower
2006-10-05,16.0,CHI,Zonotrichia,albicollis,Passerellidae,10133,Yes,Forest,Lower
2006-10-05,16.0,CHI,Junco,hyemalis,Passerellidae,6303,Yes,Edge,Lower
2006-10-05,16.0,CHI,Oreothlypis,celata,Parulidae,227,Yes,Edge,Lower
2006-10-05,16.0,CHI,Junco,hyemalis,Passerellidae,6303,Yes,Edge,Lower
2006-10-05,16.0,CHI,setophaga,ruticilla,Parulidae,868,Yes,Edge,Upper
2006-10-05,16.0,CHI,Zonotrichia,albicollis,Passerellidae,10133,Yes,Forest,Lower
2006-10-05,16.0,CHI,Zonotrichia,albicollis,Passerellidae,10133,Yes,Forest,Lower
2006-10-05,16.0,CHI,Zonotrichia,albicollis,Passerellidae,10133,Yes,Forest,Lower
2006-10-05,16.0,CHI,Zonotrichia,albicollis,Passerellidae,10133,Yes,Forest,Lower
2006-10-05,16.0,CHI,Zonotrichia,albicollis,Passerellidae,10133,Yes,Forest,Lower
2006-10-05,16.0,CHI,Zonotrichia,albicollis,Passerellidae,10133,Yes,Forest,Lower
2006-10-05,16.0,CHI,Zonotrichia,albicollis,Passerellidae,10133,Yes,Forest,Lower
2006-10-05,16.0,CHI,Zonotrichia,albicollis,Passerellidae,10133,Yes,Forest,Lower
2006-10-05,16.0,CHI,Zonotrichia,albicollis,Passerellidae,10133,Yes,Forest,Lower
2006-10-05,16.0,CHI,Zonotrichia,albicollis,Passerellidae,10133,Yes,Forest,Lower
2006-10-05,16.0,CHI,Zonotrichia,albicollis,Passerellidae,10133,Yes,Forest,Lower
2006-10-05,16.0,CHI,Zonotrichia,albicollis,Passerellidae,10133,Yes,Forest,Lower
2006-10-05,16.0,CHI,Zonotrichia,albicollis,Passerellidae,10133,Yes,Forest,Lower
2006-10-05,16.0,CHI,Zonotrichia,albicollis,Passerellidae,10133,Yes,Forest,Lower
2006-10-05,16.0,CHI,Zonotrichia,albicollis,Passerellidae,10133,Yes,Forest,Lower
2006-10-05,16.0,CHI,Catharus,guttatus,Turdidae,3729,Yes,Forest,Lower
2006-10-05,16.0,CHI,Zonotrichia,albicollis,Passerellidae,10133,Yes,Forest,Lower
2006-10-05,16.0,CHI,Zonotrichia,albicollis,Passerellidae,10133,Yes,Forest,Lower
2006-10-05,16.0,CHI,Oreothlypis,ruficapilla,Parulidae,1690,Yes,Forest,Upper
2006-10-05,16.0,CHI,Oreothlypis,ruficapilla,Parulidae,1690,Yes,Forest,Upper
2006-10-05,16.0,CHI,Zonotrichia,albicollis,Passerellidae,10133,Yes,Forest,Lower
2006-10-05,16.0,CHI,Zonotrichia,albicollis,Passerellidae,10133,Yes,Forest,Lower
2006-10-05,16.0,MP,Zonotrichia,albicollis,Passerellidae,10133,Yes,Forest,Lower
2006-10-05,16.0,CHI,Zonotrichia,albicollis,Passerellidae,10133,Yes,Forest,Lower
2006-10-05,16.0,CHI,Zonotrichia,albicollis,Passerellidae,10133,Yes,Forest,Lower
2006-10-05,16.0,CHI,Zonotrichia,albicollis,Passerellidae,10133,Yes,Forest,Lower
2006-10-05,16.0,CHI,Zonotrichia,albicollis,Passerellidae,10133,Yes,Forest,Lower
2006-10-05,16.0,CHI,Catharus,guttatus,Turdidae,3729,Yes,Forest,Lower
2006-10-05,16.0,CHI,Junco,hyemalis,Passerellidae,6303,Yes,Edge,Lower
2006-10-05,16.0,CHI,Junco,hyemalis,Passerellidae,6303,Yes,Edge,Lower
2006-10-05,16.0,CHI,Zonotrichia,albicollis,Passerellidae,10133,Yes,Forest,Lower
2006-10-05,16.0,CHI,Zonotrichia,albicollis,Passerellidae,10133,Yes,Forest,Lower
2006-10-05,16.0,CHI,Zonotrichia,albicollis,Passerellidae,10133,Yes,Forest,Lower
2006-10-05,16.0,CHI,troglodytes,hiemalis,Troglodytidae,474,No,Forest,Lower
2006-10-05,16.0,CHI,Zonotrichia,albicollis,Passerellidae,10133,Yes,Forest,Lower
2006-10-05,16.0,CHI,Zonotrichia,albicollis,Passerellidae,10133,Yes,Forest,Lower
2006-10-05,16.0,CHI,Zonotrichia,albicollis,Passerellidae,10133,Yes,Forest,Lower
2006-10-05,16.0,CHI,Zonotrichia,albicollis,Passerellidae,10133,Yes,Forest,Lower
2006-10-05,16.0,CHI,Zonotrichia,albicollis,Passerellidae,10133,Yes,Forest,Lower
2006-10-05,16.0,CHI,Zonotrichia,albicollis,Passerellidae,10133,Yes,Forest,Lower
2006-10-05,16.0,CHI,Catharus,guttatus,Turdidae,3729,Yes,Forest,Lower
2006-10-05,16.0,CHI,Oreothlypis,ruficapilla,Parulidae,1690,Yes,Forest,Upper
2006-10-05,16.0,CHI,Zonotrichia,albicollis,Passerellidae,10133,Yes,Forest,Lower
2006-10-05,16.0,CHI,Zonotrichia,albicollis,Passerellidae,10133,Yes,Forest,Lower
2006-10-05,16.0,CHI,Zonotrichia,albicollis,Passerellidae,10133,Yes,Forest,Lower
2006-10-05,16.0,CHI,Zonotrichia,albicollis,Passerellidae,10133,Yes,Forest,Lower
2006-10-05,16.0,CHI,Zonotrichia,albicollis,Passerellidae,10133,Yes,Forest,Lower
2006-10-05,16.0,CHI,Zonotrichia,albicollis,Passerellidae,10133,Yes,Forest,Lower
2006-10-05,16.0,CHI,Zonotrichia,albicollis,Passerellidae,10133,Yes,Forest,Lower
2006-10-05,16.0,CHI,Zonotrichia,albicollis,Passerellidae,10133,Yes,Forest,Lower
2006-10-05,16.0,CHI,Zonotrichia,albicollis,Passerellidae,10133,Yes,Forest,Lower
2006-10-05,16.0,CHI,Oreothlypis,ruficapilla,Parulidae,1690,Yes,Forest,Upper
2006-10-05,16.0,CHI,Oreothlypis,ruficapilla,Parulidae,1690,Yes,Forest,Upper
2006-10-05,16.0,MP,Oreothlypis,ruficapilla,Parulidae,1690,Yes,Forest,Upper
2006-10-05,16.0,CHI,Zonotrichia,albicollis,Passerellidae,10133,Yes,Forest,Lower
2006-10-05,16.0,CHI,Zonotrichia,albicollis,Passerellidae,10133,Yes,Forest,Lower
2006-10-05,16.0,CHI,Zonotrichia,albicollis,Passerellidae,10133,Yes,Forest,Lower
2006-10-05,16.0,CHI,Junco,hyemalis,Passerellidae,6303,Yes,Edge,Lower
2006-10-05,16.0,CHI,Zonotrichia,albicollis,Passerellidae,10133,Yes,Forest,Lower
2006-10-05,16.0,CHI,Zonotrichia,albicollis,Passerellidae,10133,Yes,Forest,Lower
2006-10-05,16.0,CHI,Oreothlypis,ruficapilla,Parulidae,1690,Yes,Forest,Upper
2006-10-05,16.0,CHI,Zonotrichia,albicollis,Passerellidae,10133,Yes,Forest,Lower
2006-10-05,16.0,CHI,Zonotrichia,albicollis,Passerellidae,10133,Yes,Forest,Lower
2006-10-05,16.0,CHI,Zonotrichia,albicollis,Passerellidae,10133,Yes,Forest,Lower
2006-10-05,16.0,CHI,Zonotrichia,albicollis,Passerellidae,10133,Yes,Forest,Lower
2006-10-05,16.0,CHI,Zonotrichia,albicollis,Passerellidae,10133,Yes,Forest,Lower
2006-10-05,16.0,CHI,Zonotrichia,albicollis,Passerellidae,10133,Yes,Forest,Lower
2006-10-05,16.0,CHI,Oreothlypis,ruficapilla,Parulidae,1690,Yes,Forest,Upper
2006-10-05,16.0,CHI,Zonotrichia,albicollis,Passerellidae,10133,Yes,Forest,Lower
2006-10-06,14.0,CHI,Melospiza,lincolnii,Passerellidae,2029,yes,edge,Lower
2006-10-06,14.0,CHI,Setophaga,coronata,Parulidae,887,yes,forest,Upper
2006-10-06,14.0,CHI,Regulus,satrapa,Regulidae,1029,Yes,Forest,Upper
2006-10-06,14.0,CHI,Junco,hyemalis,Passerellidae,6303,Yes,Edge,Lower
2006-10-06,14.0,CHI,Oreothlypis,ruficapilla,Parulidae,1690,Yes,Forest,Upper
2006-10-06,14.0,CHI,Zonotrichia,albicollis,Passerellidae,10133,Yes,Forest,Lower
2006-10-06,14.0,MP,Zonotrichia,albicollis,Passerellidae,10133,Yes,Forest,Lower
2006-10-06,14.0,CHI,Zonotrichia,albicollis,Passerellidae,10133,Yes,Forest,Lower
2006-10-06,14.0,CHI,Zonotrichia,albicollis,Passerellidae,10133,Yes,Forest,Lower
2006-10-06,14.0,CHI,Zonotrichia,albicollis,Passerellidae,10133,Yes,Forest,Lower
2006-10-06,14.0,CHI,catharus,ustulatus,Turdidae,2331,Yes,Forest,Lower
2006-10-06,14.0,CHI,catharus,ustulatus,Turdidae,2331,Yes,Forest,Lower
2006-10-06,14.0,MP,Zonotrichia,albicollis,Passerellidae,10133,Yes,Forest,Lower
2006-10-06,14.0,CHI,Zonotrichia,albicollis,Passerellidae,10133,Yes,Forest,Lower
2006-10-06,14.0,CHI,Zonotrichia,albicollis,Passerellidae,10133,Yes,Forest,Lower
2006-10-06,14.0,CHI,catharus,ustulatus,Turdidae,2331,Yes,Forest,Lower
2006-10-06,14.0,CHI,Zonotrichia,albicollis,Passerellidae,10133,Yes,Forest,Lower
2006-10-06,14.0,CHI,Zonotrichia,albicollis,Passerellidae,10133,Yes,Forest,Lower
2006-10-06,14.0,CHI,Zonotrichia,albicollis,Passerellidae,10133,Yes,Forest,Lower
2006-10-06,14.0,CHI,Zonotrichia,albicollis,Passerellidae,10133,Yes,Forest,Lower
2006-10-06,14.0,CHI,Zonotrichia,albicollis,Passerellidae,10133,Yes,Forest,Lower
2006-10-06,14.0,MP,Zonotrichia,albicollis,Passerellidae,10133,Yes,Forest,Lower
2006-10-09,17.0,CHI,Regulus,calendula,Regulidae,416,No,Forest,Upper
2006-10-09,17.0,CHI,troglodytes,hiemalis,Troglodytidae,474,No,Forest,Lower
2006-10-09,17.0,CHI,troglodytes,hiemalis,Troglodytidae,474,No,Forest,Lower
2006-10-09,17.0,CHI,catharus,ustulatus,Turdidae,2331,Yes,Forest,Lower
2006-10-09,17.0,CHI,Geothlypis,trichas,Parulidae,1555,Yes,Open,Lower
2006-10-09,17.0,CHI,Zonotrichia,albicollis,Passerellidae,10133,Yes,Forest,Lower
2006-10-09,17.0,CHI,Junco,hyemalis,Passerellidae,6303,Yes,Edge,Lower
2006-10-09,17.0,CHI,Junco,hyemalis,Passerellidae,6303,Yes,Edge,Lower
2006-10-09,17.0,CHI,Regulus,satrapa,Regulidae,1029,Yes,Forest,Upper
2006-10-09,17.0,CHI,Regulus,satrapa,Regulidae,1029,Yes,Forest,Upper
2006-10-09,17.0,CHI,Zonotrichia,albicollis,Passerellidae,10133,Yes,Forest,Lower
2006-10-09,17.0,CHI,Catharus,guttatus,Turdidae,3729,Yes,Forest,Lower
2006-10-09,17.0,CHI,Regulus,satrapa,Regulidae,1029,Yes,Forest,Upper
2006-10-09,17.0,CHI,Passerella,iliaca,Passerellidae,2443,Yes,Edge,Lower
2006-10-09,17.0,CHI,Catharus,guttatus,Turdidae,3729,Yes,Forest,Lower
2006-10-09,17.0,CHI,setophaga,ruticilla,Parulidae,868,Yes,Edge,Upper
2006-10-09,17.0,CHI,Zonotrichia,albicollis,Passerellidae,10133,Yes,Forest,Lower
2006-10-09,17.0,CHI,Passerella,iliaca,Passerellidae,2443,Yes,Edge,Lower
2006-10-09,17.0,CHI,Zonotrichia,albicollis,Passerellidae,10133,Yes,Forest,Lower
2006-10-09,17.0,CHI,Catharus,guttatus,Turdidae,3729,Yes,Forest,Lower
2006-10-09,17.0,CHI,Regulus,satrapa,Regulidae,1029,Yes,Forest,Upper
2006-10-09,17.0,CHI,Zonotrichia,albicollis,Passerellidae,10133,Yes,Forest,Lower
2006-10-09,17.0,CHI,Zonotrichia,albicollis,Passerellidae,10133,Yes,Forest,Lower
2006-10-09,17.0,CHI,Zonotrichia,albicollis,Passerellidae,10133,Yes,Forest,Lower
2006-10-09,17.0,CHI,Catharus,guttatus,Turdidae,3729,Yes,Forest,Lower
2006-10-09,17.0,CHI,Zonotrichia,albicollis,Passerellidae,10133,Yes,Forest,Lower
2006-10-09,17.0,CHI,Zonotrichia,albicollis,Passerellidae,10133,Yes,Forest,Lower
2006-10-10,16.0,CHI,Zonotrichia,albicollis,Passerellidae,10133,Yes,Forest,Lower
2006-10-10,16.0,CHI,Oreothlypis,ruficapilla,Parulidae,1690,Yes,Forest,Upper
2006-10-10,16.0,CHI,Catharus,guttatus,Turdidae,3729,Yes,Forest,Lower
2006-10-10,16.0,CHI,Zonotrichia,albicollis,Passerellidae,10133,Yes,Forest,Lower
2006-10-10,16.0,CHI,Zonotrichia,albicollis,Passerellidae,10133,Yes,Forest,Lower
2006-10-10,16.0,CHI,Zonotrichia,albicollis,Passerellidae,10133,Yes,Forest,Lower
2006-10-10,16.0,CHI,Zonotrichia,albicollis,Passerellidae,10133,Yes,Forest,Lower
2006-10-10,16.0,CHI,Zonotrichia,albicollis,Passerellidae,10133,Yes,Forest,Lower
2006-10-10,16.0,CHI,Melospiza,melodia,Passerellidae,5124,Yes,Edge,Lower
2006-10-10,16.0,CHI,Regulus,satrapa,Regulidae,1029,Yes,Forest,Upper
2006-10-10,16.0,CHI,Zonotrichia,albicollis,Passerellidae,10133,Yes,Forest,Lower
2006-10-10,16.0,CHI,Catharus,guttatus,Turdidae,3729,Yes,Forest,Lower
2006-10-10,16.0,CHI,Regulus,satrapa,Regulidae,1029,Yes,Forest,Upper
2006-10-10,16.0,CHI,Catharus,guttatus,Turdidae,3729,Yes,Forest,Lower
2006-10-10,16.0,CHI,Zonotrichia,albicollis,Passerellidae,10133,Yes,Forest,Lower
2006-10-10,16.0,CHI,Junco,hyemalis,Passerellidae,6303,Yes,Edge,Lower
2006-10-10,16.0,CHI,Catharus,guttatus,Turdidae,3729,Yes,Forest,Lower
2006-10-10,16.0,CHI,Zonotrichia,albicollis,Passerellidae,10133,Yes,Forest,Lower
2006-10-10,16.0,CHI,Zonotrichia,albicollis,Passerellidae,10133,Yes,Forest,Lower
2006-10-10,16.0,MP,Spizella,pusilla,Passerellidae,325,Yes,Open,Lower
2006-10-10,16.0,CHI,Zonotrichia,albicollis,Passerellidae,10133,Yes,Forest,Lower
2006-10-10,16.0,CHI,Seiurus,aurocapilla,Parulidae,4580,Yes,Forest,Lower
2006-10-10,16.0,CHI,Zonotrichia,albicollis,Passerellidae,10133,Yes,Forest,Lower
2006-10-10,16.0,CHI,Regulus,satrapa,Regulidae,1029,Yes,Forest,Upper
2006-10-10,16.0,CHI,Zonotrichia,albicollis,Passerellidae,10133,Yes,Forest,Lower
2006-10-11,16.0,MP,Catharus,guttatus,Turdidae,3729,Yes,Forest,Lower
2006-10-11,16.0,CHI,Catharus,guttatus,Turdidae,3729,Yes,Forest,Lower
2006-10-11,16.0,MP,Zonotrichia,albicollis,Passerellidae,10133,Yes,Forest,Lower
2006-10-11,16.0,CHI,Zonotrichia,albicollis,Passerellidae,10133,Yes,Forest,Lower
2006-10-11,16.0,CHI,Zonotrichia,albicollis,Passerellidae,10133,Yes,Forest,Lower
2006-10-11,16.0,CHI,troglodytes,hiemalis,Troglodytidae,474,No,Forest,Lower
2006-10-11,16.0,CHI,Zonotrichia,albicollis,Passerellidae,10133,Yes,Forest,Lower
2006-10-11,16.0,CHI,Regulus,satrapa,Regulidae,1029,Yes,Forest,Upper
2006-10-11,16.0,CHI,Regulus,satrapa,Regulidae,1029,Yes,Forest,Upper
2006-10-11,16.0,MP,Zonotrichia,albicollis,Passerellidae,10133,Yes,Forest,Lower
2006-10-12,17.0,CHI,Oreothlypis,peregrina,Parulidae,2515,Yes,Edge,Upper
2006-10-12,17.0,MP,Passerella,iliaca,Passerellidae,2443,Yes,Edge,Lower
2006-10-12,17.0,MP,Catharus,guttatus,Turdidae,3729,Yes,Forest,Lower
2006-10-12,17.0,CHI,Oreothlypis,peregrina,Parulidae,2515,Yes,Edge,Upper
2006-10-12,17.0,CHI,Setophaga,virens,Parulidae,223,Yes,Forest,Upper
2006-10-12,17.0,CHI,Zonotrichia,albicollis,Passerellidae,10133,Yes,Forest,Lower
2006-10-12,17.0,CHI,Seiurus,aurocapilla,Parulidae,4580,Yes,Forest,Lower
2006-10-12,17.0,CHI,Sitta,canadensis,Sittidae,260,Yes,Forest,Upper
2006-10-12,17.0,CHI,Zonotrichia,albicollis,Passerellidae,10133,Yes,Forest,Lower
2006-10-12,17.0,CHI,Zonotrichia,albicollis,Passerellidae,10133,Yes,Forest,Lower
2006-10-12,17.0,CHI,Zonotrichia,albicollis,Passerellidae,10133,Yes,Forest,Lower
2006-10-12,17.0,CHI,Zonotrichia,albicollis,Passerellidae,10133,Yes,Forest,Lower
2006-10-12,17.0,CHI,Zonotrichia,albicollis,Passerellidae,10133,Yes,Forest,Lower
2006-10-12,17.0,CHI,Zonotrichia,albicollis,Passerellidae,10133,Yes,Forest,Lower
2006-10-12,17.0,CHI,Catharus,guttatus,Turdidae,3729,Yes,Forest,Lower
2006-10-12,17.0,CHI,Zonotrichia,albicollis,Passerellidae,10133,Yes,Forest,Lower
2006-10-12,17.0,CHI,Zonotrichia,albicollis,Passerellidae,10133,Yes,Forest,Lower
2006-10-12,17.0,CHI,Geothlypis,trichas,Parulidae,1555,Yes,Open,Lower
2006-10-12,17.0,MP,Passerella,iliaca,Passerellidae,2443,Yes,Edge,Lower
2006-10-13,14.0,MP,Oreothlypis,ruficapilla,Parulidae,1690,Yes,Forest,Upper
2006-10-13,14.0,MP,Melospiza,lincolnii,Passerellidae,2029,yes,edge,Lower
2006-10-13,14.0,MP,Zonotrichia,albicollis,Passerellidae,10133,Yes,Forest,Lower
2006-10-14,17.0,CHI,Catharus,guttatus,Turdidae,3729,Yes,Forest,Lower
2006-10-14,17.0,CHI,Catharus,guttatus,Turdidae,3729,Yes,Forest,Lower
2006-10-14,17.0,MP,Passerella,iliaca,Passerellidae,2443,Yes,Edge,Lower
2006-10-14,17.0,MP,Zonotrichia,albicollis,Passerellidae,10133,Yes,Forest,Lower
2006-10-14,17.0,CHI,Zonotrichia,albicollis,Passerellidae,10133,Yes,Forest,Lower
2006-10-14,17.0,MP,Zonotrichia,albicollis,Passerellidae,10133,Yes,Forest,Lower
2006-10-15,16.0,CHI,Zonotrichia,albicollis,Passerellidae,10133,Yes,Forest,Lower
2006-10-15,16.0,CHI,Zonotrichia,albicollis,Passerellidae,10133,Yes,Forest,Lower
2006-10-15,16.0,MP,Zonotrichia,albicollis,Passerellidae,10133,Yes,Forest,Lower
2006-10-15,16.0,CHI,Zonotrichia,albicollis,Passerellidae,10133,Yes,Forest,Lower
2006-10-15,16.0,CHI,Zonotrichia,albicollis,Passerellidae,10133,Yes,Forest,Lower
2006-10-15,16.0,CHI,Zonotrichia,albicollis,Passerellidae,10133,Yes,Forest,Lower
2006-10-15,16.0,CHI,Zonotrichia,albicollis,Passerellidae,10133,Yes,Forest,Lower
2006-10-15,16.0,CHI,Pheucticus,ludovicianus,Cardinalidae,397,Yes,Forest,Upper
2006-10-15,16.0,CHI,Zonotrichia,albicollis,Passerellidae,10133,Yes,Forest,Lower
2006-10-15,16.0,CHI,Zonotrichia,albicollis,Passerellidae,10133,Yes,Forest,Lower
2006-10-15,16.0,CHI,Zonotrichia,albicollis,Passerellidae,10133,Yes,Forest,Lower
2006-10-15,16.0,CHI,Spizella,pusilla,Passerellidae,325,Yes,Open,Lower
2006-10-15,16.0,CHI,Catharus,guttatus,Turdidae,3729,Yes,Forest,Lower
2006-10-15,16.0,CHI,Passerella,iliaca,Passerellidae,2443,Yes,Edge,Lower
2006-10-15,16.0,CHI,Catharus,guttatus,Turdidae,3729,Yes,Forest,Lower
2006-10-15,16.0,CHI,Catharus,guttatus,Turdidae,3729,Yes,Forest,Lower
2006-10-15,16.0,CHI,Catharus,guttatus,Turdidae,3729,Yes,Forest,Lower
2006-10-15,16.0,MP,Catharus,guttatus,Turdidae,3729,Yes,Forest,Lower
2006-10-15,16.0,CHI,Catharus,guttatus,Turdidae,3729,Yes,Forest,Lower
2006-10-15,16.0,MP,Catharus,guttatus,Turdidae,3729,Yes,Forest,Lower
2006-10-15,16.0,CHI,Catharus,guttatus,Turdidae,3729,Yes,Forest,Lower
2006-10-15,16.0,CHI,Catharus,guttatus,Turdidae,3729,Yes,Forest,Lower
2006-10-15,16.0,CHI,Catharus,guttatus,Turdidae,3729,Yes,Forest,Lower
2006-10-15,16.0,CHI,Parkesia,noveboracensis,Parulidae,916,Yes,Forest,Lower
2006-10-15,16.0,CHI,Passerella,iliaca,Passerellidae,2443,Yes,Edge,Lower
2006-10-15,16.0,CHI,Catharus,guttatus,Turdidae,3729,Yes,Forest,Lower
2006-10-15,16.0,CHI,Junco,hyemalis,Passerellidae,6303,Yes,Edge,Lower
2006-10-15,16.0,CHI,Zonotrichia,albicollis,Passerellidae,10133,Yes,Forest,Lower
2006-10-15,16.0,CHI,Regulus,satrapa,Regulidae,1029,Yes,Forest,Upper
2006-10-15,16.0,CHI,Hylocichla,mustelina,Turdidae,500,Yes,Forest,Lower
2006-10-15,16.0,CHI,Regulus,satrapa,Regulidae,1029,Yes,Forest,Upper
2006-10-15,16.0,CHI,Oreothlypis,peregrina,Parulidae,2515,Yes,Edge,Upper
2006-10-15,16.0,CHI,Junco,hyemalis,Passerellidae,6303,Yes,Edge,Lower
2006-10-16,16.0,MP,Zonotrichia,albicollis,Passerellidae,10133,Yes,Forest,Lower
2006-10-16,16.0,CHI,Passerella,iliaca,Passerellidae,2443,Yes,Edge,Lower
2006-10-16,16.0,MP,Zonotrichia,albicollis,Passerellidae,10133,Yes,Forest,Lower
2006-10-16,16.0,CHI,Zonotrichia,albicollis,Passerellidae,10133,Yes,Forest,Lower
2006-10-16,16.0,CHI,Zonotrichia,albicollis,Passerellidae,10133,Yes,Forest,Lower
2006-10-16,16.0,CHI,Zonotrichia,albicollis,Passerellidae,10133,Yes,Forest,Lower
2006-10-16,16.0,CHI,Zonotrichia,albicollis,Passerellidae,10133,Yes,Forest,Lower
2006-10-16,16.0,MP,Zonotrichia,albicollis,Passerellidae,10133,Yes,Forest,Lower
2006-10-16,16.0,MP,Lanius,excubitor,Laniidae,1,No,Open,Upper
2006-10-16,16.0,CHI,Catharus,guttatus,Turdidae,3729,Yes,Forest,Lower
2006-10-16,16.0,CHI,Catharus,guttatus,Turdidae,3729,Yes,Forest,Lower
2006-10-16,16.0,MP,Catharus,guttatus,Turdidae,3729,Yes,Forest,Lower
2006-10-16,16.0,CHI,Catharus,guttatus,Turdidae,3729,Yes,Forest,Lower
2006-10-16,16.0,CHI,Catharus,guttatus,Turdidae,3729,Yes,Forest,Lower
2006-10-16,16.0,CHI,Catharus,guttatus,Turdidae,3729,Yes,Forest,Lower
2006-10-16,16.0,CHI,Sitta,canadensis,Sittidae,260,Yes,Forest,Upper
2006-10-17,14.0,CHI,Zonotrichia,albicollis,Passerellidae,10133,Yes,Forest,Lower
2006-10-17,14.0,MP,Melospiza,melodia,Passerellidae,5124,Yes,Edge,Lower
2006-10-17,14.0,CHI,Passerella,iliaca,Passerellidae,2443,Yes,Edge,Lower
2006-10-17,14.0,MP,Zonotrichia,albicollis,Passerellidae,10133,Yes,Forest,Lower
2006-10-17,14.0,CHI,Zonotrichia,albicollis,Passerellidae,10133,Yes,Forest,Lower
2006-10-17,14.0,CHI,Zonotrichia,albicollis,Passerellidae,10133,Yes,Forest,Lower
2006-10-17,14.0,MP,Catharus,guttatus,Turdidae,3729,Yes,Forest,Lower
2006-10-17,14.0,CHI,troglodytes,hiemalis,Troglodytidae,474,No,Forest,Lower
2006-10-18,16.0,MP,Catharus,guttatus,Turdidae,3729,Yes,Forest,Lower
2006-10-18,16.0,CHI,Catharus,guttatus,Turdidae,3729,Yes,Forest,Lower
2006-10-18,16.0,MP,Passerella,iliaca,Passerellidae,2443,Yes,Edge,Lower
2006-10-18,16.0,CHI,Catharus,minimus,Turdidae,822,Yes,Forest,Lower
2006-10-18,16.0,CHI,Passerella,iliaca,Passerellidae,2443,Yes,Edge,Lower
2006-10-18,16.0,MP,Zonotrichia,albicollis,Passerellidae,10133,Yes,Forest,Lower
2006-10-18,16.0,CHI,Passerella,iliaca,Passerellidae,2443,Yes,Edge,Lower
2006-10-18,16.0,CHI,Zonotrichia,albicollis,Passerellidae,10133,Yes,Forest,Lower
2006-10-18,16.0,MP,Zonotrichia,albicollis,Passerellidae,10133,Yes,Forest,Lower
2006-10-19,14.0,MP,Zonotrichia,albicollis,Passerellidae,10133,Yes,Forest,Lower
2006-10-19,14.0,MP,Zonotrichia,albicollis,Passerellidae,10133,Yes,Forest,Lower
2006-10-19,14.0,MP,Zonotrichia,albicollis,Passerellidae,10133,Yes,Forest,Lower
2006-10-19,14.0,MP,Zonotrichia,albicollis,Passerellidae,10133,Yes,Forest,Lower
2006-10-19,14.0,MP,Setophaga,coronata,Parulidae,887,yes,forest,Upper
2006-10-19,14.0,MP,Setophaga,coronata,Parulidae,887,yes,forest,Upper
2006-10-19,14.0,MP,Setophaga,coronata,Parulidae,887,yes,forest,Upper
2006-10-19,14.0,MP,Oreothlypis,peregrina,Parulidae,2515,Yes,Edge,Upper
2006-10-19,14.0,MP,Catharus,guttatus,Turdidae,3729,Yes,Forest,Lower
2006-10-19,14.0,CHI,Zonotrichia,albicollis,Passerellidae,10133,Yes,Forest,Lower
2006-10-19,14.0,MP,Junco,hyemalis,Passerellidae,6303,Yes,Edge,Lower
2006-10-19,14.0,CHI,Catharus,guttatus,Turdidae,3729,Yes,Forest,Lower
2006-10-19,14.0,CHI,Catharus,guttatus,Turdidae,3729,Yes,Forest,Lower
2006-10-19,14.0,CHI,Catharus,guttatus,Turdidae,3729,Yes,Forest,Lower
2006-10-19,14.0,CHI,Zonotrichia,albicollis,Passerellidae,10133,Yes,Forest,Lower
2006-10-19,14.0,CHI,Passerella,iliaca,Passerellidae,2443,Yes,Edge,Lower
2006-10-19,14.0,MP,Catharus,guttatus,Turdidae,3729,Yes,Forest,Lower
2006-10-20,15.0,MP,Passerella,iliaca,Passerellidae,2443,Yes,Edge,Lower
2006-10-20,15.0,CHI,Catharus,guttatus,Turdidae,3729,Yes,Forest,Lower
2006-10-20,15.0,MP,Catharus,guttatus,Turdidae,3729,Yes,Forest,Lower
2006-10-20,15.0,CHI,Setophaga,caerulescens,Parulidae,183,Yes,Forest,Upper
2006-10-20,15.0,CHI,Zonotrichia,albicollis,Passerellidae,10133,Yes,Forest,Lower
2006-10-20,15.0,CHI,Setophaga,coronata,Parulidae,887,yes,forest,Upper
2006-10-20,15.0,CHI,Zonotrichia,albicollis,Passerellidae,10133,Yes,Forest,Lower
2006-10-20,15.0,MP,Zonotrichia,albicollis,Passerellidae,10133,Yes,Forest,Lower
2006-10-20,15.0,MP,Zonotrichia,albicollis,Passerellidae,10133,Yes,Forest,Lower
2006-10-20,15.0,MP,Zonotrichia,albicollis,Passerellidae,10133,Yes,Forest,Lower
2006-10-20,15.0,MP,Catharus,guttatus,Turdidae,3729,Yes,Forest,Lower
2006-10-20,15.0,MP,Catharus,guttatus,Turdidae,3729,Yes,Forest,Lower
2006-10-20,15.0,CHI,Zonotrichia,albicollis,Passerellidae,10133,Yes,Forest,Lower
2006-10-20,15.0,CHI,Junco,hyemalis,Passerellidae,6303,Yes,Edge,Lower
2006-10-20,15.0,CHI,Catharus,guttatus,Turdidae,3729,Yes,Forest,Lower
2006-10-20,15.0,MP,Catharus,guttatus,Turdidae,3729,Yes,Forest,Lower
2006-10-20,15.0,CHI,Zonotrichia,albicollis,Passerellidae,10133,Yes,Forest,Lower
2006-10-20,15.0,CHI,Catharus,guttatus,Turdidae,3729,Yes,Forest,Lower
2006-10-20,15.0,MP,Oreothlypis,ruficapilla,Parulidae,1690,Yes,Forest,Upper
2006-10-20,15.0,MP,Oreothlypis,celata,Parulidae,227,Yes,Edge,Lower
2006-10-20,15.0,CHI,catharus,ustulatus,Turdidae,2331,Yes,Forest,Lower
2006-10-20,15.0,MP,Junco,hyemalis,Passerellidae,6303,Yes,Edge,Lower
2006-10-20,15.0,CHI,Zonotrichia,leucophrys,Passerellidae,1090,Yes,Edge,Lower
2006-10-20,15.0,MP,Regulus,satrapa,Regulidae,1029,Yes,Forest,Upper
2006-10-20,15.0,MP,Oreothlypis,peregrina,Parulidae,2515,Yes,Edge,Upper
2006-10-20,15.0,CHI,Ammodramus,savannarum,Passerellidae,106,Yes,Open,Lower
2006-10-21,15.0,MP,Junco,hyemalis,Passerellidae,6303,Yes,Edge,Lower
2006-10-21,15.0,CHI,Catharus,guttatus,Turdidae,3729,Yes,Forest,Lower
2006-10-21,15.0,MP,Oreothlypis,celata,Parulidae,227,Yes,Edge,Lower
2006-10-21,15.0,CHI,Zonotrichia,albicollis,Passerellidae,10133,Yes,Forest,Lower
2006-10-21,15.0,MP,Passerculus,sandwichensis,Passerellidae,274,yes,open,Lower	
2006-10-21,15.0,MP,Zonotrichia,leucophrys,Passerellidae,1090,Yes,Edge,Lower
2006-10-21,15.0,MP,Catharus,guttatus,Turdidae,3729,Yes,Forest,Lower
2006-10-22,12.0,MP,Melospiza,melodia,Passerellidae,5124,Yes,Edge,Lower
2006-10-22,12.0,CHI,Zonotrichia,albicollis,Passerellidae,10133,Yes,Forest,Lower
2006-10-22,12.0,CHI,Regulus,satrapa,Regulidae,1029,Yes,Forest,Upper
2006-10-22,12.0,CHI,Setophaga,coronata,Parulidae,887,yes,forest,Upper
2006-10-22,12.0,CHI,Catharus,guttatus,Turdidae,3729,Yes,Forest,Lower
2006-10-22,12.0,CHI,Catharus,guttatus,Turdidae,3729,Yes,Forest,Lower
2006-10-22,12.0,CHI,Zonotrichia,albicollis,Passerellidae,10133,Yes,Forest,Lower
2006-10-22,12.0,CHI,Passerculus,sandwichensis,Passerellidae,274,yes,open,Lower	
2006-10-22,12.0,MP,Melospiza,lincolnii,Passerellidae,2029,yes,edge,Lower
2006-10-22,12.0,CHI,Zonotrichia,albicollis,Passerellidae,10133,Yes,Forest,Lower
2006-10-23,12.0,MP,Zonotrichia,albicollis,Passerellidae,10133,Yes,Forest,Lower
2006-10-23,12.0,CHI,Zonotrichia,albicollis,Passerellidae,10133,Yes,Forest,Lower
2006-10-23,12.0,CHI,Zonotrichia,albicollis,Passerellidae,10133,Yes,Forest,Lower
2006-10-23,12.0,CHI,Zonotrichia,albicollis,Passerellidae,10133,Yes,Forest,Lower
2006-10-23,12.0,CHI,Zonotrichia,albicollis,Passerellidae,10133,Yes,Forest,Lower
2006-10-23,12.0,CHI,Passerella,iliaca,Passerellidae,2443,Yes,Edge,Lower
2006-10-23,12.0,CHI,Junco,hyemalis,Passerellidae,6303,Yes,Edge,Lower
2006-10-23,12.0,CHI,Seiurus,aurocapilla,Parulidae,4580,Yes,Forest,Lower
2006-10-23,12.0,MP,Zonotrichia,albicollis,Passerellidae,10133,Yes,Forest,Lower
2006-10-23,12.0,CHI,Spizelloides,arborea,Passerellidae,1262,Yes,Edge,Lower
2006-10-23,12.0,CHI,Passerella,iliaca,Passerellidae,2443,Yes,Edge,Lower
2006-10-23,12.0,CHI,Passerella,iliaca,Passerellidae,2443,Yes,Edge,Lower
2006-10-23,12.0,CHI,Melospiza,melodia,Passerellidae,5124,Yes,Edge,Lower
2006-10-23,12.0,CHI,Passerella,iliaca,Passerellidae,2443,Yes,Edge,Lower
2006-10-23,12.0,CHI,Passerella,iliaca,Passerellidae,2443,Yes,Edge,Lower
2006-10-23,12.0,MP,Zonotrichia,albicollis,Passerellidae,10133,Yes,Forest,Lower
2006-10-23,12.0,CHI,Passerella,iliaca,Passerellidae,2443,Yes,Edge,Lower
2006-10-23,12.0,CHI,Regulus,satrapa,Regulidae,1029,Yes,Forest,Upper
2006-10-23,12.0,CHI,Passerella,iliaca,Passerellidae,2443,Yes,Edge,Lower
2006-10-23,12.0,CHI,Junco,hyemalis,Passerellidae,6303,Yes,Edge,Lower
2006-10-23,12.0,CHI,Zonotrichia,albicollis,Passerellidae,10133,Yes,Forest,Lower
2006-10-23,12.0,CHI,Catharus,guttatus,Turdidae,3729,Yes,Forest,Lower
2006-10-23,12.0,CHI,Zonotrichia,albicollis,Passerellidae,10133,Yes,Forest,Lower
2006-10-23,12.0,CHI,Catharus,guttatus,Turdidae,3729,Yes,Forest,Lower
2006-10-23,12.0,CHI,Zonotrichia,albicollis,Passerellidae,10133,Yes,Forest,Lower
2006-10-23,12.0,CHI,Junco,hyemalis,Passerellidae,6303,Yes,Edge,Lower
2006-10-23,12.0,CHI,Zonotrichia,albicollis,Passerellidae,10133,Yes,Forest,Lower
2006-10-23,12.0,CHI,Catharus,guttatus,Turdidae,3729,Yes,Forest,Lower
2006-10-23,12.0,CHI,Melospiza,lincolnii,Passerellidae,2029,yes,edge,Lower
2006-10-23,12.0,CHI,Junco,hyemalis,Passerellidae,6303,Yes,Edge,Lower
2006-10-23,12.0,CHI,Junco,hyemalis,Passerellidae,6303,Yes,Edge,Lower
2006-10-23,12.0,MP,Oreothlypis,celata,Parulidae,227,Yes,Edge,Lower
2006-10-23,12.0,CHI,Zonotrichia,albicollis,Passerellidae,10133,Yes,Forest,Lower
2006-10-23,12.0,MP,Setophaga,coronata,Parulidae,887,yes,forest,Upper
2006-10-24,17.0,MP,Junco,hyemalis,Passerellidae,6303,Yes,Edge,Lower
2006-10-24,17.0,MP,Zonotrichia,albicollis,Passerellidae,10133,Yes,Forest,Lower
2006-10-24,17.0,MP,Zonotrichia,albicollis,Passerellidae,10133,Yes,Forest,Lower
2006-10-24,17.0,CHI,Zonotrichia,albicollis,Passerellidae,10133,Yes,Forest,Lower
2006-10-24,17.0,MP,Zonotrichia,albicollis,Passerellidae,10133,Yes,Forest,Lower
2006-10-24,17.0,CHI,Regulus,satrapa,Regulidae,1029,Yes,Forest,Upper
2006-10-24,17.0,MP,Junco,hyemalis,Passerellidae,6303,Yes,Edge,Lower
2006-10-24,17.0,MP,Junco,hyemalis,Passerellidae,6303,Yes,Edge,Lower
2006-10-24,17.0,MP,Zonotrichia,albicollis,Passerellidae,10133,Yes,Forest,Lower
2006-10-24,17.0,MP,Junco,hyemalis,Passerellidae,6303,Yes,Edge,Lower
2006-10-24,17.0,MP,Junco,hyemalis,Passerellidae,6303,Yes,Edge,Lower
2006-10-24,17.0,MP,Junco,hyemalis,Passerellidae,6303,Yes,Edge,Lower
2006-10-24,17.0,MP,Junco,hyemalis,Passerellidae,6303,Yes,Edge,Lower
2006-10-24,17.0,MP,Junco,hyemalis,Passerellidae,6303,Yes,Edge,Lower
2006-10-24,17.0,CHI,Zonotrichia,albicollis,Passerellidae,10133,Yes,Forest,Lower
2006-10-24,17.0,CHI,Passerella,iliaca,Passerellidae,2443,Yes,Edge,Lower
2006-10-24,17.0,CHI,Zonotrichia,albicollis,Passerellidae,10133,Yes,Forest,Lower
2006-10-24,17.0,CHI,Passerella,iliaca,Passerellidae,2443,Yes,Edge,Lower
2006-10-24,17.0,CHI,Zonotrichia,albicollis,Passerellidae,10133,Yes,Forest,Lower
2006-10-24,17.0,CHI,Passerella,iliaca,Passerellidae,2443,Yes,Edge,Lower
2006-10-24,17.0,MP,Passerella,iliaca,Passerellidae,2443,Yes,Edge,Lower
2006-10-24,17.0,MP,Passerella,iliaca,Passerellidae,2443,Yes,Edge,Lower
2006-10-24,17.0,CHI,Catharus,guttatus,Turdidae,3729,Yes,Forest,Lower
2006-10-24,17.0,MP,Passerella,iliaca,Passerellidae,2443,Yes,Edge,Lower
2006-10-24,17.0,CHI,Zonotrichia,albicollis,Passerellidae,10133,Yes,Forest,Lower
2006-10-24,17.0,MP,Zonotrichia,albicollis,Passerellidae,10133,Yes,Forest,Lower
2006-10-24,17.0,MP,Junco,hyemalis,Passerellidae,6303,Yes,Edge,Lower
2006-10-24,17.0,MP,catharus,ustulatus,Turdidae,2331,Yes,Forest,Lower
2006-10-24,17.0,CHI,Junco,hyemalis,Passerellidae,6303,Yes,Edge,Lower
2006-10-24,17.0,MP,Zonotrichia,albicollis,Passerellidae,10133,Yes,Forest,Lower
2006-10-24,17.0,MP,Junco,hyemalis,Passerellidae,6303,Yes,Edge,Lower
2006-10-24,17.0,CHI,Junco,hyemalis,Passerellidae,6303,Yes,Edge,Lower
2006-10-24,17.0,CHI,Junco,hyemalis,Passerellidae,6303,Yes,Edge,Lower
2006-10-24,17.0,MP,Junco,hyemalis,Passerellidae,6303,Yes,Edge,Lower
2006-10-24,17.0,MP,Junco,hyemalis,Passerellidae,6303,Yes,Edge,Lower
2006-10-24,17.0,CHI,Passerella,iliaca,Passerellidae,2443,Yes,Edge,Lower
2006-10-24,17.0,CHI,Zonotrichia,albicollis,Passerellidae,10133,Yes,Forest,Lower
2006-10-24,17.0,CHI,Junco,hyemalis,Passerellidae,6303,Yes,Edge,Lower
2006-10-24,17.0,CHI,Zonotrichia,albicollis,Passerellidae,10133,Yes,Forest,Lower
2006-10-24,17.0,MP,Junco,hyemalis,Passerellidae,6303,Yes,Edge,Lower
2006-10-24,17.0,CHI,Melospiza,melodia,Passerellidae,5124,Yes,Edge,Lower
2006-10-24,17.0,MP,Setophaga,coronata,Parulidae,887,yes,forest,Upper
2006-10-24,17.0,MP,Melospiza,melodia,Passerellidae,5124,Yes,Edge,Lower
2006-10-24,17.0,MP,Melospiza,melodia,Passerellidae,5124,Yes,Edge,Lower
2006-10-24,17.0,MP,Setophaga,coronata,Parulidae,887,yes,forest,Upper
2006-10-24,17.0,CHI,Spizelloides,arborea,Passerellidae,1262,Yes,Edge,Lower
2006-10-24,17.0,CHI,dumetella,carolinensis,Mimidae,599,no,edge,Lower
2006-10-25,15.0,CHI,Zonotrichia,albicollis,Passerellidae,10133,Yes,Forest,Lower
2006-10-25,15.0,MP,Junco,hyemalis,Passerellidae,6303,Yes,Edge,Lower
2006-10-25,15.0,MP,Junco,hyemalis,Passerellidae,6303,Yes,Edge,Lower
2006-10-25,15.0,CHI,Zonotrichia,albicollis,Passerellidae,10133,Yes,Forest,Lower
2006-10-25,15.0,MP,Junco,hyemalis,Passerellidae,6303,Yes,Edge,Lower
2006-10-25,15.0,CHI,Zonotrichia,leucophrys,Passerellidae,1090,Yes,Edge,Lower
2006-10-25,15.0,CHI,Zonotrichia,albicollis,Passerellidae,10133,Yes,Forest,Lower
2006-10-25,15.0,MP,Junco,hyemalis,Passerellidae,6303,Yes,Edge,Lower
2006-10-25,15.0,MP,Junco,hyemalis,Passerellidae,6303,Yes,Edge,Lower
2006-10-25,15.0,CHI,Catharus,guttatus,Turdidae,3729,Yes,Forest,Lower
2006-10-25,15.0,CHI,Zonotrichia,albicollis,Passerellidae,10133,Yes,Forest,Lower
2006-10-25,15.0,CHI,Catharus,guttatus,Turdidae,3729,Yes,Forest,Lower
2006-10-25,15.0,CHI,Oreothlypis,ruficapilla,Parulidae,1690,Yes,Forest,Upper
2006-10-25,15.0,CHI,Junco,hyemalis,Passerellidae,6303,Yes,Edge,Lower
2006-10-25,15.0,CHI,Zonotrichia,albicollis,Passerellidae,10133,Yes,Forest,Lower
2006-10-25,15.0,MP,Junco,hyemalis,Passerellidae,6303,Yes,Edge,Lower
2006-10-25,15.0,CHI,Zonotrichia,albicollis,Passerellidae,10133,Yes,Forest,Lower
2006-10-25,15.0,CHI,Zonotrichia,albicollis,Passerellidae,10133,Yes,Forest,Lower
2006-10-25,15.0,MP,Junco,hyemalis,Passerellidae,6303,Yes,Edge,Lower
2006-10-25,15.0,CHI,Passerella,iliaca,Passerellidae,2443,Yes,Edge,Lower
2006-10-25,15.0,CHI,Passerella,iliaca,Passerellidae,2443,Yes,Edge,Lower
2006-10-25,15.0,CHI,Junco,hyemalis,Passerellidae,6303,Yes,Edge,Lower
2006-10-25,15.0,CHI,Passerella,iliaca,Passerellidae,2443,Yes,Edge,Lower
2006-10-25,15.0,MP,Zonotrichia,albicollis,Passerellidae,10133,Yes,Forest,Lower
2006-10-25,15.0,MP,Junco,hyemalis,Passerellidae,6303,Yes,Edge,Lower
2006-10-25,15.0,MP,Passerella,iliaca,Passerellidae,2443,Yes,Edge,Lower
2006-10-25,15.0,CHI,Zonotrichia,albicollis,Passerellidae,10133,Yes,Forest,Lower
2006-10-25,15.0,CHI,troglodytes,hiemalis,Troglodytidae,474,No,Forest,Lower
2006-10-25,15.0,CHI,Junco,hyemalis,Passerellidae,6303,Yes,Edge,Lower
2006-10-26,15.0,MP,Zonotrichia,albicollis,Passerellidae,10133,Yes,Forest,Lower
2006-10-26,15.0,CHI,Melospiza,lincolnii,Passerellidae,2029,yes,edge,Lower
2006-10-26,15.0,CHI,Passerella,iliaca,Passerellidae,2443,Yes,Edge,Lower
2006-10-26,15.0,CHI,Passerella,iliaca,Passerellidae,2443,Yes,Edge,Lower
2006-10-26,15.0,CHI,Passerella,iliaca,Passerellidae,2443,Yes,Edge,Lower
2006-10-26,15.0,CHI,Zonotrichia,albicollis,Passerellidae,10133,Yes,Forest,Lower
2006-10-26,15.0,CHI,Zonotrichia,albicollis,Passerellidae,10133,Yes,Forest,Lower
2006-10-26,15.0,CHI,Oreothlypis,ruficapilla,Parulidae,1690,Yes,Forest,Upper
2006-10-26,15.0,CHI,Zonotrichia,albicollis,Passerellidae,10133,Yes,Forest,Lower
2006-10-26,15.0,CHI,Junco,hyemalis,Passerellidae,6303,Yes,Edge,Lower
2006-10-26,15.0,CHI,Melospiza,melodia,Passerellidae,5124,Yes,Edge,Lower
2006-10-26,15.0,CHI,Zonotrichia,albicollis,Passerellidae,10133,Yes,Forest,Lower
2006-10-26,15.0,CHI,Regulus,satrapa,Regulidae,1029,Yes,Forest,Upper
2006-10-26,15.0,CHI,Regulus,satrapa,Regulidae,1029,Yes,Forest,Upper
2006-10-27,17.0,MP,Melospiza,melodia,Passerellidae,5124,Yes,Edge,Lower
2006-10-27,17.0,MP,Junco,hyemalis,Passerellidae,6303,Yes,Edge,Lower
2006-10-27,17.0,CHI,Catharus,guttatus,Turdidae,3729,Yes,Forest,Lower
2006-10-28,17.0,MP,Passerella,iliaca,Passerellidae,2443,Yes,Edge,Lower
2006-10-28,17.0,CHI,Setophaga,coronata,Parulidae,887,yes,forest,Upper
2006-10-28,17.0,CHI,Regulus,satrapa,Regulidae,1029,Yes,Forest,Upper
2006-10-28,17.0,MP,Passerella,iliaca,Passerellidae,2443,Yes,Edge,Lower
2006-10-28,17.0,CHI,Passerella,iliaca,Passerellidae,2443,Yes,Edge,Lower
2006-10-28,17.0,CHI,Passerella,iliaca,Passerellidae,2443,Yes,Edge,Lower
2006-10-28,17.0,CHI,Junco,hyemalis,Passerellidae,6303,Yes,Edge,Lower
2006-10-28,17.0,MP,Junco,hyemalis,Passerellidae,6303,Yes,Edge,Lower
2006-10-28,17.0,CHI,Zonotrichia,albicollis,Passerellidae,10133,Yes,Forest,Lower
2006-10-28,17.0,CHI,Junco,hyemalis,Passerellidae,6303,Yes,Edge,Lower
2006-10-28,17.0,MP,Junco,hyemalis,Passerellidae,6303,Yes,Edge,Lower
2006-10-28,17.0,CHI,Junco,hyemalis,Passerellidae,6303,Yes,Edge,Lower
2006-10-28,17.0,CHI,Junco,hyemalis,Passerellidae,6303,Yes,Edge,Lower
2006-10-28,17.0,MP,Junco,hyemalis,Passerellidae,6303,Yes,Edge,Lower
2006-10-28,17.0,MP,Junco,hyemalis,Passerellidae,6303,Yes,Edge,Lower
2006-10-28,17.0,MP,Junco,hyemalis,Passerellidae,6303,Yes,Edge,Lower
2006-10-28,17.0,CHI,Junco,hyemalis,Passerellidae,6303,Yes,Edge,Lower
2006-10-28,17.0,MP,Zonotrichia,albicollis,Passerellidae,10133,Yes,Forest,Lower
2006-10-28,17.0,CHI,Junco,hyemalis,Passerellidae,6303,Yes,Edge,Lower
2006-10-28,17.0,CHI,Zonotrichia,albicollis,Passerellidae,10133,Yes,Forest,Lower
2006-10-29,17.0,MP,Passerella,iliaca,Passerellidae,2443,Yes,Edge,Lower
2006-10-29,17.0,CHI,Passerella,iliaca,Passerellidae,2443,Yes,Edge,Lower
2006-10-29,17.0,CHI,Melospiza,melodia,Passerellidae,5124,Yes,Edge,Lower
2006-10-29,17.0,CHI,Passerella,iliaca,Passerellidae,2443,Yes,Edge,Lower
2006-10-29,17.0,MP,Spizelloides,arborea,Passerellidae,1262,Yes,Edge,Lower
2006-10-29,17.0,MP,Spizelloides,arborea,Passerellidae,1262,Yes,Edge,Lower
2006-10-29,17.0,MP,Spizelloides,arborea,Passerellidae,1262,Yes,Edge,Lower
2006-10-29,17.0,CHI,Zonotrichia,albicollis,Passerellidae,10133,Yes,Forest,Lower
2006-10-29,17.0,CHI,Passerella,iliaca,Passerellidae,2443,Yes,Edge,Lower
2006-10-29,17.0,CHI,Zonotrichia,albicollis,Passerellidae,10133,Yes,Forest,Lower
2006-10-29,17.0,MP,Spizelloides,arborea,Passerellidae,1262,Yes,Edge,Lower
2006-10-29,17.0,CHI,Passerella,iliaca,Passerellidae,2443,Yes,Edge,Lower
2006-10-29,17.0,MP,Passerella,iliaca,Passerellidae,2443,Yes,Edge,Lower
2006-10-29,17.0,CHI,Zonotrichia,albicollis,Passerellidae,10133,Yes,Forest,Lower
2006-10-29,17.0,CHI,Zonotrichia,albicollis,Passerellidae,10133,Yes,Forest,Lower
2006-10-29,17.0,MP,Passerella,iliaca,Passerellidae,2443,Yes,Edge,Lower
2006-10-29,17.0,CHI,Passerella,iliaca,Passerellidae,2443,Yes,Edge,Lower
2006-10-29,17.0,CHI,Zonotrichia,albicollis,Passerellidae,10133,Yes,Forest,Lower
2006-10-29,17.0,CHI,Zonotrichia,albicollis,Passerellidae,10133,Yes,Forest,Lower
2006-10-29,17.0,CHI,Passerella,iliaca,Passerellidae,2443,Yes,Edge,Lower
2006-10-29,17.0,CHI,Zonotrichia,albicollis,Passerellidae,10133,Yes,Forest,Lower
2006-10-29,17.0,MP,Zonotrichia,albicollis,Passerellidae,10133,Yes,Forest,Lower
2006-10-29,17.0,CHI,Passerella,iliaca,Passerellidae,2443,Yes,Edge,Lower
2006-10-29,17.0,MP,Zonotrichia,albicollis,Passerellidae,10133,Yes,Forest,Lower
2006-10-29,17.0,MP,Zonotrichia,albicollis,Passerellidae,10133,Yes,Forest,Lower
2006-10-29,17.0,CHI,Zonotrichia,albicollis,Passerellidae,10133,Yes,Forest,Lower
2006-10-29,17.0,CHI,Zonotrichia,albicollis,Passerellidae,10133,Yes,Forest,Lower
2006-10-29,17.0,MP,Junco,hyemalis,Passerellidae,6303,Yes,Edge,Lower
2006-10-29,17.0,CHI,Junco,hyemalis,Passerellidae,6303,Yes,Edge,Lower
2006-10-29,17.0,CHI,Junco,hyemalis,Passerellidae,6303,Yes,Edge,Lower
2006-10-29,17.0,CHI,Zonotrichia,albicollis,Passerellidae,10133,Yes,Forest,Lower
2006-10-29,17.0,CHI,Junco,hyemalis,Passerellidae,6303,Yes,Edge,Lower
2006-10-29,17.0,CHI,Junco,hyemalis,Passerellidae,6303,Yes,Edge,Lower
2006-10-29,17.0,CHI,Junco,hyemalis,Passerellidae,6303,Yes,Edge,Lower
2006-10-29,17.0,CHI,Junco,hyemalis,Passerellidae,6303,Yes,Edge,Lower
2006-10-29,17.0,CHI,Junco,hyemalis,Passerellidae,6303,Yes,Edge,Lower
2006-10-29,17.0,CHI,Junco,hyemalis,Passerellidae,6303,Yes,Edge,Lower
2006-10-29,17.0,CHI,Junco,hyemalis,Passerellidae,6303,Yes,Edge,Lower
2006-10-29,17.0,CHI,Junco,hyemalis,Passerellidae,6303,Yes,Edge,Lower
2006-10-29,17.0,MP,Melospiza,melodia,Passerellidae,5124,Yes,Edge,Lower
2006-10-29,17.0,CHI,Catharus,guttatus,Turdidae,3729,Yes,Forest,Lower
2006-10-29,17.0,CHI,Catharus,guttatus,Turdidae,3729,Yes,Forest,Lower
2006-10-29,17.0,CHI,Catharus,guttatus,Turdidae,3729,Yes,Forest,Lower
2006-10-29,17.0,CHI,Catharus,guttatus,Turdidae,3729,Yes,Forest,Lower
2006-10-29,17.0,CHI,Catharus,guttatus,Turdidae,3729,Yes,Forest,Lower
2006-10-29,17.0,MP,Junco,hyemalis,Passerellidae,6303,Yes,Edge,Lower
2006-10-29,17.0,MP,Junco,hyemalis,Passerellidae,6303,Yes,Edge,Lower
2006-10-29,17.0,CHI,Passerella,iliaca,Passerellidae,2443,Yes,Edge,Lower
2006-10-29,17.0,CHI,Junco,hyemalis,Passerellidae,6303,Yes,Edge,Lower
2006-10-29,17.0,MP,Junco,hyemalis,Passerellidae,6303,Yes,Edge,Lower
2006-10-29,17.0,MP,Junco,hyemalis,Passerellidae,6303,Yes,Edge,Lower
2006-10-29,17.0,MP,Junco,hyemalis,Passerellidae,6303,Yes,Edge,Lower
2006-10-29,17.0,MP,Junco,hyemalis,Passerellidae,6303,Yes,Edge,Lower
2006-10-29,17.0,CHI,Junco,hyemalis,Passerellidae,6303,Yes,Edge,Lower
2006-10-29,17.0,CHI,Junco,hyemalis,Passerellidae,6303,Yes,Edge,Lower
2006-10-29,17.0,MP,Junco,hyemalis,Passerellidae,6303,Yes,Edge,Lower
2006-10-29,17.0,CHI,Junco,hyemalis,Passerellidae,6303,Yes,Edge,Lower
2006-10-29,17.0,CHI,Junco,hyemalis,Passerellidae,6303,Yes,Edge,Lower
2006-10-29,17.0,CHI,Junco,hyemalis,Passerellidae,6303,Yes,Edge,Lower
2006-10-29,17.0,CHI,Junco,hyemalis,Passerellidae,6303,Yes,Edge,Lower
2006-10-29,17.0,CHI,Junco,hyemalis,Passerellidae,6303,Yes,Edge,Lower
2006-10-29,17.0,CHI,Junco,hyemalis,Passerellidae,6303,Yes,Edge,Lower
2006-10-31,17.0,CHI,Melospiza,melodia,Passerellidae,5124,Yes,Edge,Lower
2006-10-31,17.0,MP,Junco,hyemalis,Passerellidae,6303,Yes,Edge,Lower
2006-10-31,17.0,MP,Junco,hyemalis,Passerellidae,6303,Yes,Edge,Lower
2006-10-31,17.0,MP,Junco,hyemalis,Passerellidae,6303,Yes,Edge,Lower
2006-10-31,17.0,MP,Junco,hyemalis,Passerellidae,6303,Yes,Edge,Lower
2006-10-31,17.0,MP,Junco,hyemalis,Passerellidae,6303,Yes,Edge,Lower
2006-10-31,17.0,MP,Junco,hyemalis,Passerellidae,6303,Yes,Edge,Lower
2006-10-31,17.0,MP,Spizelloides,arborea,Passerellidae,1262,Yes,Edge,Lower
2006-10-31,17.0,CHI,Catharus,guttatus,Turdidae,3729,Yes,Forest,Lower
2006-11-01,17.0,MP,Spizelloides,arborea,Passerellidae,1262,Yes,Edge,Lower
2006-11-01,17.0,CHI,Junco,hyemalis,Passerellidae,6303,Yes,Edge,Lower
2006-11-01,17.0,MP,Melospiza,melodia,Passerellidae,5124,Yes,Edge,Lower
2006-11-01,17.0,MP,Junco,hyemalis,Passerellidae,6303,Yes,Edge,Lower
2006-11-01,17.0,MP,Junco,hyemalis,Passerellidae,6303,Yes,Edge,Lower
2006-11-01,17.0,MP,Passerella,iliaca,Passerellidae,2443,Yes,Edge,Lower
2006-11-01,17.0,MP,Junco,hyemalis,Passerellidae,6303,Yes,Edge,Lower
2006-11-01,17.0,CHI,Junco,hyemalis,Passerellidae,6303,Yes,Edge,Lower
2006-11-01,17.0,MP,Passerella,iliaca,Passerellidae,2443,Yes,Edge,Lower
2006-11-01,17.0,MP,Junco,hyemalis,Passerellidae,6303,Yes,Edge,Lower
2006-11-01,17.0,MP,Setophaga,coronata,Parulidae,887,yes,forest,Upper
2006-11-01,17.0,MP,Junco,hyemalis,Passerellidae,6303,Yes,Edge,Lower
2006-11-01,17.0,CHI,Zonotrichia,albicollis,Passerellidae,10133,Yes,Forest,Lower
2006-11-02,17.0,MP,Spizella,pusilla,Passerellidae,325,Yes,Open,Lower
2006-11-02,17.0,CHI,Junco,hyemalis,Passerellidae,6303,Yes,Edge,Lower
2006-11-02,17.0,MP,Junco,hyemalis,Passerellidae,6303,Yes,Edge,Lower
2006-11-02,17.0,MP,Junco,hyemalis,Passerellidae,6303,Yes,Edge,Lower
2006-11-02,17.0,CHI,Zonotrichia,albicollis,Passerellidae,10133,Yes,Forest,Lower
2006-11-02,17.0,CHI,Zonotrichia,albicollis,Passerellidae,10133,Yes,Forest,Lower
2006-11-02,17.0,MP,Oreothlypis,celata,Parulidae,227,Yes,Edge,Lower
2006-11-02,17.0,CHI,Junco,hyemalis,Passerellidae,6303,Yes,Edge,Lower
2006-11-02,17.0,CHI,Zonotrichia,albicollis,Passerellidae,10133,Yes,Forest,Lower
2006-11-02,17.0,CHI,Regulus,satrapa,Regulidae,1029,Yes,Forest,Upper
2006-11-03,17.0,MP,Zonotrichia,albicollis,Passerellidae,10133,Yes,Forest,Lower
2006-11-03,17.0,CHI,Junco,hyemalis,Passerellidae,6303,Yes,Edge,Lower
2006-11-03,17.0,MP,Junco,hyemalis,Passerellidae,6303,Yes,Edge,Lower
2006-11-03,17.0,MP,Junco,hyemalis,Passerellidae,6303,Yes,Edge,Lower
2006-11-03,17.0,MP,Junco,hyemalis,Passerellidae,6303,Yes,Edge,Lower
2006-11-05,17.0,MP,Junco,hyemalis,Passerellidae,6303,Yes,Edge,Lower
2006-11-05,17.0,CHI,Seiurus,aurocapilla,Parulidae,4580,Yes,Forest,Lower
2006-11-05,17.0,CHI,Zonotrichia,albicollis,Passerellidae,10133,Yes,Forest,Lower
2006-11-05,17.0,MP,Spizelloides,arborea,Passerellidae,1262,Yes,Edge,Lower
2006-11-08,14.0,MP,Zonotrichia,leucophrys,Passerellidae,1090,Yes,Edge,Lower
2006-11-08,14.0,CHI,Junco,hyemalis,Passerellidae,6303,Yes,Edge,Lower
2006-11-08,14.0,CHI,Junco,hyemalis,Passerellidae,6303,Yes,Edge,Lower
2006-11-08,14.0,CHI,Zonotrichia,albicollis,Passerellidae,10133,Yes,Forest,Lower
2006-11-08,14.0,CHI,Junco,hyemalis,Passerellidae,6303,Yes,Edge,Lower
2006-11-09,4.0,CHI,Junco,hyemalis,Passerellidae,6303,Yes,Edge,Lower
2006-11-09,4.0,CHI,Junco,hyemalis,Passerellidae,6303,Yes,Edge,Lower
2006-11-09,4.0,CHI,Junco,hyemalis,Passerellidae,6303,Yes,Edge,Lower
2006-11-09,4.0,CHI,Zonotrichia,albicollis,Passerellidae,10133,Yes,Forest,Lower
2006-11-09,4.0,CHI,Junco,hyemalis,Passerellidae,6303,Yes,Edge,Lower
2006-11-09,4.0,CHI,Spizelloides,arborea,Passerellidae,1262,Yes,Edge,Lower
2006-11-09,4.0,CHI,Spizelloides,arborea,Passerellidae,1262,Yes,Edge,Lower
2006-11-09,4.0,CHI,Junco,hyemalis,Passerellidae,6303,Yes,Edge,Lower
2006-11-09,4.0,CHI,Passerella,iliaca,Passerellidae,2443,Yes,Edge,Lower
2006-11-09,4.0,CHI,Junco,hyemalis,Passerellidae,6303,Yes,Edge,Lower
2006-11-09,4.0,CHI,Spizelloides,arborea,Passerellidae,1262,Yes,Edge,Lower
2006-11-10,4.0,MP,Junco,hyemalis,Passerellidae,6303,Yes,Edge,Lower
2006-11-10,4.0,CHI,Junco,hyemalis,Passerellidae,6303,Yes,Edge,Lower
2006-11-10,4.0,CHI,Junco,hyemalis,Passerellidae,6303,Yes,Edge,Lower
2006-11-10,4.0,CHI,Junco,hyemalis,Passerellidae,6303,Yes,Edge,Lower
2006-11-10,4.0,CHI,Junco,hyemalis,Passerellidae,6303,Yes,Edge,Lower
2006-11-10,4.0,MP,Junco,hyemalis,Passerellidae,6303,Yes,Edge,Lower
2006-11-10,4.0,CHI,Passerella,iliaca,Passerellidae,2443,Yes,Edge,Lower
2006-11-10,4.0,CHI,Passerella,iliaca,Passerellidae,2443,Yes,Edge,Lower
2006-11-10,4.0,CHI,Spizelloides,arborea,Passerellidae,1262,Yes,Edge,Lower
2006-11-10,4.0,CHI,Junco,hyemalis,Passerellidae,6303,Yes,Edge,Lower
2006-11-11,4.0,CHI,Junco,hyemalis,Passerellidae,6303,Yes,Edge,Lower
2006-11-12,7.0,CHI,Junco,hyemalis,Passerellidae,6303,Yes,Edge,Lower
2006-11-12,7.0,CHI,Junco,hyemalis,Passerellidae,6303,Yes,Edge,Lower
2006-11-12,7.0,CHI,Zonotrichia,albicollis,Passerellidae,10133,Yes,Forest,Lower
2006-11-12,7.0,CHI,Junco,hyemalis,Passerellidae,6303,Yes,Edge,Lower
2006-11-15,4.0,MP,Regulus,satrapa,Regulidae,1029,Yes,Forest,Upper
2006-11-15,4.0,CHI,Melospiza,lincolnii,Passerellidae,2029,yes,edge,Lower
2006-11-15,4.0,CHI,Junco,hyemalis,Passerellidae,6303,Yes,Edge,Lower
2006-11-15,4.0,CHI,Junco,hyemalis,Passerellidae,6303,Yes,Edge,Lower
2006-11-15,4.0,CHI,Junco,hyemalis,Passerellidae,6303,Yes,Edge,Lower
2006-11-17,5.0,MP,Junco,hyemalis,Passerellidae,6303,Yes,Edge,Lower
2006-11-17,5.0,MP,Junco,hyemalis,Passerellidae,6303,Yes,Edge,Lower
2006-11-17,5.0,MP,Junco,hyemalis,Passerellidae,6303,Yes,Edge,Lower
2006-11-17,5.0,MP,Spizelloides,arborea,Passerellidae,1262,Yes,Edge,Lower
2006-11-18,5.0,MP,Junco,hyemalis,Passerellidae,6303,Yes,Edge,Lower
2006-11-20,5.0,MP,Junco,hyemalis,Passerellidae,6303,Yes,Edge,Lower
2006-11-22,5.0,MP,Junco,hyemalis,Passerellidae,6303,Yes,Edge,Lower
2006-11-23,7.0,MP,Spizelloides,arborea,Passerellidae,1262,Yes,Edge,Lower
2006-11-23,7.0,MP,Zonotrichia,albicollis,Passerellidae,10133,Yes,Forest,Lower
2006-11-24,7.0,MP,Melospiza,melodia,Passerellidae,5124,Yes,Edge,Lower
2006-11-24,7.0,MP,Spizelloides,arborea,Passerellidae,1262,Yes,Edge,Lower
2006-11-26,7.0,MP,Junco,hyemalis,Passerellidae,6303,Yes,Edge,Lower
2007-03-09,17.0,MP,Melospiza,melodia,Passerellidae,5124,Yes,Edge,Lower
2007-03-09,17.0,MP,Melospiza,melodia,Passerellidae,5124,Yes,Edge,Lower
2007-03-09,17.0,MP,Melospiza,melodia,Passerellidae,5124,Yes,Edge,Lower
2007-03-09,17.0,MP,Junco,hyemalis,Passerellidae,6303,Yes,Edge,Lower
2007-03-10,17.0,MP,Melospiza,melodia,Passerellidae,5124,Yes,Edge,Lower
2007-03-10,17.0,MP,Melospiza,melodia,Passerellidae,5124,Yes,Edge,Lower
2007-03-10,17.0,MP,Melospiza,melodia,Passerellidae,5124,Yes,Edge,Lower
2007-03-11,16.0,MP,Junco,hyemalis,Passerellidae,6303,Yes,Edge,Lower
2007-03-13,14.0,MP,Melospiza,melodia,Passerellidae,5124,Yes,Edge,Lower
2007-03-13,14.0,MP,Melospiza,melodia,Passerellidae,5124,Yes,Edge,Lower
2007-03-13,14.0,MP,Melospiza,melodia,Passerellidae,5124,Yes,Edge,Lower
2007-03-13,14.0,MP,Passerella,iliaca,Passerellidae,2443,Yes,Edge,Lower
2007-03-13,14.0,MP,Passerella,iliaca,Passerellidae,2443,Yes,Edge,Lower
2007-03-13,14.0,MP,Melospiza,melodia,Passerellidae,5124,Yes,Edge,Lower
2007-03-13,14.0,MP,Passerella,iliaca,Passerellidae,2443,Yes,Edge,Lower
2007-03-13,14.0,MP,Melospiza,melodia,Passerellidae,5124,Yes,Edge,Lower
2007-03-13,14.0,MP,Melospiza,melodia,Passerellidae,5124,Yes,Edge,Lower
2007-03-13,14.0,MP,Melospiza,melodia,Passerellidae,5124,Yes,Edge,Lower
2007-03-13,14.0,MP,Melospiza,melodia,Passerellidae,5124,Yes,Edge,Lower
2007-03-13,14.0,MP,Melospiza,melodia,Passerellidae,5124,Yes,Edge,Lower
2007-03-13,14.0,MP,Passerella,iliaca,Passerellidae,2443,Yes,Edge,Lower
2007-03-13,14.0,MP,Melospiza,melodia,Passerellidae,5124,Yes,Edge,Lower
2007-03-13,14.0,MP,Melospiza,melodia,Passerellidae,5124,Yes,Edge,Lower
2007-03-13,14.0,MP,Melospiza,melodia,Passerellidae,5124,Yes,Edge,Lower
2007-03-13,14.0,MP,Melospiza,melodia,Passerellidae,5124,Yes,Edge,Lower
2007-03-13,14.0,MP,Melospiza,melodia,Passerellidae,5124,Yes,Edge,Lower
2007-03-13,14.0,MP,Melospiza,melodia,Passerellidae,5124,Yes,Edge,Lower
2007-03-13,14.0,MP,Melospiza,melodia,Passerellidae,5124,Yes,Edge,Lower
2007-03-13,14.0,MP,Melospiza,melodia,Passerellidae,5124,Yes,Edge,Lower
2007-03-13,14.0,MP,Melospiza,melodia,Passerellidae,5124,Yes,Edge,Lower
2007-03-13,14.0,MP,Spizelloides,arborea,Passerellidae,1262,Yes,Edge,Lower
2007-03-13,14.0,MP,Melospiza,melodia,Passerellidae,5124,Yes,Edge,Lower
2007-03-14,14.0,MP,Melospiza,melodia,Passerellidae,5124,Yes,Edge,Lower
2007-03-14,14.0,MP,Melospiza,melodia,Passerellidae,5124,Yes,Edge,Lower
2007-03-14,14.0,MP,Melospiza,melodia,Passerellidae,5124,Yes,Edge,Lower
2007-03-14,14.0,MP,Melospiza,melodia,Passerellidae,5124,Yes,Edge,Lower
2007-03-14,14.0,MP,Melospiza,melodia,Passerellidae,5124,Yes,Edge,Lower
2007-03-14,14.0,MP,Passerella,iliaca,Passerellidae,2443,Yes,Edge,Lower
2007-03-14,14.0,MP,Melospiza,melodia,Passerellidae,5124,Yes,Edge,Lower
2007-03-14,14.0,MP,Melospiza,melodia,Passerellidae,5124,Yes,Edge,Lower
2007-03-14,14.0,MP,Melospiza,melodia,Passerellidae,5124,Yes,Edge,Lower
2007-03-14,14.0,MP,Passerella,iliaca,Passerellidae,2443,Yes,Edge,Lower
2007-03-14,14.0,MP,Melospiza,melodia,Passerellidae,5124,Yes,Edge,Lower
2007-03-14,14.0,MP,Melospiza,melodia,Passerellidae,5124,Yes,Edge,Lower
2007-03-14,14.0,MP,Melospiza,melodia,Passerellidae,5124,Yes,Edge,Lower
2007-03-14,14.0,MP,Melospiza,melodia,Passerellidae,5124,Yes,Edge,Lower
2007-03-14,14.0,MP,Melospiza,melodia,Passerellidae,5124,Yes,Edge,Lower
2007-03-14,14.0,MP,Melospiza,melodia,Passerellidae,5124,Yes,Edge,Lower
2007-03-14,14.0,MP,Melospiza,melodia,Passerellidae,5124,Yes,Edge,Lower
2007-03-14,14.0,MP,Melospiza,melodia,Passerellidae,5124,Yes,Edge,Lower
2007-03-14,14.0,MP,Melospiza,melodia,Passerellidae,5124,Yes,Edge,Lower
2007-03-14,14.0,MP,Melospiza,melodia,Passerellidae,5124,Yes,Edge,Lower
2007-03-14,14.0,MP,Melospiza,melodia,Passerellidae,5124,Yes,Edge,Lower
2007-03-14,14.0,MP,Junco,hyemalis,Passerellidae,6303,Yes,Edge,Lower
2007-03-14,14.0,MP,Melospiza,melodia,Passerellidae,5124,Yes,Edge,Lower
2007-03-14,14.0,MP,Melospiza,melodia,Passerellidae,5124,Yes,Edge,Lower
2007-03-14,14.0,CHI,Junco,hyemalis,Passerellidae,6303,Yes,Edge,Lower
2007-03-14,14.0,MP,Melospiza,melodia,Passerellidae,5124,Yes,Edge,Lower
2007-03-14,14.0,MP,Melospiza,melodia,Passerellidae,5124,Yes,Edge,Lower
2007-03-15,14.0,MP,Spizelloides,arborea,Passerellidae,1262,Yes,Edge,Lower
2007-03-15,14.0,MP,Melospiza,melodia,Passerellidae,5124,Yes,Edge,Lower
2007-03-15,14.0,MP,Melospiza,melodia,Passerellidae,5124,Yes,Edge,Lower
2007-03-17,11.0,MP,Melospiza,melodia,Passerellidae,5124,Yes,Edge,Lower
2007-03-18,11.0,CHI,Zonotrichia,albicollis,Passerellidae,10133,Yes,Forest,Lower
2007-03-18,11.0,CHI,Zonotrichia,albicollis,Passerellidae,10133,Yes,Forest,Lower
2007-03-18,11.0,CHI,Zonotrichia,albicollis,Passerellidae,10133,Yes,Forest,Lower
2007-03-19,13.0,MP,Junco,hyemalis,Passerellidae,6303,Yes,Edge,Lower
2007-03-19,13.0,CHI,Melospiza,melodia,Passerellidae,5124,Yes,Edge,Lower
2007-03-19,13.0,MP,Melospiza,melodia,Passerellidae,5124,Yes,Edge,Lower
2007-03-19,13.0,CHI,Spizelloides,arborea,Passerellidae,1262,Yes,Edge,Lower
2007-03-19,13.0,MP,Melospiza,melodia,Passerellidae,5124,Yes,Edge,Lower
2007-03-19,13.0,MP,Melospiza,melodia,Passerellidae,5124,Yes,Edge,Lower
2007-03-19,13.0,MP,Melospiza,melodia,Passerellidae,5124,Yes,Edge,Lower
2007-03-19,13.0,MP,Melospiza,melodia,Passerellidae,5124,Yes,Edge,Lower
2007-03-19,13.0,MP,Melospiza,melodia,Passerellidae,5124,Yes,Edge,Lower
2007-03-22,14.0,CHI,Passerella,iliaca,Passerellidae,2443,Yes,Edge,Lower
2007-03-22,14.0,MP,Melospiza,melodia,Passerellidae,5124,Yes,Edge,Lower
2007-03-22,14.0,MP,Catharus,guttatus,Turdidae,3729,Yes,Forest,Lower
2007-03-22,14.0,MP,Melospiza,melodia,Passerellidae,5124,Yes,Edge,Lower
2007-03-22,14.0,MP,Melospiza,melodia,Passerellidae,5124,Yes,Edge,Lower
2007-03-22,14.0,MP,Melospiza,melodia,Passerellidae,5124,Yes,Edge,Lower
2007-03-22,14.0,MP,Junco,hyemalis,Passerellidae,6303,Yes,Edge,Lower
2007-03-22,14.0,MP,Spizelloides,arborea,Passerellidae,1262,Yes,Edge,Lower
2007-03-22,14.0,MP,Melospiza,melodia,Passerellidae,5124,Yes,Edge,Lower
2007-03-22,14.0,MP,Melospiza,melodia,Passerellidae,5124,Yes,Edge,Lower
2007-03-22,14.0,MP,Melospiza,melodia,Passerellidae,5124,Yes,Edge,Lower
2007-03-22,14.0,CHI,Passerella,iliaca,Passerellidae,2443,Yes,Edge,Lower
2007-03-22,14.0,MP,Passerella,iliaca,Passerellidae,2443,Yes,Edge,Lower
2007-03-22,14.0,MP,Melospiza,melodia,Passerellidae,5124,Yes,Edge,Lower
2007-03-22,14.0,MP,Passerella,iliaca,Passerellidae,2443,Yes,Edge,Lower
2007-03-22,14.0,MP,Passerella,iliaca,Passerellidae,2443,Yes,Edge,Lower
2007-03-22,14.0,MP,Passerella,iliaca,Passerellidae,2443,Yes,Edge,Lower
2007-03-24,14.0,CHI,Melospiza,melodia,Passerellidae,5124,Yes,Edge,Lower
2007-03-24,14.0,CHI,Melospiza,melodia,Passerellidae,5124,Yes,Edge,Lower
2007-03-25,17.0,CHI,Junco,hyemalis,Passerellidae,6303,Yes,Edge,Lower
2007-03-25,17.0,CHI,Melospiza,melodia,Passerellidae,5124,Yes,Edge,Lower
2007-03-25,17.0,CHI,Junco,hyemalis,Passerellidae,6303,Yes,Edge,Lower
2007-03-25,17.0,CHI,Melospiza,melodia,Passerellidae,5124,Yes,Edge,Lower
2007-03-25,17.0,CHI,Melospiza,melodia,Passerellidae,5124,Yes,Edge,Lower
2007-03-25,17.0,CHI,Melospiza,melodia,Passerellidae,5124,Yes,Edge,Lower
2007-03-25,17.0,CHI,Junco,hyemalis,Passerellidae,6303,Yes,Edge,Lower
2007-03-25,17.0,CHI,Melospiza,melodia,Passerellidae,5124,Yes,Edge,Lower
2007-03-25,17.0,MP,troglodytes,hiemalis,Troglodytidae,474,No,Forest,Lower
2007-03-25,17.0,CHI,Melospiza,melodia,Passerellidae,5124,Yes,Edge,Lower
2007-03-25,17.0,CHI,Melospiza,melodia,Passerellidae,5124,Yes,Edge,Lower
2007-03-25,17.0,CHI,Passerella,iliaca,Passerellidae,2443,Yes,Edge,Lower
2007-03-25,17.0,CHI,Regulus,satrapa,Regulidae,1029,Yes,Forest,Upper
2007-03-25,17.0,CHI,Melospiza,melodia,Passerellidae,5124,Yes,Edge,Lower
2007-03-25,17.0,MP,Passerella,iliaca,Passerellidae,2443,Yes,Edge,Lower
2007-03-25,17.0,CHI,Melospiza,melodia,Passerellidae,5124,Yes,Edge,Lower
2007-03-25,17.0,CHI,Passerella,iliaca,Passerellidae,2443,Yes,Edge,Lower
2007-03-25,17.0,CHI,Passerella,iliaca,Passerellidae,2443,Yes,Edge,Lower
2007-03-25,17.0,CHI,Passerella,iliaca,Passerellidae,2443,Yes,Edge,Lower
2007-03-25,17.0,CHI,Spizelloides,arborea,Passerellidae,1262,Yes,Edge,Lower
2007-03-25,17.0,CHI,Sayornis,phoebe,Tyrannidae,24,No,Edge,Upper
2007-03-25,17.0,MP,Spizelloides,arborea,Passerellidae,1262,Yes,Edge,Lower
2007-03-25,17.0,CHI,Melospiza,melodia,Passerellidae,5124,Yes,Edge,Lower
2007-03-25,17.0,CHI,Melospiza,melodia,Passerellidae,5124,Yes,Edge,Lower
2007-03-26,17.0,MP,Junco,hyemalis,Passerellidae,6303,Yes,Edge,Lower
2007-03-26,17.0,MP,Junco,hyemalis,Passerellidae,6303,Yes,Edge,Lower
2007-03-26,17.0,MP,Junco,hyemalis,Passerellidae,6303,Yes,Edge,Lower
2007-03-26,17.0,CHI,Melospiza,melodia,Passerellidae,5124,Yes,Edge,Lower
2007-03-26,17.0,MP,Catharus,guttatus,Turdidae,3729,Yes,Forest,Lower
2007-03-26,17.0,MP,Junco,hyemalis,Passerellidae,6303,Yes,Edge,Lower
2007-03-26,17.0,CHI,Melospiza,melodia,Passerellidae,5124,Yes,Edge,Lower
2007-03-26,17.0,MP,Junco,hyemalis,Passerellidae,6303,Yes,Edge,Lower
2007-03-26,17.0,CHI,Regulus,satrapa,Regulidae,1029,Yes,Forest,Upper
2007-03-26,17.0,MP,Junco,hyemalis,Passerellidae,6303,Yes,Edge,Lower
2007-03-26,17.0,CHI,Melospiza,melodia,Passerellidae,5124,Yes,Edge,Lower
2007-03-26,17.0,MP,Junco,hyemalis,Passerellidae,6303,Yes,Edge,Lower
2007-03-26,17.0,MP,Passerella,iliaca,Passerellidae,2443,Yes,Edge,Lower
2007-03-26,17.0,CHI,Junco,hyemalis,Passerellidae,6303,Yes,Edge,Lower
2007-03-26,17.0,CHI,Melospiza,melodia,Passerellidae,5124,Yes,Edge,Lower
2007-03-26,17.0,MP,Melospiza,melodia,Passerellidae,5124,Yes,Edge,Lower
2007-03-26,17.0,MP,Passerella,iliaca,Passerellidae,2443,Yes,Edge,Lower
2007-03-26,17.0,MP,Melospiza,melodia,Passerellidae,5124,Yes,Edge,Lower
2007-03-26,17.0,MP,Melospiza,melodia,Passerellidae,5124,Yes,Edge,Lower
2007-03-26,17.0,MP,Melospiza,melodia,Passerellidae,5124,Yes,Edge,Lower
2007-03-26,17.0,MP,Melospiza,melodia,Passerellidae,5124,Yes,Edge,Lower
2007-03-26,17.0,CHI,Regulus,calendula,Regulidae,416,No,Forest,Upper
2007-03-26,17.0,MP,Junco,hyemalis,Passerellidae,6303,Yes,Edge,Lower
2007-03-26,17.0,MP,Melospiza,melodia,Passerellidae,5124,Yes,Edge,Lower
2007-03-26,17.0,MP,Melospiza,melodia,Passerellidae,5124,Yes,Edge,Lower
2007-03-26,17.0,MP,Melospiza,melodia,Passerellidae,5124,Yes,Edge,Lower
2007-03-26,17.0,CHI,Melospiza,melodia,Passerellidae,5124,Yes,Edge,Lower
2007-03-26,17.0,MP,Melospiza,melodia,Passerellidae,5124,Yes,Edge,Lower
2007-03-26,17.0,MP,Passerella,iliaca,Passerellidae,2443,Yes,Edge,Lower
2007-03-26,17.0,CHI,Melospiza,melodia,Passerellidae,5124,Yes,Edge,Lower
2007-03-26,17.0,MP,Melospiza,melodia,Passerellidae,5124,Yes,Edge,Lower
2007-03-26,17.0,MP,Passerella,iliaca,Passerellidae,2443,Yes,Edge,Lower
2007-03-26,17.0,CHI,Passerella,iliaca,Passerellidae,2443,Yes,Edge,Lower
2007-03-26,17.0,CHI,Passerella,iliaca,Passerellidae,2443,Yes,Edge,Lower
2007-03-26,17.0,MP,Junco,hyemalis,Passerellidae,6303,Yes,Edge,Lower
2007-03-26,17.0,MP,Passerella,iliaca,Passerellidae,2443,Yes,Edge,Lower
2007-03-26,17.0,MP,Melospiza,melodia,Passerellidae,5124,Yes,Edge,Lower
2007-03-26,17.0,CHI,Junco,hyemalis,Passerellidae,6303,Yes,Edge,Lower
2007-03-26,17.0,MP,Melospiza,melodia,Passerellidae,5124,Yes,Edge,Lower
2007-03-26,17.0,CHI,Junco,hyemalis,Passerellidae,6303,Yes,Edge,Lower
2007-03-26,17.0,MP,Passerella,iliaca,Passerellidae,2443,Yes,Edge,Lower
2007-03-26,17.0,MP,Passerella,iliaca,Passerellidae,2443,Yes,Edge,Lower
2007-03-27,17.0,MP,Junco,hyemalis,Passerellidae,6303,Yes,Edge,Lower
2007-03-27,17.0,MP,Passerella,iliaca,Passerellidae,2443,Yes,Edge,Lower
2007-03-27,17.0,MP,Melospiza,melodia,Passerellidae,5124,Yes,Edge,Lower
2007-03-27,17.0,MP,Junco,hyemalis,Passerellidae,6303,Yes,Edge,Lower
2007-03-27,17.0,MP,Melospiza,melodia,Passerellidae,5124,Yes,Edge,Lower
2007-03-27,17.0,MP,Passerella,iliaca,Passerellidae,2443,Yes,Edge,Lower
2007-03-27,17.0,MP,Passerella,iliaca,Passerellidae,2443,Yes,Edge,Lower
2007-03-27,17.0,MP,Passerella,iliaca,Passerellidae,2443,Yes,Edge,Lower
2007-03-27,17.0,CHI,Passerella,iliaca,Passerellidae,2443,Yes,Edge,Lower
2007-03-27,17.0,CHI,Passerella,iliaca,Passerellidae,2443,Yes,Edge,Lower
2007-03-27,17.0,MP,Melospiza,melodia,Passerellidae,5124,Yes,Edge,Lower
2007-03-27,17.0,MP,Spizelloides,arborea,Passerellidae,1262,Yes,Edge,Lower
2007-03-27,17.0,MP,Melospiza,melodia,Passerellidae,5124,Yes,Edge,Lower
2007-03-27,17.0,MP,Junco,hyemalis,Passerellidae,6303,Yes,Edge,Lower
2007-03-27,17.0,CHI,Melospiza,melodia,Passerellidae,5124,Yes,Edge,Lower
2007-03-27,17.0,MP,Melospiza,melodia,Passerellidae,5124,Yes,Edge,Lower
2007-03-27,17.0,MP,Junco,hyemalis,Passerellidae,6303,Yes,Edge,Lower
2007-03-27,17.0,CHI,Junco,hyemalis,Passerellidae,6303,Yes,Edge,Lower
2007-03-27,17.0,MP,Melospiza,melodia,Passerellidae,5124,Yes,Edge,Lower
2007-03-27,17.0,MP,Melospiza,melodia,Passerellidae,5124,Yes,Edge,Lower
2007-03-27,17.0,MP,Melospiza,melodia,Passerellidae,5124,Yes,Edge,Lower
2007-03-27,17.0,MP,Melospiza,melodia,Passerellidae,5124,Yes,Edge,Lower
2007-03-27,17.0,MP,Melospiza,melodia,Passerellidae,5124,Yes,Edge,Lower
2007-03-27,17.0,MP,Melospiza,melodia,Passerellidae,5124,Yes,Edge,Lower
2007-03-27,17.0,MP,Junco,hyemalis,Passerellidae,6303,Yes,Edge,Lower
2007-03-27,17.0,MP,Melospiza,melodia,Passerellidae,5124,Yes,Edge,Lower
2007-03-27,17.0,MP,Spizelloides,arborea,Passerellidae,1262,Yes,Edge,Lower
2007-03-28,17.0,CHI,Melospiza,melodia,Passerellidae,5124,Yes,Edge,Lower
2007-03-28,17.0,MP,Junco,hyemalis,Passerellidae,6303,Yes,Edge,Lower
2007-03-28,17.0,CHI,Regulus,satrapa,Regulidae,1029,Yes,Forest,Upper
2007-03-28,17.0,MP,Melospiza,melodia,Passerellidae,5124,Yes,Edge,Lower
2007-03-28,17.0,MP,Passerella,iliaca,Passerellidae,2443,Yes,Edge,Lower
2007-03-28,17.0,MP,Melospiza,melodia,Passerellidae,5124,Yes,Edge,Lower
2007-03-28,17.0,MP,Melospiza,melodia,Passerellidae,5124,Yes,Edge,Lower
2007-03-28,17.0,MP,Passerella,iliaca,Passerellidae,2443,Yes,Edge,Lower
2007-03-29,17.0,MP,Passerella,iliaca,Passerellidae,2443,Yes,Edge,Lower
2007-03-29,17.0,CHI,Passerella,iliaca,Passerellidae,2443,Yes,Edge,Lower
2007-03-29,17.0,CHI,Melospiza,melodia,Passerellidae,5124,Yes,Edge,Lower
2007-03-29,17.0,CHI,Junco,hyemalis,Passerellidae,6303,Yes,Edge,Lower
2007-03-29,17.0,CHI,Passerella,iliaca,Passerellidae,2443,Yes,Edge,Lower
2007-03-30,3.0,CHI,Passerella,iliaca,Passerellidae,2443,Yes,Edge,Lower
2007-03-30,3.0,CHI,Passerella,iliaca,Passerellidae,2443,Yes,Edge,Lower
2007-03-30,3.0,CHI,Regulus,satrapa,Regulidae,1029,Yes,Forest,Upper
2007-03-30,3.0,CHI,Passerella,iliaca,Passerellidae,2443,Yes,Edge,Lower
2007-03-30,3.0,CHI,Passerella,iliaca,Passerellidae,2443,Yes,Edge,Lower
2007-03-30,3.0,CHI,Spizella,pusilla,Passerellidae,325,Yes,Open,Lower
2007-03-30,3.0,CHI,Regulus,satrapa,Regulidae,1029,Yes,Forest,Upper
2007-03-31,14.0,MP,Melospiza,melodia,Passerellidae,5124,Yes,Edge,Lower
2007-03-31,14.0,MP,Melospiza,melodia,Passerellidae,5124,Yes,Edge,Lower
2007-04-01,3.0,CHI,Passerella,iliaca,Passerellidae,2443,Yes,Edge,Lower
2007-04-02,3.0,CHI,Junco,hyemalis,Passerellidae,6303,Yes,Edge,Lower
2007-04-02,3.0,CHI,Melospiza,melodia,Passerellidae,5124,Yes,Edge,Lower
2007-04-02,3.0,MP,Junco,hyemalis,Passerellidae,6303,Yes,Edge,Lower
2007-04-03,14.0,CHI,Junco,hyemalis,Passerellidae,6303,Yes,Edge,Lower
2007-04-03,14.0,CHI,Melospiza,melodia,Passerellidae,5124,Yes,Edge,Lower
2007-04-03,14.0,CHI,Regulus,satrapa,Regulidae,1029,Yes,Forest,Upper
2007-04-03,14.0,CHI,Junco,hyemalis,Passerellidae,6303,Yes,Edge,Lower
2007-04-03,14.0,CHI,Junco,hyemalis,Passerellidae,6303,Yes,Edge,Lower
2007-04-03,14.0,CHI,Junco,hyemalis,Passerellidae,6303,Yes,Edge,Lower
2007-04-03,14.0,CHI,Zonotrichia,albicollis,Passerellidae,10133,Yes,Forest,Lower
2007-04-03,14.0,CHI,Catharus,guttatus,Turdidae,3729,Yes,Forest,Lower
2007-04-03,14.0,CHI,Catharus,guttatus,Turdidae,3729,Yes,Forest,Lower
2007-04-03,14.0,CHI,Catharus,guttatus,Turdidae,3729,Yes,Forest,Lower
2007-04-03,14.0,CHI,Passerella,iliaca,Passerellidae,2443,Yes,Edge,Lower
2007-04-04,3.0,MP,Spizella,pusilla,Passerellidae,325,Yes,Open,Lower
2007-04-04,3.0,CHI,Melospiza,melodia,Passerellidae,5124,Yes,Edge,Lower
2007-04-05,3.0,MP,Spizella,pusilla,Passerellidae,325,Yes,Open,Lower
2007-04-09,3.0,CHI,Regulus,calendula,Regulidae,416,No,Forest,Upper
2007-04-11,14.0,CHI,Regulus,satrapa,Regulidae,1029,Yes,Forest,Upper
2007-04-11,14.0,CHI,Regulus,satrapa,Regulidae,1029,Yes,Forest,Upper
2007-04-11,14.0,CHI,Zonotrichia,albicollis,Passerellidae,10133,Yes,Forest,Lower
2007-04-14,9.0,CHI,Melospiza,melodia,Passerellidae,5124,Yes,Edge,Lower
2007-04-14,9.0,CHI,Zonotrichia,albicollis,Passerellidae,10133,Yes,Forest,Lower
2007-04-15,4.0,MP,Regulus,calendula,Regulidae,416,No,Forest,Upper
2007-04-15,4.0,CHI,Catharus,guttatus,Turdidae,3729,Yes,Forest,Lower
2007-04-18,8.0,CHI,Catharus,guttatus,Turdidae,3729,Yes,Forest,Lower
2007-04-18,8.0,CHI,Junco,hyemalis,Passerellidae,6303,Yes,Edge,Lower
2007-04-18,8.0,CHI,Catharus,guttatus,Turdidae,3729,Yes,Forest,Lower
2007-04-18,8.0,CHI,Catharus,guttatus,Turdidae,3729,Yes,Forest,Lower
2007-04-19,9.0,CHI,Catharus,guttatus,Turdidae,3729,Yes,Forest,Lower
2007-04-20,11.0,CHI,Junco,hyemalis,Passerellidae,6303,Yes,Edge,Lower
2007-04-20,11.0,CHI,Zonotrichia,albicollis,Passerellidae,10133,Yes,Forest,Lower
2007-04-20,11.0,CHI,Seiurus,aurocapilla,Parulidae,4580,Yes,Forest,Lower
2007-04-21,12.0,CHI,Regulus,satrapa,Regulidae,1029,Yes,Forest,Upper
2007-04-21,12.0,MP,Catharus,guttatus,Turdidae,3729,Yes,Forest,Lower
2007-04-21,12.0,CHI,Setophaga,pinus,Parulidae,49,Yes,Forest,Upper
2007-04-21,12.0,CHI,Junco,hyemalis,Passerellidae,6303,Yes,Edge,Lower
2007-04-21,12.0,CHI,Catharus,guttatus,Turdidae,3729,Yes,Forest,Lower
2007-04-21,12.0,CHI,Junco,hyemalis,Passerellidae,6303,Yes,Edge,Lower
2007-05-20,15.0,MP,Oreothlypis,ruficapilla,Parulidae,1690,Yes,Forest,Upper
2007-05-20,15.0,CHI,dumetella,carolinensis,Mimidae,599,no,edge,Lower
2007-05-20,15.0,CHI,Mniotilta,varia,Parulidae,620,Yes,Forest,Upper
2007-05-20,15.0,CHI,Setophaga,tigrina,Parulidae,182,Yes,Forest,Upper
2007-05-20,15.0,CHI,setophaga,ruticilla,Parulidae,868,Yes,Edge,Upper
2007-05-20,15.0,MP,Melospiza,lincolnii,Passerellidae,2029,yes,edge,Lower
2007-05-20,15.0,CHI,Seiurus,aurocapilla,Parulidae,4580,Yes,Forest,Lower
2007-05-20,15.0,CHI,Zonotrichia,albicollis,Passerellidae,10133,Yes,Forest,Lower
2007-05-20,15.0,CHI,Empidonax,minimus,Tyrannidae,96,No,Edge,Upper
2007-05-20,15.0,CHI,Seiurus,aurocapilla,Parulidae,4580,Yes,Forest,Lower
2007-05-20,15.0,CHI,dumetella,carolinensis,Mimidae,599,no,edge,Lower
2007-05-20,15.0,CHI,catharus,ustulatus,Turdidae,2331,Yes,Forest,Lower
2007-05-20,15.0,CHI,Seiurus,aurocapilla,Parulidae,4580,Yes,Forest,Lower
2007-05-20,15.0,CHI,geothlypis,philadelphia,Parulidae,430,Yes,Edge,Lower
2007-05-20,15.0,CHI,Seiurus,aurocapilla,Parulidae,4580,Yes,Forest,Lower
2007-05-20,15.0,CHI,Cardellina,pusilla,Parulidae,185,Yes,Edge,Lower
2007-05-20,15.0,CHI,Seiurus,aurocapilla,Parulidae,4580,Yes,Forest,Lower
2007-05-20,15.0,CHI,Setophaga,magnolia,Parulidae,1224,yes,forest,Upper
2007-05-20,15.0,CHI,Seiurus,aurocapilla,Parulidae,4580,Yes,Forest,Lower
2007-05-20,15.0,CHI,Seiurus,aurocapilla,Parulidae,4580,Yes,Forest,Lower
2007-05-20,15.0,CHI,Seiurus,aurocapilla,Parulidae,4580,Yes,Forest,Lower
2007-05-20,15.0,CHI,Geothlypis,trichas,Parulidae,1555,Yes,Open,Lower
2007-05-20,15.0,CHI,Seiurus,aurocapilla,Parulidae,4580,Yes,Forest,Lower
2007-05-20,15.0,CHI,Seiurus,aurocapilla,Parulidae,4580,Yes,Forest,Lower
2007-05-20,15.0,CHI,Cardellina,pusilla,Parulidae,185,Yes,Edge,Lower
2007-05-20,15.0,CHI,Setophaga,fusca,Parulidae,201,Yes,Forest,Upper
2007-05-20,15.0,CHI,Cardellina,canadensis,Parulidae,241,Yes,Forest,Lower
2007-05-20,15.0,CHI,Seiurus,aurocapilla,Parulidae,4580,Yes,Forest,Lower
2007-05-20,15.0,CHI,Zonotrichia,leucophrys,Passerellidae,1090,Yes,Edge,Lower
2007-05-21,15.0,CHI,Setophaga,pensylvanica,Parulidae,303,Yes,Edge,Upper
2007-05-21,15.0,CHI,Cardellina,canadensis,Parulidae,241,Yes,Forest,Lower
2007-05-21,15.0,CHI,Seiurus,aurocapilla,Parulidae,4580,Yes,Forest,Lower
2007-05-21,15.0,CHI,Catharus,minimus,Turdidae,822,Yes,Forest,Lower
2007-05-21,15.0,CHI,Catharus,minimus,Turdidae,822,Yes,Forest,Lower
2007-05-21,15.0,CHI,geothlypis,philadelphia,Parulidae,430,Yes,Edge,Lower
2007-05-22,4.0,CHI,Setophaga,fusca,Parulidae,201,Yes,Forest,Upper
2007-05-22,4.0,CHI,Hylocichla,mustelina,Turdidae,500,Yes,Forest,Lower
2007-05-22,4.0,CHI,Piranga,olivacea,Cardinalidae,127,Yes,Forest,Upper
2007-05-22,4.0,CHI,catharus,ustulatus,Turdidae,2331,Yes,Forest,Lower
2007-05-22,4.0,CHI,setophaga,ruticilla,Parulidae,868,Yes,Edge,Upper
2007-05-23,4.0,CHI,Zonotrichia,albicollis,Passerellidae,10133,Yes,Forest,Lower
2007-05-23,4.0,CHI,Setophaga,caerulescens,Parulidae,183,Yes,Forest,Upper
2007-05-23,4.0,CHI,vireo,solitarius,Vireonidae,18,No,Forest,Upper
2007-05-23,4.0,CHI,Setophaga,magnolia,Parulidae,1224,yes,forest,Upper
2007-05-23,4.0,CHI,setophaga,ruticilla,Parulidae,868,Yes,Edge,Upper
2007-05-23,4.0,CHI,Cardellina,canadensis,Parulidae,241,Yes,Forest,Lower
2007-05-23,4.0,CHI,Seiurus,aurocapilla,Parulidae,4580,Yes,Forest,Lower
2007-05-25,5.0,CHI,Hylocichla,mustelina,Turdidae,500,Yes,Forest,Lower
2007-05-25,5.0,CHI,Vireo,olivaceus,Vireonidae,133,No,Forest,Upper
2007-05-25,5.0,CHI,Cardellina,canadensis,Parulidae,241,Yes,Forest,Lower
2007-05-25,5.0,CHI,catharus,ustulatus,Turdidae,2331,Yes,Forest,Lower
2007-05-26,5.0,CHI,Zonotrichia,albicollis,Passerellidae,10133,Yes,Forest,Lower
2007-05-26,5.0,CHI,Setophaga,magnolia,Parulidae,1224,yes,forest,Upper
2007-05-26,5.0,CHI,Cardellina,canadensis,Parulidae,241,Yes,Forest,Lower
2007-05-26,5.0,CHI,Seiurus,aurocapilla,Parulidae,4580,Yes,Forest,Lower
2007-05-26,5.0,CHI,setophaga,ruticilla,Parulidae,868,Yes,Edge,Upper
2007-05-27,5.0,CHI,Geothlypis,trichas,Parulidae,1555,Yes,Open,Lower
2007-05-27,5.0,CHI,Seiurus,aurocapilla,Parulidae,4580,Yes,Forest,Lower
2007-05-27,5.0,CHI,Seiurus,aurocapilla,Parulidae,4580,Yes,Forest,Lower
2007-05-27,5.0,CHI,Setophaga,magnolia,Parulidae,1224,yes,forest,Upper
2007-05-27,5.0,CHI,Passerina,cyanea,Cardinalidae,725,yes,edge,Upper
2007-05-27,5.0,CHI,Hylocichla,mustelina,Turdidae,500,Yes,Forest,Lower
2007-05-27,5.0,CHI,geothlypis,philadelphia,Parulidae,430,Yes,Edge,Lower
2007-05-27,5.0,CHI,Cardellina,pusilla,Parulidae,185,Yes,Edge,Lower
2007-05-27,5.0,CHI,Seiurus,aurocapilla,Parulidae,4580,Yes,Forest,Lower
2007-05-28,5.0,CHI,Piranga,olivacea,Cardinalidae,127,Yes,Forest,Upper
2007-05-28,5.0,CHI,Seiurus,aurocapilla,Parulidae,4580,Yes,Forest,Lower
2007-05-28,5.0,CHI,Empidonax,flaviventris,Tyrannidae,68,No,Forest,Upper
2007-05-28,5.0,CHI,Empidonax,flaviventris,Tyrannidae,68,No,Forest,Upper
2007-05-28,5.0,CHI,Geothlypis,trichas,Parulidae,1555,Yes,Open,Lower
2007-05-28,5.0,CHI,Seiurus,aurocapilla,Parulidae,4580,Yes,Forest,Lower
2007-05-28,5.0,CHI,Geothlypis,trichas,Parulidae,1555,Yes,Open,Lower
2007-05-28,5.0,CHI,Cardellina,canadensis,Parulidae,241,Yes,Forest,Lower
2007-05-28,5.0,CHI,Setophaga,magnolia,Parulidae,1224,yes,forest,Upper
2007-05-29,5.0,CHI,Setophaga,pensylvanica,Parulidae,303,Yes,Edge,Upper
2007-05-29,5.0,CHI,Seiurus,aurocapilla,Parulidae,4580,Yes,Forest,Lower
2007-05-30,4.0,CHI,Seiurus,aurocapilla,Parulidae,4580,Yes,Forest,Lower
2007-05-30,4.0,CHI,Vireo,olivaceus,Vireonidae,133,No,Forest,Upper
2007-05-30,4.0,CHI,dumetella,carolinensis,Mimidae,599,no,edge,Lower
2007-08-22,4.0,CHI,Oreothlypis,peregrina,Parulidae,2515,Yes,Edge,Upper
2007-08-23,3.0,CHI,Oreothlypis,peregrina,Parulidae,2515,Yes,Edge,Upper
2007-08-23,3.0,CHI,Seiurus,aurocapilla,Parulidae,4580,Yes,Forest,Lower
2007-08-23,3.0,CHI,Setophaga,fusca,Parulidae,201,Yes,Forest,Upper
2007-08-23,3.0,CHI,Seiurus,aurocapilla,Parulidae,4580,Yes,Forest,Lower
2007-08-23,3.0,CHI,Oreothlypis,peregrina,Parulidae,2515,Yes,Edge,Upper
2007-08-23,3.0,CHI,Oreothlypis,peregrina,Parulidae,2515,Yes,Edge,Upper
2007-08-24,4.0,MP,Oreothlypis,peregrina,Parulidae,2515,Yes,Edge,Upper
2007-08-24,4.0,CHI,Oreothlypis,peregrina,Parulidae,2515,Yes,Edge,Upper
2007-08-24,4.0,CHI,Oreothlypis,peregrina,Parulidae,2515,Yes,Edge,Upper
2007-08-24,4.0,CHI,Oreothlypis,peregrina,Parulidae,2515,Yes,Edge,Upper
2007-08-24,4.0,CHI,Catharus,fuscescens,Turdidae,727,Yes,Forest,Lower
2007-08-24,4.0,CHI,Oreothlypis,peregrina,Parulidae,2515,Yes,Edge,Upper
2007-08-24,4.0,MP,Seiurus,aurocapilla,Parulidae,4580,Yes,Forest,Lower
2007-08-25,4.0,CHI,Oreothlypis,peregrina,Parulidae,2515,Yes,Edge,Upper
2007-08-25,4.0,CHI,Seiurus,aurocapilla,Parulidae,4580,Yes,Forest,Lower
2007-08-25,4.0,CHI,geothlypis,philadelphia,Parulidae,430,Yes,Edge,Lower
2007-08-25,4.0,CHI,Sitta,canadensis,Sittidae,260,Yes,Forest,Upper
2007-08-25,4.0,CHI,Setophaga,magnolia,Parulidae,1224,yes,forest,Upper
2007-08-25,4.0,CHI,Cardellina,canadensis,Parulidae,241,Yes,Forest,Lower
2007-08-25,4.0,CHI,Oreothlypis,peregrina,Parulidae,2515,Yes,Edge,Upper
2007-08-25,4.0,CHI,Oreothlypis,peregrina,Parulidae,2515,Yes,Edge,Upper
2007-08-25,4.0,CHI,Cardellina,pusilla,Parulidae,185,Yes,Edge,Lower
2007-08-25,4.0,CHI,Catharus,fuscescens,Turdidae,727,Yes,Forest,Lower
2007-08-25,4.0,CHI,Seiurus,aurocapilla,Parulidae,4580,Yes,Forest,Lower
2007-08-26,3.0,CHI,Seiurus,aurocapilla,Parulidae,4580,Yes,Forest,Lower
2007-08-26,3.0,CHI,Setophaga,magnolia,Parulidae,1224,yes,forest,Upper
2007-08-26,3.0,CHI,Seiurus,aurocapilla,Parulidae,4580,Yes,Forest,Lower
2007-08-26,3.0,CHI,Seiurus,aurocapilla,Parulidae,4580,Yes,Forest,Lower
2007-08-26,3.0,CHI,Seiurus,aurocapilla,Parulidae,4580,Yes,Forest,Lower
2007-08-26,3.0,CHI,setophaga,ruticilla,Parulidae,868,Yes,Edge,Upper
2007-08-26,3.0,CHI,Setophaga,magnolia,Parulidae,1224,yes,forest,Upper
2007-08-26,3.0,CHI,Seiurus,aurocapilla,Parulidae,4580,Yes,Forest,Lower
2007-08-26,3.0,CHI,setophaga,ruticilla,Parulidae,868,Yes,Edge,Upper
2007-08-26,3.0,CHI,Setophaga,magnolia,Parulidae,1224,yes,forest,Upper
2007-08-26,3.0,CHI,Oporornis,agilis,Parulidae,365,Yes,Forest,Lower
2007-08-26,3.0,CHI,Cardellina,pusilla,Parulidae,185,Yes,Edge,Lower
2007-08-26,3.0,CHI,Mniotilta,varia,Parulidae,620,Yes,Forest,Upper
2007-08-26,3.0,CHI,Seiurus,aurocapilla,Parulidae,4580,Yes,Forest,Lower
2007-08-26,3.0,CHI,Cardellina,canadensis,Parulidae,241,Yes,Forest,Lower
2007-08-26,3.0,CHI,Vermivora,chrysoptera,Parulidae,53,Yes,Edge,Upper
2007-08-26,3.0,CHI,setophaga,ruticilla,Parulidae,868,Yes,Edge,Upper
2007-08-26,3.0,CHI,Oreothlypis,peregrina,Parulidae,2515,Yes,Edge,Upper
2007-08-26,3.0,CHI,Oreothlypis,peregrina,Parulidae,2515,Yes,Edge,Upper
2007-08-26,3.0,CHI,Oreothlypis,ruficapilla,Parulidae,1690,Yes,Forest,Upper
2007-08-26,3.0,CHI,Oreothlypis,peregrina,Parulidae,2515,Yes,Edge,Upper
2007-08-26,3.0,CHI,setophaga,ruticilla,Parulidae,868,Yes,Edge,Upper
2007-08-26,3.0,CHI,Catharus,fuscescens,Turdidae,727,Yes,Forest,Lower
2007-08-26,3.0,CHI,Catharus,fuscescens,Turdidae,727,Yes,Forest,Lower
2007-08-26,3.0,CHI,Oreothlypis,peregrina,Parulidae,2515,Yes,Edge,Upper
2007-08-26,3.0,CHI,geothlypis,philadelphia,Parulidae,430,Yes,Edge,Lower
2007-08-26,3.0,CHI,catharus,ustulatus,Turdidae,2331,Yes,Forest,Lower
2007-08-26,3.0,CHI,Seiurus,aurocapilla,Parulidae,4580,Yes,Forest,Lower
2007-08-26,3.0,CHI,Setophaga,magnolia,Parulidae,1224,yes,forest,Upper
2007-08-26,3.0,CHI,Passerina,cyanea,Cardinalidae,725,yes,edge,Upper
2007-08-26,3.0,CHI,Catharus,fuscescens,Turdidae,727,Yes,Forest,Lower
2007-08-27,4.0,CHI,Setophaga,fusca,Parulidae,201,Yes,Forest,Upper
2007-08-27,4.0,CHI,Seiurus,aurocapilla,Parulidae,4580,Yes,Forest,Lower
2007-08-27,4.0,CHI,Oreothlypis,peregrina,Parulidae,2515,Yes,Edge,Upper
2007-08-27,4.0,CHI,Oreothlypis,peregrina,Parulidae,2515,Yes,Edge,Upper
2007-08-28,3.0,CHI,Icterus,galbula,Icteridae,83,Yes,Edge,Upper
2007-08-30,4.0,CHI,Seiurus,aurocapilla,Parulidae,4580,Yes,Forest,Lower
2007-08-30,4.0,CHI,Oporornis,agilis,Parulidae,365,Yes,Forest,Lower
2007-08-30,4.0,CHI,Empidonax,minimus,Tyrannidae,96,No,Edge,Upper
2007-08-30,4.0,CHI,Setophaga,striata,Parulidae,787,Yes,Forest,Upper
2007-08-30,4.0,CHI,Seiurus,aurocapilla,Parulidae,4580,Yes,Forest,Lower
2007-08-31,9.0,MP,Oreothlypis,ruficapilla,Parulidae,1690,Yes,Forest,Upper
2007-08-31,9.0,CHI,Oreothlypis,ruficapilla,Parulidae,1690,Yes,Forest,Upper
2007-08-31,9.0,CHI,catharus,ustulatus,Turdidae,2331,Yes,Forest,Lower
2007-08-31,9.0,CHI,Setophaga,fusca,Parulidae,201,Yes,Forest,Upper
2007-08-31,9.0,CHI,Catharus,fuscescens,Turdidae,727,Yes,Forest,Lower
2007-09-01,9.0,CHI,catharus,ustulatus,Turdidae,2331,Yes,Forest,Lower
2007-09-01,9.0,CHI,Oreothlypis,ruficapilla,Parulidae,1690,Yes,Forest,Upper
2007-09-02,9.0,CHI,Sitta,canadensis,Sittidae,260,Yes,Forest,Upper
2007-09-02,9.0,CHI,Sitta,canadensis,Sittidae,260,Yes,Forest,Upper
2007-09-02,9.0,MP,Oreothlypis,peregrina,Parulidae,2515,Yes,Edge,Upper
2007-09-03,11.0,CHI,Setophaga,americana,Parulidae,59,Yes,Forest,Upper
2007-09-03,11.0,CHI,Sitta,canadensis,Sittidae,260,Yes,Forest,Upper
2007-09-03,11.0,CHI,Sitta,canadensis,Sittidae,260,Yes,Forest,Upper
2007-09-03,11.0,CHI,Vermivora,chrysoptera,Parulidae,53,Yes,Edge,Upper
2007-09-03,11.0,CHI,Setophaga,magnolia,Parulidae,1224,yes,forest,Upper
2007-09-03,11.0,CHI,Setophaga,pensylvanica,Parulidae,303,Yes,Edge,Upper
2007-09-03,11.0,MP,Catharus,fuscescens,Turdidae,727,Yes,Forest,Lower
2007-09-03,11.0,CHI,Oporornis,agilis,Parulidae,365,Yes,Forest,Lower
2007-09-03,11.0,CHI,Setophaga,castanea,Parulidae,287,Yes,Forest,Upper
2007-09-03,11.0,CHI,Setophaga,castanea,Parulidae,287,Yes,Forest,Upper
2007-09-03,11.0,CHI,Setophaga,magnolia,Parulidae,1224,yes,forest,Upper
2007-09-03,11.0,MP,Seiurus,aurocapilla,Parulidae,4580,Yes,Forest,Lower
2007-09-03,11.0,CHI,Seiurus,aurocapilla,Parulidae,4580,Yes,Forest,Lower
2007-09-03,11.0,CHI,Seiurus,aurocapilla,Parulidae,4580,Yes,Forest,Lower
2007-09-03,11.0,CHI,Seiurus,aurocapilla,Parulidae,4580,Yes,Forest,Lower
2007-09-03,11.0,CHI,Seiurus,aurocapilla,Parulidae,4580,Yes,Forest,Lower
2007-09-03,11.0,CHI,Seiurus,aurocapilla,Parulidae,4580,Yes,Forest,Lower
2007-09-03,11.0,CHI,Setophaga,magnolia,Parulidae,1224,yes,forest,Upper
2007-09-03,11.0,CHI,catharus,ustulatus,Turdidae,2331,Yes,Forest,Lower
2007-09-03,11.0,CHI,catharus,ustulatus,Turdidae,2331,Yes,Forest,Lower
2007-09-03,11.0,CHI,Setophaga,magnolia,Parulidae,1224,yes,forest,Upper
2007-09-03,11.0,CHI,Setophaga,magnolia,Parulidae,1224,yes,forest,Upper
2007-09-03,11.0,CHI,setophaga,ruticilla,Parulidae,868,Yes,Edge,Upper
2007-09-03,11.0,CHI,setophaga,ruticilla,Parulidae,868,Yes,Edge,Upper
2007-09-03,11.0,CHI,setophaga,ruticilla,Parulidae,868,Yes,Edge,Upper
2007-09-03,11.0,CHI,Setophaga,magnolia,Parulidae,1224,yes,forest,Upper
2007-09-03,11.0,CHI,Setophaga,magnolia,Parulidae,1224,yes,forest,Upper
2007-09-03,11.0,CHI,setophaga,ruticilla,Parulidae,868,Yes,Edge,Upper
2007-09-03,11.0,CHI,Setophaga,pensylvanica,Parulidae,303,Yes,Edge,Upper
2007-09-03,11.0,CHI,Oreothlypis,peregrina,Parulidae,2515,Yes,Edge,Upper
2007-09-03,11.0,CHI,Setophaga,striata,Parulidae,787,Yes,Forest,Upper
2007-09-03,11.0,CHI,Setophaga,palmarum,Parulidae,694,Yes,Edge,Lower
2007-09-03,11.0,CHI,Mniotilta,varia,Parulidae,620,Yes,Forest,Upper
2007-09-03,11.0,CHI,Mniotilta,varia,Parulidae,620,Yes,Forest,Upper
2007-09-03,11.0,CHI,Oreothlypis,peregrina,Parulidae,2515,Yes,Edge,Upper
2007-09-03,11.0,CHI,Oreothlypis,peregrina,Parulidae,2515,Yes,Edge,Upper
2007-09-03,11.0,CHI,Oreothlypis,peregrina,Parulidae,2515,Yes,Edge,Upper
2007-09-03,11.0,CHI,Oreothlypis,peregrina,Parulidae,2515,Yes,Edge,Upper
2007-09-03,11.0,CHI,Oreothlypis,peregrina,Parulidae,2515,Yes,Edge,Upper
2007-09-03,11.0,CHI,Oreothlypis,peregrina,Parulidae,2515,Yes,Edge,Upper
2007-09-03,11.0,CHI,Mniotilta,varia,Parulidae,620,Yes,Forest,Upper
2007-09-03,11.0,CHI,Oreothlypis,peregrina,Parulidae,2515,Yes,Edge,Upper
2007-09-03,11.0,CHI,Mniotilta,varia,Parulidae,620,Yes,Forest,Upper
2007-09-03,11.0,CHI,Oreothlypis,peregrina,Parulidae,2515,Yes,Edge,Upper
2007-09-04,11.0,CHI,Sitta,canadensis,Sittidae,260,Yes,Forest,Upper
2007-09-04,11.0,CHI,Setophaga,fusca,Parulidae,201,Yes,Forest,Upper
2007-09-04,11.0,CHI,Setophaga,fusca,Parulidae,201,Yes,Forest,Upper
2007-09-04,11.0,CHI,Setophaga,pensylvanica,Parulidae,303,Yes,Edge,Upper
2007-09-04,11.0,CHI,Oreothlypis,peregrina,Parulidae,2515,Yes,Edge,Upper
2007-09-04,11.0,CHI,Oreothlypis,peregrina,Parulidae,2515,Yes,Edge,Upper
2007-09-04,11.0,MP,catharus,ustulatus,Turdidae,2331,Yes,Forest,Lower
2007-09-04,11.0,CHI,catharus,ustulatus,Turdidae,2331,Yes,Forest,Lower
2007-09-04,11.0,CHI,setophaga,ruticilla,Parulidae,868,Yes,Edge,Upper
2007-09-04,11.0,CHI,Oreothlypis,peregrina,Parulidae,2515,Yes,Edge,Upper
2007-09-04,11.0,CHI,Oreothlypis,peregrina,Parulidae,2515,Yes,Edge,Upper
2007-09-04,11.0,MP,Setophaga,striata,Parulidae,787,Yes,Forest,Upper
2007-09-04,11.0,CHI,Oreothlypis,peregrina,Parulidae,2515,Yes,Edge,Upper
2007-09-04,11.0,MP,Oreothlypis,peregrina,Parulidae,2515,Yes,Edge,Upper
2007-09-04,11.0,MP,Oreothlypis,peregrina,Parulidae,2515,Yes,Edge,Upper
2007-09-04,11.0,CHI,Setophaga,palmarum,Parulidae,694,Yes,Edge,Lower
2007-09-04,11.0,CHI,Oreothlypis,peregrina,Parulidae,2515,Yes,Edge,Upper
2007-09-04,11.0,MP,Oreothlypis,ruficapilla,Parulidae,1690,Yes,Forest,Upper
2007-09-04,11.0,CHI,Sitta,canadensis,Sittidae,260,Yes,Forest,Upper
2007-09-04,11.0,CHI,Oreothlypis,peregrina,Parulidae,2515,Yes,Edge,Upper
2007-09-04,11.0,CHI,setophaga,ruticilla,Parulidae,868,Yes,Edge,Upper
2007-09-04,11.0,CHI,Oreothlypis,ruficapilla,Parulidae,1690,Yes,Forest,Upper
2007-09-04,11.0,CHI,Setophaga,magnolia,Parulidae,1224,yes,forest,Upper
2007-09-04,11.0,CHI,Oreothlypis,peregrina,Parulidae,2515,Yes,Edge,Upper
2007-09-04,11.0,MP,Mniotilta,varia,Parulidae,620,Yes,Forest,Upper
2007-09-04,11.0,MP,Setophaga,striata,Parulidae,787,Yes,Forest,Upper
2007-09-04,11.0,CHI,Parkesia,noveboracensis,Parulidae,916,Yes,Forest,Lower
2007-09-04,11.0,CHI,Oreothlypis,peregrina,Parulidae,2515,Yes,Edge,Upper
2007-09-04,11.0,CHI,Oreothlypis,peregrina,Parulidae,2515,Yes,Edge,Upper
2007-09-04,11.0,CHI,Setophaga,magnolia,Parulidae,1224,yes,forest,Upper
2007-09-04,11.0,CHI,setophaga,ruticilla,Parulidae,868,Yes,Edge,Upper
2007-09-04,11.0,CHI,Oreothlypis,peregrina,Parulidae,2515,Yes,Edge,Upper
2007-09-04,11.0,MP,Oporornis,agilis,Parulidae,365,Yes,Forest,Lower
2007-09-04,11.0,CHI,Setophaga,castanea,Parulidae,287,Yes,Forest,Upper
2007-09-04,11.0,CHI,Seiurus,aurocapilla,Parulidae,4580,Yes,Forest,Lower
2007-09-04,11.0,CHI,Seiurus,aurocapilla,Parulidae,4580,Yes,Forest,Lower
2007-09-04,11.0,CHI,Setophaga,magnolia,Parulidae,1224,yes,forest,Upper
2007-09-04,11.0,MP,Oporornis,agilis,Parulidae,365,Yes,Forest,Lower
2007-09-05,9.0,CHI,Oreothlypis,peregrina,Parulidae,2515,Yes,Edge,Upper
2007-09-05,9.0,CHI,Setophaga,magnolia,Parulidae,1224,yes,forest,Upper
2007-09-05,9.0,CHI,catharus,ustulatus,Turdidae,2331,Yes,Forest,Lower
2007-09-05,9.0,CHI,Seiurus,aurocapilla,Parulidae,4580,Yes,Forest,Lower
2007-09-05,9.0,CHI,Oporornis,agilis,Parulidae,365,Yes,Forest,Lower
2007-09-05,9.0,CHI,Sitta,canadensis,Sittidae,260,Yes,Forest,Upper
2007-09-05,9.0,CHI,Oreothlypis,peregrina,Parulidae,2515,Yes,Edge,Upper
2007-09-05,9.0,CHI,Seiurus,aurocapilla,Parulidae,4580,Yes,Forest,Lower
2007-09-05,9.0,CHI,geothlypis,philadelphia,Parulidae,430,Yes,Edge,Lower
2007-09-05,9.0,CHI,dumetella,carolinensis,Mimidae,599,no,edge,Lower
2007-09-05,9.0,CHI,Parkesia,noveboracensis,Parulidae,916,Yes,Forest,Lower
2007-09-05,9.0,CHI,Cardellina,pusilla,Parulidae,185,Yes,Edge,Lower
2007-09-05,9.0,CHI,Oreothlypis,peregrina,Parulidae,2515,Yes,Edge,Upper
2007-09-05,9.0,CHI,catharus,ustulatus,Turdidae,2331,Yes,Forest,Lower
2007-09-06,10.0,CHI,catharus,ustulatus,Turdidae,2331,Yes,Forest,Lower
2007-09-06,10.0,CHI,Oporornis,agilis,Parulidae,365,Yes,Forest,Lower
2007-09-06,10.0,CHI,Seiurus,aurocapilla,Parulidae,4580,Yes,Forest,Lower
2007-09-06,10.0,MP,geothlypis,philadelphia,Parulidae,430,Yes,Edge,Lower
2007-09-06,10.0,CHI,Oreothlypis,peregrina,Parulidae,2515,Yes,Edge,Upper
2007-09-06,10.0,CHI,Oreothlypis,peregrina,Parulidae,2515,Yes,Edge,Upper
2007-09-06,10.0,CHI,Oreothlypis,peregrina,Parulidae,2515,Yes,Edge,Upper
2007-09-06,10.0,CHI,Cardellina,pusilla,Parulidae,185,Yes,Edge,Lower
2007-09-07,10.0,CHI,Setophaga,striata,Parulidae,787,Yes,Forest,Upper
2007-09-07,10.0,CHI,Oreothlypis,peregrina,Parulidae,2515,Yes,Edge,Upper
2007-09-08,12.0,CHI,Setophaga,magnolia,Parulidae,1224,yes,forest,Upper
2007-09-08,12.0,CHI,catharus,ustulatus,Turdidae,2331,Yes,Forest,Lower
2007-09-08,12.0,MP,Oreothlypis,peregrina,Parulidae,2515,Yes,Edge,Upper
2007-09-08,12.0,CHI,Seiurus,aurocapilla,Parulidae,4580,Yes,Forest,Lower
2007-09-08,12.0,CHI,Setophaga,striata,Parulidae,787,Yes,Forest,Upper
2007-09-08,12.0,CHI,Seiurus,aurocapilla,Parulidae,4580,Yes,Forest,Lower
2007-09-08,12.0,CHI,Sitta,canadensis,Sittidae,260,Yes,Forest,Upper
2007-09-08,12.0,CHI,catharus,ustulatus,Turdidae,2331,Yes,Forest,Lower
2007-09-08,12.0,CHI,Setophaga,palmarum,Parulidae,694,Yes,Edge,Lower
2007-09-08,12.0,CHI,setophaga,ruticilla,Parulidae,868,Yes,Edge,Upper
2007-09-08,12.0,CHI,catharus,ustulatus,Turdidae,2331,Yes,Forest,Lower
2007-09-08,12.0,CHI,catharus,ustulatus,Turdidae,2331,Yes,Forest,Lower
2007-09-08,12.0,CHI,setophaga,ruticilla,Parulidae,868,Yes,Edge,Upper
2007-09-08,12.0,CHI,Zonotrichia,albicollis,Passerellidae,10133,Yes,Forest,Lower
2007-09-08,12.0,CHI,Cardellina,pusilla,Parulidae,185,Yes,Edge,Lower
2007-09-08,12.0,CHI,Setophaga,magnolia,Parulidae,1224,yes,forest,Upper
2007-09-09,9.0,CHI,Sitta,canadensis,Sittidae,260,Yes,Forest,Upper
2007-09-09,9.0,CHI,Setophaga,striata,Parulidae,787,Yes,Forest,Upper
2007-09-09,9.0,CHI,Seiurus,aurocapilla,Parulidae,4580,Yes,Forest,Lower
2007-09-09,9.0,CHI,Seiurus,aurocapilla,Parulidae,4580,Yes,Forest,Lower
2007-09-09,9.0,CHI,Seiurus,aurocapilla,Parulidae,4580,Yes,Forest,Lower
2007-09-09,9.0,CHI,Sitta,canadensis,Sittidae,260,Yes,Forest,Upper
2007-09-09,9.0,CHI,Seiurus,aurocapilla,Parulidae,4580,Yes,Forest,Lower
2007-09-09,9.0,CHI,Oreothlypis,peregrina,Parulidae,2515,Yes,Edge,Upper
2007-09-09,9.0,MP,Piranga,olivacea,Cardinalidae,127,Yes,Forest,Upper
2007-09-09,9.0,CHI,Setophaga,palmarum,Parulidae,694,Yes,Edge,Lower
2007-09-09,9.0,CHI,dumetella,carolinensis,Mimidae,599,no,edge,Lower
2007-09-09,9.0,CHI,Geothlypis,trichas,Parulidae,1555,Yes,Open,Lower
2007-09-09,9.0,CHI,Troglodytes,aedon,Troglodytidae,104,No,Edge,Lower
2007-09-09,9.0,CHI,Vireo,olivaceus,Vireonidae,133,No,Forest,Upper
2007-09-09,9.0,CHI,catharus,ustulatus,Turdidae,2331,Yes,Forest,Lower
2007-09-09,9.0,CHI,catharus,ustulatus,Turdidae,2331,Yes,Forest,Lower
2007-09-10,9.0,CHI,Seiurus,aurocapilla,Parulidae,4580,Yes,Forest,Lower
2007-09-10,9.0,CHI,Setophaga,striata,Parulidae,787,Yes,Forest,Upper
2007-09-10,9.0,CHI,Geothlypis,trichas,Parulidae,1555,Yes,Open,Lower
2007-09-10,9.0,CHI,Sitta,canadensis,Sittidae,260,Yes,Forest,Upper
2007-09-10,9.0,CHI,Sitta,canadensis,Sittidae,260,Yes,Forest,Upper
2007-09-10,9.0,CHI,Sitta,canadensis,Sittidae,260,Yes,Forest,Upper
2007-09-10,9.0,CHI,Setophaga,palmarum,Parulidae,694,Yes,Edge,Lower
2007-09-10,9.0,CHI,catharus,ustulatus,Turdidae,2331,Yes,Forest,Lower
2007-09-10,9.0,CHI,Seiurus,aurocapilla,Parulidae,4580,Yes,Forest,Lower
2007-09-10,9.0,CHI,Setophaga,magnolia,Parulidae,1224,yes,forest,Upper
2007-09-10,9.0,CHI,Sitta,canadensis,Sittidae,260,Yes,Forest,Upper
2007-09-10,9.0,CHI,Zonotrichia,albicollis,Passerellidae,10133,Yes,Forest,Lower
2007-09-10,9.0,CHI,Oreothlypis,ruficapilla,Parulidae,1690,Yes,Forest,Upper
2007-09-10,9.0,CHI,catharus,ustulatus,Turdidae,2331,Yes,Forest,Lower
2007-09-10,9.0,CHI,Setophaga,magnolia,Parulidae,1224,yes,forest,Upper
2007-09-10,9.0,CHI,Seiurus,aurocapilla,Parulidae,4580,Yes,Forest,Lower
2007-09-11,9.0,MP,Catharus,minimus,Turdidae,822,Yes,Forest,Lower
2007-09-11,9.0,MP,Seiurus,aurocapilla,Parulidae,4580,Yes,Forest,Lower
2007-09-11,9.0,CHI,catharus,ustulatus,Turdidae,2331,Yes,Forest,Lower
2007-09-11,9.0,MP,catharus,ustulatus,Turdidae,2331,Yes,Forest,Lower
2007-09-11,9.0,CHI,Setophaga,striata,Parulidae,787,Yes,Forest,Upper
2007-09-11,9.0,CHI,Cardellina,canadensis,Parulidae,241,Yes,Forest,Lower
2007-09-11,9.0,CHI,Pheucticus,ludovicianus,Cardinalidae,397,Yes,Forest,Upper
2007-09-11,9.0,CHI,Geothlypis,trichas,Parulidae,1555,Yes,Open,Lower
2007-09-12,12.0,MP,catharus,ustulatus,Turdidae,2331,Yes,Forest,Lower
2007-09-12,12.0,CHI,Parkesia,noveboracensis,Parulidae,916,Yes,Forest,Lower
2007-09-12,12.0,CHI,setophaga,ruticilla,Parulidae,868,Yes,Edge,Upper
2007-09-12,12.0,CHI,Oreothlypis,peregrina,Parulidae,2515,Yes,Edge,Upper
2007-09-12,12.0,CHI,setophaga,ruticilla,Parulidae,868,Yes,Edge,Upper
2007-09-12,12.0,CHI,Oreothlypis,peregrina,Parulidae,2515,Yes,Edge,Upper
2007-09-12,12.0,CHI,Sitta,canadensis,Sittidae,260,Yes,Forest,Upper
2007-09-12,12.0,CHI,Setophaga,magnolia,Parulidae,1224,yes,forest,Upper
2007-09-12,12.0,CHI,Sitta,canadensis,Sittidae,260,Yes,Forest,Upper
2007-09-12,12.0,CHI,Sitta,canadensis,Sittidae,260,Yes,Forest,Upper
2007-09-12,12.0,CHI,Seiurus,aurocapilla,Parulidae,4580,Yes,Forest,Lower
2007-09-12,12.0,CHI,Seiurus,aurocapilla,Parulidae,4580,Yes,Forest,Lower
2007-09-12,12.0,CHI,Setophaga,magnolia,Parulidae,1224,yes,forest,Upper
2007-09-12,12.0,MP,Seiurus,aurocapilla,Parulidae,4580,Yes,Forest,Lower
2007-09-12,12.0,CHI,catharus,ustulatus,Turdidae,2331,Yes,Forest,Lower
2007-09-12,12.0,CHI,catharus,ustulatus,Turdidae,2331,Yes,Forest,Lower
2007-09-12,12.0,CHI,catharus,ustulatus,Turdidae,2331,Yes,Forest,Lower
2007-09-12,12.0,MP,Hylocichla,mustelina,Turdidae,500,Yes,Forest,Lower
2007-09-12,12.0,CHI,Setophaga,magnolia,Parulidae,1224,yes,forest,Upper
2007-09-13,9.0,MP,Setophaga,palmarum,Parulidae,694,Yes,Edge,Lower
2007-09-13,9.0,CHI,Setophaga,striata,Parulidae,787,Yes,Forest,Upper
2007-09-13,9.0,CHI,setophaga,ruticilla,Parulidae,868,Yes,Edge,Upper
2007-09-13,9.0,CHI,Zonotrichia,albicollis,Passerellidae,10133,Yes,Forest,Lower
2007-09-13,9.0,CHI,Cardellina,pusilla,Parulidae,185,Yes,Edge,Lower
2007-09-13,9.0,CHI,Cardellina,pusilla,Parulidae,185,Yes,Edge,Lower
2007-09-14,14.0,CHI,catharus,ustulatus,Turdidae,2331,Yes,Forest,Lower
2007-09-14,14.0,CHI,Setophaga,tigrina,Parulidae,182,Yes,Forest,Upper
2007-09-14,14.0,CHI,Seiurus,aurocapilla,Parulidae,4580,Yes,Forest,Lower
2007-09-14,14.0,CHI,Setophaga,striata,Parulidae,787,Yes,Forest,Upper
2007-09-14,14.0,MP,Seiurus,aurocapilla,Parulidae,4580,Yes,Forest,Lower
2007-09-14,14.0,CHI,Setophaga,castanea,Parulidae,287,Yes,Forest,Upper
2007-09-14,14.0,MP,Seiurus,aurocapilla,Parulidae,4580,Yes,Forest,Lower
2007-09-14,14.0,CHI,catharus,ustulatus,Turdidae,2331,Yes,Forest,Lower
2007-09-14,14.0,CHI,catharus,ustulatus,Turdidae,2331,Yes,Forest,Lower
2007-09-15,14.0,CHI,Catharus,minimus,Turdidae,822,Yes,Forest,Lower
2007-09-15,14.0,CHI,catharus,ustulatus,Turdidae,2331,Yes,Forest,Lower
2007-09-15,14.0,CHI,Zonotrichia,albicollis,Passerellidae,10133,Yes,Forest,Lower
2007-09-15,14.0,CHI,Zonotrichia,albicollis,Passerellidae,10133,Yes,Forest,Lower
2007-09-15,14.0,CHI,Setophaga,magnolia,Parulidae,1224,yes,forest,Upper
2007-09-15,14.0,CHI,catharus,ustulatus,Turdidae,2331,Yes,Forest,Lower
2007-09-15,14.0,CHI,Geothlypis,trichas,Parulidae,1555,Yes,Open,Lower
2007-09-15,14.0,MP,Zonotrichia,albicollis,Passerellidae,10133,Yes,Forest,Lower
2007-09-15,14.0,CHI,Geothlypis,trichas,Parulidae,1555,Yes,Open,Lower
2007-09-15,14.0,CHI,Catharus,minimus,Turdidae,822,Yes,Forest,Lower
2007-09-15,14.0,CHI,Catharus,minimus,Turdidae,822,Yes,Forest,Lower
2007-09-15,14.0,CHI,Setophaga,castanea,Parulidae,287,Yes,Forest,Upper
2007-09-15,14.0,CHI,Geothlypis,trichas,Parulidae,1555,Yes,Open,Lower
2007-09-15,14.0,CHI,Setophaga,striata,Parulidae,787,Yes,Forest,Upper
2007-09-15,14.0,CHI,Sitta,canadensis,Sittidae,260,Yes,Forest,Upper
2007-09-15,14.0,CHI,Setophaga,virens,Parulidae,223,Yes,Forest,Upper
2007-09-15,14.0,CHI,Seiurus,aurocapilla,Parulidae,4580,Yes,Forest,Lower
2007-09-15,14.0,CHI,Seiurus,aurocapilla,Parulidae,4580,Yes,Forest,Lower
2007-09-15,14.0,CHI,setophaga,ruticilla,Parulidae,868,Yes,Edge,Upper
2007-09-15,14.0,CHI,setophaga,ruticilla,Parulidae,868,Yes,Edge,Upper
2007-09-15,14.0,MP,catharus,ustulatus,Turdidae,2331,Yes,Forest,Lower
2007-09-15,14.0,CHI,Vireo,olivaceus,Vireonidae,133,No,Forest,Upper
2007-09-16,17.0,MP,Zonotrichia,albicollis,Passerellidae,10133,Yes,Forest,Lower
2007-09-16,17.0,CHI,Seiurus,aurocapilla,Parulidae,4580,Yes,Forest,Lower
2007-09-16,17.0,CHI,Oreothlypis,ruficapilla,Parulidae,1690,Yes,Forest,Upper
2007-09-16,17.0,CHI,Seiurus,aurocapilla,Parulidae,4580,Yes,Forest,Lower
2007-09-16,17.0,MP,Zonotrichia,albicollis,Passerellidae,10133,Yes,Forest,Lower
2007-09-16,17.0,CHI,setophaga,ruticilla,Parulidae,868,Yes,Edge,Upper
2007-09-16,17.0,CHI,Zonotrichia,albicollis,Passerellidae,10133,Yes,Forest,Lower
2007-09-16,17.0,MP,Melospiza,lincolnii,Passerellidae,2029,yes,edge,Lower
2007-09-16,17.0,CHI,Seiurus,aurocapilla,Parulidae,4580,Yes,Forest,Lower
2007-09-16,17.0,CHI,catharus,ustulatus,Turdidae,2331,Yes,Forest,Lower
2007-09-16,17.0,CHI,catharus,ustulatus,Turdidae,2331,Yes,Forest,Lower
2007-09-16,17.0,CHI,Setophaga,pensylvanica,Parulidae,303,Yes,Edge,Upper
2007-09-16,17.0,MP,Oreothlypis,celata,Parulidae,227,Yes,Edge,Lower
2007-09-16,17.0,CHI,Geothlypis,trichas,Parulidae,1555,Yes,Open,Lower
2007-09-17,17.0,CHI,Setophaga,pensylvanica,Parulidae,303,Yes,Edge,Upper
2007-09-17,17.0,CHI,Setophaga,americana,Parulidae,59,Yes,Forest,Upper
2007-09-18,17.0,CHI,Seiurus,aurocapilla,Parulidae,4580,Yes,Forest,Lower
2007-09-19,17.0,CHI,setophaga,ruticilla,Parulidae,868,Yes,Edge,Upper
2007-09-19,17.0,MP,Zonotrichia,albicollis,Passerellidae,10133,Yes,Forest,Lower
2007-09-19,17.0,CHI,Seiurus,aurocapilla,Parulidae,4580,Yes,Forest,Lower
2007-09-19,17.0,CHI,Setophaga,magnolia,Parulidae,1224,yes,forest,Upper
2007-09-19,17.0,CHI,Oreothlypis,peregrina,Parulidae,2515,Yes,Edge,Upper
2007-09-19,17.0,MP,Sitta,canadensis,Sittidae,260,Yes,Forest,Upper
2007-09-19,17.0,CHI,Seiurus,aurocapilla,Parulidae,4580,Yes,Forest,Lower
2007-09-20,17.0,CHI,Cistothorus,platensis,Troglodytidae,60,no,open,Lower
2007-09-20,17.0,CHI,Catharus,guttatus,Turdidae,3729,Yes,Forest,Lower
2007-09-20,17.0,MP,Junco,hyemalis,Passerellidae,6303,Yes,Edge,Lower
2007-09-20,17.0,CHI,Junco,hyemalis,Passerellidae,6303,Yes,Edge,Lower
2007-09-20,17.0,CHI,Zonotrichia,albicollis,Passerellidae,10133,Yes,Forest,Lower
2007-09-20,17.0,CHI,Zonotrichia,albicollis,Passerellidae,10133,Yes,Forest,Lower
2007-09-20,17.0,CHI,Zonotrichia,albicollis,Passerellidae,10133,Yes,Forest,Lower
2007-09-20,17.0,CHI,Zonotrichia,albicollis,Passerellidae,10133,Yes,Forest,Lower
2007-09-20,17.0,CHI,Zonotrichia,albicollis,Passerellidae,10133,Yes,Forest,Lower
2007-09-20,17.0,CHI,geothlypis,philadelphia,Parulidae,430,Yes,Edge,Lower
2007-09-20,17.0,CHI,setophaga,ruticilla,Parulidae,868,Yes,Edge,Upper
2007-09-20,17.0,CHI,setophaga,ruticilla,Parulidae,868,Yes,Edge,Upper
2007-09-20,17.0,CHI,setophaga,ruticilla,Parulidae,868,Yes,Edge,Upper
2007-09-20,17.0,MP,Zonotrichia,albicollis,Passerellidae,10133,Yes,Forest,Lower
2007-09-20,17.0,CHI,Sitta,canadensis,Sittidae,260,Yes,Forest,Upper
2007-09-20,17.0,CHI,Setophaga,castanea,Parulidae,287,Yes,Forest,Upper
2007-09-20,17.0,CHI,Sitta,canadensis,Sittidae,260,Yes,Forest,Upper
2007-09-20,17.0,CHI,setophaga,ruticilla,Parulidae,868,Yes,Edge,Upper
2007-09-20,17.0,CHI,Regulus,satrapa,Regulidae,1029,Yes,Forest,Upper
2007-09-20,17.0,CHI,Setophaga,palmarum,Parulidae,694,Yes,Edge,Lower
2007-09-20,17.0,CHI,Hylocichla,mustelina,Turdidae,500,Yes,Forest,Lower
2007-09-20,17.0,CHI,Hylocichla,mustelina,Turdidae,500,Yes,Forest,Lower
2007-09-20,17.0,CHI,Melospiza,lincolnii,Passerellidae,2029,yes,edge,Lower
2007-09-20,17.0,CHI,Sitta,canadensis,Sittidae,260,Yes,Forest,Upper
2007-09-20,17.0,CHI,Melospiza,lincolnii,Passerellidae,2029,yes,edge,Lower
2007-09-20,17.0,CHI,dumetella,carolinensis,Mimidae,599,no,edge,Lower
2007-09-20,17.0,CHI,Mniotilta,varia,Parulidae,620,Yes,Forest,Upper
2007-09-20,17.0,CHI,Setophaga,coronata,Parulidae,887,yes,forest,Upper
2007-09-20,17.0,CHI,Catharus,minimus,Turdidae,822,Yes,Forest,Lower
2007-09-20,17.0,MP,Setophaga,castanea,Parulidae,287,Yes,Forest,Upper
2007-09-20,17.0,CHI,catharus,ustulatus,Turdidae,2331,Yes,Forest,Lower
2007-09-20,17.0,MP,Geothlypis,trichas,Parulidae,1555,Yes,Open,Lower
2007-09-20,17.0,CHI,setophaga,ruticilla,Parulidae,868,Yes,Edge,Upper
2007-09-20,17.0,CHI,Parkesia,noveboracensis,Parulidae,916,Yes,Forest,Lower
2007-09-20,17.0,CHI,Zonotrichia,albicollis,Passerellidae,10133,Yes,Forest,Lower
2007-09-20,17.0,CHI,Zonotrichia,albicollis,Passerellidae,10133,Yes,Forest,Lower
2007-09-20,17.0,CHI,Zonotrichia,albicollis,Passerellidae,10133,Yes,Forest,Lower
2007-09-20,17.0,CHI,Zonotrichia,albicollis,Passerellidae,10133,Yes,Forest,Lower
2007-09-20,17.0,CHI,Seiurus,aurocapilla,Parulidae,4580,Yes,Forest,Lower
2007-09-20,17.0,CHI,Zonotrichia,albicollis,Passerellidae,10133,Yes,Forest,Lower
2007-09-20,17.0,CHI,Zonotrichia,albicollis,Passerellidae,10133,Yes,Forest,Lower
2007-09-20,17.0,CHI,Oreothlypis,peregrina,Parulidae,2515,Yes,Edge,Upper
2007-09-20,17.0,CHI,Spizella,passerina,Passerellidae,68,Yes,Edge,Lower
2007-09-20,17.0,CHI,Setophaga,fusca,Parulidae,201,Yes,Forest,Upper
2007-09-20,17.0,CHI,Zonotrichia,albicollis,Passerellidae,10133,Yes,Forest,Lower
2007-09-20,17.0,CHI,Zonotrichia,albicollis,Passerellidae,10133,Yes,Forest,Lower
2007-09-20,17.0,CHI,Zonotrichia,albicollis,Passerellidae,10133,Yes,Forest,Lower
2007-09-20,17.0,CHI,Setophaga,striata,Parulidae,787,Yes,Forest,Upper
2007-09-20,17.0,CHI,Zonotrichia,albicollis,Passerellidae,10133,Yes,Forest,Lower
2007-09-20,17.0,CHI,Seiurus,aurocapilla,Parulidae,4580,Yes,Forest,Lower
2007-09-20,17.0,CHI,Seiurus,aurocapilla,Parulidae,4580,Yes,Forest,Lower
2007-09-20,17.0,CHI,Zonotrichia,albicollis,Passerellidae,10133,Yes,Forest,Lower
2007-09-20,17.0,CHI,Zonotrichia,albicollis,Passerellidae,10133,Yes,Forest,Lower
2007-09-20,17.0,CHI,Zonotrichia,albicollis,Passerellidae,10133,Yes,Forest,Lower
2007-09-20,17.0,CHI,Seiurus,aurocapilla,Parulidae,4580,Yes,Forest,Lower
2007-09-20,17.0,CHI,Zonotrichia,albicollis,Passerellidae,10133,Yes,Forest,Lower
2007-09-20,17.0,CHI,Zonotrichia,albicollis,Passerellidae,10133,Yes,Forest,Lower
2007-09-20,17.0,CHI,Setophaga,striata,Parulidae,787,Yes,Forest,Upper
2007-09-20,17.0,CHI,Pheucticus,ludovicianus,Cardinalidae,397,Yes,Forest,Upper
2007-09-20,17.0,CHI,Seiurus,aurocapilla,Parulidae,4580,Yes,Forest,Lower
2007-09-20,17.0,CHI,Pheucticus,ludovicianus,Cardinalidae,397,Yes,Forest,Upper
2007-09-20,17.0,MP,Zonotrichia,albicollis,Passerellidae,10133,Yes,Forest,Lower
2007-09-20,17.0,CHI,Zonotrichia,albicollis,Passerellidae,10133,Yes,Forest,Lower
2007-09-20,17.0,CHI,Zonotrichia,albicollis,Passerellidae,10133,Yes,Forest,Lower
2007-09-20,17.0,CHI,Zonotrichia,albicollis,Passerellidae,10133,Yes,Forest,Lower
2007-09-20,17.0,CHI,Zonotrichia,albicollis,Passerellidae,10133,Yes,Forest,Lower
2007-09-20,17.0,CHI,Zonotrichia,albicollis,Passerellidae,10133,Yes,Forest,Lower
2007-09-20,17.0,CHI,Zonotrichia,albicollis,Passerellidae,10133,Yes,Forest,Lower
2007-09-20,17.0,CHI,Zonotrichia,albicollis,Passerellidae,10133,Yes,Forest,Lower
2007-09-20,17.0,CHI,Zonotrichia,albicollis,Passerellidae,10133,Yes,Forest,Lower
2007-09-20,17.0,CHI,Zonotrichia,albicollis,Passerellidae,10133,Yes,Forest,Lower
2007-09-20,17.0,CHI,Zonotrichia,albicollis,Passerellidae,10133,Yes,Forest,Lower
2007-09-20,17.0,CHI,Zonotrichia,albicollis,Passerellidae,10133,Yes,Forest,Lower
2007-09-20,17.0,CHI,Zonotrichia,albicollis,Passerellidae,10133,Yes,Forest,Lower
2007-09-21,16.0,MP,Oreothlypis,ruficapilla,Parulidae,1690,Yes,Forest,Upper
2007-09-21,16.0,MP,Zonotrichia,albicollis,Passerellidae,10133,Yes,Forest,Lower
2007-09-21,16.0,MP,Melospiza,lincolnii,Passerellidae,2029,yes,edge,Lower
2007-09-21,16.0,MP,Oreothlypis,ruficapilla,Parulidae,1690,Yes,Forest,Upper
2007-09-21,16.0,CHI,Cardellina,pusilla,Parulidae,185,Yes,Edge,Lower
2007-09-21,16.0,MP,Passerculus,sandwichensis,Passerellidae,274,yes,open,Lower	
2007-09-21,16.0,CHI,Oreothlypis,ruficapilla,Parulidae,1690,Yes,Forest,Upper
2007-09-21,16.0,CHI,Zonotrichia,albicollis,Passerellidae,10133,Yes,Forest,Lower
2007-09-21,16.0,MP,Zonotrichia,albicollis,Passerellidae,10133,Yes,Forest,Lower
2007-09-21,16.0,MP,Setophaga,striata,Parulidae,787,Yes,Forest,Upper
2007-09-21,16.0,CHI,Setophaga,striata,Parulidae,787,Yes,Forest,Upper
2007-09-21,16.0,CHI,Seiurus,aurocapilla,Parulidae,4580,Yes,Forest,Lower
2007-09-21,16.0,CHI,Seiurus,aurocapilla,Parulidae,4580,Yes,Forest,Lower
2007-09-21,16.0,CHI,Zonotrichia,albicollis,Passerellidae,10133,Yes,Forest,Lower
2007-09-21,16.0,MP,Melospiza,melodia,Passerellidae,5124,Yes,Edge,Lower
2007-09-21,16.0,CHI,Oreothlypis,ruficapilla,Parulidae,1690,Yes,Forest,Upper
2007-09-21,16.0,MP,Setophaga,fusca,Parulidae,201,Yes,Forest,Upper
2007-09-21,16.0,MP,Zonotrichia,albicollis,Passerellidae,10133,Yes,Forest,Lower
2007-09-21,16.0,CHI,Seiurus,aurocapilla,Parulidae,4580,Yes,Forest,Lower
2007-09-21,16.0,CHI,Seiurus,aurocapilla,Parulidae,4580,Yes,Forest,Lower
2007-09-21,16.0,CHI,Seiurus,aurocapilla,Parulidae,4580,Yes,Forest,Lower
2007-09-21,16.0,MP,Oreothlypis,ruficapilla,Parulidae,1690,Yes,Forest,Upper
2007-09-21,16.0,CHI,Seiurus,aurocapilla,Parulidae,4580,Yes,Forest,Lower
2007-09-21,16.0,MP,Zonotrichia,albicollis,Passerellidae,10133,Yes,Forest,Lower
2007-09-21,16.0,MP,Oreothlypis,ruficapilla,Parulidae,1690,Yes,Forest,Upper
2007-09-21,16.0,MP,catharus,ustulatus,Turdidae,2331,Yes,Forest,Lower
2007-09-21,16.0,CHI,Oreothlypis,ruficapilla,Parulidae,1690,Yes,Forest,Upper
2007-09-21,16.0,MP,Oreothlypis,ruficapilla,Parulidae,1690,Yes,Forest,Upper
2007-09-21,16.0,CHI,Seiurus,aurocapilla,Parulidae,4580,Yes,Forest,Lower
2007-09-22,14.0,CHI,Seiurus,aurocapilla,Parulidae,4580,Yes,Forest,Lower
2007-09-22,14.0,MP,Melospiza,lincolnii,Passerellidae,2029,yes,edge,Lower
2007-09-22,14.0,MP,Melospiza,lincolnii,Passerellidae,2029,yes,edge,Lower
2007-09-22,14.0,CHI,Seiurus,aurocapilla,Parulidae,4580,Yes,Forest,Lower
2007-09-22,14.0,MP,Melospiza,lincolnii,Passerellidae,2029,yes,edge,Lower
2007-09-22,14.0,CHI,Catharus,guttatus,Turdidae,3729,Yes,Forest,Lower
2007-09-22,14.0,MP,Catharus,guttatus,Turdidae,3729,Yes,Forest,Lower
2007-09-22,14.0,CHI,Zonotrichia,albicollis,Passerellidae,10133,Yes,Forest,Lower
2007-09-22,14.0,MP,Passerella,iliaca,Passerellidae,2443,Yes,Edge,Lower
2007-09-22,14.0,CHI,Seiurus,aurocapilla,Parulidae,4580,Yes,Forest,Lower
2007-09-22,14.0,CHI,Setophaga,striata,Parulidae,787,Yes,Forest,Upper
2007-09-22,14.0,CHI,Setophaga,tigrina,Parulidae,182,Yes,Forest,Upper
2007-09-22,14.0,CHI,Catharus,minimus,Turdidae,822,Yes,Forest,Lower
2007-09-22,14.0,CHI,Setophaga,striata,Parulidae,787,Yes,Forest,Upper
2007-09-22,14.0,MP,Passerella,iliaca,Passerellidae,2443,Yes,Edge,Lower
2007-09-22,14.0,CHI,Seiurus,aurocapilla,Parulidae,4580,Yes,Forest,Lower
2007-09-22,14.0,MP,dumetella,carolinensis,Mimidae,599,no,edge,Lower
2007-09-22,14.0,CHI,Seiurus,aurocapilla,Parulidae,4580,Yes,Forest,Lower
2007-09-22,14.0,MP,Oreothlypis,peregrina,Parulidae,2515,Yes,Edge,Upper
2007-09-23,16.0,MP,geothlypis,philadelphia,Parulidae,430,Yes,Edge,Lower
2007-09-23,16.0,MP,catharus,ustulatus,Turdidae,2331,Yes,Forest,Lower
2007-09-23,16.0,CHI,Zonotrichia,albicollis,Passerellidae,10133,Yes,Forest,Lower
2007-09-23,16.0,CHI,Hylocichla,mustelina,Turdidae,500,Yes,Forest,Lower
2007-09-23,16.0,CHI,Zonotrichia,albicollis,Passerellidae,10133,Yes,Forest,Lower
2007-09-23,16.0,MP,Zonotrichia,albicollis,Passerellidae,10133,Yes,Forest,Lower
2007-09-23,16.0,CHI,Seiurus,aurocapilla,Parulidae,4580,Yes,Forest,Lower
2007-09-23,16.0,CHI,Seiurus,aurocapilla,Parulidae,4580,Yes,Forest,Lower
2007-09-23,16.0,CHI,Seiurus,aurocapilla,Parulidae,4580,Yes,Forest,Lower
2007-09-23,16.0,CHI,Seiurus,aurocapilla,Parulidae,4580,Yes,Forest,Lower
2007-09-23,16.0,CHI,cistothorus,palustris,Troglodytidae,91,No,Open,Lower
2007-09-23,16.0,CHI,Catharus,minimus,Turdidae,822,Yes,Forest,Lower
2007-09-23,16.0,CHI,Oreothlypis,peregrina,Parulidae,2515,Yes,Edge,Upper
2007-09-23,16.0,CHI,Setophaga,tigrina,Parulidae,182,Yes,Forest,Upper
2007-09-23,16.0,CHI,Zonotrichia,albicollis,Passerellidae,10133,Yes,Forest,Lower
2007-09-23,16.0,CHI,Zonotrichia,albicollis,Passerellidae,10133,Yes,Forest,Lower
2007-09-23,16.0,MP,Passerculus,sandwichensis,Passerellidae,274,yes,open,Lower	
2007-09-23,16.0,CHI,troglodytes,hiemalis,Troglodytidae,474,No,Forest,Lower
2007-09-23,16.0,CHI,catharus,ustulatus,Turdidae,2331,Yes,Forest,Lower
2007-09-23,16.0,CHI,catharus,ustulatus,Turdidae,2331,Yes,Forest,Lower
2007-09-23,16.0,CHI,Sitta,canadensis,Sittidae,260,Yes,Forest,Upper
2007-09-23,16.0,CHI,catharus,ustulatus,Turdidae,2331,Yes,Forest,Lower
2007-09-23,16.0,CHI,Oreothlypis,peregrina,Parulidae,2515,Yes,Edge,Upper
2007-09-23,16.0,CHI,Geothlypis,trichas,Parulidae,1555,Yes,Open,Lower
2007-09-23,16.0,CHI,catharus,ustulatus,Turdidae,2331,Yes,Forest,Lower
2007-09-23,16.0,CHI,catharus,ustulatus,Turdidae,2331,Yes,Forest,Lower
2007-09-23,16.0,CHI,Vireo,philadelphicus,Vireonidae,12,No,Forest,Upper
2007-09-23,16.0,CHI,Melospiza,lincolnii,Passerellidae,2029,yes,edge,Lower
2007-09-23,16.0,CHI,Zonotrichia,albicollis,Passerellidae,10133,Yes,Forest,Lower
2007-09-23,16.0,MP,Pheucticus,ludovicianus,Cardinalidae,397,Yes,Forest,Upper
2007-09-23,16.0,CHI,dumetella,carolinensis,Mimidae,599,no,edge,Lower
2007-09-23,16.0,CHI,Junco,hyemalis,Passerellidae,6303,Yes,Edge,Lower
2007-09-23,16.0,MP,dumetella,carolinensis,Mimidae,599,no,edge,Lower
2007-09-23,16.0,CHI,Melospiza,lincolnii,Passerellidae,2029,yes,edge,Lower
2007-09-24,14.0,CHI,Oreothlypis,peregrina,Parulidae,2515,Yes,Edge,Upper
2007-09-24,14.0,CHI,Seiurus,aurocapilla,Parulidae,4580,Yes,Forest,Lower
2007-09-24,14.0,CHI,Setophaga,magnolia,Parulidae,1224,yes,forest,Upper
2007-09-24,14.0,CHI,Hylocichla,mustelina,Turdidae,500,Yes,Forest,Lower
2007-09-24,14.0,CHI,Seiurus,aurocapilla,Parulidae,4580,Yes,Forest,Lower
2007-09-24,14.0,CHI,Zonotrichia,albicollis,Passerellidae,10133,Yes,Forest,Lower
2007-09-24,14.0,CHI,Seiurus,aurocapilla,Parulidae,4580,Yes,Forest,Lower
2007-09-25,17.0,MP,Seiurus,aurocapilla,Parulidae,4580,Yes,Forest,Lower
2007-09-25,17.0,MP,Melospiza,lincolnii,Passerellidae,2029,yes,edge,Lower
2007-09-25,17.0,CHI,Setophaga,magnolia,Parulidae,1224,yes,forest,Upper
2007-09-26,17.0,CHI,Setophaga,palmarum,Parulidae,694,Yes,Edge,Lower
2007-09-26,17.0,CHI,Setophaga,palmarum,Parulidae,694,Yes,Edge,Lower
2007-09-26,17.0,CHI,Melospiza,lincolnii,Passerellidae,2029,yes,edge,Lower
2007-09-26,17.0,CHI,Oreothlypis,ruficapilla,Parulidae,1690,Yes,Forest,Upper
2007-09-26,17.0,CHI,Hylocichla,mustelina,Turdidae,500,Yes,Forest,Lower
2007-09-26,17.0,CHI,Mniotilta,varia,Parulidae,620,Yes,Forest,Upper
2007-09-26,17.0,CHI,Hylocichla,mustelina,Turdidae,500,Yes,Forest,Lower
2007-09-26,17.0,MP,Setophaga,palmarum,Parulidae,694,Yes,Edge,Lower
2007-09-26,17.0,CHI,Zonotrichia,albicollis,Passerellidae,10133,Yes,Forest,Lower
2007-09-26,17.0,CHI,Zonotrichia,albicollis,Passerellidae,10133,Yes,Forest,Lower
2007-09-26,17.0,MP,Oreothlypis,peregrina,Parulidae,2515,Yes,Edge,Upper
2007-09-26,17.0,CHI,Zonotrichia,albicollis,Passerellidae,10133,Yes,Forest,Lower
2007-09-26,17.0,CHI,Zonotrichia,albicollis,Passerellidae,10133,Yes,Forest,Lower
2007-09-26,17.0,CHI,Zonotrichia,albicollis,Passerellidae,10133,Yes,Forest,Lower
2007-09-26,17.0,CHI,Setophaga,palmarum,Parulidae,694,Yes,Edge,Lower
2007-09-26,17.0,CHI,Zonotrichia,albicollis,Passerellidae,10133,Yes,Forest,Lower
2007-09-26,17.0,MP,Oreothlypis,peregrina,Parulidae,2515,Yes,Edge,Upper
2007-09-26,17.0,CHI,Seiurus,aurocapilla,Parulidae,4580,Yes,Forest,Lower
2007-09-26,17.0,CHI,Zonotrichia,albicollis,Passerellidae,10133,Yes,Forest,Lower
2007-09-26,17.0,CHI,Seiurus,aurocapilla,Parulidae,4580,Yes,Forest,Lower
2007-09-26,17.0,CHI,Seiurus,aurocapilla,Parulidae,4580,Yes,Forest,Lower
2007-09-26,17.0,MP,cistothorus,palustris,Troglodytidae,91,No,Open,Lower
2007-09-26,17.0,CHI,Pheucticus,ludovicianus,Cardinalidae,397,Yes,Forest,Upper
2007-09-26,17.0,CHI,Pheucticus,ludovicianus,Cardinalidae,397,Yes,Forest,Upper
2007-09-26,17.0,CHI,Seiurus,aurocapilla,Parulidae,4580,Yes,Forest,Lower
2007-09-26,17.0,CHI,Seiurus,aurocapilla,Parulidae,4580,Yes,Forest,Lower
2007-09-26,17.0,MP,Setophaga,coronata,Parulidae,887,yes,forest,Upper
2007-09-26,17.0,CHI,Seiurus,aurocapilla,Parulidae,4580,Yes,Forest,Lower
2007-09-26,17.0,CHI,Zonotrichia,albicollis,Passerellidae,10133,Yes,Forest,Lower
2007-09-26,17.0,CHI,Zonotrichia,albicollis,Passerellidae,10133,Yes,Forest,Lower
2007-09-26,17.0,CHI,Oreothlypis,peregrina,Parulidae,2515,Yes,Edge,Upper
2007-09-26,17.0,CHI,Setophaga,striata,Parulidae,787,Yes,Forest,Upper
2007-09-26,17.0,MP,Vireo,olivaceus,Vireonidae,133,No,Forest,Upper
2007-09-26,17.0,CHI,catharus,ustulatus,Turdidae,2331,Yes,Forest,Lower
2007-09-26,17.0,CHI,Setophaga,castanea,Parulidae,287,Yes,Forest,Upper
2007-09-26,17.0,CHI,setophaga,ruticilla,Parulidae,868,Yes,Edge,Upper
2007-09-26,17.0,CHI,Catharus,guttatus,Turdidae,3729,Yes,Forest,Lower
2007-09-26,17.0,MP,Junco,hyemalis,Passerellidae,6303,Yes,Edge,Lower
2007-09-26,17.0,CHI,Catharus,guttatus,Turdidae,3729,Yes,Forest,Lower
2007-09-26,17.0,MP,Junco,hyemalis,Passerellidae,6303,Yes,Edge,Lower
2007-09-26,17.0,CHI,Junco,hyemalis,Passerellidae,6303,Yes,Edge,Lower
2007-09-26,17.0,CHI,Junco,hyemalis,Passerellidae,6303,Yes,Edge,Lower
2007-09-26,17.0,CHI,Catharus,guttatus,Turdidae,3729,Yes,Forest,Lower
2007-09-26,17.0,CHI,Geothlypis,trichas,Parulidae,1555,Yes,Open,Lower
2007-09-26,17.0,MP,Zonotrichia,albicollis,Passerellidae,10133,Yes,Forest,Lower
2007-09-26,17.0,CHI,Zonotrichia,albicollis,Passerellidae,10133,Yes,Forest,Lower
2007-09-26,17.0,CHI,Zonotrichia,albicollis,Passerellidae,10133,Yes,Forest,Lower
2007-09-26,17.0,CHI,Zonotrichia,albicollis,Passerellidae,10133,Yes,Forest,Lower
2007-09-26,17.0,CHI,Catharus,guttatus,Turdidae,3729,Yes,Forest,Lower
2007-09-26,17.0,CHI,Zonotrichia,albicollis,Passerellidae,10133,Yes,Forest,Lower
2007-09-26,17.0,CHI,Catharus,guttatus,Turdidae,3729,Yes,Forest,Lower
2007-09-26,17.0,CHI,Seiurus,aurocapilla,Parulidae,4580,Yes,Forest,Lower
2007-09-26,17.0,CHI,Seiurus,aurocapilla,Parulidae,4580,Yes,Forest,Lower
2007-09-27,17.0,MP,Setophaga,castanea,Parulidae,287,Yes,Forest,Upper
2007-09-27,17.0,CHI,Melospiza,lincolnii,Passerellidae,2029,yes,edge,Lower
2007-09-27,17.0,CHI,Melospiza,lincolnii,Passerellidae,2029,yes,edge,Lower
2007-09-27,17.0,CHI,Melospiza,lincolnii,Passerellidae,2029,yes,edge,Lower
2007-09-27,17.0,CHI,setophaga,ruticilla,Parulidae,868,Yes,Edge,Upper
2007-09-27,17.0,CHI,Seiurus,aurocapilla,Parulidae,4580,Yes,Forest,Lower
2007-09-27,17.0,CHI,Seiurus,aurocapilla,Parulidae,4580,Yes,Forest,Lower
2007-09-27,17.0,CHI,Oporornis,agilis,Parulidae,365,Yes,Forest,Lower
2007-09-27,17.0,CHI,Seiurus,aurocapilla,Parulidae,4580,Yes,Forest,Lower
2007-09-27,17.0,CHI,Seiurus,aurocapilla,Parulidae,4580,Yes,Forest,Lower
2007-09-27,17.0,CHI,Geothlypis,trichas,Parulidae,1555,Yes,Open,Lower
2007-09-27,17.0,CHI,Geothlypis,trichas,Parulidae,1555,Yes,Open,Lower
2007-09-27,17.0,CHI,Setophaga,magnolia,Parulidae,1224,yes,forest,Upper
2007-09-27,17.0,CHI,Setophaga,striata,Parulidae,787,Yes,Forest,Upper
2007-09-27,17.0,CHI,Oreothlypis,ruficapilla,Parulidae,1690,Yes,Forest,Upper
2007-09-27,17.0,CHI,Zonotrichia,albicollis,Passerellidae,10133,Yes,Forest,Lower
2007-09-27,17.0,MP,Zonotrichia,albicollis,Passerellidae,10133,Yes,Forest,Lower
2007-09-27,17.0,CHI,Oreothlypis,ruficapilla,Parulidae,1690,Yes,Forest,Upper
2007-09-27,17.0,MP,Zonotrichia,albicollis,Passerellidae,10133,Yes,Forest,Lower
2007-09-27,17.0,CHI,Oreothlypis,ruficapilla,Parulidae,1690,Yes,Forest,Upper
2007-09-27,17.0,CHI,Zonotrichia,albicollis,Passerellidae,10133,Yes,Forest,Lower
2007-09-27,17.0,CHI,Setophaga,palmarum,Parulidae,694,Yes,Edge,Lower
2007-09-27,17.0,MP,Zonotrichia,leucophrys,Passerellidae,1090,Yes,Edge,Lower
2007-09-27,17.0,MP,Setophaga,palmarum,Parulidae,694,Yes,Edge,Lower
2007-09-27,17.0,MP,Setophaga,coronata,Parulidae,887,yes,forest,Upper
2007-09-27,17.0,CHI,Hylocichla,mustelina,Turdidae,500,Yes,Forest,Lower
2007-09-27,17.0,MP,Zonotrichia,albicollis,Passerellidae,10133,Yes,Forest,Lower
2007-09-27,17.0,CHI,Zonotrichia,albicollis,Passerellidae,10133,Yes,Forest,Lower
2007-09-27,17.0,CHI,Zonotrichia,albicollis,Passerellidae,10133,Yes,Forest,Lower
2007-09-27,17.0,MP,Zonotrichia,albicollis,Passerellidae,10133,Yes,Forest,Lower
2007-09-27,17.0,CHI,Zonotrichia,albicollis,Passerellidae,10133,Yes,Forest,Lower
2007-09-27,17.0,MP,Setophaga,striata,Parulidae,787,Yes,Forest,Upper
2007-09-27,17.0,MP,Zonotrichia,albicollis,Passerellidae,10133,Yes,Forest,Lower
2007-09-27,17.0,CHI,Zonotrichia,albicollis,Passerellidae,10133,Yes,Forest,Lower
2007-09-27,17.0,CHI,Mniotilta,varia,Parulidae,620,Yes,Forest,Upper
2007-09-27,17.0,MP,Zonotrichia,albicollis,Passerellidae,10133,Yes,Forest,Lower
2007-09-27,17.0,MP,Zonotrichia,albicollis,Passerellidae,10133,Yes,Forest,Lower
2007-09-27,17.0,MP,Zonotrichia,albicollis,Passerellidae,10133,Yes,Forest,Lower
2007-09-27,17.0,CHI,Regulus,satrapa,Regulidae,1029,Yes,Forest,Upper
2007-09-27,17.0,MP,Zonotrichia,albicollis,Passerellidae,10133,Yes,Forest,Lower
2007-09-27,17.0,CHI,Setophaga,magnolia,Parulidae,1224,yes,forest,Upper
2007-09-27,17.0,CHI,Seiurus,aurocapilla,Parulidae,4580,Yes,Forest,Lower
2007-09-27,17.0,MP,Zonotrichia,albicollis,Passerellidae,10133,Yes,Forest,Lower
2007-09-27,17.0,MP,Zonotrichia,albicollis,Passerellidae,10133,Yes,Forest,Lower
2007-09-27,17.0,MP,Setophaga,striata,Parulidae,787,Yes,Forest,Upper
2007-09-27,17.0,MP,Zonotrichia,albicollis,Passerellidae,10133,Yes,Forest,Lower
2007-09-27,17.0,MP,Zonotrichia,albicollis,Passerellidae,10133,Yes,Forest,Lower
2007-09-28,17.0,MP,Catharus,guttatus,Turdidae,3729,Yes,Forest,Lower
2007-09-28,17.0,CHI,Junco,hyemalis,Passerellidae,6303,Yes,Edge,Lower
2007-09-28,17.0,CHI,Catharus,guttatus,Turdidae,3729,Yes,Forest,Lower
2007-09-28,17.0,CHI,Catharus,guttatus,Turdidae,3729,Yes,Forest,Lower
2007-09-28,17.0,MP,Zonotrichia,albicollis,Passerellidae,10133,Yes,Forest,Lower
2007-09-28,17.0,CHI,Zonotrichia,albicollis,Passerellidae,10133,Yes,Forest,Lower
2007-09-28,17.0,MP,Zonotrichia,albicollis,Passerellidae,10133,Yes,Forest,Lower
2007-09-28,17.0,CHI,Setophaga,coronata,Parulidae,887,yes,forest,Upper
2007-09-28,17.0,MP,Zonotrichia,albicollis,Passerellidae,10133,Yes,Forest,Lower
2007-09-28,17.0,MP,Oreothlypis,ruficapilla,Parulidae,1690,Yes,Forest,Upper
2007-09-28,17.0,MP,Zonotrichia,albicollis,Passerellidae,10133,Yes,Forest,Lower
2007-09-28,17.0,CHI,Sitta,canadensis,Sittidae,260,Yes,Forest,Upper
2007-09-28,17.0,MP,Zonotrichia,albicollis,Passerellidae,10133,Yes,Forest,Lower
2007-09-28,17.0,CHI,Sitta,canadensis,Sittidae,260,Yes,Forest,Upper
2007-09-28,17.0,CHI,Junco,hyemalis,Passerellidae,6303,Yes,Edge,Lower
2007-09-28,17.0,CHI,Catharus,guttatus,Turdidae,3729,Yes,Forest,Lower
2007-09-28,17.0,MP,Zonotrichia,albicollis,Passerellidae,10133,Yes,Forest,Lower
2007-09-28,17.0,MP,Seiurus,aurocapilla,Parulidae,4580,Yes,Forest,Lower
2007-09-28,17.0,CHI,Zonotrichia,albicollis,Passerellidae,10133,Yes,Forest,Lower
2007-09-28,17.0,CHI,Seiurus,aurocapilla,Parulidae,4580,Yes,Forest,Lower
2007-09-28,17.0,CHI,Zonotrichia,albicollis,Passerellidae,10133,Yes,Forest,Lower
2007-09-28,17.0,CHI,Oporornis,agilis,Parulidae,365,Yes,Forest,Lower
2007-09-28,17.0,CHI,Seiurus,aurocapilla,Parulidae,4580,Yes,Forest,Lower
2007-09-28,17.0,CHI,Setophaga,tigrina,Parulidae,182,Yes,Forest,Upper
2007-09-28,17.0,MP,Zonotrichia,albicollis,Passerellidae,10133,Yes,Forest,Lower
2007-09-28,17.0,MP,Passerella,iliaca,Passerellidae,2443,Yes,Edge,Lower
2007-09-28,17.0,MP,Melospiza,lincolnii,Passerellidae,2029,yes,edge,Lower
2007-09-28,17.0,MP,Melospiza,lincolnii,Passerellidae,2029,yes,edge,Lower
2007-09-28,17.0,CHI,Catharus,guttatus,Turdidae,3729,Yes,Forest,Lower
2007-09-28,17.0,CHI,Zonotrichia,albicollis,Passerellidae,10133,Yes,Forest,Lower
2007-09-28,17.0,MP,Melospiza,lincolnii,Passerellidae,2029,yes,edge,Lower
2007-09-28,17.0,CHI,Setophaga,fusca,Parulidae,201,Yes,Forest,Upper
2007-09-28,17.0,CHI,Zonotrichia,albicollis,Passerellidae,10133,Yes,Forest,Lower
2007-09-28,17.0,CHI,Zonotrichia,albicollis,Passerellidae,10133,Yes,Forest,Lower
2007-09-28,17.0,CHI,Zonotrichia,albicollis,Passerellidae,10133,Yes,Forest,Lower
2007-09-28,17.0,CHI,Geothlypis,trichas,Parulidae,1555,Yes,Open,Lower
2007-09-28,17.0,CHI,Zonotrichia,albicollis,Passerellidae,10133,Yes,Forest,Lower
2007-09-28,17.0,CHI,Regulus,satrapa,Regulidae,1029,Yes,Forest,Upper
2007-09-28,17.0,CHI,catharus,ustulatus,Turdidae,2331,Yes,Forest,Lower
2007-09-28,17.0,CHI,Passerella,iliaca,Passerellidae,2443,Yes,Edge,Lower
2007-09-28,17.0,CHI,Passerella,iliaca,Passerellidae,2443,Yes,Edge,Lower
2007-09-29,14.0,MP,Melospiza,lincolnii,Passerellidae,2029,yes,edge,Lower
2007-09-29,14.0,MP,Melospiza,lincolnii,Passerellidae,2029,yes,edge,Lower
2007-09-29,14.0,MP,Melospiza,lincolnii,Passerellidae,2029,yes,edge,Lower
2007-09-29,14.0,MP,Setophaga,magnolia,Parulidae,1224,yes,forest,Upper
2007-09-29,14.0,CHI,Zonotrichia,albicollis,Passerellidae,10133,Yes,Forest,Lower
2007-09-29,14.0,CHI,Geothlypis,trichas,Parulidae,1555,Yes,Open,Lower
2007-09-29,14.0,CHI,Geothlypis,trichas,Parulidae,1555,Yes,Open,Lower
2007-09-29,14.0,CHI,Setophaga,palmarum,Parulidae,694,Yes,Edge,Lower
2007-09-29,14.0,CHI,Setophaga,coronata,Parulidae,887,yes,forest,Upper
2007-09-29,14.0,CHI,Oreothlypis,ruficapilla,Parulidae,1690,Yes,Forest,Upper
2007-09-29,14.0,CHI,Melospiza,lincolnii,Passerellidae,2029,yes,edge,Lower
2007-09-29,14.0,MP,Zonotrichia,albicollis,Passerellidae,10133,Yes,Forest,Lower
2007-09-29,14.0,MP,Hylocichla,mustelina,Turdidae,500,Yes,Forest,Lower
2007-09-29,14.0,CHI,Zonotrichia,albicollis,Passerellidae,10133,Yes,Forest,Lower
2007-09-29,14.0,CHI,Zonotrichia,albicollis,Passerellidae,10133,Yes,Forest,Lower
2007-09-29,14.0,MP,catharus,ustulatus,Turdidae,2331,Yes,Forest,Lower
2007-09-29,14.0,CHI,Seiurus,aurocapilla,Parulidae,4580,Yes,Forest,Lower
2007-09-29,14.0,MP,Setophaga,magnolia,Parulidae,1224,yes,forest,Upper
2007-09-29,14.0,CHI,dumetella,carolinensis,Mimidae,599,no,edge,Lower
2007-09-30,16.0,MP,Setophaga,virens,Parulidae,223,Yes,Forest,Upper
2007-09-30,16.0,CHI,Zonotrichia,albicollis,Passerellidae,10133,Yes,Forest,Lower
2007-09-30,16.0,MP,Zonotrichia,albicollis,Passerellidae,10133,Yes,Forest,Lower
2007-09-30,16.0,CHI,Sitta,canadensis,Sittidae,260,Yes,Forest,Upper
2007-09-30,16.0,CHI,Regulus,satrapa,Regulidae,1029,Yes,Forest,Upper
2007-09-30,16.0,CHI,Oreothlypis,peregrina,Parulidae,2515,Yes,Edge,Upper
2007-09-30,16.0,CHI,Zonotrichia,albicollis,Passerellidae,10133,Yes,Forest,Lower
2007-09-30,16.0,CHI,geothlypis,philadelphia,Parulidae,430,Yes,Edge,Lower
2007-09-30,16.0,CHI,Zonotrichia,albicollis,Passerellidae,10133,Yes,Forest,Lower
2007-09-30,16.0,CHI,Junco,hyemalis,Passerellidae,6303,Yes,Edge,Lower
2007-09-30,16.0,CHI,Oreothlypis,peregrina,Parulidae,2515,Yes,Edge,Upper
2007-10-01,14.0,CHI,Zonotrichia,albicollis,Passerellidae,10133,Yes,Forest,Lower
2007-10-01,14.0,CHI,Zonotrichia,albicollis,Passerellidae,10133,Yes,Forest,Lower
2007-10-01,14.0,CHI,Setophaga,castanea,Parulidae,287,Yes,Forest,Upper
2007-10-01,14.0,MP,Setophaga,virens,Parulidae,223,Yes,Forest,Upper
2007-10-02,14.0,CHI,Setophaga,palmarum,Parulidae,694,Yes,Edge,Lower
2007-10-02,14.0,MP,Catharus,guttatus,Turdidae,3729,Yes,Forest,Lower
2007-10-02,14.0,CHI,Seiurus,aurocapilla,Parulidae,4580,Yes,Forest,Lower
2007-10-02,14.0,MP,Zonotrichia,albicollis,Passerellidae,10133,Yes,Forest,Lower
2007-10-02,14.0,MP,catharus,ustulatus,Turdidae,2331,Yes,Forest,Lower
2007-10-02,14.0,CHI,Seiurus,aurocapilla,Parulidae,4580,Yes,Forest,Lower
2007-10-02,14.0,CHI,Oreothlypis,ruficapilla,Parulidae,1690,Yes,Forest,Upper
2007-10-03,7.0,CHI,Oreothlypis,peregrina,Parulidae,2515,Yes,Edge,Upper
2007-10-03,7.0,MP,Zonotrichia,leucophrys,Passerellidae,1090,Yes,Edge,Lower
2007-10-03,7.0,MP,Oreothlypis,peregrina,Parulidae,2515,Yes,Edge,Upper
2007-10-03,7.0,CHI,setophaga,ruticilla,Parulidae,868,Yes,Edge,Upper
2007-10-03,7.0,CHI,Zonotrichia,albicollis,Passerellidae,10133,Yes,Forest,Lower
2007-10-03,7.0,CHI,Setophaga,castanea,Parulidae,287,Yes,Forest,Upper
2007-10-03,7.0,MP,Junco,hyemalis,Passerellidae,6303,Yes,Edge,Lower
2007-10-03,7.0,MP,Setophaga,pensylvanica,Parulidae,303,Yes,Edge,Upper
2007-10-03,7.0,MP,Melospiza,lincolnii,Passerellidae,2029,yes,edge,Lower
2007-10-03,7.0,MP,Melospiza,lincolnii,Passerellidae,2029,yes,edge,Lower
2007-10-03,7.0,MP,Melospiza,lincolnii,Passerellidae,2029,yes,edge,Lower
2007-10-03,7.0,MP,Hylocichla,mustelina,Turdidae,500,Yes,Forest,Lower
2007-10-03,7.0,MP,Catharus,guttatus,Turdidae,3729,Yes,Forest,Lower
2007-10-03,7.0,MP,catharus,ustulatus,Turdidae,2331,Yes,Forest,Lower
2007-10-03,7.0,MP,Zonotrichia,albicollis,Passerellidae,10133,Yes,Forest,Lower
2007-10-03,7.0,MP,Zonotrichia,albicollis,Passerellidae,10133,Yes,Forest,Lower
2007-10-03,7.0,MP,Zonotrichia,albicollis,Passerellidae,10133,Yes,Forest,Lower
2007-10-03,7.0,MP,Zonotrichia,albicollis,Passerellidae,10133,Yes,Forest,Lower
2007-10-03,7.0,MP,Catharus,guttatus,Turdidae,3729,Yes,Forest,Lower
2007-10-03,7.0,MP,Zonotrichia,albicollis,Passerellidae,10133,Yes,Forest,Lower
2007-10-03,7.0,CHI,Zonotrichia,albicollis,Passerellidae,10133,Yes,Forest,Lower
2007-10-03,7.0,MP,Hylocichla,mustelina,Turdidae,500,Yes,Forest,Lower
2007-10-03,7.0,MP,Catharus,guttatus,Turdidae,3729,Yes,Forest,Lower
2007-10-03,7.0,MP,Oreothlypis,peregrina,Parulidae,2515,Yes,Edge,Upper
2007-10-04,16.0,CHI,Regulus,satrapa,Regulidae,1029,Yes,Forest,Upper
2007-10-04,16.0,CHI,Seiurus,aurocapilla,Parulidae,4580,Yes,Forest,Lower
2007-10-04,16.0,MP,Seiurus,aurocapilla,Parulidae,4580,Yes,Forest,Lower
2007-10-04,16.0,CHI,Seiurus,aurocapilla,Parulidae,4580,Yes,Forest,Lower
2007-10-04,16.0,CHI,Setophaga,magnolia,Parulidae,1224,yes,forest,Upper
2007-10-04,16.0,CHI,Oreothlypis,ruficapilla,Parulidae,1690,Yes,Forest,Upper
2007-10-04,16.0,CHI,Catharus,guttatus,Turdidae,3729,Yes,Forest,Lower
2007-10-04,16.0,CHI,Melospiza,lincolnii,Passerellidae,2029,yes,edge,Lower
2007-10-04,16.0,CHI,Catharus,minimus,Turdidae,822,Yes,Forest,Lower
2007-10-04,16.0,CHI,Melospiza,lincolnii,Passerellidae,2029,yes,edge,Lower
2007-10-04,16.0,CHI,Sitta,canadensis,Sittidae,260,Yes,Forest,Upper
2007-10-04,16.0,CHI,Seiurus,aurocapilla,Parulidae,4580,Yes,Forest,Lower
2007-10-04,16.0,CHI,Oreothlypis,ruficapilla,Parulidae,1690,Yes,Forest,Upper
2007-10-04,16.0,CHI,Oreothlypis,ruficapilla,Parulidae,1690,Yes,Forest,Upper
2007-10-04,16.0,CHI,Oreothlypis,ruficapilla,Parulidae,1690,Yes,Forest,Upper
2007-10-04,16.0,CHI,Melospiza,lincolnii,Passerellidae,2029,yes,edge,Lower
2007-10-04,16.0,CHI,Zonotrichia,albicollis,Passerellidae,10133,Yes,Forest,Lower
2007-10-04,16.0,CHI,Zonotrichia,albicollis,Passerellidae,10133,Yes,Forest,Lower
2007-10-04,16.0,CHI,Zonotrichia,albicollis,Passerellidae,10133,Yes,Forest,Lower
2007-10-04,16.0,CHI,Zonotrichia,albicollis,Passerellidae,10133,Yes,Forest,Lower
2007-10-04,16.0,CHI,Zonotrichia,albicollis,Passerellidae,10133,Yes,Forest,Lower
2007-10-04,16.0,CHI,Oreothlypis,ruficapilla,Parulidae,1690,Yes,Forest,Upper
2007-10-04,16.0,CHI,Oreothlypis,peregrina,Parulidae,2515,Yes,Edge,Upper
2007-10-04,16.0,CHI,Setophaga,virens,Parulidae,223,Yes,Forest,Upper
2007-10-04,16.0,CHI,Oreothlypis,peregrina,Parulidae,2515,Yes,Edge,Upper
2007-10-04,16.0,CHI,Oreothlypis,peregrina,Parulidae,2515,Yes,Edge,Upper
2007-10-04,16.0,CHI,Setophaga,magnolia,Parulidae,1224,yes,forest,Upper
2007-10-05,14.0,CHI,Catharus,minimus,Turdidae,822,Yes,Forest,Lower
2007-10-05,14.0,MP,Melospiza,lincolnii,Passerellidae,2029,yes,edge,Lower
2007-10-05,14.0,MP,Melospiza,lincolnii,Passerellidae,2029,yes,edge,Lower
2007-10-05,14.0,MP,Melospiza,lincolnii,Passerellidae,2029,yes,edge,Lower
2007-10-05,14.0,CHI,Regulus,calendula,Regulidae,416,No,Forest,Upper
2007-10-05,14.0,MP,Melospiza,lincolnii,Passerellidae,2029,yes,edge,Lower
2007-10-05,14.0,MP,Zonotrichia,leucophrys,Passerellidae,1090,Yes,Edge,Lower
2007-10-05,14.0,MP,Zonotrichia,albicollis,Passerellidae,10133,Yes,Forest,Lower
2007-10-05,14.0,CHI,Zonotrichia,albicollis,Passerellidae,10133,Yes,Forest,Lower
2007-10-05,14.0,MP,Melospiza,lincolnii,Passerellidae,2029,yes,edge,Lower
2007-10-05,14.0,MP,Melospiza,lincolnii,Passerellidae,2029,yes,edge,Lower
2007-10-05,14.0,CHI,Seiurus,aurocapilla,Parulidae,4580,Yes,Forest,Lower
2007-10-05,14.0,MP,Melospiza,lincolnii,Passerellidae,2029,yes,edge,Lower
2007-10-05,14.0,CHI,Pheucticus,ludovicianus,Cardinalidae,397,Yes,Forest,Upper
2007-10-05,14.0,MP,Melospiza,lincolnii,Passerellidae,2029,yes,edge,Lower
2007-10-05,14.0,MP,Zonotrichia,albicollis,Passerellidae,10133,Yes,Forest,Lower
2007-10-05,14.0,CHI,Oreothlypis,celata,Parulidae,227,Yes,Edge,Lower
2007-10-05,14.0,MP,Melospiza,lincolnii,Passerellidae,2029,yes,edge,Lower
2007-10-05,14.0,CHI,Oreothlypis,ruficapilla,Parulidae,1690,Yes,Forest,Upper
2007-10-05,14.0,CHI,Zonotrichia,leucophrys,Passerellidae,1090,Yes,Edge,Lower
2007-10-05,14.0,CHI,Oreothlypis,peregrina,Parulidae,2515,Yes,Edge,Upper
2007-10-05,14.0,MP,Geothlypis,trichas,Parulidae,1555,Yes,Open,Lower
2007-10-05,14.0,MP,Zonotrichia,leucophrys,Passerellidae,1090,Yes,Edge,Lower
2007-10-05,14.0,MP,Passerculus,sandwichensis,Passerellidae,274,yes,open,Lower	
2007-10-05,14.0,MP,Melospiza,lincolnii,Passerellidae,2029,yes,edge,Lower
2007-10-06,17.0,MP,Melospiza,lincolnii,Passerellidae,2029,yes,edge,Lower
2007-10-06,17.0,CHI,Catharus,minimus,Turdidae,822,Yes,Forest,Lower
2007-10-06,17.0,MP,catharus,ustulatus,Turdidae,2331,Yes,Forest,Lower
2007-10-06,17.0,MP,Melospiza,lincolnii,Passerellidae,2029,yes,edge,Lower
2007-10-06,17.0,MP,Zonotrichia,leucophrys,Passerellidae,1090,Yes,Edge,Lower
2007-10-06,17.0,MP,Zonotrichia,leucophrys,Passerellidae,1090,Yes,Edge,Lower
2007-10-06,17.0,CHI,Sitta,canadensis,Sittidae,260,Yes,Forest,Upper
2007-10-06,17.0,MP,Melospiza,lincolnii,Passerellidae,2029,yes,edge,Lower
2007-10-06,17.0,MP,Melospiza,lincolnii,Passerellidae,2029,yes,edge,Lower
2007-10-06,17.0,MP,Melospiza,lincolnii,Passerellidae,2029,yes,edge,Lower
2007-10-06,17.0,CHI,Melospiza,lincolnii,Passerellidae,2029,yes,edge,Lower
2007-10-06,17.0,MP,Melospiza,lincolnii,Passerellidae,2029,yes,edge,Lower
2007-10-06,17.0,MP,Melospiza,lincolnii,Passerellidae,2029,yes,edge,Lower
2007-10-06,17.0,MP,Catharus,guttatus,Turdidae,3729,Yes,Forest,Lower
2007-10-07,14.0,CHI,Catharus,guttatus,Turdidae,3729,Yes,Forest,Lower
2007-10-07,14.0,CHI,Setophaga,castanea,Parulidae,287,Yes,Forest,Upper
2007-10-07,14.0,CHI,Geothlypis,trichas,Parulidae,1555,Yes,Open,Lower
2007-10-07,14.0,CHI,Sitta,canadensis,Sittidae,260,Yes,Forest,Upper
2007-10-07,14.0,CHI,Oreothlypis,peregrina,Parulidae,2515,Yes,Edge,Upper
2007-10-07,14.0,CHI,Oreothlypis,ruficapilla,Parulidae,1690,Yes,Forest,Upper
2007-10-07,14.0,CHI,Setophaga,striata,Parulidae,787,Yes,Forest,Upper
2007-10-07,14.0,CHI,Zonotrichia,albicollis,Passerellidae,10133,Yes,Forest,Lower
2007-10-07,14.0,CHI,Setophaga,magnolia,Parulidae,1224,yes,forest,Upper
2007-10-07,14.0,CHI,catharus,ustulatus,Turdidae,2331,Yes,Forest,Lower
2007-10-07,14.0,CHI,Oreothlypis,celata,Parulidae,227,Yes,Edge,Lower
2007-10-07,14.0,CHI,Seiurus,aurocapilla,Parulidae,4580,Yes,Forest,Lower
2007-10-08,14.0,CHI,Zonotrichia,albicollis,Passerellidae,10133,Yes,Forest,Lower
2007-10-08,14.0,CHI,Zonotrichia,albicollis,Passerellidae,10133,Yes,Forest,Lower
2007-10-08,14.0,CHI,Setophaga,magnolia,Parulidae,1224,yes,forest,Upper
2007-10-08,14.0,CHI,Catharus,guttatus,Turdidae,3729,Yes,Forest,Lower
2007-10-08,14.0,MP,Passerculus,sandwichensis,Passerellidae,274,yes,open,Lower	
2007-10-08,14.0,CHI,Zonotrichia,albicollis,Passerellidae,10133,Yes,Forest,Lower
2007-10-08,14.0,CHI,Zonotrichia,albicollis,Passerellidae,10133,Yes,Forest,Lower
2007-10-08,14.0,CHI,Setophaga,virens,Parulidae,223,Yes,Forest,Upper
2007-10-08,14.0,MP,dumetella,carolinensis,Mimidae,599,no,edge,Lower
2007-10-08,14.0,CHI,Geothlypis,trichas,Parulidae,1555,Yes,Open,Lower
2007-10-08,14.0,CHI,Oreothlypis,celata,Parulidae,227,Yes,Edge,Lower
2007-10-08,14.0,CHI,Zonotrichia,albicollis,Passerellidae,10133,Yes,Forest,Lower
2007-10-08,14.0,MP,Melospiza,melodia,Passerellidae,5124,Yes,Edge,Lower
2007-10-08,14.0,CHI,Zonotrichia,albicollis,Passerellidae,10133,Yes,Forest,Lower
2007-10-08,14.0,CHI,Melospiza,lincolnii,Passerellidae,2029,yes,edge,Lower
2007-10-08,14.0,CHI,Setophaga,magnolia,Parulidae,1224,yes,forest,Upper
2007-10-08,14.0,MP,Melospiza,lincolnii,Passerellidae,2029,yes,edge,Lower
2007-10-08,14.0,MP,Melospiza,lincolnii,Passerellidae,2029,yes,edge,Lower
2007-10-08,14.0,MP,Melospiza,lincolnii,Passerellidae,2029,yes,edge,Lower
2007-10-08,14.0,MP,Oreothlypis,ruficapilla,Parulidae,1690,Yes,Forest,Upper
2007-10-08,14.0,CHI,Setophaga,pinus,Parulidae,49,Yes,Forest,Upper
2007-10-08,14.0,CHI,Melospiza,lincolnii,Passerellidae,2029,yes,edge,Lower
2007-10-08,14.0,MP,Setophaga,palmarum,Parulidae,694,Yes,Edge,Lower
2007-10-08,14.0,CHI,Oreothlypis,ruficapilla,Parulidae,1690,Yes,Forest,Upper
2007-10-08,14.0,MP,Melospiza,lincolnii,Passerellidae,2029,yes,edge,Lower
2007-10-09,14.0,CHI,Zonotrichia,albicollis,Passerellidae,10133,Yes,Forest,Lower
2007-10-09,14.0,MP,Zonotrichia,albicollis,Passerellidae,10133,Yes,Forest,Lower
2007-10-09,14.0,CHI,Zonotrichia,albicollis,Passerellidae,10133,Yes,Forest,Lower
2007-10-09,14.0,CHI,Zonotrichia,albicollis,Passerellidae,10133,Yes,Forest,Lower
2007-10-09,14.0,CHI,Zonotrichia,albicollis,Passerellidae,10133,Yes,Forest,Lower
2007-10-09,14.0,CHI,Junco,hyemalis,Passerellidae,6303,Yes,Edge,Lower
2007-10-09,14.0,CHI,Zonotrichia,albicollis,Passerellidae,10133,Yes,Forest,Lower
2007-10-09,14.0,CHI,Zonotrichia,albicollis,Passerellidae,10133,Yes,Forest,Lower
2007-10-09,14.0,CHI,Zonotrichia,albicollis,Passerellidae,10133,Yes,Forest,Lower
2007-10-09,14.0,CHI,Zonotrichia,albicollis,Passerellidae,10133,Yes,Forest,Lower
2007-10-09,14.0,CHI,Zonotrichia,albicollis,Passerellidae,10133,Yes,Forest,Lower
2007-10-09,14.0,CHI,Zonotrichia,albicollis,Passerellidae,10133,Yes,Forest,Lower
2007-10-09,14.0,MP,Zonotrichia,albicollis,Passerellidae,10133,Yes,Forest,Lower
2007-10-09,14.0,MP,Zonotrichia,albicollis,Passerellidae,10133,Yes,Forest,Lower
2007-10-09,14.0,MP,Zonotrichia,albicollis,Passerellidae,10133,Yes,Forest,Lower
2007-10-09,14.0,MP,Zonotrichia,albicollis,Passerellidae,10133,Yes,Forest,Lower
2007-10-09,14.0,MP,Zonotrichia,albicollis,Passerellidae,10133,Yes,Forest,Lower
2007-10-09,14.0,MP,Zonotrichia,albicollis,Passerellidae,10133,Yes,Forest,Lower
2007-10-09,14.0,MP,Zonotrichia,albicollis,Passerellidae,10133,Yes,Forest,Lower
2007-10-09,14.0,MP,Zonotrichia,albicollis,Passerellidae,10133,Yes,Forest,Lower
2007-10-09,14.0,MP,Zonotrichia,albicollis,Passerellidae,10133,Yes,Forest,Lower
2007-10-09,14.0,MP,Zonotrichia,albicollis,Passerellidae,10133,Yes,Forest,Lower
2007-10-09,14.0,MP,Zonotrichia,albicollis,Passerellidae,10133,Yes,Forest,Lower
2007-10-09,14.0,MP,Zonotrichia,albicollis,Passerellidae,10133,Yes,Forest,Lower
2007-10-09,14.0,MP,Zonotrichia,albicollis,Passerellidae,10133,Yes,Forest,Lower
2007-10-09,14.0,MP,Zonotrichia,albicollis,Passerellidae,10133,Yes,Forest,Lower
2007-10-09,14.0,MP,Zonotrichia,albicollis,Passerellidae,10133,Yes,Forest,Lower
2007-10-09,14.0,CHI,Zonotrichia,albicollis,Passerellidae,10133,Yes,Forest,Lower
2007-10-09,14.0,CHI,Zonotrichia,albicollis,Passerellidae,10133,Yes,Forest,Lower
2007-10-09,14.0,CHI,Zonotrichia,albicollis,Passerellidae,10133,Yes,Forest,Lower
2007-10-09,14.0,CHI,Zonotrichia,albicollis,Passerellidae,10133,Yes,Forest,Lower
2007-10-09,14.0,MP,Zonotrichia,albicollis,Passerellidae,10133,Yes,Forest,Lower
2007-10-09,14.0,MP,Zonotrichia,albicollis,Passerellidae,10133,Yes,Forest,Lower
2007-10-09,14.0,CHI,Junco,hyemalis,Passerellidae,6303,Yes,Edge,Lower
2007-10-09,14.0,CHI,Zonotrichia,albicollis,Passerellidae,10133,Yes,Forest,Lower
2007-10-09,14.0,CHI,Passerella,iliaca,Passerellidae,2443,Yes,Edge,Lower
2007-10-09,14.0,MP,Passerella,iliaca,Passerellidae,2443,Yes,Edge,Lower
2007-10-09,14.0,CHI,Passerella,iliaca,Passerellidae,2443,Yes,Edge,Lower
2007-10-09,14.0,CHI,Passerella,iliaca,Passerellidae,2443,Yes,Edge,Lower
2007-10-09,14.0,CHI,Passerella,iliaca,Passerellidae,2443,Yes,Edge,Lower
2007-10-09,14.0,CHI,Passerella,iliaca,Passerellidae,2443,Yes,Edge,Lower
2007-10-09,14.0,CHI,Zonotrichia,albicollis,Passerellidae,10133,Yes,Forest,Lower
2007-10-09,14.0,MP,dumetella,carolinensis,Mimidae,599,no,edge,Lower
2007-10-09,14.0,CHI,dumetella,carolinensis,Mimidae,599,no,edge,Lower
2007-10-09,14.0,MP,Oreothlypis,peregrina,Parulidae,2515,Yes,Edge,Upper
2007-10-09,14.0,CHI,Oreothlypis,peregrina,Parulidae,2515,Yes,Edge,Upper
2007-10-09,14.0,CHI,Oreothlypis,peregrina,Parulidae,2515,Yes,Edge,Upper
2007-10-09,14.0,MP,Oreothlypis,peregrina,Parulidae,2515,Yes,Edge,Upper
2007-10-09,14.0,CHI,Oreothlypis,peregrina,Parulidae,2515,Yes,Edge,Upper
2007-10-09,14.0,CHI,Oreothlypis,peregrina,Parulidae,2515,Yes,Edge,Upper
2007-10-09,14.0,CHI,Setophaga,virens,Parulidae,223,Yes,Forest,Upper
2007-10-09,14.0,CHI,Setophaga,virens,Parulidae,223,Yes,Forest,Upper
2007-10-09,14.0,MP,cistothorus,palustris,Troglodytidae,91,No,Open,Lower
2007-10-09,14.0,CHI,Setophaga,magnolia,Parulidae,1224,yes,forest,Upper
2007-10-09,14.0,MP,Passerella,iliaca,Passerellidae,2443,Yes,Edge,Lower
2007-10-09,14.0,CHI,Zonotrichia,albicollis,Passerellidae,10133,Yes,Forest,Lower
2007-10-09,14.0,MP,Passerella,iliaca,Passerellidae,2443,Yes,Edge,Lower
2007-10-09,14.0,CHI,Passerella,iliaca,Passerellidae,2443,Yes,Edge,Lower
2007-10-09,14.0,CHI,Zonotrichia,albicollis,Passerellidae,10133,Yes,Forest,Lower
2007-10-09,14.0,CHI,Zonotrichia,albicollis,Passerellidae,10133,Yes,Forest,Lower
2007-10-09,14.0,CHI,Zonotrichia,albicollis,Passerellidae,10133,Yes,Forest,Lower
2007-10-09,14.0,CHI,Zonotrichia,albicollis,Passerellidae,10133,Yes,Forest,Lower
2007-10-09,14.0,CHI,Zonotrichia,albicollis,Passerellidae,10133,Yes,Forest,Lower
2007-10-09,14.0,CHI,Zonotrichia,albicollis,Passerellidae,10133,Yes,Forest,Lower
2007-10-09,14.0,CHI,Zonotrichia,albicollis,Passerellidae,10133,Yes,Forest,Lower
2007-10-09,14.0,CHI,Zonotrichia,albicollis,Passerellidae,10133,Yes,Forest,Lower
2007-10-09,14.0,CHI,Zonotrichia,albicollis,Passerellidae,10133,Yes,Forest,Lower
2007-10-09,14.0,CHI,Zonotrichia,albicollis,Passerellidae,10133,Yes,Forest,Lower
2007-10-09,14.0,CHI,Zonotrichia,albicollis,Passerellidae,10133,Yes,Forest,Lower
2007-10-09,14.0,CHI,Zonotrichia,albicollis,Passerellidae,10133,Yes,Forest,Lower
2007-10-09,14.0,MP,Passerella,iliaca,Passerellidae,2443,Yes,Edge,Lower
2007-10-09,14.0,MP,Passerella,iliaca,Passerellidae,2443,Yes,Edge,Lower
2007-10-09,14.0,MP,Passerella,iliaca,Passerellidae,2443,Yes,Edge,Lower
2007-10-09,14.0,CHI,Passerella,iliaca,Passerellidae,2443,Yes,Edge,Lower
2007-10-09,14.0,CHI,Passerella,iliaca,Passerellidae,2443,Yes,Edge,Lower
2007-10-09,14.0,CHI,Passerella,iliaca,Passerellidae,2443,Yes,Edge,Lower
2007-10-09,14.0,CHI,Passerella,iliaca,Passerellidae,2443,Yes,Edge,Lower
2007-10-09,14.0,MP,Passerella,iliaca,Passerellidae,2443,Yes,Edge,Lower
2007-10-09,14.0,CHI,Zonotrichia,albicollis,Passerellidae,10133,Yes,Forest,Lower
2007-10-09,14.0,CHI,Zonotrichia,albicollis,Passerellidae,10133,Yes,Forest,Lower
2007-10-09,14.0,CHI,Zonotrichia,albicollis,Passerellidae,10133,Yes,Forest,Lower
2007-10-09,14.0,MP,Catharus,guttatus,Turdidae,3729,Yes,Forest,Lower
2007-10-09,14.0,MP,Catharus,guttatus,Turdidae,3729,Yes,Forest,Lower
2007-10-09,14.0,MP,Catharus,guttatus,Turdidae,3729,Yes,Forest,Lower
2007-10-09,14.0,CHI,Catharus,guttatus,Turdidae,3729,Yes,Forest,Lower
2007-10-09,14.0,CHI,Catharus,guttatus,Turdidae,3729,Yes,Forest,Lower
2007-10-09,14.0,CHI,Catharus,guttatus,Turdidae,3729,Yes,Forest,Lower
2007-10-09,14.0,CHI,Catharus,guttatus,Turdidae,3729,Yes,Forest,Lower
2007-10-09,14.0,CHI,Catharus,guttatus,Turdidae,3729,Yes,Forest,Lower
2007-10-09,14.0,CHI,Catharus,guttatus,Turdidae,3729,Yes,Forest,Lower
2007-10-09,14.0,MP,Catharus,guttatus,Turdidae,3729,Yes,Forest,Lower
2007-10-09,14.0,CHI,Catharus,guttatus,Turdidae,3729,Yes,Forest,Lower
2007-10-09,14.0,CHI,Catharus,guttatus,Turdidae,3729,Yes,Forest,Lower
2007-10-09,14.0,CHI,Catharus,guttatus,Turdidae,3729,Yes,Forest,Lower
2007-10-09,14.0,CHI,Junco,hyemalis,Passerellidae,6303,Yes,Edge,Lower
2007-10-09,14.0,CHI,Catharus,guttatus,Turdidae,3729,Yes,Forest,Lower
2007-10-09,14.0,CHI,Catharus,guttatus,Turdidae,3729,Yes,Forest,Lower
2007-10-09,14.0,CHI,Catharus,guttatus,Turdidae,3729,Yes,Forest,Lower
2007-10-09,14.0,CHI,Catharus,guttatus,Turdidae,3729,Yes,Forest,Lower
2007-10-09,14.0,CHI,Catharus,guttatus,Turdidae,3729,Yes,Forest,Lower
2007-10-09,14.0,MP,Catharus,guttatus,Turdidae,3729,Yes,Forest,Lower
2007-10-09,14.0,CHI,Catharus,guttatus,Turdidae,3729,Yes,Forest,Lower
2007-10-09,14.0,MP,Catharus,guttatus,Turdidae,3729,Yes,Forest,Lower
2007-10-09,14.0,CHI,Catharus,guttatus,Turdidae,3729,Yes,Forest,Lower
2007-10-09,14.0,CHI,Catharus,guttatus,Turdidae,3729,Yes,Forest,Lower
2007-10-09,14.0,CHI,Junco,hyemalis,Passerellidae,6303,Yes,Edge,Lower
2007-10-09,14.0,MP,Junco,hyemalis,Passerellidae,6303,Yes,Edge,Lower
2007-10-09,14.0,MP,Junco,hyemalis,Passerellidae,6303,Yes,Edge,Lower
2007-10-09,14.0,MP,Junco,hyemalis,Passerellidae,6303,Yes,Edge,Lower
2007-10-09,14.0,CHI,Junco,hyemalis,Passerellidae,6303,Yes,Edge,Lower
2007-10-09,14.0,CHI,Junco,hyemalis,Passerellidae,6303,Yes,Edge,Lower
2007-10-09,14.0,MP,Junco,hyemalis,Passerellidae,6303,Yes,Edge,Lower
2007-10-09,14.0,CHI,Junco,hyemalis,Passerellidae,6303,Yes,Edge,Lower
2007-10-09,14.0,CHI,Junco,hyemalis,Passerellidae,6303,Yes,Edge,Lower
2007-10-09,14.0,MP,Junco,hyemalis,Passerellidae,6303,Yes,Edge,Lower
2007-10-09,14.0,CHI,Junco,hyemalis,Passerellidae,6303,Yes,Edge,Lower
2007-10-09,14.0,CHI,Catharus,guttatus,Turdidae,3729,Yes,Forest,Lower
2007-10-09,14.0,CHI,Catharus,guttatus,Turdidae,3729,Yes,Forest,Lower
2007-10-09,14.0,CHI,Junco,hyemalis,Passerellidae,6303,Yes,Edge,Lower
2007-10-09,14.0,CHI,Catharus,guttatus,Turdidae,3729,Yes,Forest,Lower
2007-10-09,14.0,CHI,Catharus,guttatus,Turdidae,3729,Yes,Forest,Lower
2007-10-09,14.0,MP,Passerina,cyanea,Cardinalidae,725,yes,edge,Upper
2007-10-09,14.0,MP,Catharus,guttatus,Turdidae,3729,Yes,Forest,Lower
2007-10-09,14.0,MP,Catharus,guttatus,Turdidae,3729,Yes,Forest,Lower
2007-10-09,14.0,CHI,Zonotrichia,albicollis,Passerellidae,10133,Yes,Forest,Lower
2007-10-09,14.0,MP,Catharus,guttatus,Turdidae,3729,Yes,Forest,Lower
2007-10-09,14.0,MP,Catharus,guttatus,Turdidae,3729,Yes,Forest,Lower
2007-10-09,14.0,CHI,Catharus,guttatus,Turdidae,3729,Yes,Forest,Lower
2007-10-09,14.0,CHI,Catharus,guttatus,Turdidae,3729,Yes,Forest,Lower
2007-10-09,14.0,CHI,Zonotrichia,albicollis,Passerellidae,10133,Yes,Forest,Lower
2007-10-09,14.0,CHI,Hylocichla,mustelina,Turdidae,500,Yes,Forest,Lower
2007-10-09,14.0,CHI,Zonotrichia,albicollis,Passerellidae,10133,Yes,Forest,Lower
2007-10-09,14.0,CHI,Setophaga,palmarum,Parulidae,694,Yes,Edge,Lower
2007-10-09,14.0,CHI,Zonotrichia,albicollis,Passerellidae,10133,Yes,Forest,Lower
2007-10-09,14.0,MP,Setophaga,palmarum,Parulidae,694,Yes,Edge,Lower
2007-10-09,14.0,CHI,Setophaga,palmarum,Parulidae,694,Yes,Edge,Lower
2007-10-09,14.0,CHI,Zonotrichia,albicollis,Passerellidae,10133,Yes,Forest,Lower
2007-10-09,14.0,CHI,Zonotrichia,albicollis,Passerellidae,10133,Yes,Forest,Lower
2007-10-09,14.0,CHI,Seiurus,aurocapilla,Parulidae,4580,Yes,Forest,Lower
2007-10-09,14.0,MP,Melospiza,melodia,Passerellidae,5124,Yes,Edge,Lower
2007-10-09,14.0,CHI,Seiurus,aurocapilla,Parulidae,4580,Yes,Forest,Lower
2007-10-09,14.0,CHI,Regulus,satrapa,Regulidae,1029,Yes,Forest,Upper
2007-10-09,14.0,CHI,Regulus,satrapa,Regulidae,1029,Yes,Forest,Upper
2007-10-09,14.0,CHI,Melospiza,melodia,Passerellidae,5124,Yes,Edge,Lower
2007-10-09,14.0,CHI,Melospiza,melodia,Passerellidae,5124,Yes,Edge,Lower
2007-10-09,14.0,MP,Setophaga,tigrina,Parulidae,182,Yes,Forest,Upper
2007-10-09,14.0,CHI,Zonotrichia,albicollis,Passerellidae,10133,Yes,Forest,Lower
2007-10-09,14.0,CHI,Mniotilta,varia,Parulidae,620,Yes,Forest,Upper
2007-10-09,14.0,CHI,Sitta,canadensis,Sittidae,260,Yes,Forest,Upper
2007-10-09,14.0,CHI,Zonotrichia,albicollis,Passerellidae,10133,Yes,Forest,Lower
2007-10-09,14.0,CHI,Zonotrichia,albicollis,Passerellidae,10133,Yes,Forest,Lower
2007-10-09,14.0,CHI,Zonotrichia,albicollis,Passerellidae,10133,Yes,Forest,Lower
2007-10-09,14.0,CHI,Oreothlypis,ruficapilla,Parulidae,1690,Yes,Forest,Upper
2007-10-09,14.0,CHI,Junco,hyemalis,Passerellidae,6303,Yes,Edge,Lower
2007-10-09,14.0,CHI,Melospiza,lincolnii,Passerellidae,2029,yes,edge,Lower
2007-10-09,14.0,MP,Melospiza,lincolnii,Passerellidae,2029,yes,edge,Lower
2007-10-09,14.0,CHI,Zonotrichia,albicollis,Passerellidae,10133,Yes,Forest,Lower
2007-10-09,14.0,CHI,Melospiza,lincolnii,Passerellidae,2029,yes,edge,Lower
2007-10-09,14.0,CHI,Regulus,calendula,Regulidae,416,No,Forest,Upper
2007-10-09,14.0,MP,Melospiza,lincolnii,Passerellidae,2029,yes,edge,Lower
2007-10-09,14.0,CHI,Oreothlypis,ruficapilla,Parulidae,1690,Yes,Forest,Upper
2007-10-09,14.0,CHI,Oreothlypis,ruficapilla,Parulidae,1690,Yes,Forest,Upper
2007-10-09,14.0,CHI,Oreothlypis,ruficapilla,Parulidae,1690,Yes,Forest,Upper
2007-10-10,14.0,MP,Junco,hyemalis,Passerellidae,6303,Yes,Edge,Lower
2007-10-10,14.0,MP,Oreothlypis,ruficapilla,Parulidae,1690,Yes,Forest,Upper
2007-10-10,14.0,MP,Junco,hyemalis,Passerellidae,6303,Yes,Edge,Lower
2007-10-10,14.0,MP,Oreothlypis,ruficapilla,Parulidae,1690,Yes,Forest,Upper
2007-10-10,14.0,CHI,Junco,hyemalis,Passerellidae,6303,Yes,Edge,Lower
2007-10-10,14.0,CHI,Passerella,iliaca,Passerellidae,2443,Yes,Edge,Lower
2007-10-10,14.0,MP,Zonotrichia,albicollis,Passerellidae,10133,Yes,Forest,Lower
2007-10-10,14.0,MP,Passerella,iliaca,Passerellidae,2443,Yes,Edge,Lower
2007-10-10,14.0,CHI,Zonotrichia,albicollis,Passerellidae,10133,Yes,Forest,Lower
2007-10-10,14.0,MP,Junco,hyemalis,Passerellidae,6303,Yes,Edge,Lower
2007-10-10,14.0,CHI,Junco,hyemalis,Passerellidae,6303,Yes,Edge,Lower
2007-10-10,14.0,MP,Zonotrichia,albicollis,Passerellidae,10133,Yes,Forest,Lower
2007-10-10,14.0,CHI,Junco,hyemalis,Passerellidae,6303,Yes,Edge,Lower
2007-10-10,14.0,MP,Junco,hyemalis,Passerellidae,6303,Yes,Edge,Lower
2007-10-10,14.0,CHI,Zonotrichia,albicollis,Passerellidae,10133,Yes,Forest,Lower
2007-10-10,14.0,MP,Zonotrichia,albicollis,Passerellidae,10133,Yes,Forest,Lower
2007-10-10,14.0,MP,Zonotrichia,albicollis,Passerellidae,10133,Yes,Forest,Lower
2007-10-10,14.0,MP,Passerella,iliaca,Passerellidae,2443,Yes,Edge,Lower
2007-10-10,14.0,MP,Passerella,iliaca,Passerellidae,2443,Yes,Edge,Lower
2007-10-10,14.0,CHI,Passerella,iliaca,Passerellidae,2443,Yes,Edge,Lower
2007-10-10,14.0,MP,Passerella,iliaca,Passerellidae,2443,Yes,Edge,Lower
2007-10-10,14.0,MP,Passerella,iliaca,Passerellidae,2443,Yes,Edge,Lower
2007-10-10,14.0,CHI,Passerella,iliaca,Passerellidae,2443,Yes,Edge,Lower
2007-10-10,14.0,MP,Passerella,iliaca,Passerellidae,2443,Yes,Edge,Lower
2007-10-10,14.0,CHI,Catharus,guttatus,Turdidae,3729,Yes,Forest,Lower
2007-10-10,14.0,CHI,Catharus,guttatus,Turdidae,3729,Yes,Forest,Lower
2007-10-10,14.0,CHI,Catharus,guttatus,Turdidae,3729,Yes,Forest,Lower
2007-10-10,14.0,CHI,Catharus,guttatus,Turdidae,3729,Yes,Forest,Lower
2007-10-10,14.0,MP,Passerella,iliaca,Passerellidae,2443,Yes,Edge,Lower
2007-10-10,14.0,MP,Passerella,iliaca,Passerellidae,2443,Yes,Edge,Lower
2007-10-10,14.0,MP,Passerella,iliaca,Passerellidae,2443,Yes,Edge,Lower
2007-10-10,14.0,CHI,Passerella,iliaca,Passerellidae,2443,Yes,Edge,Lower
2007-10-10,14.0,CHI,Zonotrichia,albicollis,Passerellidae,10133,Yes,Forest,Lower
2007-10-10,14.0,MP,Catharus,guttatus,Turdidae,3729,Yes,Forest,Lower
2007-10-10,14.0,CHI,Passerella,iliaca,Passerellidae,2443,Yes,Edge,Lower
2007-10-10,14.0,MP,Zonotrichia,albicollis,Passerellidae,10133,Yes,Forest,Lower
2007-10-10,14.0,MP,Zonotrichia,albicollis,Passerellidae,10133,Yes,Forest,Lower
2007-10-10,14.0,MP,Zonotrichia,albicollis,Passerellidae,10133,Yes,Forest,Lower
2007-10-10,14.0,CHI,Passerella,iliaca,Passerellidae,2443,Yes,Edge,Lower
2007-10-10,14.0,MP,Zonotrichia,albicollis,Passerellidae,10133,Yes,Forest,Lower
2007-10-10,14.0,MP,Catharus,guttatus,Turdidae,3729,Yes,Forest,Lower
2007-10-10,14.0,MP,Zonotrichia,albicollis,Passerellidae,10133,Yes,Forest,Lower
2007-10-10,14.0,MP,Geothlypis,trichas,Parulidae,1555,Yes,Open,Lower
2007-10-10,14.0,MP,Junco,hyemalis,Passerellidae,6303,Yes,Edge,Lower
2007-10-10,14.0,CHI,Passerculus,sandwichensis,Passerellidae,274,yes,open,Lower	
2007-10-10,14.0,MP,Oreothlypis,celata,Parulidae,227,Yes,Edge,Lower
2007-10-10,14.0,CHI,setophaga,ruticilla,Parulidae,868,Yes,Edge,Upper
2007-10-10,14.0,CHI,Setophaga,virens,Parulidae,223,Yes,Forest,Upper
2007-10-10,14.0,MP,Geothlypis,trichas,Parulidae,1555,Yes,Open,Lower
2007-10-10,14.0,MP,Geothlypis,trichas,Parulidae,1555,Yes,Open,Lower
2007-10-10,14.0,MP,Catharus,guttatus,Turdidae,3729,Yes,Forest,Lower
2007-10-10,14.0,MP,Setophaga,magnolia,Parulidae,1224,yes,forest,Upper
2007-10-10,14.0,CHI,Sitta,canadensis,Sittidae,260,Yes,Forest,Upper
2007-10-10,14.0,MP,Seiurus,aurocapilla,Parulidae,4580,Yes,Forest,Lower
2007-10-10,14.0,CHI,Melospiza,lincolnii,Passerellidae,2029,yes,edge,Lower
2007-10-10,14.0,MP,Melospiza,lincolnii,Passerellidae,2029,yes,edge,Lower
2007-10-10,14.0,MP,Melospiza,lincolnii,Passerellidae,2029,yes,edge,Lower
2007-10-10,14.0,MP,Oreothlypis,peregrina,Parulidae,2515,Yes,Edge,Upper
2007-10-10,14.0,CHI,Setophaga,palmarum,Parulidae,694,Yes,Edge,Lower
2007-10-10,14.0,MP,Setophaga,palmarum,Parulidae,694,Yes,Edge,Lower
2007-10-10,14.0,CHI,Sitta,canadensis,Sittidae,260,Yes,Forest,Upper
2007-10-10,14.0,MP,Catharus,guttatus,Turdidae,3729,Yes,Forest,Lower
2007-10-10,14.0,CHI,Catharus,guttatus,Turdidae,3729,Yes,Forest,Lower
2007-10-10,14.0,MP,Catharus,guttatus,Turdidae,3729,Yes,Forest,Lower
2007-10-10,14.0,MP,Zonotrichia,albicollis,Passerellidae,10133,Yes,Forest,Lower
2007-10-10,14.0,CHI,Zonotrichia,albicollis,Passerellidae,10133,Yes,Forest,Lower
2007-10-10,14.0,CHI,Zonotrichia,albicollis,Passerellidae,10133,Yes,Forest,Lower
2007-10-10,14.0,CHI,Zonotrichia,albicollis,Passerellidae,10133,Yes,Forest,Lower
2007-10-10,14.0,MP,Zonotrichia,albicollis,Passerellidae,10133,Yes,Forest,Lower
2007-10-10,14.0,MP,Zonotrichia,albicollis,Passerellidae,10133,Yes,Forest,Lower
2007-10-10,14.0,MP,Zonotrichia,albicollis,Passerellidae,10133,Yes,Forest,Lower
2007-10-10,14.0,CHI,Zonotrichia,albicollis,Passerellidae,10133,Yes,Forest,Lower
2007-10-10,14.0,CHI,Zonotrichia,albicollis,Passerellidae,10133,Yes,Forest,Lower
2007-10-10,14.0,CHI,Zonotrichia,albicollis,Passerellidae,10133,Yes,Forest,Lower
2007-10-10,14.0,CHI,Zonotrichia,albicollis,Passerellidae,10133,Yes,Forest,Lower
2007-10-10,14.0,CHI,Geothlypis,trichas,Parulidae,1555,Yes,Open,Lower
2007-10-10,14.0,CHI,Zonotrichia,albicollis,Passerellidae,10133,Yes,Forest,Lower
2007-10-10,14.0,CHI,Zonotrichia,albicollis,Passerellidae,10133,Yes,Forest,Lower
2007-10-10,14.0,CHI,Zonotrichia,albicollis,Passerellidae,10133,Yes,Forest,Lower
2007-10-10,14.0,MP,Melospiza,melodia,Passerellidae,5124,Yes,Edge,Lower
2007-10-10,14.0,MP,Melospiza,melodia,Passerellidae,5124,Yes,Edge,Lower
2007-10-10,14.0,MP,Setophaga,caerulescens,Parulidae,183,Yes,Forest,Upper
2007-10-10,14.0,MP,Catharus,guttatus,Turdidae,3729,Yes,Forest,Lower
2007-10-11,17.0,CHI,Junco,hyemalis,Passerellidae,6303,Yes,Edge,Lower
2007-10-11,17.0,CHI,Junco,hyemalis,Passerellidae,6303,Yes,Edge,Lower
2007-10-11,17.0,CHI,Junco,hyemalis,Passerellidae,6303,Yes,Edge,Lower
2007-10-11,17.0,CHI,Junco,hyemalis,Passerellidae,6303,Yes,Edge,Lower
2007-10-11,17.0,CHI,Setophaga,magnolia,Parulidae,1224,yes,forest,Upper
2007-10-11,17.0,MP,Oreothlypis,celata,Parulidae,227,Yes,Edge,Lower
2007-10-11,17.0,CHI,Junco,hyemalis,Passerellidae,6303,Yes,Edge,Lower
2007-10-11,17.0,CHI,Oreothlypis,ruficapilla,Parulidae,1690,Yes,Forest,Upper
2007-10-11,17.0,CHI,Catharus,guttatus,Turdidae,3729,Yes,Forest,Lower
2007-10-11,17.0,CHI,Zonotrichia,albicollis,Passerellidae,10133,Yes,Forest,Lower
2007-10-11,17.0,CHI,Zonotrichia,albicollis,Passerellidae,10133,Yes,Forest,Lower
2007-10-11,17.0,CHI,Zonotrichia,albicollis,Passerellidae,10133,Yes,Forest,Lower
2007-10-11,17.0,CHI,Zonotrichia,albicollis,Passerellidae,10133,Yes,Forest,Lower
2007-10-11,17.0,CHI,Zonotrichia,albicollis,Passerellidae,10133,Yes,Forest,Lower
2007-10-11,17.0,CHI,Zonotrichia,albicollis,Passerellidae,10133,Yes,Forest,Lower
2007-10-11,17.0,CHI,Catharus,minimus,Turdidae,822,Yes,Forest,Lower
2007-10-11,17.0,MP,Zonotrichia,albicollis,Passerellidae,10133,Yes,Forest,Lower
2007-10-11,17.0,MP,Zonotrichia,albicollis,Passerellidae,10133,Yes,Forest,Lower
2007-10-11,17.0,MP,Zonotrichia,albicollis,Passerellidae,10133,Yes,Forest,Lower
2007-10-11,17.0,MP,Zonotrichia,albicollis,Passerellidae,10133,Yes,Forest,Lower
2007-10-11,17.0,MP,Melospiza,lincolnii,Passerellidae,2029,yes,edge,Lower
2007-10-11,17.0,MP,Zonotrichia,albicollis,Passerellidae,10133,Yes,Forest,Lower
2007-10-11,17.0,CHI,Zonotrichia,albicollis,Passerellidae,10133,Yes,Forest,Lower
2007-10-11,17.0,CHI,Zonotrichia,albicollis,Passerellidae,10133,Yes,Forest,Lower
2007-10-11,17.0,CHI,Zonotrichia,albicollis,Passerellidae,10133,Yes,Forest,Lower
2007-10-11,17.0,CHI,Zonotrichia,albicollis,Passerellidae,10133,Yes,Forest,Lower
2007-10-11,17.0,CHI,Zonotrichia,albicollis,Passerellidae,10133,Yes,Forest,Lower
2007-10-11,17.0,MP,Zonotrichia,albicollis,Passerellidae,10133,Yes,Forest,Lower
2007-10-11,17.0,MP,Regulus,satrapa,Regulidae,1029,Yes,Forest,Upper
2007-10-11,17.0,CHI,Regulus,satrapa,Regulidae,1029,Yes,Forest,Upper
2007-10-11,17.0,CHI,Regulus,satrapa,Regulidae,1029,Yes,Forest,Upper
2007-10-11,17.0,MP,Zonotrichia,leucophrys,Passerellidae,1090,Yes,Edge,Lower
2007-10-11,17.0,CHI,Oreothlypis,ruficapilla,Parulidae,1690,Yes,Forest,Upper
2007-10-11,17.0,MP,Melospiza,lincolnii,Passerellidae,2029,yes,edge,Lower
2007-10-11,17.0,MP,Zonotrichia,albicollis,Passerellidae,10133,Yes,Forest,Lower
2007-10-11,17.0,MP,Zonotrichia,albicollis,Passerellidae,10133,Yes,Forest,Lower
2007-10-11,17.0,CHI,Melospiza,lincolnii,Passerellidae,2029,yes,edge,Lower
2007-10-11,17.0,CHI,Catharus,guttatus,Turdidae,3729,Yes,Forest,Lower
2007-10-11,17.0,CHI,Catharus,guttatus,Turdidae,3729,Yes,Forest,Lower
2007-10-11,17.0,CHI,Catharus,guttatus,Turdidae,3729,Yes,Forest,Lower
2007-10-11,17.0,CHI,Catharus,guttatus,Turdidae,3729,Yes,Forest,Lower
2007-10-11,17.0,MP,Catharus,guttatus,Turdidae,3729,Yes,Forest,Lower
2007-10-11,17.0,MP,Catharus,guttatus,Turdidae,3729,Yes,Forest,Lower
2007-10-11,17.0,CHI,Passerella,iliaca,Passerellidae,2443,Yes,Edge,Lower
2007-10-11,17.0,CHI,Passerella,iliaca,Passerellidae,2443,Yes,Edge,Lower
2007-10-11,17.0,CHI,Passerella,iliaca,Passerellidae,2443,Yes,Edge,Lower
2007-10-11,17.0,MP,Catharus,guttatus,Turdidae,3729,Yes,Forest,Lower
2007-10-11,17.0,MP,Catharus,guttatus,Turdidae,3729,Yes,Forest,Lower
2007-10-11,17.0,MP,Passerella,iliaca,Passerellidae,2443,Yes,Edge,Lower
2007-10-11,17.0,CHI,Catharus,guttatus,Turdidae,3729,Yes,Forest,Lower
2007-10-11,17.0,CHI,Zonotrichia,albicollis,Passerellidae,10133,Yes,Forest,Lower
2007-10-11,17.0,CHI,Zonotrichia,albicollis,Passerellidae,10133,Yes,Forest,Lower
2007-10-11,17.0,MP,Catharus,guttatus,Turdidae,3729,Yes,Forest,Lower
2007-10-11,17.0,CHI,Catharus,guttatus,Turdidae,3729,Yes,Forest,Lower
2007-10-12,17.0,CHI,Catharus,guttatus,Turdidae,3729,Yes,Forest,Lower
2007-10-12,17.0,MP,Zonotrichia,albicollis,Passerellidae,10133,Yes,Forest,Lower
2007-10-12,17.0,CHI,Zonotrichia,albicollis,Passerellidae,10133,Yes,Forest,Lower
2007-10-12,17.0,CHI,Melospiza,lincolnii,Passerellidae,2029,yes,edge,Lower
2007-10-12,17.0,CHI,Passerella,iliaca,Passerellidae,2443,Yes,Edge,Lower
2007-10-12,17.0,CHI,Passerella,iliaca,Passerellidae,2443,Yes,Edge,Lower
2007-10-12,17.0,CHI,Troglodytes,aedon,Troglodytidae,104,No,Edge,Lower
2007-10-12,17.0,CHI,Regulus,satrapa,Regulidae,1029,Yes,Forest,Upper
2007-10-12,17.0,CHI,Regulus,satrapa,Regulidae,1029,Yes,Forest,Upper
2007-10-12,17.0,CHI,Regulus,satrapa,Regulidae,1029,Yes,Forest,Upper
2007-10-12,17.0,CHI,Catharus,guttatus,Turdidae,3729,Yes,Forest,Lower
2007-10-12,17.0,CHI,Catharus,guttatus,Turdidae,3729,Yes,Forest,Lower
2007-10-12,17.0,MP,Regulus,satrapa,Regulidae,1029,Yes,Forest,Upper
2007-10-12,17.0,MP,Zonotrichia,albicollis,Passerellidae,10133,Yes,Forest,Lower
2007-10-12,17.0,CHI,Seiurus,aurocapilla,Parulidae,4580,Yes,Forest,Lower
2007-10-12,17.0,CHI,Catharus,guttatus,Turdidae,3729,Yes,Forest,Lower
2007-10-12,17.0,CHI,Catharus,guttatus,Turdidae,3729,Yes,Forest,Lower
2007-10-12,17.0,MP,Catharus,guttatus,Turdidae,3729,Yes,Forest,Lower
2007-10-12,17.0,MP,Catharus,guttatus,Turdidae,3729,Yes,Forest,Lower
2007-10-12,17.0,CHI,Spizella,pusilla,Passerellidae,325,Yes,Open,Lower
2007-10-12,17.0,MP,Zonotrichia,albicollis,Passerellidae,10133,Yes,Forest,Lower
2007-10-12,17.0,CHI,Zonotrichia,leucophrys,Passerellidae,1090,Yes,Edge,Lower
2007-10-12,17.0,MP,Zonotrichia,albicollis,Passerellidae,10133,Yes,Forest,Lower
2007-10-12,17.0,CHI,Zonotrichia,albicollis,Passerellidae,10133,Yes,Forest,Lower
2007-10-12,17.0,CHI,Zonotrichia,albicollis,Passerellidae,10133,Yes,Forest,Lower
2007-10-12,17.0,CHI,Zonotrichia,albicollis,Passerellidae,10133,Yes,Forest,Lower
2007-10-12,17.0,CHI,Zonotrichia,albicollis,Passerellidae,10133,Yes,Forest,Lower
2007-10-12,17.0,CHI,Setophaga,virens,Parulidae,223,Yes,Forest,Upper
2007-10-12,17.0,CHI,Zonotrichia,leucophrys,Passerellidae,1090,Yes,Edge,Lower
2007-10-12,17.0,CHI,Junco,hyemalis,Passerellidae,6303,Yes,Edge,Lower
2007-10-12,17.0,MP,Setophaga,coronata,Parulidae,887,yes,forest,Upper
2007-10-12,17.0,CHI,Junco,hyemalis,Passerellidae,6303,Yes,Edge,Lower
2007-10-12,17.0,MP,Oreothlypis,celata,Parulidae,227,Yes,Edge,Lower
2007-10-12,17.0,CHI,Zonotrichia,albicollis,Passerellidae,10133,Yes,Forest,Lower
2007-10-12,17.0,CHI,Junco,hyemalis,Passerellidae,6303,Yes,Edge,Lower
2007-10-12,17.0,CHI,Oreothlypis,celata,Parulidae,227,Yes,Edge,Lower
2007-10-12,17.0,CHI,Junco,hyemalis,Passerellidae,6303,Yes,Edge,Lower
2007-10-12,17.0,CHI,Junco,hyemalis,Passerellidae,6303,Yes,Edge,Lower
2007-10-12,17.0,CHI,Zonotrichia,albicollis,Passerellidae,10133,Yes,Forest,Lower
2007-10-12,17.0,CHI,Zonotrichia,albicollis,Passerellidae,10133,Yes,Forest,Lower
2007-10-12,17.0,CHI,Zonotrichia,albicollis,Passerellidae,10133,Yes,Forest,Lower
2007-10-12,17.0,CHI,Zonotrichia,albicollis,Passerellidae,10133,Yes,Forest,Lower
2007-10-12,17.0,CHI,Zonotrichia,leucophrys,Passerellidae,1090,Yes,Edge,Lower
2007-10-12,17.0,CHI,Zonotrichia,albicollis,Passerellidae,10133,Yes,Forest,Lower
2007-10-12,17.0,MP,Zonotrichia,albicollis,Passerellidae,10133,Yes,Forest,Lower
2007-10-12,17.0,CHI,Junco,hyemalis,Passerellidae,6303,Yes,Edge,Lower
2007-10-12,17.0,CHI,Junco,hyemalis,Passerellidae,6303,Yes,Edge,Lower
2007-10-12,17.0,MP,Catharus,guttatus,Turdidae,3729,Yes,Forest,Lower
2007-10-12,17.0,CHI,troglodytes,hiemalis,Troglodytidae,474,No,Forest,Lower
2007-10-12,17.0,CHI,Setophaga,palmarum,Parulidae,694,Yes,Edge,Lower
2007-10-12,17.0,MP,troglodytes,hiemalis,Troglodytidae,474,No,Forest,Lower
2007-10-12,17.0,MP,Regulus,calendula,Regulidae,416,No,Forest,Upper
2007-10-13,15.0,MP,Passerella,iliaca,Passerellidae,2443,Yes,Edge,Lower
2007-10-13,15.0,CHI,Regulus,calendula,Regulidae,416,No,Forest,Upper
2007-10-13,15.0,MP,Regulus,calendula,Regulidae,416,No,Forest,Upper
2007-10-13,15.0,CHI,Regulus,calendula,Regulidae,416,No,Forest,Upper
2007-10-13,15.0,CHI,Passerella,iliaca,Passerellidae,2443,Yes,Edge,Lower
2007-10-13,15.0,CHI,Passerella,iliaca,Passerellidae,2443,Yes,Edge,Lower
2007-10-13,15.0,CHI,Passerella,iliaca,Passerellidae,2443,Yes,Edge,Lower
2007-10-13,15.0,MP,Passerella,iliaca,Passerellidae,2443,Yes,Edge,Lower
2007-10-13,15.0,MP,Passerella,iliaca,Passerellidae,2443,Yes,Edge,Lower
2007-10-13,15.0,CHI,Setophaga,caerulescens,Parulidae,183,Yes,Forest,Upper
2007-10-13,15.0,CHI,Passerella,iliaca,Passerellidae,2443,Yes,Edge,Lower
2007-10-13,15.0,CHI,Passerella,iliaca,Passerellidae,2443,Yes,Edge,Lower
2007-10-13,15.0,CHI,Passerella,iliaca,Passerellidae,2443,Yes,Edge,Lower
2007-10-13,15.0,MP,Melospiza,melodia,Passerellidae,5124,Yes,Edge,Lower
2007-10-13,15.0,MP,Zonotrichia,albicollis,Passerellidae,10133,Yes,Forest,Lower
2007-10-13,15.0,CHI,Zonotrichia,albicollis,Passerellidae,10133,Yes,Forest,Lower
2007-10-13,15.0,MP,Zonotrichia,albicollis,Passerellidae,10133,Yes,Forest,Lower
2007-10-13,15.0,MP,Zonotrichia,albicollis,Passerellidae,10133,Yes,Forest,Lower
2007-10-13,15.0,MP,Zonotrichia,albicollis,Passerellidae,10133,Yes,Forest,Lower
2007-10-13,15.0,CHI,Zonotrichia,albicollis,Passerellidae,10133,Yes,Forest,Lower
2007-10-13,15.0,CHI,Passerella,iliaca,Passerellidae,2443,Yes,Edge,Lower
2007-10-13,15.0,MP,Zonotrichia,leucophrys,Passerellidae,1090,Yes,Edge,Lower
2007-10-13,15.0,CHI,catharus,ustulatus,Turdidae,2331,Yes,Forest,Lower
2007-10-13,15.0,CHI,Zonotrichia,albicollis,Passerellidae,10133,Yes,Forest,Lower
2007-10-13,15.0,CHI,Catharus,guttatus,Turdidae,3729,Yes,Forest,Lower
2007-10-13,15.0,CHI,Catharus,guttatus,Turdidae,3729,Yes,Forest,Lower
2007-10-13,15.0,MP,Catharus,guttatus,Turdidae,3729,Yes,Forest,Lower
2007-10-13,15.0,MP,Catharus,guttatus,Turdidae,3729,Yes,Forest,Lower
2007-10-13,15.0,MP,Catharus,guttatus,Turdidae,3729,Yes,Forest,Lower
2007-10-13,15.0,CHI,Melospiza,lincolnii,Passerellidae,2029,yes,edge,Lower
2007-10-13,15.0,CHI,Junco,hyemalis,Passerellidae,6303,Yes,Edge,Lower
2007-10-13,15.0,CHI,Zonotrichia,leucophrys,Passerellidae,1090,Yes,Edge,Lower
2007-10-13,15.0,MP,Oreothlypis,ruficapilla,Parulidae,1690,Yes,Forest,Upper
2007-10-13,15.0,MP,Oreothlypis,celata,Parulidae,227,Yes,Edge,Lower
2007-10-13,15.0,MP,Junco,hyemalis,Passerellidae,6303,Yes,Edge,Lower
2007-10-13,15.0,MP,Junco,hyemalis,Passerellidae,6303,Yes,Edge,Lower
2007-10-13,15.0,MP,Junco,hyemalis,Passerellidae,6303,Yes,Edge,Lower
2007-10-13,15.0,CHI,Zonotrichia,albicollis,Passerellidae,10133,Yes,Forest,Lower
2007-10-14,15.0,CHI,Zonotrichia,albicollis,Passerellidae,10133,Yes,Forest,Lower
2007-10-14,15.0,CHI,Setophaga,virens,Parulidae,223,Yes,Forest,Upper
2007-10-14,15.0,MP,Zonotrichia,leucophrys,Passerellidae,1090,Yes,Edge,Lower
2007-10-14,15.0,MP,Zonotrichia,albicollis,Passerellidae,10133,Yes,Forest,Lower
2007-10-14,15.0,CHI,Zonotrichia,albicollis,Passerellidae,10133,Yes,Forest,Lower
2007-10-14,15.0,CHI,Zonotrichia,albicollis,Passerellidae,10133,Yes,Forest,Lower
2007-10-14,15.0,CHI,Zonotrichia,albicollis,Passerellidae,10133,Yes,Forest,Lower
2007-10-14,15.0,CHI,Zonotrichia,albicollis,Passerellidae,10133,Yes,Forest,Lower
2007-10-14,15.0,CHI,Regulus,satrapa,Regulidae,1029,Yes,Forest,Upper
2007-10-14,15.0,CHI,Catharus,guttatus,Turdidae,3729,Yes,Forest,Lower
2007-10-14,15.0,MP,Catharus,guttatus,Turdidae,3729,Yes,Forest,Lower
2007-10-14,15.0,MP,Catharus,guttatus,Turdidae,3729,Yes,Forest,Lower
2007-10-14,15.0,CHI,Catharus,guttatus,Turdidae,3729,Yes,Forest,Lower
2007-10-14,15.0,MP,Passerella,iliaca,Passerellidae,2443,Yes,Edge,Lower
2007-10-14,15.0,CHI,Catharus,guttatus,Turdidae,3729,Yes,Forest,Lower
2007-10-14,15.0,CHI,Catharus,guttatus,Turdidae,3729,Yes,Forest,Lower
2007-10-14,15.0,CHI,Junco,hyemalis,Passerellidae,6303,Yes,Edge,Lower
2007-10-14,15.0,CHI,Oreothlypis,celata,Parulidae,227,Yes,Edge,Lower
2007-10-14,15.0,MP,Passerella,iliaca,Passerellidae,2443,Yes,Edge,Lower
2007-10-15,14.0,MP,Zonotrichia,albicollis,Passerellidae,10133,Yes,Forest,Lower
2007-10-15,14.0,CHI,Oreothlypis,celata,Parulidae,227,Yes,Edge,Lower
2007-10-15,14.0,CHI,Junco,hyemalis,Passerellidae,6303,Yes,Edge,Lower
2007-10-15,14.0,CHI,Passerella,iliaca,Passerellidae,2443,Yes,Edge,Lower
2007-10-15,14.0,CHI,Melospiza,lincolnii,Passerellidae,2029,yes,edge,Lower
2007-10-15,14.0,CHI,Zonotrichia,albicollis,Passerellidae,10133,Yes,Forest,Lower
2007-10-15,14.0,MP,Zonotrichia,albicollis,Passerellidae,10133,Yes,Forest,Lower
2007-10-15,14.0,MP,Regulus,calendula,Regulidae,416,No,Forest,Upper
2007-10-15,14.0,CHI,Regulus,calendula,Regulidae,416,No,Forest,Upper
2007-10-15,14.0,CHI,Melospiza,melodia,Passerellidae,5124,Yes,Edge,Lower
2007-10-15,14.0,CHI,Passerella,iliaca,Passerellidae,2443,Yes,Edge,Lower
2007-10-15,14.0,CHI,Zonotrichia,albicollis,Passerellidae,10133,Yes,Forest,Lower
2007-10-15,14.0,CHI,Zonotrichia,albicollis,Passerellidae,10133,Yes,Forest,Lower
2007-10-15,14.0,CHI,Zonotrichia,albicollis,Passerellidae,10133,Yes,Forest,Lower
2007-10-15,14.0,MP,Melospiza,melodia,Passerellidae,5124,Yes,Edge,Lower
2007-10-15,14.0,MP,Catharus,guttatus,Turdidae,3729,Yes,Forest,Lower
2007-10-15,14.0,MP,zonotrichia,querula,Passerellidae,2,Yes,Edge,Lower
2007-10-15,14.0,CHI,Zonotrichia,albicollis,Passerellidae,10133,Yes,Forest,Lower
2007-10-15,14.0,CHI,Melospiza,melodia,Passerellidae,5124,Yes,Edge,Lower
2007-10-15,14.0,MP,Catharus,guttatus,Turdidae,3729,Yes,Forest,Lower
2007-10-15,14.0,CHI,Regulus,satrapa,Regulidae,1029,Yes,Forest,Upper
2007-10-16,14.0,CHI,Regulus,satrapa,Regulidae,1029,Yes,Forest,Upper
2007-10-16,14.0,CHI,Zonotrichia,albicollis,Passerellidae,10133,Yes,Forest,Lower
2007-10-16,14.0,MP,Junco,hyemalis,Passerellidae,6303,Yes,Edge,Lower
2007-10-16,14.0,CHI,Passerella,iliaca,Passerellidae,2443,Yes,Edge,Lower
2007-10-16,14.0,CHI,Zonotrichia,albicollis,Passerellidae,10133,Yes,Forest,Lower
2007-10-16,14.0,CHI,Setophaga,virens,Parulidae,223,Yes,Forest,Upper
2007-10-16,14.0,MP,Zonotrichia,leucophrys,Passerellidae,1090,Yes,Edge,Lower
2007-10-16,14.0,MP,Zonotrichia,leucophrys,Passerellidae,1090,Yes,Edge,Lower
2007-10-16,14.0,MP,Zonotrichia,leucophrys,Passerellidae,1090,Yes,Edge,Lower
2007-10-17,14.0,CHI,Zonotrichia,albicollis,Passerellidae,10133,Yes,Forest,Lower
2007-10-17,14.0,CHI,troglodytes,hiemalis,Troglodytidae,474,No,Forest,Lower
2007-10-17,14.0,MP,Catharus,guttatus,Turdidae,3729,Yes,Forest,Lower
2007-10-17,14.0,MP,Zonotrichia,albicollis,Passerellidae,10133,Yes,Forest,Lower
2007-10-17,14.0,MP,Catharus,guttatus,Turdidae,3729,Yes,Forest,Lower
2007-10-17,14.0,CHI,Regulus,calendula,Regulidae,416,No,Forest,Upper
2007-10-17,14.0,CHI,Setophaga,palmarum,Parulidae,694,Yes,Edge,Lower
2007-10-18,14.0,CHI,Zonotrichia,leucophrys,Passerellidae,1090,Yes,Edge,Lower
2007-10-18,14.0,CHI,Melospiza,lincolnii,Passerellidae,2029,yes,edge,Lower
2007-10-18,14.0,CHI,Oporornis,agilis,Parulidae,365,Yes,Forest,Lower
2007-10-18,14.0,CHI,Zonotrichia,albicollis,Passerellidae,10133,Yes,Forest,Lower
2007-10-18,14.0,CHI,Zonotrichia,albicollis,Passerellidae,10133,Yes,Forest,Lower
2007-10-18,14.0,CHI,Melospiza,lincolnii,Passerellidae,2029,yes,edge,Lower
2007-10-18,14.0,CHI,Sitta,canadensis,Sittidae,260,Yes,Forest,Upper
2007-10-18,14.0,CHI,Zonotrichia,albicollis,Passerellidae,10133,Yes,Forest,Lower
2007-10-18,14.0,CHI,Oreothlypis,celata,Parulidae,227,Yes,Edge,Lower
2007-10-18,14.0,CHI,Zonotrichia,albicollis,Passerellidae,10133,Yes,Forest,Lower
2007-10-18,14.0,MP,Zonotrichia,leucophrys,Passerellidae,1090,Yes,Edge,Lower
2007-10-19,14.0,MP,Seiurus,aurocapilla,Parulidae,4580,Yes,Forest,Lower
2007-10-20,16.0,CHI,Catharus,guttatus,Turdidae,3729,Yes,Forest,Lower
2007-10-20,16.0,CHI,Catharus,guttatus,Turdidae,3729,Yes,Forest,Lower
2007-10-20,16.0,CHI,Setophaga,virens,Parulidae,223,Yes,Forest,Upper
2007-10-20,16.0,MP,Melospiza,melodia,Passerellidae,5124,Yes,Edge,Lower
2007-10-20,16.0,MP,Melospiza,melodia,Passerellidae,5124,Yes,Edge,Lower
2007-10-20,16.0,CHI,Passerella,iliaca,Passerellidae,2443,Yes,Edge,Lower
2007-10-20,16.0,MP,Passerella,iliaca,Passerellidae,2443,Yes,Edge,Lower
2007-10-20,16.0,MP,Passerella,iliaca,Passerellidae,2443,Yes,Edge,Lower
2007-10-20,16.0,MP,Passerella,iliaca,Passerellidae,2443,Yes,Edge,Lower
2007-10-20,16.0,MP,Passerella,iliaca,Passerellidae,2443,Yes,Edge,Lower
2007-10-20,16.0,MP,Passerella,iliaca,Passerellidae,2443,Yes,Edge,Lower
2007-10-20,16.0,CHI,Catharus,guttatus,Turdidae,3729,Yes,Forest,Lower
2007-10-20,16.0,CHI,Catharus,guttatus,Turdidae,3729,Yes,Forest,Lower
2007-10-20,16.0,MP,Oreothlypis,peregrina,Parulidae,2515,Yes,Edge,Upper
2007-10-20,16.0,MP,Melospiza,lincolnii,Passerellidae,2029,yes,edge,Lower
2007-10-20,16.0,MP,Catharus,guttatus,Turdidae,3729,Yes,Forest,Lower
2007-10-20,16.0,MP,Catharus,guttatus,Turdidae,3729,Yes,Forest,Lower
2007-10-20,16.0,CHI,Oreothlypis,peregrina,Parulidae,2515,Yes,Edge,Upper
2007-10-20,16.0,CHI,Regulus,satrapa,Regulidae,1029,Yes,Forest,Upper
2007-10-20,16.0,CHI,Setophaga,palmarum,Parulidae,694,Yes,Edge,Lower
2007-10-20,16.0,CHI,Setophaga,palmarum,Parulidae,694,Yes,Edge,Lower
2007-10-20,16.0,CHI,Melospiza,lincolnii,Passerellidae,2029,yes,edge,Lower
2007-10-20,16.0,CHI,Zonotrichia,albicollis,Passerellidae,10133,Yes,Forest,Lower
2007-10-20,16.0,MP,Zonotrichia,albicollis,Passerellidae,10133,Yes,Forest,Lower
2007-10-20,16.0,MP,Zonotrichia,albicollis,Passerellidae,10133,Yes,Forest,Lower
2007-10-20,16.0,MP,Catharus,guttatus,Turdidae,3729,Yes,Forest,Lower
2007-10-21,16.0,MP,Zonotrichia,albicollis,Passerellidae,10133,Yes,Forest,Lower
2007-10-21,16.0,MP,Zonotrichia,albicollis,Passerellidae,10133,Yes,Forest,Lower
2007-10-21,16.0,MP,Catharus,guttatus,Turdidae,3729,Yes,Forest,Lower
2007-10-21,16.0,MP,Setophaga,palmarum,Parulidae,694,Yes,Edge,Lower
2007-10-21,16.0,CHI,Catharus,guttatus,Turdidae,3729,Yes,Forest,Lower
2007-10-21,16.0,MP,Catharus,guttatus,Turdidae,3729,Yes,Forest,Lower
2007-10-21,16.0,MP,Melospiza,melodia,Passerellidae,5124,Yes,Edge,Lower
2007-10-21,16.0,CHI,Sitta,canadensis,Sittidae,260,Yes,Forest,Upper
2007-10-21,16.0,MP,Oreothlypis,ruficapilla,Parulidae,1690,Yes,Forest,Upper
2007-10-21,16.0,CHI,Passerella,iliaca,Passerellidae,2443,Yes,Edge,Lower
2007-10-21,16.0,CHI,Passerella,iliaca,Passerellidae,2443,Yes,Edge,Lower
2007-10-21,16.0,MP,Setophaga,palmarum,Parulidae,694,Yes,Edge,Lower
2007-10-21,16.0,MP,Passerella,iliaca,Passerellidae,2443,Yes,Edge,Lower
2007-10-21,16.0,MP,Sitta,canadensis,Sittidae,260,Yes,Forest,Upper
2007-10-21,16.0,MP,Passerella,iliaca,Passerellidae,2443,Yes,Edge,Lower
2007-10-22,15.0,CHI,Catharus,guttatus,Turdidae,3729,Yes,Forest,Lower
2007-10-22,15.0,CHI,Zonotrichia,albicollis,Passerellidae,10133,Yes,Forest,Lower
2007-10-22,15.0,CHI,Catharus,guttatus,Turdidae,3729,Yes,Forest,Lower
2007-10-22,15.0,CHI,Catharus,guttatus,Turdidae,3729,Yes,Forest,Lower
2007-10-22,15.0,CHI,Catharus,guttatus,Turdidae,3729,Yes,Forest,Lower
2007-10-22,15.0,CHI,Catharus,guttatus,Turdidae,3729,Yes,Forest,Lower
2007-10-22,15.0,CHI,Catharus,guttatus,Turdidae,3729,Yes,Forest,Lower
2007-10-22,15.0,CHI,Zonotrichia,albicollis,Passerellidae,10133,Yes,Forest,Lower
2007-10-22,15.0,CHI,Catharus,guttatus,Turdidae,3729,Yes,Forest,Lower
2007-10-22,15.0,CHI,Zonotrichia,albicollis,Passerellidae,10133,Yes,Forest,Lower
2007-10-22,15.0,CHI,Catharus,guttatus,Turdidae,3729,Yes,Forest,Lower
2007-10-22,15.0,CHI,Catharus,guttatus,Turdidae,3729,Yes,Forest,Lower
2007-10-22,15.0,CHI,Setophaga,virens,Parulidae,223,Yes,Forest,Upper
2007-10-22,15.0,CHI,Catharus,guttatus,Turdidae,3729,Yes,Forest,Lower
2007-10-22,15.0,CHI,Catharus,guttatus,Turdidae,3729,Yes,Forest,Lower
2007-10-22,15.0,CHI,Zonotrichia,albicollis,Passerellidae,10133,Yes,Forest,Lower
2007-10-22,15.0,CHI,Zonotrichia,albicollis,Passerellidae,10133,Yes,Forest,Lower
2007-10-22,15.0,CHI,Catharus,guttatus,Turdidae,3729,Yes,Forest,Lower
2007-10-22,15.0,CHI,Regulus,satrapa,Regulidae,1029,Yes,Forest,Upper
2007-10-22,15.0,CHI,Catharus,guttatus,Turdidae,3729,Yes,Forest,Lower
2007-10-22,15.0,CHI,Catharus,guttatus,Turdidae,3729,Yes,Forest,Lower
2007-10-22,15.0,CHI,Regulus,satrapa,Regulidae,1029,Yes,Forest,Upper
2007-10-22,15.0,CHI,Catharus,guttatus,Turdidae,3729,Yes,Forest,Lower
2007-10-22,15.0,CHI,Catharus,guttatus,Turdidae,3729,Yes,Forest,Lower
2007-10-22,15.0,CHI,Catharus,guttatus,Turdidae,3729,Yes,Forest,Lower
2007-10-22,15.0,CHI,Zonotrichia,albicollis,Passerellidae,10133,Yes,Forest,Lower
2007-10-22,15.0,CHI,catharus,ustulatus,Turdidae,2331,Yes,Forest,Lower
2007-10-22,15.0,CHI,Catharus,guttatus,Turdidae,3729,Yes,Forest,Lower
2007-10-22,15.0,CHI,Oreothlypis,ruficapilla,Parulidae,1690,Yes,Forest,Upper
2007-10-22,15.0,CHI,Catharus,guttatus,Turdidae,3729,Yes,Forest,Lower
2007-10-22,15.0,CHI,Catharus,guttatus,Turdidae,3729,Yes,Forest,Lower
2007-10-22,15.0,CHI,Catharus,guttatus,Turdidae,3729,Yes,Forest,Lower
2007-10-22,15.0,CHI,Catharus,guttatus,Turdidae,3729,Yes,Forest,Lower
2007-10-22,15.0,CHI,Catharus,guttatus,Turdidae,3729,Yes,Forest,Lower
2007-10-22,15.0,CHI,Zonotrichia,albicollis,Passerellidae,10133,Yes,Forest,Lower
2007-10-22,15.0,CHI,Zonotrichia,albicollis,Passerellidae,10133,Yes,Forest,Lower
2007-10-22,15.0,CHI,Catharus,guttatus,Turdidae,3729,Yes,Forest,Lower
2007-10-22,15.0,CHI,Catharus,guttatus,Turdidae,3729,Yes,Forest,Lower
2007-10-22,15.0,CHI,Catharus,guttatus,Turdidae,3729,Yes,Forest,Lower
2007-10-22,15.0,CHI,Catharus,guttatus,Turdidae,3729,Yes,Forest,Lower
2007-10-22,15.0,CHI,Catharus,guttatus,Turdidae,3729,Yes,Forest,Lower
2007-10-22,15.0,CHI,Catharus,guttatus,Turdidae,3729,Yes,Forest,Lower
2007-10-22,15.0,CHI,Catharus,guttatus,Turdidae,3729,Yes,Forest,Lower
2007-10-22,15.0,MP,Catharus,guttatus,Turdidae,3729,Yes,Forest,Lower
2007-10-22,15.0,MP,Catharus,guttatus,Turdidae,3729,Yes,Forest,Lower
2007-10-22,15.0,MP,Catharus,guttatus,Turdidae,3729,Yes,Forest,Lower
2007-10-22,15.0,MP,Zonotrichia,albicollis,Passerellidae,10133,Yes,Forest,Lower
2007-10-22,15.0,MP,Zonotrichia,albicollis,Passerellidae,10133,Yes,Forest,Lower
2007-10-22,15.0,MP,Zonotrichia,albicollis,Passerellidae,10133,Yes,Forest,Lower
2007-10-22,15.0,CHI,Catharus,guttatus,Turdidae,3729,Yes,Forest,Lower
2007-10-22,15.0,CHI,Zonotrichia,albicollis,Passerellidae,10133,Yes,Forest,Lower
2007-10-22,15.0,CHI,Zonotrichia,albicollis,Passerellidae,10133,Yes,Forest,Lower
2007-10-22,15.0,CHI,Catharus,guttatus,Turdidae,3729,Yes,Forest,Lower
2007-10-22,15.0,MP,Catharus,guttatus,Turdidae,3729,Yes,Forest,Lower
2007-10-22,15.0,CHI,Zonotrichia,albicollis,Passerellidae,10133,Yes,Forest,Lower
2007-10-22,15.0,CHI,Catharus,guttatus,Turdidae,3729,Yes,Forest,Lower
2007-10-22,15.0,CHI,Catharus,guttatus,Turdidae,3729,Yes,Forest,Lower
2007-10-22,15.0,CHI,Catharus,guttatus,Turdidae,3729,Yes,Forest,Lower
2007-10-22,15.0,CHI,Catharus,guttatus,Turdidae,3729,Yes,Forest,Lower
2007-10-22,15.0,CHI,Catharus,guttatus,Turdidae,3729,Yes,Forest,Lower
2007-10-22,15.0,CHI,Catharus,guttatus,Turdidae,3729,Yes,Forest,Lower
2007-10-22,15.0,CHI,Catharus,guttatus,Turdidae,3729,Yes,Forest,Lower
2007-10-22,15.0,MP,Melospiza,melodia,Passerellidae,5124,Yes,Edge,Lower
2007-10-22,15.0,CHI,Junco,hyemalis,Passerellidae,6303,Yes,Edge,Lower
2007-10-22,15.0,MP,Junco,hyemalis,Passerellidae,6303,Yes,Edge,Lower
2007-10-22,15.0,MP,Melospiza,melodia,Passerellidae,5124,Yes,Edge,Lower
2007-10-22,15.0,MP,Junco,hyemalis,Passerellidae,6303,Yes,Edge,Lower
2007-10-22,15.0,MP,Junco,hyemalis,Passerellidae,6303,Yes,Edge,Lower
2007-10-22,15.0,CHI,Junco,hyemalis,Passerellidae,6303,Yes,Edge,Lower
2007-10-22,15.0,MP,Zonotrichia,leucophrys,Passerellidae,1090,Yes,Edge,Lower
2007-10-22,15.0,CHI,Melospiza,melodia,Passerellidae,5124,Yes,Edge,Lower
2007-10-22,15.0,CHI,Melospiza,lincolnii,Passerellidae,2029,yes,edge,Lower
2007-10-22,15.0,CHI,Passerella,iliaca,Passerellidae,2443,Yes,Edge,Lower
2007-10-22,15.0,MP,Melospiza,lincolnii,Passerellidae,2029,yes,edge,Lower
2007-10-22,15.0,CHI,Melospiza,melodia,Passerellidae,5124,Yes,Edge,Lower
2007-10-22,15.0,MP,Passerella,iliaca,Passerellidae,2443,Yes,Edge,Lower
2007-10-22,15.0,MP,Passerella,iliaca,Passerellidae,2443,Yes,Edge,Lower
2007-10-22,15.0,MP,Passerella,iliaca,Passerellidae,2443,Yes,Edge,Lower
2007-10-22,15.0,MP,Passerella,iliaca,Passerellidae,2443,Yes,Edge,Lower
2007-10-22,15.0,MP,Passerella,iliaca,Passerellidae,2443,Yes,Edge,Lower
2007-10-22,15.0,MP,Passerella,iliaca,Passerellidae,2443,Yes,Edge,Lower
2007-10-22,15.0,MP,Passerella,iliaca,Passerellidae,2443,Yes,Edge,Lower
2007-10-22,15.0,MP,Passerella,iliaca,Passerellidae,2443,Yes,Edge,Lower
2007-10-22,15.0,CHI,Passerella,iliaca,Passerellidae,2443,Yes,Edge,Lower
2007-10-22,15.0,MP,Passerella,iliaca,Passerellidae,2443,Yes,Edge,Lower
2007-10-22,15.0,CHI,troglodytes,hiemalis,Troglodytidae,474,No,Forest,Lower
2007-10-22,15.0,CHI,Passerella,iliaca,Passerellidae,2443,Yes,Edge,Lower
2007-10-22,15.0,CHI,Regulus,calendula,Regulidae,416,No,Forest,Upper
2007-10-22,15.0,CHI,Regulus,calendula,Regulidae,416,No,Forest,Upper
2007-10-22,15.0,MP,Passerella,iliaca,Passerellidae,2443,Yes,Edge,Lower
2007-10-22,15.0,CHI,Melospiza,melodia,Passerellidae,5124,Yes,Edge,Lower
2007-10-22,15.0,CHI,Junco,hyemalis,Passerellidae,6303,Yes,Edge,Lower
2007-10-22,15.0,MP,Oreothlypis,celata,Parulidae,227,Yes,Edge,Lower
2007-10-22,15.0,CHI,Regulus,satrapa,Regulidae,1029,Yes,Forest,Upper
2007-10-22,15.0,CHI,Regulus,satrapa,Regulidae,1029,Yes,Forest,Upper
2007-10-22,15.0,CHI,Catharus,guttatus,Turdidae,3729,Yes,Forest,Lower
2007-10-22,15.0,CHI,Catharus,guttatus,Turdidae,3729,Yes,Forest,Lower
2007-10-22,15.0,CHI,Catharus,guttatus,Turdidae,3729,Yes,Forest,Lower
2007-10-22,15.0,CHI,Catharus,guttatus,Turdidae,3729,Yes,Forest,Lower
2007-10-22,15.0,CHI,Melospiza,lincolnii,Passerellidae,2029,yes,edge,Lower
2007-10-22,15.0,CHI,Catharus,guttatus,Turdidae,3729,Yes,Forest,Lower
2007-10-22,15.0,CHI,Catharus,guttatus,Turdidae,3729,Yes,Forest,Lower
2007-10-22,15.0,CHI,Catharus,guttatus,Turdidae,3729,Yes,Forest,Lower
2007-10-22,15.0,CHI,Catharus,guttatus,Turdidae,3729,Yes,Forest,Lower
2007-10-23,16.0,MP,Melospiza,melodia,Passerellidae,5124,Yes,Edge,Lower
2007-10-23,16.0,MP,Melospiza,melodia,Passerellidae,5124,Yes,Edge,Lower
2007-10-23,16.0,CHI,Regulus,calendula,Regulidae,416,No,Forest,Upper
2007-10-23,16.0,MP,Melospiza,melodia,Passerellidae,5124,Yes,Edge,Lower
2007-10-23,16.0,CHI,Regulus,satrapa,Regulidae,1029,Yes,Forest,Upper
2007-10-23,16.0,MP,Sayornis,phoebe,Tyrannidae,24,No,Edge,Upper
2007-10-23,16.0,MP,Catharus,guttatus,Turdidae,3729,Yes,Forest,Lower
2007-10-23,16.0,CHI,Regulus,satrapa,Regulidae,1029,Yes,Forest,Upper
2007-10-23,16.0,MP,Catharus,guttatus,Turdidae,3729,Yes,Forest,Lower
2007-10-23,16.0,MP,Catharus,guttatus,Turdidae,3729,Yes,Forest,Lower
2007-10-23,16.0,MP,Catharus,guttatus,Turdidae,3729,Yes,Forest,Lower
2007-10-23,16.0,MP,Catharus,guttatus,Turdidae,3729,Yes,Forest,Lower
2007-10-23,16.0,CHI,Regulus,satrapa,Regulidae,1029,Yes,Forest,Upper
2007-10-23,16.0,CHI,Regulus,satrapa,Regulidae,1029,Yes,Forest,Upper
2007-10-23,16.0,MP,Catharus,guttatus,Turdidae,3729,Yes,Forest,Lower
2007-10-23,16.0,CHI,Regulus,satrapa,Regulidae,1029,Yes,Forest,Upper
2007-10-23,16.0,CHI,Catharus,guttatus,Turdidae,3729,Yes,Forest,Lower
2007-10-23,16.0,CHI,Catharus,guttatus,Turdidae,3729,Yes,Forest,Lower
2007-10-23,16.0,CHI,Catharus,guttatus,Turdidae,3729,Yes,Forest,Lower
2007-10-23,16.0,CHI,Catharus,guttatus,Turdidae,3729,Yes,Forest,Lower
2007-10-23,16.0,CHI,Catharus,guttatus,Turdidae,3729,Yes,Forest,Lower
2007-10-23,16.0,CHI,Catharus,guttatus,Turdidae,3729,Yes,Forest,Lower
2007-10-23,16.0,CHI,Catharus,guttatus,Turdidae,3729,Yes,Forest,Lower
2007-10-23,16.0,CHI,Catharus,guttatus,Turdidae,3729,Yes,Forest,Lower
2007-10-23,16.0,CHI,Regulus,satrapa,Regulidae,1029,Yes,Forest,Upper
2007-10-23,16.0,CHI,Junco,hyemalis,Passerellidae,6303,Yes,Edge,Lower
2007-10-23,16.0,CHI,Zonotrichia,albicollis,Passerellidae,10133,Yes,Forest,Lower
2007-10-23,16.0,MP,Zonotrichia,albicollis,Passerellidae,10133,Yes,Forest,Lower
2007-10-23,16.0,CHI,Zonotrichia,albicollis,Passerellidae,10133,Yes,Forest,Lower
2007-10-23,16.0,CHI,Passerella,iliaca,Passerellidae,2443,Yes,Edge,Lower
2007-10-23,16.0,CHI,Passerella,iliaca,Passerellidae,2443,Yes,Edge,Lower
2007-10-23,16.0,MP,Zonotrichia,leucophrys,Passerellidae,1090,Yes,Edge,Lower
2007-10-23,16.0,MP,Melospiza,lincolnii,Passerellidae,2029,yes,edge,Lower
2007-10-23,16.0,CHI,Zonotrichia,albicollis,Passerellidae,10133,Yes,Forest,Lower
2007-10-23,16.0,CHI,Zonotrichia,albicollis,Passerellidae,10133,Yes,Forest,Lower
2007-10-23,16.0,CHI,Passerella,iliaca,Passerellidae,2443,Yes,Edge,Lower
2007-10-23,16.0,CHI,Zonotrichia,albicollis,Passerellidae,10133,Yes,Forest,Lower
2007-10-23,16.0,CHI,Zonotrichia,albicollis,Passerellidae,10133,Yes,Forest,Lower
2007-10-23,16.0,CHI,Zonotrichia,albicollis,Passerellidae,10133,Yes,Forest,Lower
2007-10-23,16.0,CHI,Zonotrichia,albicollis,Passerellidae,10133,Yes,Forest,Lower
2007-10-23,16.0,CHI,Zonotrichia,albicollis,Passerellidae,10133,Yes,Forest,Lower
2007-10-23,16.0,CHI,Zonotrichia,albicollis,Passerellidae,10133,Yes,Forest,Lower
2007-10-23,16.0,CHI,Zonotrichia,albicollis,Passerellidae,10133,Yes,Forest,Lower
2007-10-23,16.0,CHI,Zonotrichia,leucophrys,Passerellidae,1090,Yes,Edge,Lower
2007-10-23,16.0,MP,Zonotrichia,leucophrys,Passerellidae,1090,Yes,Edge,Lower
2007-10-23,16.0,CHI,Zonotrichia,albicollis,Passerellidae,10133,Yes,Forest,Lower
2007-10-23,16.0,MP,Passerella,iliaca,Passerellidae,2443,Yes,Edge,Lower
2007-10-23,16.0,CHI,Zonotrichia,albicollis,Passerellidae,10133,Yes,Forest,Lower
2007-10-23,16.0,MP,Junco,hyemalis,Passerellidae,6303,Yes,Edge,Lower
2007-10-23,16.0,MP,Passerella,iliaca,Passerellidae,2443,Yes,Edge,Lower
2007-10-23,16.0,CHI,Zonotrichia,albicollis,Passerellidae,10133,Yes,Forest,Lower
2007-10-23,16.0,MP,Zonotrichia,albicollis,Passerellidae,10133,Yes,Forest,Lower
2007-10-23,16.0,MP,Zonotrichia,albicollis,Passerellidae,10133,Yes,Forest,Lower
2007-10-23,16.0,CHI,Zonotrichia,albicollis,Passerellidae,10133,Yes,Forest,Lower
2007-10-23,16.0,CHI,Zonotrichia,albicollis,Passerellidae,10133,Yes,Forest,Lower
2007-10-23,16.0,CHI,Zonotrichia,albicollis,Passerellidae,10133,Yes,Forest,Lower
2007-10-23,16.0,MP,Zonotrichia,albicollis,Passerellidae,10133,Yes,Forest,Lower
2007-10-23,16.0,MP,Zonotrichia,albicollis,Passerellidae,10133,Yes,Forest,Lower
2007-10-23,16.0,MP,Passerella,iliaca,Passerellidae,2443,Yes,Edge,Lower
2007-10-23,16.0,MP,Junco,hyemalis,Passerellidae,6303,Yes,Edge,Lower
2007-10-23,16.0,CHI,Zonotrichia,albicollis,Passerellidae,10133,Yes,Forest,Lower
2007-10-24,17.0,MP,troglodytes,hiemalis,Troglodytidae,474,No,Forest,Lower
2007-10-24,17.0,MP,Regulus,satrapa,Regulidae,1029,Yes,Forest,Upper
2007-10-24,17.0,CHI,Junco,hyemalis,Passerellidae,6303,Yes,Edge,Lower
2007-10-24,17.0,CHI,Junco,hyemalis,Passerellidae,6303,Yes,Edge,Lower
2007-10-24,17.0,MP,Junco,hyemalis,Passerellidae,6303,Yes,Edge,Lower
2007-10-24,17.0,MP,Passerella,iliaca,Passerellidae,2443,Yes,Edge,Lower
2007-10-24,17.0,CHI,troglodytes,hiemalis,Troglodytidae,474,No,Forest,Lower
2007-10-24,17.0,CHI,Passerina,cyanea,Cardinalidae,725,yes,edge,Upper
2007-10-24,17.0,MP,Melospiza,melodia,Passerellidae,5124,Yes,Edge,Lower
2007-10-24,17.0,MP,Junco,hyemalis,Passerellidae,6303,Yes,Edge,Lower
2007-10-24,17.0,CHI,Junco,hyemalis,Passerellidae,6303,Yes,Edge,Lower
2007-10-24,17.0,MP,Junco,hyemalis,Passerellidae,6303,Yes,Edge,Lower
2007-10-24,17.0,CHI,Junco,hyemalis,Passerellidae,6303,Yes,Edge,Lower
2007-10-24,17.0,CHI,Junco,hyemalis,Passerellidae,6303,Yes,Edge,Lower
2007-10-24,17.0,MP,Junco,hyemalis,Passerellidae,6303,Yes,Edge,Lower
2007-10-24,17.0,CHI,Passerella,iliaca,Passerellidae,2443,Yes,Edge,Lower
2007-10-24,17.0,MP,setophaga,ruticilla,Parulidae,868,Yes,Edge,Upper
2007-10-24,17.0,MP,Junco,hyemalis,Passerellidae,6303,Yes,Edge,Lower
2007-10-24,17.0,MP,Junco,hyemalis,Passerellidae,6303,Yes,Edge,Lower
2007-10-24,17.0,MP,Junco,hyemalis,Passerellidae,6303,Yes,Edge,Lower
2007-10-24,17.0,MP,Melospiza,melodia,Passerellidae,5124,Yes,Edge,Lower
2007-10-24,17.0,MP,Junco,hyemalis,Passerellidae,6303,Yes,Edge,Lower
2007-10-24,17.0,CHI,Regulus,satrapa,Regulidae,1029,Yes,Forest,Upper
2007-10-24,17.0,MP,Zonotrichia,albicollis,Passerellidae,10133,Yes,Forest,Lower
2007-10-24,17.0,MP,Zonotrichia,albicollis,Passerellidae,10133,Yes,Forest,Lower
2007-10-24,17.0,CHI,Catharus,guttatus,Turdidae,3729,Yes,Forest,Lower
2007-10-24,17.0,CHI,Catharus,guttatus,Turdidae,3729,Yes,Forest,Lower
2007-10-24,17.0,MP,Catharus,guttatus,Turdidae,3729,Yes,Forest,Lower
2007-10-24,17.0,MP,Melospiza,lincolnii,Passerellidae,2029,yes,edge,Lower
2007-10-24,17.0,CHI,Melospiza,lincolnii,Passerellidae,2029,yes,edge,Lower
2007-10-24,17.0,MP,Catharus,guttatus,Turdidae,3729,Yes,Forest,Lower
2007-10-24,17.0,CHI,Catharus,guttatus,Turdidae,3729,Yes,Forest,Lower
2007-10-24,17.0,MP,Catharus,guttatus,Turdidae,3729,Yes,Forest,Lower
2007-10-24,17.0,CHI,Zonotrichia,albicollis,Passerellidae,10133,Yes,Forest,Lower
2007-10-24,17.0,CHI,Zonotrichia,albicollis,Passerellidae,10133,Yes,Forest,Lower
2007-10-24,17.0,CHI,Catharus,guttatus,Turdidae,3729,Yes,Forest,Lower
2007-10-24,17.0,CHI,Zonotrichia,albicollis,Passerellidae,10133,Yes,Forest,Lower
2007-10-24,17.0,MP,Zonotrichia,albicollis,Passerellidae,10133,Yes,Forest,Lower
2007-10-24,17.0,CHI,Zonotrichia,albicollis,Passerellidae,10133,Yes,Forest,Lower
2007-10-24,17.0,CHI,Zonotrichia,albicollis,Passerellidae,10133,Yes,Forest,Lower
2007-10-24,17.0,MP,Catharus,guttatus,Turdidae,3729,Yes,Forest,Lower
2007-10-24,17.0,MP,Catharus,guttatus,Turdidae,3729,Yes,Forest,Lower
2007-10-24,17.0,MP,Zonotrichia,albicollis,Passerellidae,10133,Yes,Forest,Lower
2007-10-24,17.0,MP,Zonotrichia,albicollis,Passerellidae,10133,Yes,Forest,Lower
2007-10-24,17.0,CHI,Passerella,iliaca,Passerellidae,2443,Yes,Edge,Lower
2007-10-24,17.0,MP,Zonotrichia,albicollis,Passerellidae,10133,Yes,Forest,Lower
2007-10-24,17.0,CHI,Zonotrichia,albicollis,Passerellidae,10133,Yes,Forest,Lower
2007-10-24,17.0,CHI,Zonotrichia,albicollis,Passerellidae,10133,Yes,Forest,Lower
2007-10-24,17.0,CHI,Zonotrichia,albicollis,Passerellidae,10133,Yes,Forest,Lower
2007-10-24,17.0,CHI,Zonotrichia,albicollis,Passerellidae,10133,Yes,Forest,Lower
2007-10-24,17.0,CHI,Zonotrichia,albicollis,Passerellidae,10133,Yes,Forest,Lower
2007-10-24,17.0,MP,Passerella,iliaca,Passerellidae,2443,Yes,Edge,Lower
2007-10-24,17.0,CHI,Zonotrichia,albicollis,Passerellidae,10133,Yes,Forest,Lower
2007-10-24,17.0,CHI,Zonotrichia,albicollis,Passerellidae,10133,Yes,Forest,Lower
2007-10-24,17.0,MP,Zonotrichia,albicollis,Passerellidae,10133,Yes,Forest,Lower
2007-10-24,17.0,MP,Zonotrichia,albicollis,Passerellidae,10133,Yes,Forest,Lower
2007-10-24,17.0,CHI,Zonotrichia,albicollis,Passerellidae,10133,Yes,Forest,Lower
2007-10-25,17.0,CHI,Passerella,iliaca,Passerellidae,2443,Yes,Edge,Lower
2007-10-25,17.0,CHI,Melospiza,lincolnii,Passerellidae,2029,yes,edge,Lower
2007-10-25,17.0,MP,Junco,hyemalis,Passerellidae,6303,Yes,Edge,Lower
2007-10-25,17.0,CHI,Zonotrichia,albicollis,Passerellidae,10133,Yes,Forest,Lower
2007-10-25,17.0,CHI,troglodytes,hiemalis,Troglodytidae,474,No,Forest,Lower
2007-10-25,17.0,MP,Junco,hyemalis,Passerellidae,6303,Yes,Edge,Lower
2007-10-25,17.0,CHI,Passerella,iliaca,Passerellidae,2443,Yes,Edge,Lower
2007-10-25,17.0,CHI,Passerella,iliaca,Passerellidae,2443,Yes,Edge,Lower
2007-10-25,17.0,CHI,Zonotrichia,albicollis,Passerellidae,10133,Yes,Forest,Lower
2007-10-25,17.0,MP,Zonotrichia,albicollis,Passerellidae,10133,Yes,Forest,Lower
2007-10-25,17.0,MP,Zonotrichia,albicollis,Passerellidae,10133,Yes,Forest,Lower
2007-10-25,17.0,CHI,Melospiza,melodia,Passerellidae,5124,Yes,Edge,Lower
2007-10-25,17.0,MP,Zonotrichia,albicollis,Passerellidae,10133,Yes,Forest,Lower
2007-10-25,17.0,CHI,troglodytes,hiemalis,Troglodytidae,474,No,Forest,Lower
2007-10-25,17.0,CHI,Catharus,guttatus,Turdidae,3729,Yes,Forest,Lower
2007-10-25,17.0,CHI,Catharus,guttatus,Turdidae,3729,Yes,Forest,Lower
2007-10-25,17.0,CHI,Regulus,satrapa,Regulidae,1029,Yes,Forest,Upper
2007-10-25,17.0,CHI,Junco,hyemalis,Passerellidae,6303,Yes,Edge,Lower
2007-10-25,17.0,CHI,Zonotrichia,albicollis,Passerellidae,10133,Yes,Forest,Lower
2007-10-25,17.0,CHI,Zonotrichia,albicollis,Passerellidae,10133,Yes,Forest,Lower
2007-10-25,17.0,CHI,Zonotrichia,albicollis,Passerellidae,10133,Yes,Forest,Lower
2007-10-25,17.0,CHI,Melospiza,lincolnii,Passerellidae,2029,yes,edge,Lower
2007-10-25,17.0,CHI,Melospiza,melodia,Passerellidae,5124,Yes,Edge,Lower
2007-10-25,17.0,CHI,Zonotrichia,albicollis,Passerellidae,10133,Yes,Forest,Lower
2007-10-25,17.0,MP,Zonotrichia,albicollis,Passerellidae,10133,Yes,Forest,Lower
2007-10-25,17.0,MP,Junco,hyemalis,Passerellidae,6303,Yes,Edge,Lower
2007-10-26,16.0,CHI,Spizelloides,arborea,Passerellidae,1262,Yes,Edge,Lower
2007-10-26,16.0,CHI,Zonotrichia,albicollis,Passerellidae,10133,Yes,Forest,Lower
2007-10-26,16.0,MP,Zonotrichia,albicollis,Passerellidae,10133,Yes,Forest,Lower
2007-10-26,16.0,CHI,Catharus,guttatus,Turdidae,3729,Yes,Forest,Lower
2007-10-26,16.0,CHI,Catharus,guttatus,Turdidae,3729,Yes,Forest,Lower
2007-10-26,16.0,MP,Junco,hyemalis,Passerellidae,6303,Yes,Edge,Lower
2007-10-26,16.0,CHI,Zonotrichia,albicollis,Passerellidae,10133,Yes,Forest,Lower
2007-10-26,16.0,CHI,Regulus,satrapa,Regulidae,1029,Yes,Forest,Upper
2007-10-26,16.0,CHI,Catharus,guttatus,Turdidae,3729,Yes,Forest,Lower
2007-10-26,16.0,CHI,Melospiza,melodia,Passerellidae,5124,Yes,Edge,Lower
2007-10-26,16.0,CHI,Regulus,satrapa,Regulidae,1029,Yes,Forest,Upper
2007-10-26,16.0,MP,Pipilo,erythrophthalmus,Passerellidae,82,Rare,Edge,Lower
2007-10-27,16.0,MP,Zonotrichia,leucophrys,Passerellidae,1090,Yes,Edge,Lower
2007-10-27,16.0,MP,Zonotrichia,albicollis,Passerellidae,10133,Yes,Forest,Lower
2007-10-27,16.0,MP,Catharus,guttatus,Turdidae,3729,Yes,Forest,Lower
2007-10-28,16.0,MP,Junco,hyemalis,Passerellidae,6303,Yes,Edge,Lower
2007-10-28,16.0,CHI,Zonotrichia,albicollis,Passerellidae,10133,Yes,Forest,Lower
2007-10-28,16.0,CHI,Catharus,guttatus,Turdidae,3729,Yes,Forest,Lower
2007-10-28,16.0,CHI,Junco,hyemalis,Passerellidae,6303,Yes,Edge,Lower
2007-10-28,16.0,CHI,Junco,hyemalis,Passerellidae,6303,Yes,Edge,Lower
2007-10-28,16.0,CHI,Zonotrichia,albicollis,Passerellidae,10133,Yes,Forest,Lower
2007-10-28,16.0,CHI,Junco,hyemalis,Passerellidae,6303,Yes,Edge,Lower
2007-10-28,16.0,MP,Junco,hyemalis,Passerellidae,6303,Yes,Edge,Lower
2007-10-28,16.0,CHI,catharus,ustulatus,Turdidae,2331,Yes,Forest,Lower
2007-10-28,16.0,MP,Zonotrichia,albicollis,Passerellidae,10133,Yes,Forest,Lower
2007-10-28,16.0,MP,Junco,hyemalis,Passerellidae,6303,Yes,Edge,Lower
2007-10-28,16.0,MP,Junco,hyemalis,Passerellidae,6303,Yes,Edge,Lower
2007-10-28,16.0,CHI,Junco,hyemalis,Passerellidae,6303,Yes,Edge,Lower
2007-10-28,16.0,CHI,Junco,hyemalis,Passerellidae,6303,Yes,Edge,Lower
2007-10-28,16.0,MP,Junco,hyemalis,Passerellidae,6303,Yes,Edge,Lower
2007-10-28,16.0,CHI,Junco,hyemalis,Passerellidae,6303,Yes,Edge,Lower
2007-10-28,16.0,CHI,Junco,hyemalis,Passerellidae,6303,Yes,Edge,Lower
2007-10-28,16.0,CHI,Junco,hyemalis,Passerellidae,6303,Yes,Edge,Lower
2007-10-28,16.0,CHI,Junco,hyemalis,Passerellidae,6303,Yes,Edge,Lower
2007-10-28,16.0,CHI,Junco,hyemalis,Passerellidae,6303,Yes,Edge,Lower
2007-10-28,16.0,CHI,Junco,hyemalis,Passerellidae,6303,Yes,Edge,Lower
2007-10-28,16.0,CHI,Junco,hyemalis,Passerellidae,6303,Yes,Edge,Lower
2007-10-29,17.0,MP,Zonotrichia,leucophrys,Passerellidae,1090,Yes,Edge,Lower
2007-10-29,17.0,MP,Pipilo,erythrophthalmus,Passerellidae,82,Rare,Edge,Lower
2007-10-29,17.0,CHI,Junco,hyemalis,Passerellidae,6303,Yes,Edge,Lower
2007-10-29,17.0,MP,Passerella,iliaca,Passerellidae,2443,Yes,Edge,Lower
2007-10-29,17.0,MP,Junco,hyemalis,Passerellidae,6303,Yes,Edge,Lower
2007-10-29,17.0,MP,Junco,hyemalis,Passerellidae,6303,Yes,Edge,Lower
2007-10-29,17.0,MP,Zonotrichia,leucophrys,Passerellidae,1090,Yes,Edge,Lower
2007-10-29,17.0,MP,Zonotrichia,leucophrys,Passerellidae,1090,Yes,Edge,Lower
2007-10-29,17.0,MP,Junco,hyemalis,Passerellidae,6303,Yes,Edge,Lower
2007-10-30,17.0,MP,Junco,hyemalis,Passerellidae,6303,Yes,Edge,Lower
2007-10-30,17.0,CHI,Junco,hyemalis,Passerellidae,6303,Yes,Edge,Lower
2007-10-30,17.0,CHI,Zonotrichia,albicollis,Passerellidae,10133,Yes,Forest,Lower
2007-10-31,17.0,CHI,Zonotrichia,albicollis,Passerellidae,10133,Yes,Forest,Lower
2007-10-31,17.0,MP,Junco,hyemalis,Passerellidae,6303,Yes,Edge,Lower
2007-11-01,17.0,MP,Passerella,iliaca,Passerellidae,2443,Yes,Edge,Lower
2007-11-01,17.0,MP,Junco,hyemalis,Passerellidae,6303,Yes,Edge,Lower
2007-11-01,17.0,CHI,Passerella,iliaca,Passerellidae,2443,Yes,Edge,Lower
2007-11-01,17.0,CHI,Catharus,guttatus,Turdidae,3729,Yes,Forest,Lower
2007-11-01,17.0,CHI,Junco,hyemalis,Passerellidae,6303,Yes,Edge,Lower
2007-11-01,17.0,MP,Catharus,guttatus,Turdidae,3729,Yes,Forest,Lower
2007-11-01,17.0,CHI,Catharus,guttatus,Turdidae,3729,Yes,Forest,Lower
2007-11-01,17.0,CHI,Junco,hyemalis,Passerellidae,6303,Yes,Edge,Lower
2007-11-01,17.0,CHI,Zonotrichia,albicollis,Passerellidae,10133,Yes,Forest,Lower
2007-11-01,17.0,MP,Melospiza,melodia,Passerellidae,5124,Yes,Edge,Lower
2007-11-01,17.0,MP,Junco,hyemalis,Passerellidae,6303,Yes,Edge,Lower
2007-11-01,17.0,CHI,Passerella,iliaca,Passerellidae,2443,Yes,Edge,Lower
2007-11-01,17.0,CHI,Zonotrichia,albicollis,Passerellidae,10133,Yes,Forest,Lower
2007-11-01,17.0,CHI,Zonotrichia,albicollis,Passerellidae,10133,Yes,Forest,Lower
2007-11-01,17.0,CHI,Zonotrichia,albicollis,Passerellidae,10133,Yes,Forest,Lower
2007-11-01,17.0,CHI,Zonotrichia,albicollis,Passerellidae,10133,Yes,Forest,Lower
2007-11-01,17.0,CHI,Passerella,iliaca,Passerellidae,2443,Yes,Edge,Lower
2007-11-01,17.0,CHI,Regulus,satrapa,Regulidae,1029,Yes,Forest,Upper
2007-11-02,14.0,MP,Melospiza,melodia,Passerellidae,5124,Yes,Edge,Lower
2007-11-02,14.0,MP,Melospiza,melodia,Passerellidae,5124,Yes,Edge,Lower
2007-11-02,14.0,MP,Catharus,guttatus,Turdidae,3729,Yes,Forest,Lower
2007-11-03,17.0,CHI,Passerella,iliaca,Passerellidae,2443,Yes,Edge,Lower
2007-11-03,17.0,CHI,Junco,hyemalis,Passerellidae,6303,Yes,Edge,Lower
2007-11-03,17.0,CHI,Passerella,iliaca,Passerellidae,2443,Yes,Edge,Lower
2007-11-03,17.0,CHI,Zonotrichia,albicollis,Passerellidae,10133,Yes,Forest,Lower
2007-11-03,17.0,CHI,Junco,hyemalis,Passerellidae,6303,Yes,Edge,Lower
2007-11-04,17.0,CHI,Zonotrichia,albicollis,Passerellidae,10133,Yes,Forest,Lower
2007-11-04,17.0,MP,Passerella,iliaca,Passerellidae,2443,Yes,Edge,Lower
2007-11-04,17.0,CHI,Passerella,iliaca,Passerellidae,2443,Yes,Edge,Lower
2007-11-04,17.0,CHI,Passerella,iliaca,Passerellidae,2443,Yes,Edge,Lower
2007-11-04,17.0,CHI,Zonotrichia,albicollis,Passerellidae,10133,Yes,Forest,Lower
2007-11-04,17.0,CHI,Passerella,iliaca,Passerellidae,2443,Yes,Edge,Lower
2007-11-04,17.0,MP,Zonotrichia,albicollis,Passerellidae,10133,Yes,Forest,Lower
2007-11-04,17.0,MP,Oreothlypis,celata,Parulidae,227,Yes,Edge,Lower
2007-11-04,17.0,CHI,Junco,hyemalis,Passerellidae,6303,Yes,Edge,Lower
2007-11-06,16.0,CHI,Passerella,iliaca,Passerellidae,2443,Yes,Edge,Lower
2007-11-06,16.0,MP,Passerella,iliaca,Passerellidae,2443,Yes,Edge,Lower
2007-11-06,16.0,MP,Passerella,iliaca,Passerellidae,2443,Yes,Edge,Lower
2007-11-06,16.0,MP,Melospiza,melodia,Passerellidae,5124,Yes,Edge,Lower
2007-11-06,16.0,CHI,Junco,hyemalis,Passerellidae,6303,Yes,Edge,Lower
2007-11-06,16.0,CHI,Junco,hyemalis,Passerellidae,6303,Yes,Edge,Lower
2007-11-06,16.0,MP,Junco,hyemalis,Passerellidae,6303,Yes,Edge,Lower
2007-11-06,16.0,MP,Passerella,iliaca,Passerellidae,2443,Yes,Edge,Lower
2007-11-06,16.0,MP,Zonotrichia,albicollis,Passerellidae,10133,Yes,Forest,Lower
2007-11-06,16.0,MP,Junco,hyemalis,Passerellidae,6303,Yes,Edge,Lower
2007-11-06,16.0,MP,Junco,hyemalis,Passerellidae,6303,Yes,Edge,Lower
2007-11-06,16.0,MP,Passerella,iliaca,Passerellidae,2443,Yes,Edge,Lower
2007-11-06,16.0,MP,Passerella,iliaca,Passerellidae,2443,Yes,Edge,Lower
2007-11-08,17.0,CHI,Catharus,guttatus,Turdidae,3729,Yes,Forest,Lower
2007-11-09,16.0,MP,Junco,hyemalis,Passerellidae,6303,Yes,Edge,Lower
2007-11-10,16.0,MP,Junco,hyemalis,Passerellidae,6303,Yes,Edge,Lower
2007-11-12,16.0,MP,Zonotrichia,leucophrys,Passerellidae,1090,Yes,Edge,Lower
2007-11-13,16.0,MP,Spizelloides,arborea,Passerellidae,1262,Yes,Edge,Lower
2007-11-15,16.0,MP,Passerella,iliaca,Passerellidae,2443,Yes,Edge,Lower
2007-11-16,16.0,MP,Spizelloides,arborea,Passerellidae,1262,Yes,Edge,Lower
2007-11-16,16.0,MP,Spizelloides,arborea,Passerellidae,1262,Yes,Edge,Lower
2007-11-16,16.0,MP,Zonotrichia,albicollis,Passerellidae,10133,Yes,Forest,Lower
2007-11-16,16.0,MP,Spizelloides,arborea,Passerellidae,1262,Yes,Edge,Lower
2007-11-16,16.0,MP,Junco,hyemalis,Passerellidae,6303,Yes,Edge,Lower
2007-11-16,16.0,MP,Junco,hyemalis,Passerellidae,6303,Yes,Edge,Lower
2007-11-16,16.0,MP,Junco,hyemalis,Passerellidae,6303,Yes,Edge,Lower
2007-11-17,14.0,MP,Passerella,iliaca,Passerellidae,2443,Yes,Edge,Lower
2007-11-17,14.0,MP,Spizelloides,arborea,Passerellidae,1262,Yes,Edge,Lower
2007-11-21,7.0,MP,Spizelloides,arborea,Passerellidae,1262,Yes,Edge,Lower
2007-11-21,7.0,MP,Seiurus,aurocapilla,Parulidae,4580,Yes,Forest,Lower
2007-11-21,7.0,MP,Junco,hyemalis,Passerellidae,6303,Yes,Edge,Lower
2008-03-04,4.0,MP,Melospiza,melodia,Passerellidae,5124,Yes,Edge,Lower
2008-03-04,4.0,MP,Melospiza,melodia,Passerellidae,5124,Yes,Edge,Lower
2008-03-13,16.0,MP,Melospiza,melodia,Passerellidae,5124,Yes,Edge,Lower
2008-03-13,16.0,MP,Melospiza,melodia,Passerellidae,5124,Yes,Edge,Lower
2008-03-13,16.0,MP,Spizelloides,arborea,Passerellidae,1262,Yes,Edge,Lower
2008-03-13,16.0,MP,Spizelloides,arborea,Passerellidae,1262,Yes,Edge,Lower
2008-03-18,15.0,MP,Spizelloides,arborea,Passerellidae,1262,Yes,Edge,Lower
2008-03-24,12.0,CHI,Passerella,iliaca,Passerellidae,2443,Yes,Edge,Lower
2008-03-25,12.0,MP,Melospiza,melodia,Passerellidae,5124,Yes,Edge,Lower
2008-03-25,12.0,CHI,Melospiza,melodia,Passerellidae,5124,Yes,Edge,Lower
2008-03-26,12.0,CHI,Melospiza,melodia,Passerellidae,5124,Yes,Edge,Lower
2008-03-26,12.0,CHI,Melospiza,melodia,Passerellidae,5124,Yes,Edge,Lower
2008-03-27,12.0,MP,Melospiza,melodia,Passerellidae,5124,Yes,Edge,Lower
2008-03-27,12.0,CHI,Melospiza,melodia,Passerellidae,5124,Yes,Edge,Lower
2008-03-31,3.0,CHI,Passerella,iliaca,Passerellidae,2443,Yes,Edge,Lower
2008-03-31,3.0,CHI,Junco,hyemalis,Passerellidae,6303,Yes,Edge,Lower
2008-04-01,6.0,CHI,Passerella,iliaca,Passerellidae,2443,Yes,Edge,Lower
2008-04-01,6.0,CHI,Melospiza,melodia,Passerellidae,5124,Yes,Edge,Lower
2008-04-01,6.0,CHI,Sturnella,magna,Icteridae,13,Yes,Open,Lower
2008-04-03,6.0,MP,Passerella,iliaca,Passerellidae,2443,Yes,Edge,Lower
2008-04-03,6.0,MP,Passerella,iliaca,Passerellidae,2443,Yes,Edge,Lower
2008-04-03,6.0,CHI,Regulus,satrapa,Regulidae,1029,Yes,Forest,Upper
2008-04-03,6.0,CHI,Spizelloides,arborea,Passerellidae,1262,Yes,Edge,Lower
2008-04-03,6.0,CHI,Junco,hyemalis,Passerellidae,6303,Yes,Edge,Lower
2008-04-03,6.0,CHI,Passerella,iliaca,Passerellidae,2443,Yes,Edge,Lower
2008-04-03,6.0,CHI,Melospiza,melodia,Passerellidae,5124,Yes,Edge,Lower
2008-04-03,6.0,CHI,Melospiza,melodia,Passerellidae,5124,Yes,Edge,Lower
2008-04-03,6.0,CHI,Passerella,iliaca,Passerellidae,2443,Yes,Edge,Lower
2008-04-05,12.0,CHI,Junco,hyemalis,Passerellidae,6303,Yes,Edge,Lower
2008-04-05,12.0,CHI,Melospiza,melodia,Passerellidae,5124,Yes,Edge,Lower
2008-04-05,12.0,MP,Melospiza,melodia,Passerellidae,5124,Yes,Edge,Lower
2008-04-07,13.0,MP,Passerella,iliaca,Passerellidae,2443,Yes,Edge,Lower
2008-04-07,13.0,MP,Passerella,iliaca,Passerellidae,2443,Yes,Edge,Lower
2008-04-07,13.0,CHI,Spizella,pusilla,Passerellidae,325,Yes,Open,Lower
2008-04-07,13.0,CHI,Passerella,iliaca,Passerellidae,2443,Yes,Edge,Lower
2008-04-07,13.0,MP,Junco,hyemalis,Passerellidae,6303,Yes,Edge,Lower
2008-04-07,13.0,MP,Junco,hyemalis,Passerellidae,6303,Yes,Edge,Lower
2008-04-07,13.0,MP,Catharus,guttatus,Turdidae,3729,Yes,Forest,Lower
2008-04-07,13.0,MP,Junco,hyemalis,Passerellidae,6303,Yes,Edge,Lower
2008-04-07,13.0,CHI,Junco,hyemalis,Passerellidae,6303,Yes,Edge,Lower
2008-04-07,13.0,MP,Passerella,iliaca,Passerellidae,2443,Yes,Edge,Lower
2008-04-07,13.0,CHI,Passerella,iliaca,Passerellidae,2443,Yes,Edge,Lower
2008-04-07,13.0,MP,Catharus,guttatus,Turdidae,3729,Yes,Forest,Lower
2008-04-07,13.0,MP,Catharus,guttatus,Turdidae,3729,Yes,Forest,Lower
2008-04-07,13.0,MP,Catharus,guttatus,Turdidae,3729,Yes,Forest,Lower
2008-04-07,13.0,MP,Catharus,guttatus,Turdidae,3729,Yes,Forest,Lower
2008-04-07,13.0,MP,Junco,hyemalis,Passerellidae,6303,Yes,Edge,Lower
2008-04-07,13.0,MP,Catharus,guttatus,Turdidae,3729,Yes,Forest,Lower
2008-04-07,13.0,MP,Passerella,iliaca,Passerellidae,2443,Yes,Edge,Lower
2008-04-07,13.0,CHI,Melospiza,melodia,Passerellidae,5124,Yes,Edge,Lower
2008-04-07,13.0,CHI,Regulus,satrapa,Regulidae,1029,Yes,Forest,Upper
2008-04-07,13.0,MP,Melospiza,melodia,Passerellidae,5124,Yes,Edge,Lower
2008-04-07,13.0,MP,Melospiza,melodia,Passerellidae,5124,Yes,Edge,Lower
2008-04-07,13.0,MP,Melospiza,melodia,Passerellidae,5124,Yes,Edge,Lower
2008-04-07,13.0,MP,Melospiza,melodia,Passerellidae,5124,Yes,Edge,Lower
2008-04-07,13.0,CHI,Melospiza,melodia,Passerellidae,5124,Yes,Edge,Lower
2008-04-07,13.0,MP,Spizelloides,arborea,Passerellidae,1262,Yes,Edge,Lower
2008-04-07,13.0,MP,Passerella,iliaca,Passerellidae,2443,Yes,Edge,Lower
2008-04-07,13.0,MP,Passerella,iliaca,Passerellidae,2443,Yes,Edge,Lower
2008-04-07,13.0,MP,Passerella,iliaca,Passerellidae,2443,Yes,Edge,Lower
2008-04-08,13.0,MP,Catharus,guttatus,Turdidae,3729,Yes,Forest,Lower
2008-04-08,13.0,MP,Passerella,iliaca,Passerellidae,2443,Yes,Edge,Lower
2008-04-08,13.0,CHI,Regulus,calendula,Regulidae,416,No,Forest,Upper
2008-04-08,13.0,MP,Melospiza,melodia,Passerellidae,5124,Yes,Edge,Lower
2008-04-08,13.0,MP,Melospiza,melodia,Passerellidae,5124,Yes,Edge,Lower
2008-04-08,13.0,MP,Catharus,guttatus,Turdidae,3729,Yes,Forest,Lower
2008-04-09,15.0,CHI,Passerella,iliaca,Passerellidae,2443,Yes,Edge,Lower
2008-04-09,15.0,CHI,Regulus,satrapa,Regulidae,1029,Yes,Forest,Upper
2008-04-09,15.0,MP,Melospiza,melodia,Passerellidae,5124,Yes,Edge,Lower
2008-04-09,15.0,CHI,Catharus,guttatus,Turdidae,3729,Yes,Forest,Lower
2008-04-09,15.0,CHI,Catharus,guttatus,Turdidae,3729,Yes,Forest,Lower
2008-04-09,15.0,MP,Catharus,guttatus,Turdidae,3729,Yes,Forest,Lower
2008-04-09,15.0,MP,Catharus,guttatus,Turdidae,3729,Yes,Forest,Lower
2008-04-09,15.0,MP,Catharus,guttatus,Turdidae,3729,Yes,Forest,Lower
2008-04-09,15.0,MP,Catharus,guttatus,Turdidae,3729,Yes,Forest,Lower
2008-04-09,15.0,CHI,Parkesia,motacilla,Parulidae,15,Yes,Forest,Lower
2008-04-09,15.0,MP,Catharus,guttatus,Turdidae,3729,Yes,Forest,Lower
2008-04-10,15.0,MP,Spizella,pusilla,Passerellidae,325,Yes,Open,Lower
2008-04-10,15.0,CHI,Catharus,guttatus,Turdidae,3729,Yes,Forest,Lower
2008-04-10,15.0,CHI,troglodytes,hiemalis,Troglodytidae,474,No,Forest,Lower
2008-04-10,15.0,CHI,Junco,hyemalis,Passerellidae,6303,Yes,Edge,Lower
2008-04-10,15.0,MP,Parkesia,motacilla,Parulidae,15,Yes,Forest,Lower
2008-04-12,15.0,CHI,Passerculus,sandwichensis,Passerellidae,274,yes,open,Lower	
2008-04-12,15.0,MP,Catharus,guttatus,Turdidae,3729,Yes,Forest,Lower
2008-04-12,15.0,CHI,Passerculus,sandwichensis,Passerellidae,274,yes,open,Lower	
2008-04-12,15.0,MP,Melospiza,melodia,Passerellidae,5124,Yes,Edge,Lower
2008-04-12,15.0,MP,Catharus,guttatus,Turdidae,3729,Yes,Forest,Lower
2008-04-12,15.0,CHI,Passerculus,sandwichensis,Passerellidae,274,yes,open,Lower	
2008-04-12,15.0,MP,Pipilo,erythrophthalmus,Passerellidae,82,Rare,Edge,Lower
2008-04-14,15.0,CHI,Junco,hyemalis,Passerellidae,6303,Yes,Edge,Lower
2008-04-14,15.0,CHI,Catharus,guttatus,Turdidae,3729,Yes,Forest,Lower
2008-04-16,12.0,CHI,Catharus,guttatus,Turdidae,3729,Yes,Forest,Lower
2008-04-16,12.0,MP,Junco,hyemalis,Passerellidae,6303,Yes,Edge,Lower
2008-04-16,12.0,MP,Zonotrichia,albicollis,Passerellidae,10133,Yes,Forest,Lower
2008-04-16,12.0,MP,Spizella,pusilla,Passerellidae,325,Yes,Open,Lower
2008-04-16,12.0,CHI,Regulus,satrapa,Regulidae,1029,Yes,Forest,Upper
2008-04-16,12.0,CHI,Junco,hyemalis,Passerellidae,6303,Yes,Edge,Lower
2008-04-17,13.0,CHI,Regulus,calendula,Regulidae,416,No,Forest,Upper
2008-04-17,13.0,CHI,Regulus,calendula,Regulidae,416,No,Forest,Upper
2008-04-17,13.0,CHI,Regulus,calendula,Regulidae,416,No,Forest,Upper
2008-04-17,13.0,MP,Passerculus,sandwichensis,Passerellidae,274,yes,open,Lower	
2008-04-17,13.0,MP,Catharus,guttatus,Turdidae,3729,Yes,Forest,Lower
2008-04-17,13.0,MP,Catharus,guttatus,Turdidae,3729,Yes,Forest,Lower
2008-04-17,13.0,CHI,Regulus,calendula,Regulidae,416,No,Forest,Upper
2008-04-18,4.0,MP,Zonotrichia,albicollis,Passerellidae,10133,Yes,Forest,Lower
2008-04-18,4.0,MP,Junco,hyemalis,Passerellidae,6303,Yes,Edge,Lower
2008-04-18,4.0,CHI,Regulus,calendula,Regulidae,416,No,Forest,Upper
2008-04-19,4.0,CHI,Melospiza,melodia,Passerellidae,5124,Yes,Edge,Lower
2008-04-19,4.0,CHI,Zonotrichia,albicollis,Passerellidae,10133,Yes,Forest,Lower
2008-04-19,4.0,CHI,Catharus,guttatus,Turdidae,3729,Yes,Forest,Lower
2008-04-19,4.0,CHI,Spizella,pusilla,Passerellidae,325,Yes,Open,Lower
2008-04-20,4.0,CHI,Zonotrichia,albicollis,Passerellidae,10133,Yes,Forest,Lower
2008-04-20,4.0,CHI,Catharus,guttatus,Turdidae,3729,Yes,Forest,Lower
2008-04-20,4.0,CHI,Zonotrichia,albicollis,Passerellidae,10133,Yes,Forest,Lower
2008-04-20,4.0,CHI,troglodytes,hiemalis,Troglodytidae,474,No,Forest,Lower
2008-04-21,4.0,CHI,Catharus,guttatus,Turdidae,3729,Yes,Forest,Lower
2008-04-21,4.0,CHI,Toxostoma,rufum,Mimidae,166,No,Edge,Lower
2008-04-21,4.0,CHI,Troglodytes,aedon,Troglodytidae,104,No,Edge,Lower
2008-04-21,4.0,CHI,Zonotrichia,albicollis,Passerellidae,10133,Yes,Forest,Lower
2008-04-22,4.0,CHI,Zonotrichia,albicollis,Passerellidae,10133,Yes,Forest,Lower
2008-04-22,4.0,CHI,Zonotrichia,albicollis,Passerellidae,10133,Yes,Forest,Lower
2008-04-22,4.0,CHI,Regulus,calendula,Regulidae,416,No,Forest,Upper
2008-04-22,4.0,CHI,Setophaga,americana,Parulidae,59,Yes,Forest,Upper
2008-04-22,4.0,CHI,Regulus,satrapa,Regulidae,1029,Yes,Forest,Upper
2008-04-22,4.0,CHI,Setophaga,palmarum,Parulidae,694,Yes,Edge,Lower
2008-04-23,7.0,CHI,Zonotrichia,albicollis,Passerellidae,10133,Yes,Forest,Lower
2008-04-23,7.0,CHI,Sitta,canadensis,Sittidae,260,Yes,Forest,Upper
2008-04-23,7.0,CHI,Zonotrichia,albicollis,Passerellidae,10133,Yes,Forest,Lower
2008-04-23,7.0,CHI,Troglodytes,aedon,Troglodytidae,104,No,Edge,Lower
2008-04-23,7.0,CHI,troglodytes,hiemalis,Troglodytidae,474,No,Forest,Lower
2008-04-23,7.0,CHI,Toxostoma,rufum,Mimidae,166,No,Edge,Lower
2008-04-23,7.0,CHI,Zonotrichia,albicollis,Passerellidae,10133,Yes,Forest,Lower
2008-04-23,7.0,CHI,Zonotrichia,albicollis,Passerellidae,10133,Yes,Forest,Lower
2008-04-23,7.0,CHI,Zonotrichia,albicollis,Passerellidae,10133,Yes,Forest,Lower
2008-04-23,7.0,CHI,Setophaga,coronata,Parulidae,887,yes,forest,Upper
2008-04-24,14.0,CHI,Zonotrichia,albicollis,Passerellidae,10133,Yes,Forest,Lower
2008-04-24,14.0,CHI,Zonotrichia,albicollis,Passerellidae,10133,Yes,Forest,Lower
2008-04-24,14.0,CHI,Zonotrichia,albicollis,Passerellidae,10133,Yes,Forest,Lower
2008-04-24,14.0,CHI,Zonotrichia,albicollis,Passerellidae,10133,Yes,Forest,Lower
2008-04-24,14.0,CHI,Ammodramus,savannarum,Passerellidae,106,Yes,Open,Lower
2008-04-24,14.0,CHI,Melospiza,lincolnii,Passerellidae,2029,yes,edge,Lower
2008-04-24,14.0,MP,Zonotrichia,albicollis,Passerellidae,10133,Yes,Forest,Lower
2008-04-24,14.0,CHI,Zonotrichia,albicollis,Passerellidae,10133,Yes,Forest,Lower
2008-04-24,14.0,CHI,Setophaga,palmarum,Parulidae,694,Yes,Edge,Lower
2008-04-24,14.0,CHI,Troglodytes,aedon,Troglodytidae,104,No,Edge,Lower
2008-04-25,14.0,CHI,Zonotrichia,albicollis,Passerellidae,10133,Yes,Forest,Lower
2008-04-25,14.0,MP,Geothlypis,trichas,Parulidae,1555,Yes,Open,Lower
2008-04-25,14.0,CHI,Zonotrichia,albicollis,Passerellidae,10133,Yes,Forest,Lower
2008-04-25,14.0,CHI,Zonotrichia,albicollis,Passerellidae,10133,Yes,Forest,Lower
2008-04-25,14.0,CHI,Zonotrichia,albicollis,Passerellidae,10133,Yes,Forest,Lower
2008-04-25,14.0,CHI,Geothlypis,trichas,Parulidae,1555,Yes,Open,Lower
2008-04-25,14.0,MP,Passerculus,sandwichensis,Passerellidae,274,yes,open,Lower	
2008-04-25,14.0,CHI,Zonotrichia,albicollis,Passerellidae,10133,Yes,Forest,Lower
2008-04-25,14.0,MP,Melospiza,melodia,Passerellidae,5124,Yes,Edge,Lower
2008-04-25,14.0,CHI,Zonotrichia,albicollis,Passerellidae,10133,Yes,Forest,Lower
2008-04-25,14.0,MP,Zonotrichia,albicollis,Passerellidae,10133,Yes,Forest,Lower
2008-04-25,14.0,MP,Melospiza,lincolnii,Passerellidae,2029,yes,edge,Lower
2008-04-25,14.0,MP,Zonotrichia,albicollis,Passerellidae,10133,Yes,Forest,Lower
2008-04-25,14.0,MP,Zonotrichia,albicollis,Passerellidae,10133,Yes,Forest,Lower
2008-04-25,14.0,MP,Zonotrichia,albicollis,Passerellidae,10133,Yes,Forest,Lower
2008-04-25,14.0,MP,Ammodramus,savannarum,Passerellidae,106,Yes,Open,Lower
2008-04-25,14.0,MP,Zonotrichia,albicollis,Passerellidae,10133,Yes,Forest,Lower
2008-04-25,14.0,MP,Zonotrichia,albicollis,Passerellidae,10133,Yes,Forest,Lower
2008-04-25,14.0,MP,Zonotrichia,albicollis,Passerellidae,10133,Yes,Forest,Lower
2008-04-25,14.0,CHI,Toxostoma,rufum,Mimidae,166,No,Edge,Lower
2008-04-25,14.0,MP,Zonotrichia,albicollis,Passerellidae,10133,Yes,Forest,Lower
2008-04-25,14.0,MP,Zonotrichia,albicollis,Passerellidae,10133,Yes,Forest,Lower
2008-04-25,14.0,MP,Zonotrichia,albicollis,Passerellidae,10133,Yes,Forest,Lower
2008-04-25,14.0,MP,Zonotrichia,albicollis,Passerellidae,10133,Yes,Forest,Lower
2008-04-25,14.0,MP,Troglodytes,aedon,Troglodytidae,104,No,Edge,Lower
2008-04-25,14.0,MP,Catharus,guttatus,Turdidae,3729,Yes,Forest,Lower
2008-04-25,14.0,MP,Catharus,guttatus,Turdidae,3729,Yes,Forest,Lower
2008-04-25,14.0,MP,Zonotrichia,albicollis,Passerellidae,10133,Yes,Forest,Lower
2008-04-25,14.0,CHI,Zonotrichia,albicollis,Passerellidae,10133,Yes,Forest,Lower
2008-04-25,14.0,MP,Zonotrichia,albicollis,Passerellidae,10133,Yes,Forest,Lower
2008-04-25,14.0,MP,Zonotrichia,albicollis,Passerellidae,10133,Yes,Forest,Lower
2008-04-25,14.0,MP,Zonotrichia,albicollis,Passerellidae,10133,Yes,Forest,Lower
2008-04-25,14.0,MP,Catharus,guttatus,Turdidae,3729,Yes,Forest,Lower
2008-04-25,14.0,MP,Zonotrichia,albicollis,Passerellidae,10133,Yes,Forest,Lower
2008-04-25,14.0,MP,Zonotrichia,albicollis,Passerellidae,10133,Yes,Forest,Lower
2008-04-25,14.0,MP,Zonotrichia,albicollis,Passerellidae,10133,Yes,Forest,Lower
2008-04-25,14.0,MP,Zonotrichia,albicollis,Passerellidae,10133,Yes,Forest,Lower
2008-04-25,14.0,MP,Catharus,guttatus,Turdidae,3729,Yes,Forest,Lower
2008-04-25,14.0,MP,Zonotrichia,albicollis,Passerellidae,10133,Yes,Forest,Lower
2008-04-25,14.0,MP,Zonotrichia,albicollis,Passerellidae,10133,Yes,Forest,Lower
2008-04-25,14.0,CHI,Zonotrichia,albicollis,Passerellidae,10133,Yes,Forest,Lower
2008-04-26,14.0,MP,Parkesia,noveboracensis,Parulidae,916,Yes,Forest,Lower
2008-04-26,14.0,MP,Zonotrichia,albicollis,Passerellidae,10133,Yes,Forest,Lower
2008-04-26,14.0,MP,Passerculus,sandwichensis,Passerellidae,274,yes,open,Lower	
2008-04-26,14.0,MP,Spizella,pallida,Passerellidae,50,Yes,Open,Lower
2008-04-26,14.0,MP,dumetella,carolinensis,Mimidae,599,no,edge,Lower
2008-04-26,14.0,MP,Catharus,guttatus,Turdidae,3729,Yes,Forest,Lower
2008-04-26,14.0,MP,Zonotrichia,albicollis,Passerellidae,10133,Yes,Forest,Lower
2008-04-26,14.0,CHI,Zonotrichia,albicollis,Passerellidae,10133,Yes,Forest,Lower
2008-04-26,14.0,CHI,Zonotrichia,albicollis,Passerellidae,10133,Yes,Forest,Lower
2008-04-26,14.0,MP,Zonotrichia,albicollis,Passerellidae,10133,Yes,Forest,Lower
2008-04-26,14.0,MP,Zonotrichia,albicollis,Passerellidae,10133,Yes,Forest,Lower
2008-04-26,14.0,MP,Zonotrichia,albicollis,Passerellidae,10133,Yes,Forest,Lower
2008-04-26,14.0,MP,Zonotrichia,albicollis,Passerellidae,10133,Yes,Forest,Lower
2008-04-26,14.0,MP,Zonotrichia,albicollis,Passerellidae,10133,Yes,Forest,Lower
2008-04-26,14.0,MP,Zonotrichia,albicollis,Passerellidae,10133,Yes,Forest,Lower
2008-04-26,14.0,MP,Zonotrichia,albicollis,Passerellidae,10133,Yes,Forest,Lower
2008-04-26,14.0,MP,Zonotrichia,albicollis,Passerellidae,10133,Yes,Forest,Lower
2008-04-26,14.0,MP,Zonotrichia,albicollis,Passerellidae,10133,Yes,Forest,Lower
2008-04-26,14.0,MP,Zonotrichia,albicollis,Passerellidae,10133,Yes,Forest,Lower
2008-04-27,15.0,CHI,Geothlypis,formosa,Parulidae,16,Yes,Forest,Lower
2008-04-27,15.0,CHI,Zonotrichia,albicollis,Passerellidae,10133,Yes,Forest,Lower
2008-04-27,15.0,MP,Zonotrichia,albicollis,Passerellidae,10133,Yes,Forest,Lower
2008-04-27,15.0,CHI,Vireo,olivaceus,Vireonidae,133,No,Forest,Upper
2008-04-27,15.0,MP,Zonotrichia,albicollis,Passerellidae,10133,Yes,Forest,Lower
2008-04-28,14.0,CHI,Zonotrichia,albicollis,Passerellidae,10133,Yes,Forest,Lower
2008-04-28,14.0,CHI,Zonotrichia,albicollis,Passerellidae,10133,Yes,Forest,Lower
2008-04-28,14.0,CHI,Zonotrichia,albicollis,Passerellidae,10133,Yes,Forest,Lower
2008-04-28,14.0,CHI,Catharus,guttatus,Turdidae,3729,Yes,Forest,Lower
2008-04-28,14.0,CHI,Catharus,guttatus,Turdidae,3729,Yes,Forest,Lower
2008-04-28,14.0,CHI,Seiurus,aurocapilla,Parulidae,4580,Yes,Forest,Lower
2008-04-29,14.0,CHI,Zonotrichia,albicollis,Passerellidae,10133,Yes,Forest,Lower
2008-04-29,14.0,CHI,Zonotrichia,albicollis,Passerellidae,10133,Yes,Forest,Lower
2008-04-29,14.0,CHI,Zonotrichia,albicollis,Passerellidae,10133,Yes,Forest,Lower
2008-04-30,14.0,CHI,Seiurus,aurocapilla,Parulidae,4580,Yes,Forest,Lower
2008-04-30,14.0,CHI,Piranga,rubra,Cardinalidae,9,Yes,Forest,Upper
2008-04-30,14.0,CHI,Zonotrichia,albicollis,Passerellidae,10133,Yes,Forest,Lower
2008-04-30,14.0,CHI,Catharus,guttatus,Turdidae,3729,Yes,Forest,Lower
2008-05-01,14.0,CHI,Geothlypis,trichas,Parulidae,1555,Yes,Open,Lower
2008-05-01,14.0,CHI,Zonotrichia,albicollis,Passerellidae,10133,Yes,Forest,Lower
2008-05-01,14.0,CHI,Geothlypis,trichas,Parulidae,1555,Yes,Open,Lower
2008-05-01,14.0,CHI,Geothlypis,trichas,Parulidae,1555,Yes,Open,Lower
2008-05-01,14.0,CHI,Zonotrichia,albicollis,Passerellidae,10133,Yes,Forest,Lower
2008-05-01,14.0,CHI,Melospiza,lincolnii,Passerellidae,2029,yes,edge,Lower
2008-05-01,14.0,MP,dumetella,carolinensis,Mimidae,599,no,edge,Lower
2008-05-01,14.0,CHI,Catharus,guttatus,Turdidae,3729,Yes,Forest,Lower
2008-05-01,14.0,MP,dumetella,carolinensis,Mimidae,599,no,edge,Lower
2008-05-01,14.0,CHI,Pheucticus,ludovicianus,Cardinalidae,397,Yes,Forest,Upper
2008-05-01,14.0,CHI,Seiurus,aurocapilla,Parulidae,4580,Yes,Forest,Lower
2008-05-01,14.0,MP,Zonotrichia,albicollis,Passerellidae,10133,Yes,Forest,Lower
2008-05-01,14.0,CHI,Troglodytes,aedon,Troglodytidae,104,No,Edge,Lower
2008-05-01,14.0,CHI,Zonotrichia,albicollis,Passerellidae,10133,Yes,Forest,Lower
2008-05-01,14.0,CHI,Zonotrichia,albicollis,Passerellidae,10133,Yes,Forest,Lower
2008-05-01,14.0,CHI,Setophaga,palmarum,Parulidae,694,Yes,Edge,Lower
2008-05-01,14.0,CHI,Zonotrichia,albicollis,Passerellidae,10133,Yes,Forest,Lower
2008-05-01,14.0,CHI,Zonotrichia,albicollis,Passerellidae,10133,Yes,Forest,Lower
2008-05-01,14.0,CHI,Zonotrichia,albicollis,Passerellidae,10133,Yes,Forest,Lower
2008-05-01,14.0,CHI,Zonotrichia,albicollis,Passerellidae,10133,Yes,Forest,Lower
2008-05-01,14.0,CHI,Zonotrichia,albicollis,Passerellidae,10133,Yes,Forest,Lower
2008-05-01,14.0,CHI,Zonotrichia,albicollis,Passerellidae,10133,Yes,Forest,Lower
2008-05-01,14.0,CHI,Zonotrichia,albicollis,Passerellidae,10133,Yes,Forest,Lower
2008-05-01,14.0,CHI,Zonotrichia,albicollis,Passerellidae,10133,Yes,Forest,Lower
2008-05-01,14.0,CHI,Zonotrichia,albicollis,Passerellidae,10133,Yes,Forest,Lower
2008-05-01,14.0,CHI,Zonotrichia,albicollis,Passerellidae,10133,Yes,Forest,Lower
2008-05-01,14.0,CHI,Zonotrichia,albicollis,Passerellidae,10133,Yes,Forest,Lower
2008-05-01,14.0,CHI,Zonotrichia,albicollis,Passerellidae,10133,Yes,Forest,Lower
2008-05-01,14.0,CHI,Zonotrichia,albicollis,Passerellidae,10133,Yes,Forest,Lower
2008-05-01,14.0,CHI,Zonotrichia,albicollis,Passerellidae,10133,Yes,Forest,Lower
2008-05-01,14.0,CHI,Zonotrichia,albicollis,Passerellidae,10133,Yes,Forest,Lower
2008-05-01,14.0,CHI,Zonotrichia,albicollis,Passerellidae,10133,Yes,Forest,Lower
2008-05-01,14.0,CHI,Zonotrichia,albicollis,Passerellidae,10133,Yes,Forest,Lower
2008-05-01,14.0,CHI,Zonotrichia,albicollis,Passerellidae,10133,Yes,Forest,Lower
2008-05-01,14.0,MP,Zonotrichia,albicollis,Passerellidae,10133,Yes,Forest,Lower
2008-05-01,14.0,MP,Zonotrichia,albicollis,Passerellidae,10133,Yes,Forest,Lower
2008-05-01,14.0,CHI,Hylocichla,mustelina,Turdidae,500,Yes,Forest,Lower
2008-05-01,14.0,CHI,Hylocichla,mustelina,Turdidae,500,Yes,Forest,Lower
2008-05-01,14.0,CHI,Zonotrichia,albicollis,Passerellidae,10133,Yes,Forest,Lower
2008-05-02,14.0,CHI,Zonotrichia,albicollis,Passerellidae,10133,Yes,Forest,Lower
2008-05-02,14.0,CHI,Geothlypis,formosa,Parulidae,16,Yes,Forest,Lower
2008-05-02,14.0,MP,Empidonax,minimus,Tyrannidae,96,No,Edge,Upper
2008-05-02,14.0,CHI,dumetella,carolinensis,Mimidae,599,no,edge,Lower
2008-05-02,14.0,CHI,Zonotrichia,leucophrys,Passerellidae,1090,Yes,Edge,Lower
2008-05-02,14.0,CHI,Oreothlypis,ruficapilla,Parulidae,1690,Yes,Forest,Upper
2008-05-02,14.0,MP,Geothlypis,trichas,Parulidae,1555,Yes,Open,Lower
2008-05-02,14.0,MP,Zonotrichia,leucophrys,Passerellidae,1090,Yes,Edge,Lower
2008-05-02,14.0,CHI,Zonotrichia,albicollis,Passerellidae,10133,Yes,Forest,Lower
2008-05-02,14.0,CHI,Seiurus,aurocapilla,Parulidae,4580,Yes,Forest,Lower
2008-05-02,14.0,CHI,Seiurus,aurocapilla,Parulidae,4580,Yes,Forest,Lower
2008-05-02,14.0,CHI,Zonotrichia,albicollis,Passerellidae,10133,Yes,Forest,Lower
2008-05-02,14.0,CHI,Geothlypis,trichas,Parulidae,1555,Yes,Open,Lower
2008-05-02,14.0,CHI,Zonotrichia,albicollis,Passerellidae,10133,Yes,Forest,Lower
2008-05-02,14.0,MP,Zonotrichia,leucophrys,Passerellidae,1090,Yes,Edge,Lower
2008-05-02,14.0,MP,Zonotrichia,albicollis,Passerellidae,10133,Yes,Forest,Lower
2008-05-02,14.0,CHI,Hylocichla,mustelina,Turdidae,500,Yes,Forest,Lower
2008-05-02,14.0,MP,Melospiza,lincolnii,Passerellidae,2029,yes,edge,Lower
2008-05-02,14.0,MP,Melospiza,lincolnii,Passerellidae,2029,yes,edge,Lower
2008-05-02,14.0,MP,Zonotrichia,albicollis,Passerellidae,10133,Yes,Forest,Lower
2008-05-02,14.0,MP,Troglodytes,aedon,Troglodytidae,104,No,Edge,Lower
2008-05-02,14.0,CHI,Zonotrichia,albicollis,Passerellidae,10133,Yes,Forest,Lower
2008-05-02,14.0,CHI,Zonotrichia,albicollis,Passerellidae,10133,Yes,Forest,Lower
2008-05-02,14.0,CHI,Zonotrichia,albicollis,Passerellidae,10133,Yes,Forest,Lower
2008-05-02,14.0,CHI,Zonotrichia,albicollis,Passerellidae,10133,Yes,Forest,Lower
2008-05-02,14.0,CHI,Zonotrichia,albicollis,Passerellidae,10133,Yes,Forest,Lower
2008-05-02,14.0,CHI,Zonotrichia,albicollis,Passerellidae,10133,Yes,Forest,Lower
2008-05-02,14.0,CHI,Icterus,galbula,Icteridae,83,Yes,Edge,Upper
2008-05-02,14.0,CHI,Zonotrichia,albicollis,Passerellidae,10133,Yes,Forest,Lower
2008-05-02,14.0,MP,Melospiza,lincolnii,Passerellidae,2029,yes,edge,Lower
2008-05-03,16.0,CHI,Piranga,olivacea,Cardinalidae,127,Yes,Forest,Upper
2008-05-03,16.0,MP,Zonotrichia,albicollis,Passerellidae,10133,Yes,Forest,Lower
2008-05-03,16.0,MP,dumetella,carolinensis,Mimidae,599,no,edge,Lower
2008-05-03,16.0,CHI,Troglodytes,aedon,Troglodytidae,104,No,Edge,Lower
2008-05-03,16.0,CHI,Setophaga,palmarum,Parulidae,694,Yes,Edge,Lower
2008-05-03,16.0,CHI,Setophaga,palmarum,Parulidae,694,Yes,Edge,Lower
2008-05-03,16.0,MP,Setophaga,palmarum,Parulidae,694,Yes,Edge,Lower
2008-05-03,16.0,CHI,Setophaga,virens,Parulidae,223,Yes,Forest,Upper
2008-05-03,16.0,CHI,Oreothlypis,ruficapilla,Parulidae,1690,Yes,Forest,Upper
2008-05-03,16.0,CHI,Regulus,calendula,Regulidae,416,No,Forest,Upper
2008-05-03,16.0,CHI,Seiurus,aurocapilla,Parulidae,4580,Yes,Forest,Lower
2008-05-03,16.0,MP,Zonotrichia,albicollis,Passerellidae,10133,Yes,Forest,Lower
2008-05-03,16.0,CHI,Toxostoma,rufum,Mimidae,166,No,Edge,Lower
2008-05-03,16.0,CHI,Zonotrichia,albicollis,Passerellidae,10133,Yes,Forest,Lower
2008-05-03,16.0,CHI,Hylocichla,mustelina,Turdidae,500,Yes,Forest,Lower
2008-05-03,16.0,CHI,Zonotrichia,albicollis,Passerellidae,10133,Yes,Forest,Lower
2008-05-03,16.0,CHI,Polioptila,caerulea,Polioptilidae,6,No,Forest,Upper
2008-05-03,16.0,CHI,Geothlypis,trichas,Parulidae,1555,Yes,Open,Lower
2008-05-03,16.0,CHI,Zonotrichia,albicollis,Passerellidae,10133,Yes,Forest,Lower
2008-05-03,16.0,CHI,Setophaga,virens,Parulidae,223,Yes,Forest,Upper
2008-05-03,16.0,MP,Zonotrichia,albicollis,Passerellidae,10133,Yes,Forest,Lower
2008-05-03,16.0,CHI,Seiurus,aurocapilla,Parulidae,4580,Yes,Forest,Lower
2008-05-03,16.0,CHI,Seiurus,aurocapilla,Parulidae,4580,Yes,Forest,Lower
2008-05-03,16.0,CHI,Seiurus,aurocapilla,Parulidae,4580,Yes,Forest,Lower
2008-05-03,16.0,CHI,Seiurus,aurocapilla,Parulidae,4580,Yes,Forest,Lower
2008-05-03,16.0,CHI,Seiurus,aurocapilla,Parulidae,4580,Yes,Forest,Lower
2008-05-03,16.0,CHI,Seiurus,aurocapilla,Parulidae,4580,Yes,Forest,Lower
2008-05-03,16.0,CHI,Zonotrichia,albicollis,Passerellidae,10133,Yes,Forest,Lower
2008-05-03,16.0,MP,Zonotrichia,albicollis,Passerellidae,10133,Yes,Forest,Lower
2008-05-03,16.0,CHI,Seiurus,aurocapilla,Parulidae,4580,Yes,Forest,Lower
2008-05-03,16.0,MP,Melospiza,melodia,Passerellidae,5124,Yes,Edge,Lower
2008-05-04,13.0,CHI,Seiurus,aurocapilla,Parulidae,4580,Yes,Forest,Lower
2008-05-04,13.0,CHI,Zonotrichia,albicollis,Passerellidae,10133,Yes,Forest,Lower
2008-05-04,13.0,CHI,Zonotrichia,albicollis,Passerellidae,10133,Yes,Forest,Lower
2008-05-04,13.0,CHI,Seiurus,aurocapilla,Parulidae,4580,Yes,Forest,Lower
2008-05-04,13.0,MP,Melospiza,lincolnii,Passerellidae,2029,yes,edge,Lower
2008-05-04,13.0,CHI,Seiurus,aurocapilla,Parulidae,4580,Yes,Forest,Lower
2008-05-05,14.0,CHI,Zonotrichia,albicollis,Passerellidae,10133,Yes,Forest,Lower
2008-05-05,14.0,CHI,Parkesia,noveboracensis,Parulidae,916,Yes,Forest,Lower
2008-05-05,14.0,CHI,Zonotrichia,albicollis,Passerellidae,10133,Yes,Forest,Lower
2008-05-05,14.0,CHI,Setophaga,petechia,Parulidae,77,Yes,Edge,Upper
2008-05-05,14.0,CHI,Seiurus,aurocapilla,Parulidae,4580,Yes,Forest,Lower
2008-05-05,14.0,CHI,Seiurus,aurocapilla,Parulidae,4580,Yes,Forest,Lower
2008-05-05,14.0,CHI,Mniotilta,varia,Parulidae,620,Yes,Forest,Upper
2008-05-05,14.0,CHI,Zonotrichia,albicollis,Passerellidae,10133,Yes,Forest,Lower
2008-05-05,14.0,CHI,Catharus,guttatus,Turdidae,3729,Yes,Forest,Lower
2008-05-05,14.0,CHI,Setophaga,petechia,Parulidae,77,Yes,Edge,Upper
2008-05-05,14.0,CHI,Seiurus,aurocapilla,Parulidae,4580,Yes,Forest,Lower
2008-05-05,14.0,CHI,Zonotrichia,leucophrys,Passerellidae,1090,Yes,Edge,Lower
2008-05-05,14.0,CHI,dumetella,carolinensis,Mimidae,599,no,edge,Lower
2008-05-05,14.0,CHI,Mniotilta,varia,Parulidae,620,Yes,Forest,Upper
2008-05-05,14.0,CHI,Setophaga,fusca,Parulidae,201,Yes,Forest,Upper
2008-05-05,14.0,CHI,Setophaga,palmarum,Parulidae,694,Yes,Edge,Lower
2008-05-05,14.0,CHI,Pheucticus,ludovicianus,Cardinalidae,397,Yes,Forest,Upper
2008-05-05,14.0,CHI,Setophaga,pensylvanica,Parulidae,303,Yes,Edge,Upper
2008-05-05,14.0,CHI,Zonotrichia,albicollis,Passerellidae,10133,Yes,Forest,Lower
2008-05-05,14.0,CHI,Mniotilta,varia,Parulidae,620,Yes,Forest,Upper
2008-05-05,14.0,CHI,Zonotrichia,albicollis,Passerellidae,10133,Yes,Forest,Lower
2008-05-05,14.0,MP,Catharus,fuscescens,Turdidae,727,Yes,Forest,Lower
2008-05-05,14.0,CHI,Seiurus,aurocapilla,Parulidae,4580,Yes,Forest,Lower
2008-05-05,14.0,CHI,Toxostoma,rufum,Mimidae,166,No,Edge,Lower
2008-05-05,14.0,CHI,Mniotilta,varia,Parulidae,620,Yes,Forest,Upper
2008-05-05,14.0,CHI,Zonotrichia,albicollis,Passerellidae,10133,Yes,Forest,Lower
2008-05-05,14.0,CHI,Hylocichla,mustelina,Turdidae,500,Yes,Forest,Lower
2008-05-05,14.0,CHI,Oreothlypis,ruficapilla,Parulidae,1690,Yes,Forest,Upper
2008-05-05,14.0,MP,Parkesia,noveboracensis,Parulidae,916,Yes,Forest,Lower
2008-05-05,14.0,CHI,Geothlypis,trichas,Parulidae,1555,Yes,Open,Lower
2008-05-05,14.0,CHI,Mniotilta,varia,Parulidae,620,Yes,Forest,Upper
2008-05-05,14.0,CHI,Zonotrichia,albicollis,Passerellidae,10133,Yes,Forest,Lower
2008-05-05,14.0,CHI,Mniotilta,varia,Parulidae,620,Yes,Forest,Upper
2008-05-05,14.0,CHI,Seiurus,aurocapilla,Parulidae,4580,Yes,Forest,Lower
2008-05-05,14.0,CHI,Mniotilta,varia,Parulidae,620,Yes,Forest,Upper
2008-05-05,14.0,CHI,Passerina,cyanea,Cardinalidae,725,yes,edge,Upper
2008-05-05,14.0,CHI,Zonotrichia,albicollis,Passerellidae,10133,Yes,Forest,Lower
2008-05-05,14.0,CHI,Seiurus,aurocapilla,Parulidae,4580,Yes,Forest,Lower
2008-05-05,14.0,CHI,Mniotilta,varia,Parulidae,620,Yes,Forest,Upper
2008-05-05,14.0,CHI,Seiurus,aurocapilla,Parulidae,4580,Yes,Forest,Lower
2008-05-05,14.0,CHI,Catharus,minimus,Turdidae,822,Yes,Forest,Lower
2008-05-06,15.0,CHI,Parkesia,noveboracensis,Parulidae,916,Yes,Forest,Lower
2008-05-06,15.0,CHI,Parkesia,noveboracensis,Parulidae,916,Yes,Forest,Lower
2008-05-06,15.0,CHI,Parkesia,noveboracensis,Parulidae,916,Yes,Forest,Lower
2008-05-06,15.0,CHI,Zonotrichia,albicollis,Passerellidae,10133,Yes,Forest,Lower
2008-05-06,15.0,CHI,Mniotilta,varia,Parulidae,620,Yes,Forest,Upper
2008-05-06,15.0,CHI,Parkesia,noveboracensis,Parulidae,916,Yes,Forest,Lower
2008-05-06,15.0,CHI,Seiurus,aurocapilla,Parulidae,4580,Yes,Forest,Lower
2008-05-06,15.0,MP,Parkesia,noveboracensis,Parulidae,916,Yes,Forest,Lower
2008-05-06,15.0,CHI,Zonotrichia,albicollis,Passerellidae,10133,Yes,Forest,Lower
2008-05-06,15.0,CHI,Zonotrichia,albicollis,Passerellidae,10133,Yes,Forest,Lower
2008-05-06,15.0,CHI,Zonotrichia,albicollis,Passerellidae,10133,Yes,Forest,Lower
2008-05-06,15.0,CHI,Ammodramus,savannarum,Passerellidae,106,Yes,Open,Lower
2008-05-06,15.0,CHI,Catharus,fuscescens,Turdidae,727,Yes,Forest,Lower
2008-05-06,15.0,CHI,Empidonax,minimus,Tyrannidae,96,No,Edge,Upper
2008-05-06,15.0,CHI,Zonotrichia,albicollis,Passerellidae,10133,Yes,Forest,Lower
2008-05-06,15.0,CHI,Zonotrichia,leucophrys,Passerellidae,1090,Yes,Edge,Lower
2008-05-06,15.0,CHI,Pheucticus,ludovicianus,Cardinalidae,397,Yes,Forest,Upper
2008-05-06,15.0,CHI,Hylocichla,mustelina,Turdidae,500,Yes,Forest,Lower
2008-05-06,15.0,MP,Hylocichla,mustelina,Turdidae,500,Yes,Forest,Lower
2008-05-06,15.0,CHI,Pheucticus,ludovicianus,Cardinalidae,397,Yes,Forest,Upper
2008-05-06,15.0,CHI,Melospiza,lincolnii,Passerellidae,2029,yes,edge,Lower
2008-05-06,15.0,CHI,catharus,ustulatus,Turdidae,2331,Yes,Forest,Lower
2008-05-06,15.0,MP,Melospiza,melodia,Passerellidae,5124,Yes,Edge,Lower
2008-05-06,15.0,CHI,Pheucticus,ludovicianus,Cardinalidae,397,Yes,Forest,Upper
2008-05-07,17.0,MP,Zonotrichia,albicollis,Passerellidae,10133,Yes,Forest,Lower
2008-05-07,17.0,MP,Zonotrichia,albicollis,Passerellidae,10133,Yes,Forest,Lower
2008-05-07,17.0,MP,Zonotrichia,albicollis,Passerellidae,10133,Yes,Forest,Lower
2008-05-07,17.0,MP,Zonotrichia,albicollis,Passerellidae,10133,Yes,Forest,Lower
2008-05-07,17.0,CHI,Zonotrichia,albicollis,Passerellidae,10133,Yes,Forest,Lower
2008-05-07,17.0,MP,Zonotrichia,albicollis,Passerellidae,10133,Yes,Forest,Lower
2008-05-07,17.0,MP,Seiurus,aurocapilla,Parulidae,4580,Yes,Forest,Lower
2008-05-07,17.0,CHI,Zonotrichia,albicollis,Passerellidae,10133,Yes,Forest,Lower
2008-05-07,17.0,CHI,Setophaga,magnolia,Parulidae,1224,yes,forest,Upper
2008-05-07,17.0,CHI,Melospiza,lincolnii,Passerellidae,2029,yes,edge,Lower
2008-05-07,17.0,CHI,Seiurus,aurocapilla,Parulidae,4580,Yes,Forest,Lower
2008-05-07,17.0,MP,Zonotrichia,albicollis,Passerellidae,10133,Yes,Forest,Lower
2008-05-07,17.0,MP,Zonotrichia,albicollis,Passerellidae,10133,Yes,Forest,Lower
2008-05-07,17.0,CHI,Seiurus,aurocapilla,Parulidae,4580,Yes,Forest,Lower
2008-05-07,17.0,CHI,Seiurus,aurocapilla,Parulidae,4580,Yes,Forest,Lower
2008-05-07,17.0,MP,Zonotrichia,albicollis,Passerellidae,10133,Yes,Forest,Lower
2008-05-07,17.0,MP,Zonotrichia,albicollis,Passerellidae,10133,Yes,Forest,Lower
2008-05-07,17.0,MP,Zonotrichia,albicollis,Passerellidae,10133,Yes,Forest,Lower
2008-05-07,17.0,CHI,Zonotrichia,albicollis,Passerellidae,10133,Yes,Forest,Lower
2008-05-07,17.0,MP,Zonotrichia,albicollis,Passerellidae,10133,Yes,Forest,Lower
2008-05-07,17.0,CHI,Seiurus,aurocapilla,Parulidae,4580,Yes,Forest,Lower
2008-05-07,17.0,CHI,Seiurus,aurocapilla,Parulidae,4580,Yes,Forest,Lower
2008-05-07,17.0,CHI,Seiurus,aurocapilla,Parulidae,4580,Yes,Forest,Lower
2008-05-07,17.0,MP,Zonotrichia,albicollis,Passerellidae,10133,Yes,Forest,Lower
2008-05-07,17.0,MP,Zonotrichia,albicollis,Passerellidae,10133,Yes,Forest,Lower
2008-05-07,17.0,CHI,Seiurus,aurocapilla,Parulidae,4580,Yes,Forest,Lower
2008-05-07,17.0,MP,Icterus,spurius,Icteridae,6,Yes,Edge,Upper
2008-05-07,17.0,MP,Seiurus,aurocapilla,Parulidae,4580,Yes,Forest,Lower
2008-05-07,17.0,MP,dumetella,carolinensis,Mimidae,599,no,edge,Lower
2008-05-07,17.0,CHI,Mniotilta,varia,Parulidae,620,Yes,Forest,Upper
2008-05-07,17.0,MP,Setophaga,coronata,Parulidae,887,yes,forest,Upper
2008-05-07,17.0,CHI,Zonotrichia,albicollis,Passerellidae,10133,Yes,Forest,Lower
2008-05-07,17.0,CHI,Seiurus,aurocapilla,Parulidae,4580,Yes,Forest,Lower
2008-05-07,17.0,MP,dumetella,carolinensis,Mimidae,599,no,edge,Lower
2008-05-07,17.0,CHI,Zonotrichia,albicollis,Passerellidae,10133,Yes,Forest,Lower
2008-05-07,17.0,MP,Vermivora,chrysoptera,Parulidae,53,Yes,Edge,Upper
2008-05-07,17.0,CHI,Zonotrichia,albicollis,Passerellidae,10133,Yes,Forest,Lower
2008-05-07,17.0,CHI,Zonotrichia,albicollis,Passerellidae,10133,Yes,Forest,Lower
2008-05-07,17.0,CHI,Passerina,cyanea,Cardinalidae,725,yes,edge,Upper
2008-05-07,17.0,MP,Zonotrichia,albicollis,Passerellidae,10133,Yes,Forest,Lower
2008-05-07,17.0,MP,Zonotrichia,albicollis,Passerellidae,10133,Yes,Forest,Lower
2008-05-07,17.0,MP,Parkesia,noveboracensis,Parulidae,916,Yes,Forest,Lower
2008-05-07,17.0,MP,Catharus,fuscescens,Turdidae,727,Yes,Forest,Lower
2008-05-07,17.0,MP,dumetella,carolinensis,Mimidae,599,no,edge,Lower
2008-05-07,17.0,CHI,Zonotrichia,albicollis,Passerellidae,10133,Yes,Forest,Lower
2008-05-07,17.0,CHI,Geothlypis,trichas,Parulidae,1555,Yes,Open,Lower
2008-05-07,17.0,CHI,Zonotrichia,albicollis,Passerellidae,10133,Yes,Forest,Lower
2008-05-07,17.0,CHI,Zonotrichia,albicollis,Passerellidae,10133,Yes,Forest,Lower
2008-05-07,17.0,CHI,Zonotrichia,albicollis,Passerellidae,10133,Yes,Forest,Lower
2008-05-07,17.0,CHI,Zonotrichia,albicollis,Passerellidae,10133,Yes,Forest,Lower
2008-05-07,17.0,CHI,Zonotrichia,albicollis,Passerellidae,10133,Yes,Forest,Lower
2008-05-07,17.0,MP,Seiurus,aurocapilla,Parulidae,4580,Yes,Forest,Lower
2008-05-07,17.0,MP,Geothlypis,trichas,Parulidae,1555,Yes,Open,Lower
2008-05-07,17.0,MP,Geothlypis,trichas,Parulidae,1555,Yes,Open,Lower
2008-05-07,17.0,MP,Zonotrichia,albicollis,Passerellidae,10133,Yes,Forest,Lower
2008-05-07,17.0,CHI,Zonotrichia,albicollis,Passerellidae,10133,Yes,Forest,Lower
2008-05-07,17.0,CHI,Oreothlypis,ruficapilla,Parulidae,1690,Yes,Forest,Upper
2008-05-07,17.0,MP,Oreothlypis,peregrina,Parulidae,2515,Yes,Edge,Upper
2008-05-07,17.0,MP,Geothlypis,trichas,Parulidae,1555,Yes,Open,Lower
2008-05-07,17.0,CHI,Geothlypis,trichas,Parulidae,1555,Yes,Open,Lower
2008-05-07,17.0,CHI,Geothlypis,trichas,Parulidae,1555,Yes,Open,Lower
2008-05-07,17.0,MP,Geothlypis,trichas,Parulidae,1555,Yes,Open,Lower
2008-05-07,17.0,MP,Seiurus,aurocapilla,Parulidae,4580,Yes,Forest,Lower
2008-05-07,17.0,CHI,Seiurus,aurocapilla,Parulidae,4580,Yes,Forest,Lower
2008-05-07,17.0,MP,dumetella,carolinensis,Mimidae,599,no,edge,Lower
2008-05-07,17.0,MP,Catharus,fuscescens,Turdidae,727,Yes,Forest,Lower
2008-05-07,17.0,MP,Melospiza,lincolnii,Passerellidae,2029,yes,edge,Lower
2008-05-07,17.0,MP,Zonotrichia,albicollis,Passerellidae,10133,Yes,Forest,Lower
2008-05-07,17.0,MP,Zonotrichia,albicollis,Passerellidae,10133,Yes,Forest,Lower
2008-05-07,17.0,MP,Zonotrichia,albicollis,Passerellidae,10133,Yes,Forest,Lower
2008-05-07,17.0,MP,Zonotrichia,albicollis,Passerellidae,10133,Yes,Forest,Lower
2008-05-07,17.0,MP,Zonotrichia,albicollis,Passerellidae,10133,Yes,Forest,Lower
2008-05-07,17.0,MP,Zonotrichia,albicollis,Passerellidae,10133,Yes,Forest,Lower
2008-05-07,17.0,MP,Zonotrichia,albicollis,Passerellidae,10133,Yes,Forest,Lower
2008-05-07,17.0,MP,Zonotrichia,albicollis,Passerellidae,10133,Yes,Forest,Lower
2008-05-07,17.0,MP,dumetella,carolinensis,Mimidae,599,no,edge,Lower
2008-05-07,17.0,MP,dumetella,carolinensis,Mimidae,599,no,edge,Lower
2008-05-07,17.0,CHI,Hylocichla,mustelina,Turdidae,500,Yes,Forest,Lower
2008-05-07,17.0,CHI,Seiurus,aurocapilla,Parulidae,4580,Yes,Forest,Lower
2008-05-07,17.0,CHI,Seiurus,aurocapilla,Parulidae,4580,Yes,Forest,Lower
2008-05-07,17.0,CHI,Seiurus,aurocapilla,Parulidae,4580,Yes,Forest,Lower
2008-05-07,17.0,CHI,Seiurus,aurocapilla,Parulidae,4580,Yes,Forest,Lower
2008-05-07,17.0,CHI,Seiurus,aurocapilla,Parulidae,4580,Yes,Forest,Lower
2008-05-07,17.0,MP,Zonotrichia,albicollis,Passerellidae,10133,Yes,Forest,Lower
2008-05-07,17.0,CHI,Zonotrichia,albicollis,Passerellidae,10133,Yes,Forest,Lower
2008-05-08,17.0,CHI,Geothlypis,trichas,Parulidae,1555,Yes,Open,Lower
2008-05-08,17.0,MP,dumetella,carolinensis,Mimidae,599,no,edge,Lower
2008-05-09,17.0,CHI,Geothlypis,trichas,Parulidae,1555,Yes,Open,Lower
2008-05-09,17.0,CHI,Troglodytes,aedon,Troglodytidae,104,No,Edge,Lower
2008-05-09,17.0,MP,Zonotrichia,albicollis,Passerellidae,10133,Yes,Forest,Lower
2008-05-09,17.0,CHI,Zonotrichia,albicollis,Passerellidae,10133,Yes,Forest,Lower
2008-05-09,17.0,CHI,Zonotrichia,albicollis,Passerellidae,10133,Yes,Forest,Lower
2008-05-09,17.0,CHI,Pheucticus,ludovicianus,Cardinalidae,397,Yes,Forest,Upper
2008-05-09,17.0,CHI,Zonotrichia,albicollis,Passerellidae,10133,Yes,Forest,Lower
2008-05-10,4.0,CHI,Seiurus,aurocapilla,Parulidae,4580,Yes,Forest,Lower
2008-05-10,4.0,CHI,Zonotrichia,albicollis,Passerellidae,10133,Yes,Forest,Lower
2008-05-10,4.0,CHI,Zonotrichia,albicollis,Passerellidae,10133,Yes,Forest,Lower
2008-05-10,4.0,CHI,Zonotrichia,albicollis,Passerellidae,10133,Yes,Forest,Lower
2008-05-10,4.0,CHI,Seiurus,aurocapilla,Parulidae,4580,Yes,Forest,Lower
2008-05-11,6.0,CHI,Hylocichla,mustelina,Turdidae,500,Yes,Forest,Lower
2008-05-11,6.0,CHI,Passerina,cyanea,Cardinalidae,725,yes,edge,Upper
2008-05-11,6.0,CHI,Zonotrichia,albicollis,Passerellidae,10133,Yes,Forest,Lower
2008-05-11,6.0,CHI,dumetella,carolinensis,Mimidae,599,no,edge,Lower
2008-05-11,6.0,CHI,Seiurus,aurocapilla,Parulidae,4580,Yes,Forest,Lower
2008-05-11,6.0,CHI,Seiurus,aurocapilla,Parulidae,4580,Yes,Forest,Lower
2008-05-11,6.0,CHI,Setophaga,tigrina,Parulidae,182,Yes,Forest,Upper
2008-05-11,6.0,CHI,Troglodytes,aedon,Troglodytidae,104,No,Edge,Lower
2008-05-12,4.0,CHI,Seiurus,aurocapilla,Parulidae,4580,Yes,Forest,Lower
2008-05-12,4.0,CHI,Catharus,minimus,Turdidae,822,Yes,Forest,Lower
2008-05-12,4.0,CHI,Seiurus,aurocapilla,Parulidae,4580,Yes,Forest,Lower
2008-05-12,4.0,CHI,Seiurus,aurocapilla,Parulidae,4580,Yes,Forest,Lower
2008-05-12,4.0,CHI,Oreothlypis,ruficapilla,Parulidae,1690,Yes,Forest,Upper
2008-05-12,4.0,CHI,Cistothorus,platensis,Troglodytidae,60,no,open,Lower
2008-05-12,4.0,CHI,Geothlypis,trichas,Parulidae,1555,Yes,Open,Lower
2008-05-12,4.0,CHI,catharus,ustulatus,Turdidae,2331,Yes,Forest,Lower
2008-05-12,4.0,CHI,Parkesia,noveboracensis,Parulidae,916,Yes,Forest,Lower
2008-05-12,4.0,CHI,Hylocichla,mustelina,Turdidae,500,Yes,Forest,Lower
2008-05-12,4.0,CHI,Zonotrichia,albicollis,Passerellidae,10133,Yes,Forest,Lower
2008-05-12,4.0,CHI,Toxostoma,rufum,Mimidae,166,No,Edge,Lower
2008-05-12,4.0,CHI,Zonotrichia,albicollis,Passerellidae,10133,Yes,Forest,Lower
2008-05-13,7.0,MP,Melospiza,lincolnii,Passerellidae,2029,yes,edge,Lower
2008-05-13,7.0,MP,Empidonax,minimus,Tyrannidae,96,No,Edge,Upper
2008-05-13,7.0,CHI,Empidonax,minimus,Tyrannidae,96,No,Edge,Upper
2008-05-13,7.0,CHI,Melospiza,lincolnii,Passerellidae,2029,yes,edge,Lower
2008-05-13,7.0,CHI,Zonotrichia,albicollis,Passerellidae,10133,Yes,Forest,Lower
2008-05-13,7.0,CHI,dumetella,carolinensis,Mimidae,599,no,edge,Lower
2008-05-13,7.0,CHI,Zonotrichia,leucophrys,Passerellidae,1090,Yes,Edge,Lower
2008-05-13,7.0,CHI,Zonotrichia,albicollis,Passerellidae,10133,Yes,Forest,Lower
2008-05-13,7.0,CHI,Zonotrichia,leucophrys,Passerellidae,1090,Yes,Edge,Lower
2008-05-13,7.0,CHI,Setophaga,petechia,Parulidae,77,Yes,Edge,Upper
2008-05-13,7.0,CHI,Seiurus,aurocapilla,Parulidae,4580,Yes,Forest,Lower
2008-05-13,7.0,CHI,Zonotrichia,albicollis,Passerellidae,10133,Yes,Forest,Lower
2008-05-13,7.0,CHI,Mniotilta,varia,Parulidae,620,Yes,Forest,Upper
2008-05-14,10.0,CHI,Mniotilta,varia,Parulidae,620,Yes,Forest,Upper
2008-05-14,10.0,CHI,Catharus,fuscescens,Turdidae,727,Yes,Forest,Lower
2008-05-14,10.0,CHI,Mniotilta,varia,Parulidae,620,Yes,Forest,Upper
2008-05-14,10.0,CHI,Seiurus,aurocapilla,Parulidae,4580,Yes,Forest,Lower
2008-05-14,10.0,CHI,Zonotrichia,albicollis,Passerellidae,10133,Yes,Forest,Lower
2008-05-14,10.0,CHI,Icterus,galbula,Icteridae,83,Yes,Edge,Upper
2008-05-14,10.0,CHI,catharus,ustulatus,Turdidae,2331,Yes,Forest,Lower
2008-05-14,10.0,CHI,Zonotrichia,albicollis,Passerellidae,10133,Yes,Forest,Lower
2008-05-14,10.0,MP,Zonotrichia,leucophrys,Passerellidae,1090,Yes,Edge,Lower
2008-05-14,10.0,MP,Zonotrichia,leucophrys,Passerellidae,1090,Yes,Edge,Lower
2008-05-14,10.0,CHI,dumetella,carolinensis,Mimidae,599,no,edge,Lower
2008-05-14,10.0,CHI,Geothlypis,trichas,Parulidae,1555,Yes,Open,Lower
2008-05-14,10.0,MP,dumetella,carolinensis,Mimidae,599,no,edge,Lower
2008-05-14,10.0,CHI,Passerina,cyanea,Cardinalidae,725,yes,edge,Upper
2008-05-14,10.0,CHI,Mniotilta,varia,Parulidae,620,Yes,Forest,Upper
2008-05-14,10.0,CHI,Zonotrichia,albicollis,Passerellidae,10133,Yes,Forest,Lower
2008-05-14,10.0,CHI,Geothlypis,trichas,Parulidae,1555,Yes,Open,Lower
2008-05-14,10.0,CHI,Seiurus,aurocapilla,Parulidae,4580,Yes,Forest,Lower
2008-05-14,10.0,MP,Melospiza,lincolnii,Passerellidae,2029,yes,edge,Lower
2008-05-14,10.0,CHI,Seiurus,aurocapilla,Parulidae,4580,Yes,Forest,Lower
2008-05-14,10.0,CHI,Seiurus,aurocapilla,Parulidae,4580,Yes,Forest,Lower
2008-05-14,10.0,MP,dumetella,carolinensis,Mimidae,599,no,edge,Lower
2008-05-14,10.0,MP,dumetella,carolinensis,Mimidae,599,no,edge,Lower
2008-05-14,10.0,CHI,Seiurus,aurocapilla,Parulidae,4580,Yes,Forest,Lower
2008-05-14,10.0,CHI,Hylocichla,mustelina,Turdidae,500,Yes,Forest,Lower
2008-05-14,10.0,CHI,Seiurus,aurocapilla,Parulidae,4580,Yes,Forest,Lower
2008-05-14,10.0,CHI,Seiurus,aurocapilla,Parulidae,4580,Yes,Forest,Lower
2008-05-14,10.0,CHI,Seiurus,aurocapilla,Parulidae,4580,Yes,Forest,Lower
2008-05-14,10.0,CHI,Seiurus,aurocapilla,Parulidae,4580,Yes,Forest,Lower
2008-05-14,10.0,CHI,dumetella,carolinensis,Mimidae,599,no,edge,Lower
2008-05-14,10.0,CHI,Seiurus,aurocapilla,Parulidae,4580,Yes,Forest,Lower
2008-05-14,10.0,CHI,Seiurus,aurocapilla,Parulidae,4580,Yes,Forest,Lower
2008-05-14,10.0,CHI,Seiurus,aurocapilla,Parulidae,4580,Yes,Forest,Lower
2008-05-15,8.0,CHI,Setophaga,magnolia,Parulidae,1224,yes,forest,Upper
2008-05-15,8.0,CHI,Hylocichla,mustelina,Turdidae,500,Yes,Forest,Lower
2008-05-15,8.0,CHI,Pipilo,erythrophthalmus,Passerellidae,82,Rare,Edge,Lower
2008-05-15,8.0,MP,dumetella,carolinensis,Mimidae,599,no,edge,Lower
2008-05-15,8.0,CHI,Seiurus,aurocapilla,Parulidae,4580,Yes,Forest,Lower
2008-05-17,7.0,CHI,Parkesia,noveboracensis,Parulidae,916,Yes,Forest,Lower
2008-05-17,7.0,CHI,Cardellina,canadensis,Parulidae,241,Yes,Forest,Lower
2008-05-17,7.0,CHI,Setophaga,striata,Parulidae,787,Yes,Forest,Upper
2008-05-17,7.0,CHI,Seiurus,aurocapilla,Parulidae,4580,Yes,Forest,Lower
2008-05-17,7.0,CHI,Seiurus,aurocapilla,Parulidae,4580,Yes,Forest,Lower
2008-05-17,7.0,CHI,Zonotrichia,albicollis,Passerellidae,10133,Yes,Forest,Lower
2008-05-17,7.0,CHI,Melospiza,lincolnii,Passerellidae,2029,yes,edge,Lower
2008-05-17,7.0,CHI,Seiurus,aurocapilla,Parulidae,4580,Yes,Forest,Lower
2008-05-17,7.0,CHI,Setophaga,fusca,Parulidae,201,Yes,Forest,Upper
2008-05-17,7.0,CHI,Pheucticus,ludovicianus,Cardinalidae,397,Yes,Forest,Upper
2008-05-17,7.0,CHI,Seiurus,aurocapilla,Parulidae,4580,Yes,Forest,Lower
2008-05-17,7.0,CHI,Seiurus,aurocapilla,Parulidae,4580,Yes,Forest,Lower
2008-05-17,7.0,CHI,Setophaga,pensylvanica,Parulidae,303,Yes,Edge,Upper
2008-05-17,7.0,CHI,setophaga,ruticilla,Parulidae,868,Yes,Edge,Upper
2008-05-17,7.0,CHI,setophaga,ruticilla,Parulidae,868,Yes,Edge,Upper
2008-05-17,7.0,CHI,Catharus,minimus,Turdidae,822,Yes,Forest,Lower
2008-05-17,7.0,CHI,Cardellina,pusilla,Parulidae,185,Yes,Edge,Lower
2008-05-17,7.0,CHI,Oreothlypis,peregrina,Parulidae,2515,Yes,Edge,Upper
2008-05-17,7.0,CHI,Seiurus,aurocapilla,Parulidae,4580,Yes,Forest,Lower
2008-05-17,7.0,CHI,Geothlypis,trichas,Parulidae,1555,Yes,Open,Lower
2008-05-17,7.0,CHI,Melospiza,lincolnii,Passerellidae,2029,yes,edge,Lower
2008-05-17,7.0,CHI,Setophaga,magnolia,Parulidae,1224,yes,forest,Upper
2008-05-17,7.0,CHI,Seiurus,aurocapilla,Parulidae,4580,Yes,Forest,Lower
2008-05-17,7.0,CHI,Passerina,cyanea,Cardinalidae,725,yes,edge,Upper
2008-05-17,7.0,CHI,Passerina,cyanea,Cardinalidae,725,yes,edge,Upper
2008-05-17,7.0,CHI,Vireo,olivaceus,Vireonidae,133,No,Forest,Upper
2008-05-17,7.0,CHI,Passerina,cyanea,Cardinalidae,725,yes,edge,Upper
2008-05-17,7.0,CHI,Empidonax,flaviventris,Tyrannidae,68,No,Forest,Upper
2008-05-17,7.0,CHI,Seiurus,aurocapilla,Parulidae,4580,Yes,Forest,Lower
2008-05-17,7.0,CHI,Seiurus,aurocapilla,Parulidae,4580,Yes,Forest,Lower
2008-05-17,7.0,MP,Catharus,fuscescens,Turdidae,727,Yes,Forest,Lower
2008-05-17,7.0,CHI,dumetella,carolinensis,Mimidae,599,no,edge,Lower
2008-05-17,7.0,CHI,Setophaga,magnolia,Parulidae,1224,yes,forest,Upper
2008-05-17,7.0,CHI,Mniotilta,varia,Parulidae,620,Yes,Forest,Upper
2008-05-17,7.0,CHI,Setophaga,magnolia,Parulidae,1224,yes,forest,Upper
2008-05-17,7.0,CHI,Mniotilta,varia,Parulidae,620,Yes,Forest,Upper
2008-05-17,7.0,CHI,Mniotilta,varia,Parulidae,620,Yes,Forest,Upper
2008-05-17,7.0,CHI,Seiurus,aurocapilla,Parulidae,4580,Yes,Forest,Lower
2008-05-17,7.0,MP,Seiurus,aurocapilla,Parulidae,4580,Yes,Forest,Lower
2008-05-17,7.0,CHI,Passerina,cyanea,Cardinalidae,725,yes,edge,Upper
2008-05-17,7.0,CHI,Seiurus,aurocapilla,Parulidae,4580,Yes,Forest,Lower
2008-05-17,7.0,CHI,Seiurus,aurocapilla,Parulidae,4580,Yes,Forest,Lower
2008-05-17,7.0,CHI,Parkesia,noveboracensis,Parulidae,916,Yes,Forest,Lower
2008-05-17,7.0,CHI,Seiurus,aurocapilla,Parulidae,4580,Yes,Forest,Lower
2008-05-17,7.0,CHI,Seiurus,aurocapilla,Parulidae,4580,Yes,Forest,Lower
2008-05-17,7.0,CHI,Seiurus,aurocapilla,Parulidae,4580,Yes,Forest,Lower
2008-05-17,7.0,CHI,Seiurus,aurocapilla,Parulidae,4580,Yes,Forest,Lower
2008-05-18,7.0,CHI,Zonotrichia,leucophrys,Passerellidae,1090,Yes,Edge,Lower
2008-05-18,7.0,CHI,Setophaga,tigrina,Parulidae,182,Yes,Forest,Upper
2008-05-18,7.0,CHI,Zonotrichia,albicollis,Passerellidae,10133,Yes,Forest,Lower
2008-05-18,7.0,CHI,Oreothlypis,peregrina,Parulidae,2515,Yes,Edge,Upper
2008-05-18,7.0,CHI,Seiurus,aurocapilla,Parulidae,4580,Yes,Forest,Lower
2008-05-18,7.0,CHI,Seiurus,aurocapilla,Parulidae,4580,Yes,Forest,Lower
2008-05-18,7.0,CHI,Geothlypis,trichas,Parulidae,1555,Yes,Open,Lower
2008-05-18,7.0,CHI,Seiurus,aurocapilla,Parulidae,4580,Yes,Forest,Lower
2008-05-18,7.0,CHI,Seiurus,aurocapilla,Parulidae,4580,Yes,Forest,Lower
2008-05-18,7.0,CHI,Seiurus,aurocapilla,Parulidae,4580,Yes,Forest,Lower
2008-05-18,7.0,CHI,Mniotilta,varia,Parulidae,620,Yes,Forest,Upper
2008-05-18,7.0,CHI,Seiurus,aurocapilla,Parulidae,4580,Yes,Forest,Lower
2008-05-18,7.0,CHI,vireo,solitarius,Vireonidae,18,No,Forest,Upper
2008-05-18,7.0,CHI,Setophaga,fusca,Parulidae,201,Yes,Forest,Upper
2008-05-18,7.0,CHI,Passerina,cyanea,Cardinalidae,725,yes,edge,Upper
2008-05-18,7.0,MP,Seiurus,aurocapilla,Parulidae,4580,Yes,Forest,Lower
2008-05-19,7.0,CHI,Passerina,cyanea,Cardinalidae,725,yes,edge,Upper
2008-05-19,7.0,CHI,Seiurus,aurocapilla,Parulidae,4580,Yes,Forest,Lower
2008-05-19,7.0,CHI,Seiurus,aurocapilla,Parulidae,4580,Yes,Forest,Lower
2008-05-19,7.0,CHI,Passerella,iliaca,Passerellidae,2443,Yes,Edge,Lower
2008-05-19,7.0,CHI,Vireo,olivaceus,Vireonidae,133,No,Forest,Upper
2008-05-19,7.0,CHI,Pheucticus,ludovicianus,Cardinalidae,397,Yes,Forest,Upper
2008-05-19,7.0,CHI,Mniotilta,varia,Parulidae,620,Yes,Forest,Upper
2008-05-20,7.0,CHI,Pheucticus,ludovicianus,Cardinalidae,397,Yes,Forest,Upper
2008-05-20,7.0,CHI,Seiurus,aurocapilla,Parulidae,4580,Yes,Forest,Lower
2008-05-20,7.0,CHI,Setophaga,pensylvanica,Parulidae,303,Yes,Edge,Upper
2008-05-20,7.0,CHI,catharus,ustulatus,Turdidae,2331,Yes,Forest,Lower
2008-05-21,4.0,CHI,Setophaga,magnolia,Parulidae,1224,yes,forest,Upper
2008-05-21,4.0,CHI,Mniotilta,varia,Parulidae,620,Yes,Forest,Upper
2008-05-21,4.0,CHI,Seiurus,aurocapilla,Parulidae,4580,Yes,Forest,Lower
2008-05-22,4.0,CHI,Seiurus,aurocapilla,Parulidae,4580,Yes,Forest,Lower
2008-05-22,4.0,CHI,Catharus,minimus,Turdidae,822,Yes,Forest,Lower
2008-05-22,4.0,CHI,Seiurus,aurocapilla,Parulidae,4580,Yes,Forest,Lower
2008-05-22,4.0,CHI,Setophaga,magnolia,Parulidae,1224,yes,forest,Upper
2008-05-22,4.0,CHI,Seiurus,aurocapilla,Parulidae,4580,Yes,Forest,Lower
2008-05-22,4.0,CHI,catharus,ustulatus,Turdidae,2331,Yes,Forest,Lower
2008-05-22,4.0,MP,Catharus,fuscescens,Turdidae,727,Yes,Forest,Lower
2008-05-22,4.0,CHI,Seiurus,aurocapilla,Parulidae,4580,Yes,Forest,Lower
2008-05-22,4.0,CHI,Zonotrichia,albicollis,Passerellidae,10133,Yes,Forest,Lower
2008-05-22,4.0,CHI,Seiurus,aurocapilla,Parulidae,4580,Yes,Forest,Lower
2008-05-22,4.0,CHI,Seiurus,aurocapilla,Parulidae,4580,Yes,Forest,Lower
2008-05-22,4.0,CHI,Seiurus,aurocapilla,Parulidae,4580,Yes,Forest,Lower
2008-05-23,4.0,CHI,Seiurus,aurocapilla,Parulidae,4580,Yes,Forest,Lower
2008-05-23,4.0,CHI,catharus,ustulatus,Turdidae,2331,Yes,Forest,Lower
2008-05-23,4.0,CHI,Hylocichla,mustelina,Turdidae,500,Yes,Forest,Lower
2008-05-23,4.0,CHI,Seiurus,aurocapilla,Parulidae,4580,Yes,Forest,Lower
2008-05-24,4.0,CHI,Seiurus,aurocapilla,Parulidae,4580,Yes,Forest,Lower
2008-05-24,4.0,CHI,Empidonax,minimus,Tyrannidae,96,No,Edge,Upper
2008-05-24,4.0,CHI,Catharus,fuscescens,Turdidae,727,Yes,Forest,Lower
2008-05-25,4.0,CHI,dumetella,carolinensis,Mimidae,599,no,edge,Lower
2008-05-25,4.0,CHI,Seiurus,aurocapilla,Parulidae,4580,Yes,Forest,Lower
2008-05-25,4.0,CHI,Passerina,cyanea,Cardinalidae,725,yes,edge,Upper
2008-05-25,4.0,CHI,Passerina,cyanea,Cardinalidae,725,yes,edge,Upper
2008-05-25,4.0,CHI,Cardellina,canadensis,Parulidae,241,Yes,Forest,Lower
2008-05-25,4.0,CHI,Zonotrichia,albicollis,Passerellidae,10133,Yes,Forest,Lower
2008-05-26,4.0,CHI,Geothlypis,trichas,Parulidae,1555,Yes,Open,Lower
2008-05-26,4.0,CHI,dumetella,carolinensis,Mimidae,599,no,edge,Lower
2008-05-26,4.0,CHI,setophaga,ruticilla,Parulidae,868,Yes,Edge,Upper
2008-05-26,4.0,CHI,catharus,ustulatus,Turdidae,2331,Yes,Forest,Lower
2008-05-26,4.0,CHI,Zonotrichia,albicollis,Passerellidae,10133,Yes,Forest,Lower
2008-05-26,4.0,CHI,Passerina,cyanea,Cardinalidae,725,yes,edge,Upper
2008-05-26,4.0,CHI,Vireo,olivaceus,Vireonidae,133,No,Forest,Upper
2008-05-27,4.0,CHI,Vireo,olivaceus,Vireonidae,133,No,Forest,Upper
2008-05-27,4.0,CHI,Cardellina,pusilla,Parulidae,185,Yes,Edge,Lower
2008-05-27,4.0,CHI,Setophaga,castanea,Parulidae,287,Yes,Forest,Upper
2008-05-27,4.0,CHI,Oreothlypis,peregrina,Parulidae,2515,Yes,Edge,Upper
2008-05-27,4.0,CHI,Zonotrichia,albicollis,Passerellidae,10133,Yes,Forest,Lower
2008-05-30,6.0,CHI,Troglodytes,aedon,Troglodytidae,104,No,Edge,Lower
2008-05-30,6.0,CHI,Setophaga,fusca,Parulidae,201,Yes,Forest,Upper
2008-05-30,6.0,CHI,Setophaga,magnolia,Parulidae,1224,yes,forest,Upper
2008-05-30,6.0,CHI,dumetella,carolinensis,Mimidae,599,no,edge,Lower
2008-05-31,7.0,MP,Geothlypis,trichas,Parulidae,1555,Yes,Open,Lower
2008-05-31,7.0,CHI,geothlypis,philadelphia,Parulidae,430,Yes,Edge,Lower
2008-05-31,7.0,CHI,Contopus,cooperi,Tyrannidae,4,No,Edge,Upper
2008-08-24,4.0,CHI,Cardellina,canadensis,Parulidae,241,Yes,Forest,Lower
2008-08-24,4.0,CHI,Oreothlypis,peregrina,Parulidae,2515,Yes,Edge,Upper
2008-08-24,4.0,CHI,Oreothlypis,peregrina,Parulidae,2515,Yes,Edge,Upper
2008-08-24,4.0,CHI,Setophaga,pensylvanica,Parulidae,303,Yes,Edge,Upper
2008-08-24,4.0,CHI,Empidonax,flaviventris,Tyrannidae,68,No,Forest,Upper
2008-08-25,4.0,CHI,Cardellina,canadensis,Parulidae,241,Yes,Forest,Lower
2008-08-25,4.0,CHI,setophaga,ruticilla,Parulidae,868,Yes,Edge,Upper
2008-08-25,4.0,CHI,Cardellina,canadensis,Parulidae,241,Yes,Forest,Lower
2008-08-25,4.0,CHI,geothlypis,philadelphia,Parulidae,430,Yes,Edge,Lower
2008-08-25,4.0,CHI,Setophaga,magnolia,Parulidae,1224,yes,forest,Upper
2008-08-25,4.0,CHI,Seiurus,aurocapilla,Parulidae,4580,Yes,Forest,Lower
2008-08-26,17.0,CHI,geothlypis,philadelphia,Parulidae,430,Yes,Edge,Lower
2008-08-26,17.0,CHI,Setophaga,fusca,Parulidae,201,Yes,Forest,Upper
2008-08-26,17.0,CHI,Seiurus,aurocapilla,Parulidae,4580,Yes,Forest,Lower
2008-08-26,17.0,CHI,Seiurus,aurocapilla,Parulidae,4580,Yes,Forest,Lower
2008-08-26,17.0,CHI,geothlypis,philadelphia,Parulidae,430,Yes,Edge,Lower
2008-08-26,17.0,CHI,Parkesia,noveboracensis,Parulidae,916,Yes,Forest,Lower
2008-08-27,17.0,CHI,Seiurus,aurocapilla,Parulidae,4580,Yes,Forest,Lower
2008-08-27,17.0,CHI,setophaga,ruticilla,Parulidae,868,Yes,Edge,Upper
2008-08-27,17.0,CHI,Oreothlypis,peregrina,Parulidae,2515,Yes,Edge,Upper
2008-08-28,17.0,CHI,Seiurus,aurocapilla,Parulidae,4580,Yes,Forest,Lower
2008-08-28,17.0,CHI,Cardellina,canadensis,Parulidae,241,Yes,Forest,Lower
2008-08-28,17.0,CHI,Seiurus,aurocapilla,Parulidae,4580,Yes,Forest,Lower
2008-08-28,17.0,CHI,Mniotilta,varia,Parulidae,620,Yes,Forest,Upper
2008-08-29,17.0,CHI,Oreothlypis,peregrina,Parulidae,2515,Yes,Edge,Upper
2008-08-29,17.0,MP,catharus,ustulatus,Turdidae,2331,Yes,Forest,Lower
2008-08-29,17.0,CHI,Oreothlypis,peregrina,Parulidae,2515,Yes,Edge,Upper
2008-08-30,17.0,CHI,setophaga,ruticilla,Parulidae,868,Yes,Edge,Upper
2008-08-30,17.0,CHI,setophaga,ruticilla,Parulidae,868,Yes,Edge,Upper
2008-08-30,17.0,CHI,Seiurus,aurocapilla,Parulidae,4580,Yes,Forest,Lower
2008-08-30,17.0,CHI,setophaga,ruticilla,Parulidae,868,Yes,Edge,Upper
2008-08-30,17.0,CHI,geothlypis,philadelphia,Parulidae,430,Yes,Edge,Lower
2008-08-30,17.0,CHI,Catharus,fuscescens,Turdidae,727,Yes,Forest,Lower
2008-08-30,17.0,CHI,Catharus,fuscescens,Turdidae,727,Yes,Forest,Lower
2008-08-30,17.0,CHI,Catharus,fuscescens,Turdidae,727,Yes,Forest,Lower
2008-08-30,17.0,CHI,setophaga,ruticilla,Parulidae,868,Yes,Edge,Upper
2008-08-30,17.0,CHI,Oreothlypis,peregrina,Parulidae,2515,Yes,Edge,Upper
2008-08-30,17.0,CHI,Parkesia,noveboracensis,Parulidae,916,Yes,Forest,Lower
2008-08-30,17.0,CHI,Oreothlypis,peregrina,Parulidae,2515,Yes,Edge,Upper
2008-08-30,17.0,CHI,catharus,ustulatus,Turdidae,2331,Yes,Forest,Lower
2008-08-30,17.0,CHI,Oreothlypis,peregrina,Parulidae,2515,Yes,Edge,Upper
2008-08-30,17.0,CHI,Parkesia,noveboracensis,Parulidae,916,Yes,Forest,Lower
2008-08-30,17.0,CHI,Passerina,cyanea,Cardinalidae,725,yes,edge,Upper
2008-08-30,17.0,CHI,Parkesia,noveboracensis,Parulidae,916,Yes,Forest,Lower
2008-08-30,17.0,CHI,Seiurus,aurocapilla,Parulidae,4580,Yes,Forest,Lower
2008-08-30,17.0,CHI,catharus,ustulatus,Turdidae,2331,Yes,Forest,Lower
2008-08-30,17.0,CHI,Parkesia,noveboracensis,Parulidae,916,Yes,Forest,Lower
2008-08-30,17.0,CHI,Mniotilta,varia,Parulidae,620,Yes,Forest,Upper
2008-08-30,17.0,CHI,Seiurus,aurocapilla,Parulidae,4580,Yes,Forest,Lower
2008-08-30,17.0,CHI,Setophaga,striata,Parulidae,787,Yes,Forest,Upper
2008-08-30,17.0,CHI,Parkesia,noveboracensis,Parulidae,916,Yes,Forest,Lower
2008-08-30,17.0,CHI,catharus,ustulatus,Turdidae,2331,Yes,Forest,Lower
2008-08-30,17.0,MP,Seiurus,aurocapilla,Parulidae,4580,Yes,Forest,Lower
2008-08-30,17.0,CHI,catharus,ustulatus,Turdidae,2331,Yes,Forest,Lower
2008-08-30,17.0,CHI,Oporornis,agilis,Parulidae,365,Yes,Forest,Lower
2008-08-30,17.0,CHI,Seiurus,aurocapilla,Parulidae,4580,Yes,Forest,Lower
2008-08-30,17.0,CHI,setophaga,ruticilla,Parulidae,868,Yes,Edge,Upper
2008-08-31,17.0,CHI,Seiurus,aurocapilla,Parulidae,4580,Yes,Forest,Lower
2008-08-31,17.0,CHI,catharus,ustulatus,Turdidae,2331,Yes,Forest,Lower
2008-08-31,17.0,CHI,Seiurus,aurocapilla,Parulidae,4580,Yes,Forest,Lower
2008-08-31,17.0,CHI,Parkesia,noveboracensis,Parulidae,916,Yes,Forest,Lower
2008-08-31,17.0,CHI,catharus,ustulatus,Turdidae,2331,Yes,Forest,Lower
2008-08-31,17.0,CHI,catharus,ustulatus,Turdidae,2331,Yes,Forest,Lower
2008-08-31,17.0,CHI,Seiurus,aurocapilla,Parulidae,4580,Yes,Forest,Lower
2008-08-31,17.0,CHI,Catharus,fuscescens,Turdidae,727,Yes,Forest,Lower
2008-08-31,17.0,MP,geothlypis,philadelphia,Parulidae,430,Yes,Edge,Lower
2008-08-31,17.0,CHI,geothlypis,philadelphia,Parulidae,430,Yes,Edge,Lower
2008-08-31,17.0,MP,Parkesia,noveboracensis,Parulidae,916,Yes,Forest,Lower
2008-08-31,17.0,CHI,catharus,ustulatus,Turdidae,2331,Yes,Forest,Lower
2008-08-31,17.0,CHI,setophaga,ruticilla,Parulidae,868,Yes,Edge,Upper
2008-08-31,17.0,CHI,catharus,ustulatus,Turdidae,2331,Yes,Forest,Lower
2008-08-31,17.0,CHI,Cardellina,pusilla,Parulidae,185,Yes,Edge,Lower
2008-08-31,17.0,MP,Oreothlypis,peregrina,Parulidae,2515,Yes,Edge,Upper
2008-08-31,17.0,MP,Oreothlypis,ruficapilla,Parulidae,1690,Yes,Forest,Upper
2008-09-01,17.0,CHI,Oreothlypis,ruficapilla,Parulidae,1690,Yes,Forest,Upper
2008-09-01,17.0,CHI,Seiurus,aurocapilla,Parulidae,4580,Yes,Forest,Lower
2008-09-01,17.0,CHI,catharus,ustulatus,Turdidae,2331,Yes,Forest,Lower
2008-09-01,17.0,CHI,catharus,ustulatus,Turdidae,2331,Yes,Forest,Lower
2008-09-01,17.0,CHI,catharus,ustulatus,Turdidae,2331,Yes,Forest,Lower
2008-09-01,17.0,CHI,catharus,ustulatus,Turdidae,2331,Yes,Forest,Lower
2008-09-01,17.0,CHI,Seiurus,aurocapilla,Parulidae,4580,Yes,Forest,Lower
2008-09-01,17.0,CHI,Setophaga,americana,Parulidae,59,Yes,Forest,Upper
2008-09-02,17.0,CHI,Setophaga,striata,Parulidae,787,Yes,Forest,Upper
2008-09-02,17.0,CHI,Oreothlypis,ruficapilla,Parulidae,1690,Yes,Forest,Upper
2008-09-02,17.0,MP,Icterus,galbula,Icteridae,83,Yes,Edge,Upper
2008-09-02,17.0,CHI,Cardellina,pusilla,Parulidae,185,Yes,Edge,Lower
2008-09-03,17.0,CHI,Cardellina,pusilla,Parulidae,185,Yes,Edge,Lower
2008-09-03,17.0,MP,geothlypis,philadelphia,Parulidae,430,Yes,Edge,Lower
2008-09-03,17.0,CHI,setophaga,ruticilla,Parulidae,868,Yes,Edge,Upper
2008-09-03,17.0,CHI,setophaga,ruticilla,Parulidae,868,Yes,Edge,Upper
2008-09-03,17.0,CHI,Oreothlypis,peregrina,Parulidae,2515,Yes,Edge,Upper
2008-09-03,17.0,CHI,Cardellina,pusilla,Parulidae,185,Yes,Edge,Lower
2008-09-03,17.0,CHI,Mniotilta,varia,Parulidae,620,Yes,Forest,Upper
2008-09-03,17.0,CHI,Oreothlypis,peregrina,Parulidae,2515,Yes,Edge,Upper
2008-09-04,14.0,CHI,setophaga,ruticilla,Parulidae,868,Yes,Edge,Upper
2008-09-04,14.0,MP,Parkesia,noveboracensis,Parulidae,916,Yes,Forest,Lower
2008-09-04,14.0,CHI,setophaga,ruticilla,Parulidae,868,Yes,Edge,Upper
2008-09-04,14.0,MP,Oreothlypis,peregrina,Parulidae,2515,Yes,Edge,Upper
2008-09-04,14.0,CHI,setophaga,ruticilla,Parulidae,868,Yes,Edge,Upper
2008-09-04,14.0,CHI,setophaga,ruticilla,Parulidae,868,Yes,Edge,Upper
2008-09-04,14.0,CHI,setophaga,ruticilla,Parulidae,868,Yes,Edge,Upper
2008-09-04,14.0,CHI,Oreothlypis,peregrina,Parulidae,2515,Yes,Edge,Upper
2008-09-04,14.0,CHI,setophaga,ruticilla,Parulidae,868,Yes,Edge,Upper
2008-09-04,14.0,CHI,Mniotilta,varia,Parulidae,620,Yes,Forest,Upper
2008-09-04,14.0,CHI,setophaga,ruticilla,Parulidae,868,Yes,Edge,Upper
2008-09-04,14.0,CHI,Seiurus,aurocapilla,Parulidae,4580,Yes,Forest,Lower
2008-09-04,14.0,CHI,catharus,ustulatus,Turdidae,2331,Yes,Forest,Lower
2008-09-04,14.0,CHI,catharus,ustulatus,Turdidae,2331,Yes,Forest,Lower
2008-09-04,14.0,CHI,Seiurus,aurocapilla,Parulidae,4580,Yes,Forest,Lower
2008-09-04,14.0,CHI,Parkesia,noveboracensis,Parulidae,916,Yes,Forest,Lower
2008-09-04,14.0,CHI,catharus,ustulatus,Turdidae,2331,Yes,Forest,Lower
2008-09-04,14.0,CHI,Parkesia,noveboracensis,Parulidae,916,Yes,Forest,Lower
2008-09-04,14.0,CHI,catharus,ustulatus,Turdidae,2331,Yes,Forest,Lower
2008-09-04,14.0,CHI,Cardellina,canadensis,Parulidae,241,Yes,Forest,Lower
2008-09-04,14.0,CHI,Setophaga,striata,Parulidae,787,Yes,Forest,Upper
2008-09-04,14.0,CHI,catharus,ustulatus,Turdidae,2331,Yes,Forest,Lower
2008-09-04,14.0,CHI,catharus,ustulatus,Turdidae,2331,Yes,Forest,Lower
2008-09-04,14.0,CHI,Oporornis,agilis,Parulidae,365,Yes,Forest,Lower
2008-09-05,17.0,CHI,catharus,ustulatus,Turdidae,2331,Yes,Forest,Lower
2008-09-05,17.0,CHI,Oreothlypis,peregrina,Parulidae,2515,Yes,Edge,Upper
2008-09-05,17.0,CHI,Hylocichla,mustelina,Turdidae,500,Yes,Forest,Lower
2008-09-05,17.0,CHI,Setophaga,magnolia,Parulidae,1224,yes,forest,Upper
2008-09-05,17.0,CHI,Oreothlypis,ruficapilla,Parulidae,1690,Yes,Forest,Upper
2008-09-05,17.0,CHI,Empidonax,minimus,Tyrannidae,96,No,Edge,Upper
2008-09-06,17.0,CHI,Setophaga,caerulescens,Parulidae,183,Yes,Forest,Upper
2008-09-06,17.0,CHI,Setophaga,magnolia,Parulidae,1224,yes,forest,Upper
2008-09-06,17.0,CHI,Setophaga,magnolia,Parulidae,1224,yes,forest,Upper
2008-09-06,17.0,CHI,Setophaga,magnolia,Parulidae,1224,yes,forest,Upper
2008-09-06,17.0,CHI,Setophaga,caerulescens,Parulidae,183,Yes,Forest,Upper
2008-09-06,17.0,CHI,Cardellina,pusilla,Parulidae,185,Yes,Edge,Lower
2008-09-06,17.0,CHI,Oreothlypis,ruficapilla,Parulidae,1690,Yes,Forest,Upper
2008-09-06,17.0,MP,catharus,ustulatus,Turdidae,2331,Yes,Forest,Lower
2008-09-06,17.0,CHI,Setophaga,magnolia,Parulidae,1224,yes,forest,Upper
2008-09-06,17.0,CHI,catharus,ustulatus,Turdidae,2331,Yes,Forest,Lower
2008-09-06,17.0,CHI,setophaga,ruticilla,Parulidae,868,Yes,Edge,Upper
2008-09-06,17.0,MP,Seiurus,aurocapilla,Parulidae,4580,Yes,Forest,Lower
2008-09-06,17.0,CHI,Seiurus,aurocapilla,Parulidae,4580,Yes,Forest,Lower
2008-09-06,17.0,CHI,Seiurus,aurocapilla,Parulidae,4580,Yes,Forest,Lower
2008-09-06,17.0,CHI,Seiurus,aurocapilla,Parulidae,4580,Yes,Forest,Lower
2008-09-06,17.0,CHI,catharus,ustulatus,Turdidae,2331,Yes,Forest,Lower
2008-09-06,17.0,CHI,Setophaga,magnolia,Parulidae,1224,yes,forest,Upper
2008-09-06,17.0,CHI,Empidonax,minimus,Tyrannidae,96,No,Edge,Upper
2008-09-06,17.0,CHI,Cardellina,pusilla,Parulidae,185,Yes,Edge,Lower
2008-09-06,17.0,CHI,Setophaga,magnolia,Parulidae,1224,yes,forest,Upper
2008-09-06,17.0,CHI,Setophaga,magnolia,Parulidae,1224,yes,forest,Upper
2008-09-06,17.0,CHI,Oreothlypis,ruficapilla,Parulidae,1690,Yes,Forest,Upper
2008-09-06,17.0,CHI,Oreothlypis,peregrina,Parulidae,2515,Yes,Edge,Upper
2008-09-06,17.0,CHI,Oreothlypis,ruficapilla,Parulidae,1690,Yes,Forest,Upper
2008-09-06,17.0,CHI,Oreothlypis,ruficapilla,Parulidae,1690,Yes,Forest,Upper
2008-09-06,17.0,CHI,Oreothlypis,ruficapilla,Parulidae,1690,Yes,Forest,Upper
2008-09-06,17.0,CHI,Oreothlypis,ruficapilla,Parulidae,1690,Yes,Forest,Upper
2008-09-06,17.0,CHI,Setophaga,magnolia,Parulidae,1224,yes,forest,Upper
2008-09-06,17.0,CHI,Oreothlypis,ruficapilla,Parulidae,1690,Yes,Forest,Upper
2008-09-06,17.0,MP,Oreothlypis,peregrina,Parulidae,2515,Yes,Edge,Upper
2008-09-06,17.0,CHI,geothlypis,philadelphia,Parulidae,430,Yes,Edge,Lower
2008-09-06,17.0,MP,geothlypis,philadelphia,Parulidae,430,Yes,Edge,Lower
2008-09-06,17.0,CHI,Oreothlypis,peregrina,Parulidae,2515,Yes,Edge,Upper
2008-09-06,17.0,MP,Parkesia,noveboracensis,Parulidae,916,Yes,Forest,Lower
2008-09-06,17.0,CHI,Geothlypis,trichas,Parulidae,1555,Yes,Open,Lower
2008-09-06,17.0,CHI,Setophaga,magnolia,Parulidae,1224,yes,forest,Upper
2008-09-06,17.0,CHI,Oreothlypis,ruficapilla,Parulidae,1690,Yes,Forest,Upper
2008-09-06,17.0,CHI,Oreothlypis,ruficapilla,Parulidae,1690,Yes,Forest,Upper
2008-09-06,17.0,CHI,Oporornis,agilis,Parulidae,365,Yes,Forest,Lower
2008-09-06,17.0,MP,Oreothlypis,ruficapilla,Parulidae,1690,Yes,Forest,Upper
2008-09-06,17.0,MP,Oreothlypis,ruficapilla,Parulidae,1690,Yes,Forest,Upper
2008-09-06,17.0,CHI,Setophaga,magnolia,Parulidae,1224,yes,forest,Upper
2008-09-06,17.0,CHI,Oreothlypis,ruficapilla,Parulidae,1690,Yes,Forest,Upper
2008-09-06,17.0,MP,Geothlypis,trichas,Parulidae,1555,Yes,Open,Lower
2008-09-06,17.0,CHI,Setophaga,magnolia,Parulidae,1224,yes,forest,Upper
2008-09-08,17.0,CHI,Setophaga,magnolia,Parulidae,1224,yes,forest,Upper
2008-09-08,17.0,CHI,Oreothlypis,peregrina,Parulidae,2515,Yes,Edge,Upper
2008-09-08,17.0,CHI,Seiurus,aurocapilla,Parulidae,4580,Yes,Forest,Lower
2008-09-08,17.0,CHI,geothlypis,philadelphia,Parulidae,430,Yes,Edge,Lower
2008-09-08,17.0,CHI,Empidonax,flaviventris,Tyrannidae,68,No,Forest,Upper
2008-09-08,17.0,CHI,Oreothlypis,peregrina,Parulidae,2515,Yes,Edge,Upper
2008-09-08,17.0,CHI,catharus,ustulatus,Turdidae,2331,Yes,Forest,Lower
2008-09-08,17.0,CHI,Catharus,fuscescens,Turdidae,727,Yes,Forest,Lower
2008-09-08,17.0,CHI,Seiurus,aurocapilla,Parulidae,4580,Yes,Forest,Lower
2008-09-08,17.0,CHI,Setophaga,magnolia,Parulidae,1224,yes,forest,Upper
2008-09-08,17.0,CHI,Catharus,fuscescens,Turdidae,727,Yes,Forest,Lower
2008-09-08,17.0,CHI,catharus,ustulatus,Turdidae,2331,Yes,Forest,Lower
2008-09-08,17.0,CHI,Seiurus,aurocapilla,Parulidae,4580,Yes,Forest,Lower
2008-09-08,17.0,CHI,Oreothlypis,peregrina,Parulidae,2515,Yes,Edge,Upper
2008-09-08,17.0,MP,Parkesia,noveboracensis,Parulidae,916,Yes,Forest,Lower
2008-09-08,17.0,MP,Setophaga,tigrina,Parulidae,182,Yes,Forest,Upper
2008-09-08,17.0,CHI,Seiurus,aurocapilla,Parulidae,4580,Yes,Forest,Lower
2008-09-08,17.0,CHI,Seiurus,aurocapilla,Parulidae,4580,Yes,Forest,Lower
2008-09-08,17.0,CHI,Parkesia,noveboracensis,Parulidae,916,Yes,Forest,Lower
2008-09-08,17.0,CHI,Seiurus,aurocapilla,Parulidae,4580,Yes,Forest,Lower
2008-09-08,17.0,CHI,Seiurus,aurocapilla,Parulidae,4580,Yes,Forest,Lower
2008-09-08,17.0,CHI,Seiurus,aurocapilla,Parulidae,4580,Yes,Forest,Lower
2008-09-08,17.0,CHI,Seiurus,aurocapilla,Parulidae,4580,Yes,Forest,Lower
2008-09-08,17.0,CHI,Seiurus,aurocapilla,Parulidae,4580,Yes,Forest,Lower
2008-09-08,17.0,MP,Parkesia,noveboracensis,Parulidae,916,Yes,Forest,Lower
2008-09-08,17.0,MP,Catharus,minimus,Turdidae,822,Yes,Forest,Lower
2008-09-08,17.0,CHI,Oreothlypis,peregrina,Parulidae,2515,Yes,Edge,Upper
2008-09-08,17.0,CHI,Seiurus,aurocapilla,Parulidae,4580,Yes,Forest,Lower
2008-09-08,17.0,CHI,Seiurus,aurocapilla,Parulidae,4580,Yes,Forest,Lower
2008-09-08,17.0,CHI,Setophaga,castanea,Parulidae,287,Yes,Forest,Upper
2008-09-08,17.0,MP,Catharus,fuscescens,Turdidae,727,Yes,Forest,Lower
2008-09-08,17.0,MP,Seiurus,aurocapilla,Parulidae,4580,Yes,Forest,Lower
2008-09-08,17.0,CHI,Seiurus,aurocapilla,Parulidae,4580,Yes,Forest,Lower
2008-09-08,17.0,CHI,Parkesia,noveboracensis,Parulidae,916,Yes,Forest,Lower
2008-09-08,17.0,CHI,Seiurus,aurocapilla,Parulidae,4580,Yes,Forest,Lower
2008-09-08,17.0,CHI,Setophaga,pensylvanica,Parulidae,303,Yes,Edge,Upper
2008-09-08,17.0,CHI,Oreothlypis,peregrina,Parulidae,2515,Yes,Edge,Upper
2008-09-08,17.0,CHI,Oreothlypis,peregrina,Parulidae,2515,Yes,Edge,Upper
2008-09-08,17.0,CHI,Mniotilta,varia,Parulidae,620,Yes,Forest,Upper
2008-09-08,17.0,CHI,Mniotilta,varia,Parulidae,620,Yes,Forest,Upper
2008-09-08,17.0,CHI,Seiurus,aurocapilla,Parulidae,4580,Yes,Forest,Lower
2008-09-08,17.0,CHI,Setophaga,magnolia,Parulidae,1224,yes,forest,Upper
2008-09-08,17.0,CHI,Setophaga,magnolia,Parulidae,1224,yes,forest,Upper
2008-09-08,17.0,CHI,catharus,ustulatus,Turdidae,2331,Yes,Forest,Lower
2008-09-08,17.0,CHI,Cardellina,canadensis,Parulidae,241,Yes,Forest,Lower
2008-09-08,17.0,CHI,Vermivora,chrysoptera,Parulidae,53,Yes,Edge,Upper
2008-09-08,17.0,CHI,Oporornis,agilis,Parulidae,365,Yes,Forest,Lower
2008-09-08,17.0,CHI,Oporornis,agilis,Parulidae,365,Yes,Forest,Lower
2008-09-08,17.0,CHI,Oporornis,agilis,Parulidae,365,Yes,Forest,Lower
2008-09-08,17.0,CHI,Setophaga,striata,Parulidae,787,Yes,Forest,Upper
2008-09-08,17.0,CHI,setophaga,ruticilla,Parulidae,868,Yes,Edge,Upper
2008-09-08,17.0,CHI,catharus,ustulatus,Turdidae,2331,Yes,Forest,Lower
2008-09-08,17.0,CHI,catharus,ustulatus,Turdidae,2331,Yes,Forest,Lower
2008-09-08,17.0,CHI,setophaga,ruticilla,Parulidae,868,Yes,Edge,Upper
2008-09-08,17.0,CHI,catharus,ustulatus,Turdidae,2331,Yes,Forest,Lower
2008-09-08,17.0,CHI,Seiurus,aurocapilla,Parulidae,4580,Yes,Forest,Lower
2008-09-08,17.0,CHI,catharus,ustulatus,Turdidae,2331,Yes,Forest,Lower
2008-09-08,17.0,CHI,setophaga,ruticilla,Parulidae,868,Yes,Edge,Upper
2008-09-08,17.0,CHI,Setophaga,magnolia,Parulidae,1224,yes,forest,Upper
2008-09-08,17.0,CHI,catharus,ustulatus,Turdidae,2331,Yes,Forest,Lower
2008-09-08,17.0,CHI,Setophaga,pensylvanica,Parulidae,303,Yes,Edge,Upper
2008-09-08,17.0,CHI,Setophaga,magnolia,Parulidae,1224,yes,forest,Upper
2008-09-08,17.0,CHI,setophaga,ruticilla,Parulidae,868,Yes,Edge,Upper
2008-09-08,17.0,CHI,setophaga,ruticilla,Parulidae,868,Yes,Edge,Upper
2008-09-08,17.0,CHI,Setophaga,magnolia,Parulidae,1224,yes,forest,Upper
2008-09-08,17.0,CHI,catharus,ustulatus,Turdidae,2331,Yes,Forest,Lower
2008-09-08,17.0,CHI,Setophaga,magnolia,Parulidae,1224,yes,forest,Upper
2008-09-08,17.0,CHI,Setophaga,magnolia,Parulidae,1224,yes,forest,Upper
2008-09-08,17.0,CHI,catharus,ustulatus,Turdidae,2331,Yes,Forest,Lower
2008-09-08,17.0,CHI,catharus,ustulatus,Turdidae,2331,Yes,Forest,Lower
2008-09-08,17.0,CHI,setophaga,ruticilla,Parulidae,868,Yes,Edge,Upper
2008-09-08,17.0,CHI,catharus,ustulatus,Turdidae,2331,Yes,Forest,Lower
2008-09-09,17.0,CHI,Oreothlypis,peregrina,Parulidae,2515,Yes,Edge,Upper
2008-09-09,17.0,MP,Setophaga,petechia,Parulidae,77,Yes,Edge,Upper
2008-09-09,17.0,MP,Parkesia,noveboracensis,Parulidae,916,Yes,Forest,Lower
2008-09-09,17.0,CHI,setophaga,ruticilla,Parulidae,868,Yes,Edge,Upper
2008-09-09,17.0,CHI,setophaga,ruticilla,Parulidae,868,Yes,Edge,Upper
2008-09-09,17.0,MP,Parkesia,noveboracensis,Parulidae,916,Yes,Forest,Lower
2008-09-09,17.0,CHI,setophaga,ruticilla,Parulidae,868,Yes,Edge,Upper
2008-09-09,17.0,MP,setophaga,ruticilla,Parulidae,868,Yes,Edge,Upper
2008-09-09,17.0,CHI,setophaga,ruticilla,Parulidae,868,Yes,Edge,Upper
2008-09-09,17.0,MP,Oreothlypis,peregrina,Parulidae,2515,Yes,Edge,Upper
2008-09-09,17.0,CHI,Parkesia,noveboracensis,Parulidae,916,Yes,Forest,Lower
2008-09-09,17.0,CHI,Setophaga,caerulescens,Parulidae,183,Yes,Forest,Upper
2008-09-09,17.0,MP,Oreothlypis,peregrina,Parulidae,2515,Yes,Edge,Upper
2008-09-09,17.0,MP,Oreothlypis,peregrina,Parulidae,2515,Yes,Edge,Upper
2008-09-09,17.0,CHI,Setophaga,striata,Parulidae,787,Yes,Forest,Upper
2008-09-09,17.0,CHI,Mniotilta,varia,Parulidae,620,Yes,Forest,Upper
2008-09-09,17.0,CHI,Geothlypis,trichas,Parulidae,1555,Yes,Open,Lower
2008-09-09,17.0,CHI,setophaga,ruticilla,Parulidae,868,Yes,Edge,Upper
2008-09-09,17.0,MP,Catharus,fuscescens,Turdidae,727,Yes,Forest,Lower
2008-09-09,17.0,CHI,setophaga,ruticilla,Parulidae,868,Yes,Edge,Upper
2008-09-09,17.0,CHI,catharus,ustulatus,Turdidae,2331,Yes,Forest,Lower
2008-09-09,17.0,CHI,Setophaga,magnolia,Parulidae,1224,yes,forest,Upper
2008-09-09,17.0,CHI,Setophaga,magnolia,Parulidae,1224,yes,forest,Upper
2008-09-09,17.0,MP,catharus,ustulatus,Turdidae,2331,Yes,Forest,Lower
2008-09-09,17.0,CHI,Seiurus,aurocapilla,Parulidae,4580,Yes,Forest,Lower
2008-09-09,17.0,CHI,catharus,ustulatus,Turdidae,2331,Yes,Forest,Lower
2008-09-09,17.0,MP,catharus,ustulatus,Turdidae,2331,Yes,Forest,Lower
2008-09-09,17.0,CHI,catharus,ustulatus,Turdidae,2331,Yes,Forest,Lower
2008-09-09,17.0,CHI,Seiurus,aurocapilla,Parulidae,4580,Yes,Forest,Lower
2008-09-09,17.0,MP,catharus,ustulatus,Turdidae,2331,Yes,Forest,Lower
2008-09-09,17.0,CHI,catharus,ustulatus,Turdidae,2331,Yes,Forest,Lower
2008-09-09,17.0,CHI,Seiurus,aurocapilla,Parulidae,4580,Yes,Forest,Lower
2008-09-09,17.0,CHI,Seiurus,aurocapilla,Parulidae,4580,Yes,Forest,Lower
2008-09-09,17.0,CHI,Seiurus,aurocapilla,Parulidae,4580,Yes,Forest,Lower
2008-09-09,17.0,CHI,Seiurus,aurocapilla,Parulidae,4580,Yes,Forest,Lower
2008-09-09,17.0,CHI,Seiurus,aurocapilla,Parulidae,4580,Yes,Forest,Lower
2008-09-09,17.0,CHI,Setophaga,magnolia,Parulidae,1224,yes,forest,Upper
2008-09-09,17.0,CHI,Setophaga,magnolia,Parulidae,1224,yes,forest,Upper
2008-09-09,17.0,CHI,Seiurus,aurocapilla,Parulidae,4580,Yes,Forest,Lower
2008-09-09,17.0,CHI,Oporornis,agilis,Parulidae,365,Yes,Forest,Lower
2008-09-09,17.0,MP,Setophaga,pensylvanica,Parulidae,303,Yes,Edge,Upper
2008-09-09,17.0,CHI,Oporornis,agilis,Parulidae,365,Yes,Forest,Lower
2008-09-09,17.0,CHI,Hylocichla,mustelina,Turdidae,500,Yes,Forest,Lower
2008-09-10,17.0,CHI,setophaga,ruticilla,Parulidae,868,Yes,Edge,Upper
2008-09-10,17.0,CHI,catharus,ustulatus,Turdidae,2331,Yes,Forest,Lower
2008-09-10,17.0,CHI,Parkesia,noveboracensis,Parulidae,916,Yes,Forest,Lower
2008-09-10,17.0,MP,geothlypis,philadelphia,Parulidae,430,Yes,Edge,Lower
2008-09-10,17.0,CHI,catharus,ustulatus,Turdidae,2331,Yes,Forest,Lower
2008-09-10,17.0,MP,Setophaga,striata,Parulidae,787,Yes,Forest,Upper
2008-09-10,17.0,CHI,Seiurus,aurocapilla,Parulidae,4580,Yes,Forest,Lower
2008-09-10,17.0,CHI,Seiurus,aurocapilla,Parulidae,4580,Yes,Forest,Lower
2008-09-10,17.0,CHI,Catharus,minimus,Turdidae,822,Yes,Forest,Lower
2008-09-10,17.0,CHI,Cardellina,pusilla,Parulidae,185,Yes,Edge,Lower
2008-09-10,17.0,CHI,Hylocichla,mustelina,Turdidae,500,Yes,Forest,Lower
2008-09-10,17.0,CHI,Parkesia,noveboracensis,Parulidae,916,Yes,Forest,Lower
2008-09-10,17.0,CHI,catharus,ustulatus,Turdidae,2331,Yes,Forest,Lower
2008-09-10,17.0,CHI,Seiurus,aurocapilla,Parulidae,4580,Yes,Forest,Lower
2008-09-10,17.0,CHI,Setophaga,pensylvanica,Parulidae,303,Yes,Edge,Upper
2008-09-10,17.0,CHI,Seiurus,aurocapilla,Parulidae,4580,Yes,Forest,Lower
2008-09-10,17.0,CHI,Hylocichla,mustelina,Turdidae,500,Yes,Forest,Lower
2008-09-10,17.0,CHI,Oreothlypis,ruficapilla,Parulidae,1690,Yes,Forest,Upper
2008-09-10,17.0,CHI,Melospiza,lincolnii,Passerellidae,2029,yes,edge,Lower
2008-09-10,17.0,CHI,Seiurus,aurocapilla,Parulidae,4580,Yes,Forest,Lower
2008-09-10,17.0,CHI,setophaga,ruticilla,Parulidae,868,Yes,Edge,Upper
2008-09-10,17.0,CHI,Parkesia,noveboracensis,Parulidae,916,Yes,Forest,Lower
2008-09-10,17.0,CHI,Oporornis,agilis,Parulidae,365,Yes,Forest,Lower
2008-09-10,17.0,CHI,Setophaga,magnolia,Parulidae,1224,yes,forest,Upper
2008-09-10,17.0,CHI,Setophaga,virens,Parulidae,223,Yes,Forest,Upper
2008-09-10,17.0,CHI,Seiurus,aurocapilla,Parulidae,4580,Yes,Forest,Lower
2008-09-10,17.0,CHI,Setophaga,castanea,Parulidae,287,Yes,Forest,Upper
2008-09-10,17.0,CHI,Setophaga,castanea,Parulidae,287,Yes,Forest,Upper
2008-09-10,17.0,CHI,Setophaga,castanea,Parulidae,287,Yes,Forest,Upper
2008-09-10,17.0,MP,Setophaga,castanea,Parulidae,287,Yes,Forest,Upper
2008-09-11,17.0,CHI,Seiurus,aurocapilla,Parulidae,4580,Yes,Forest,Lower
2008-09-11,17.0,CHI,Seiurus,aurocapilla,Parulidae,4580,Yes,Forest,Lower
2008-09-11,17.0,CHI,Cardellina,pusilla,Parulidae,185,Yes,Edge,Lower
2008-09-11,17.0,CHI,Setophaga,magnolia,Parulidae,1224,yes,forest,Upper
2008-09-11,17.0,MP,Seiurus,aurocapilla,Parulidae,4580,Yes,Forest,Lower
2008-09-11,17.0,CHI,Setophaga,magnolia,Parulidae,1224,yes,forest,Upper
2008-09-11,17.0,CHI,setophaga,ruticilla,Parulidae,868,Yes,Edge,Upper
2008-09-11,17.0,CHI,Oreothlypis,ruficapilla,Parulidae,1690,Yes,Forest,Upper
2008-09-12,17.0,CHI,Cardellina,pusilla,Parulidae,185,Yes,Edge,Lower
2008-09-12,17.0,CHI,Parkesia,noveboracensis,Parulidae,916,Yes,Forest,Lower
2008-09-12,17.0,CHI,Geothlypis,trichas,Parulidae,1555,Yes,Open,Lower
2008-09-14,17.0,CHI,Seiurus,aurocapilla,Parulidae,4580,Yes,Forest,Lower
2008-09-14,17.0,CHI,Setophaga,castanea,Parulidae,287,Yes,Forest,Upper
2008-09-14,17.0,MP,catharus,ustulatus,Turdidae,2331,Yes,Forest,Lower
2008-09-14,17.0,CHI,catharus,ustulatus,Turdidae,2331,Yes,Forest,Lower
2008-09-14,17.0,CHI,catharus,ustulatus,Turdidae,2331,Yes,Forest,Lower
2008-09-14,17.0,CHI,catharus,ustulatus,Turdidae,2331,Yes,Forest,Lower
2008-09-14,17.0,CHI,catharus,ustulatus,Turdidae,2331,Yes,Forest,Lower
2008-09-14,17.0,MP,catharus,ustulatus,Turdidae,2331,Yes,Forest,Lower
2008-09-14,17.0,MP,Seiurus,aurocapilla,Parulidae,4580,Yes,Forest,Lower
2008-09-14,17.0,CHI,Oreothlypis,peregrina,Parulidae,2515,Yes,Edge,Upper
2008-09-14,17.0,MP,Oreothlypis,peregrina,Parulidae,2515,Yes,Edge,Upper
2008-09-14,17.0,CHI,Seiurus,aurocapilla,Parulidae,4580,Yes,Forest,Lower
2008-09-14,17.0,CHI,Seiurus,aurocapilla,Parulidae,4580,Yes,Forest,Lower
2008-09-14,17.0,CHI,Seiurus,aurocapilla,Parulidae,4580,Yes,Forest,Lower
2008-09-14,17.0,CHI,catharus,ustulatus,Turdidae,2331,Yes,Forest,Lower
2008-09-14,17.0,CHI,Setophaga,castanea,Parulidae,287,Yes,Forest,Upper
2008-09-14,17.0,MP,catharus,ustulatus,Turdidae,2331,Yes,Forest,Lower
2008-09-14,17.0,CHI,Setophaga,palmarum,Parulidae,694,Yes,Edge,Lower
2008-09-14,17.0,CHI,catharus,ustulatus,Turdidae,2331,Yes,Forest,Lower
2008-09-14,17.0,CHI,Seiurus,aurocapilla,Parulidae,4580,Yes,Forest,Lower
2008-09-14,17.0,MP,catharus,ustulatus,Turdidae,2331,Yes,Forest,Lower
2008-09-14,17.0,MP,Oporornis,agilis,Parulidae,365,Yes,Forest,Lower
2008-09-14,17.0,CHI,Oporornis,agilis,Parulidae,365,Yes,Forest,Lower
2008-09-14,17.0,MP,Setophaga,striata,Parulidae,787,Yes,Forest,Upper
2008-09-14,17.0,CHI,catharus,ustulatus,Turdidae,2331,Yes,Forest,Lower
2008-09-14,17.0,CHI,catharus,ustulatus,Turdidae,2331,Yes,Forest,Lower
2008-09-14,17.0,MP,Oporornis,agilis,Parulidae,365,Yes,Forest,Lower
2008-09-14,17.0,CHI,Oporornis,agilis,Parulidae,365,Yes,Forest,Lower
2008-09-15,17.0,CHI,Seiurus,aurocapilla,Parulidae,4580,Yes,Forest,Lower
2008-09-15,17.0,CHI,Seiurus,aurocapilla,Parulidae,4580,Yes,Forest,Lower
2008-09-15,17.0,CHI,Seiurus,aurocapilla,Parulidae,4580,Yes,Forest,Lower
2008-09-15,17.0,CHI,Seiurus,aurocapilla,Parulidae,4580,Yes,Forest,Lower
2008-09-15,17.0,CHI,Seiurus,aurocapilla,Parulidae,4580,Yes,Forest,Lower
2008-09-15,17.0,MP,Seiurus,aurocapilla,Parulidae,4580,Yes,Forest,Lower
2008-09-15,17.0,CHI,catharus,ustulatus,Turdidae,2331,Yes,Forest,Lower
2008-09-15,17.0,CHI,Seiurus,aurocapilla,Parulidae,4580,Yes,Forest,Lower
2008-09-15,17.0,CHI,catharus,ustulatus,Turdidae,2331,Yes,Forest,Lower
2008-09-15,17.0,CHI,catharus,ustulatus,Turdidae,2331,Yes,Forest,Lower
2008-09-15,17.0,CHI,catharus,ustulatus,Turdidae,2331,Yes,Forest,Lower
2008-09-15,17.0,CHI,Setophaga,magnolia,Parulidae,1224,yes,forest,Upper
2008-09-15,17.0,CHI,Setophaga,palmarum,Parulidae,694,Yes,Edge,Lower
2008-09-15,17.0,CHI,Seiurus,aurocapilla,Parulidae,4580,Yes,Forest,Lower
2008-09-15,17.0,MP,Setophaga,palmarum,Parulidae,694,Yes,Edge,Lower
2008-09-15,17.0,MP,Setophaga,striata,Parulidae,787,Yes,Forest,Upper
2008-09-15,17.0,CHI,Seiurus,aurocapilla,Parulidae,4580,Yes,Forest,Lower
2008-09-15,17.0,MP,Setophaga,striata,Parulidae,787,Yes,Forest,Upper
2008-09-15,17.0,CHI,Setophaga,magnolia,Parulidae,1224,yes,forest,Upper
2008-09-15,17.0,CHI,catharus,ustulatus,Turdidae,2331,Yes,Forest,Lower
2008-09-15,17.0,CHI,Setophaga,magnolia,Parulidae,1224,yes,forest,Upper
2008-09-15,17.0,CHI,Seiurus,aurocapilla,Parulidae,4580,Yes,Forest,Lower
2008-09-15,17.0,CHI,catharus,ustulatus,Turdidae,2331,Yes,Forest,Lower
2008-09-15,17.0,CHI,Oreothlypis,peregrina,Parulidae,2515,Yes,Edge,Upper
2008-09-15,17.0,MP,Setophaga,caerulescens,Parulidae,183,Yes,Forest,Upper
2008-09-15,17.0,CHI,Oreothlypis,peregrina,Parulidae,2515,Yes,Edge,Upper
2008-09-15,17.0,CHI,Oreothlypis,peregrina,Parulidae,2515,Yes,Edge,Upper
2008-09-15,17.0,MP,Oreothlypis,peregrina,Parulidae,2515,Yes,Edge,Upper
2008-09-15,17.0,CHI,Seiurus,aurocapilla,Parulidae,4580,Yes,Forest,Lower
2008-09-15,17.0,CHI,Oporornis,agilis,Parulidae,365,Yes,Forest,Lower
2008-09-15,17.0,CHI,Oporornis,agilis,Parulidae,365,Yes,Forest,Lower
2008-09-15,17.0,CHI,Oreothlypis,peregrina,Parulidae,2515,Yes,Edge,Upper
2008-09-15,17.0,CHI,Seiurus,aurocapilla,Parulidae,4580,Yes,Forest,Lower
2008-09-15,17.0,CHI,Seiurus,aurocapilla,Parulidae,4580,Yes,Forest,Lower
2008-09-15,17.0,CHI,Oporornis,agilis,Parulidae,365,Yes,Forest,Lower
2008-09-15,17.0,CHI,Catharus,minimus,Turdidae,822,Yes,Forest,Lower
2008-09-15,17.0,CHI,catharus,ustulatus,Turdidae,2331,Yes,Forest,Lower
2008-09-15,17.0,CHI,catharus,ustulatus,Turdidae,2331,Yes,Forest,Lower
2008-09-15,17.0,CHI,Catharus,minimus,Turdidae,822,Yes,Forest,Lower
2008-09-15,17.0,CHI,Catharus,minimus,Turdidae,822,Yes,Forest,Lower
2008-09-15,17.0,CHI,Cardellina,pusilla,Parulidae,185,Yes,Edge,Lower
2008-09-16,17.0,MP,Oporornis,agilis,Parulidae,365,Yes,Forest,Lower
2008-09-16,17.0,CHI,Seiurus,aurocapilla,Parulidae,4580,Yes,Forest,Lower
2008-09-16,17.0,CHI,Seiurus,aurocapilla,Parulidae,4580,Yes,Forest,Lower
2008-09-16,17.0,CHI,Vireo,olivaceus,Vireonidae,133,No,Forest,Upper
2008-09-16,17.0,CHI,Seiurus,aurocapilla,Parulidae,4580,Yes,Forest,Lower
2008-09-16,17.0,CHI,Seiurus,aurocapilla,Parulidae,4580,Yes,Forest,Lower
2008-09-16,17.0,MP,Seiurus,aurocapilla,Parulidae,4580,Yes,Forest,Lower
2008-09-16,17.0,CHI,Setophaga,castanea,Parulidae,287,Yes,Forest,Upper
2008-09-16,17.0,CHI,Mniotilta,varia,Parulidae,620,Yes,Forest,Upper
2008-09-16,17.0,MP,Seiurus,aurocapilla,Parulidae,4580,Yes,Forest,Lower
2008-09-16,17.0,CHI,Seiurus,aurocapilla,Parulidae,4580,Yes,Forest,Lower
2008-09-16,17.0,MP,catharus,ustulatus,Turdidae,2331,Yes,Forest,Lower
2008-09-16,17.0,CHI,setophaga,ruticilla,Parulidae,868,Yes,Edge,Upper
2008-09-16,17.0,CHI,Setophaga,magnolia,Parulidae,1224,yes,forest,Upper
2008-09-16,17.0,CHI,Seiurus,aurocapilla,Parulidae,4580,Yes,Forest,Lower
2008-09-16,17.0,CHI,Seiurus,aurocapilla,Parulidae,4580,Yes,Forest,Lower
2008-09-16,17.0,CHI,Seiurus,aurocapilla,Parulidae,4580,Yes,Forest,Lower
2008-09-16,17.0,CHI,catharus,ustulatus,Turdidae,2331,Yes,Forest,Lower
2008-09-16,17.0,MP,catharus,ustulatus,Turdidae,2331,Yes,Forest,Lower
2008-09-16,17.0,CHI,Geothlypis,trichas,Parulidae,1555,Yes,Open,Lower
2008-09-16,17.0,MP,catharus,ustulatus,Turdidae,2331,Yes,Forest,Lower
2008-09-16,17.0,MP,catharus,ustulatus,Turdidae,2331,Yes,Forest,Lower
2008-09-16,17.0,CHI,catharus,ustulatus,Turdidae,2331,Yes,Forest,Lower
2008-09-16,17.0,CHI,catharus,ustulatus,Turdidae,2331,Yes,Forest,Lower
2008-09-16,17.0,MP,catharus,ustulatus,Turdidae,2331,Yes,Forest,Lower
2008-09-16,17.0,CHI,Seiurus,aurocapilla,Parulidae,4580,Yes,Forest,Lower
2008-09-16,17.0,CHI,Geothlypis,trichas,Parulidae,1555,Yes,Open,Lower
2008-09-16,17.0,CHI,Setophaga,magnolia,Parulidae,1224,yes,forest,Upper
2008-09-16,17.0,CHI,setophaga,ruticilla,Parulidae,868,Yes,Edge,Upper
2008-09-16,17.0,CHI,Toxostoma,rufum,Mimidae,166,No,Edge,Lower
2008-09-16,17.0,CHI,Setophaga,palmarum,Parulidae,694,Yes,Edge,Lower
2008-09-16,17.0,CHI,Seiurus,aurocapilla,Parulidae,4580,Yes,Forest,Lower
2008-09-16,17.0,CHI,Seiurus,aurocapilla,Parulidae,4580,Yes,Forest,Lower
2008-09-16,17.0,CHI,Seiurus,aurocapilla,Parulidae,4580,Yes,Forest,Lower
2008-09-16,17.0,CHI,Setophaga,magnolia,Parulidae,1224,yes,forest,Upper
2008-09-16,17.0,MP,setophaga,ruticilla,Parulidae,868,Yes,Edge,Upper
2008-09-16,17.0,CHI,Geothlypis,trichas,Parulidae,1555,Yes,Open,Lower
2008-09-16,17.0,CHI,Melospiza,lincolnii,Passerellidae,2029,yes,edge,Lower
2008-09-16,17.0,CHI,Melospiza,lincolnii,Passerellidae,2029,yes,edge,Lower
2008-09-16,17.0,CHI,Pheucticus,ludovicianus,Cardinalidae,397,Yes,Forest,Upper
2008-09-16,17.0,MP,Melospiza,lincolnii,Passerellidae,2029,yes,edge,Lower
2008-09-16,17.0,CHI,Pheucticus,ludovicianus,Cardinalidae,397,Yes,Forest,Upper
2008-09-16,17.0,MP,Melospiza,lincolnii,Passerellidae,2029,yes,edge,Lower
2008-09-16,17.0,CHI,Melospiza,lincolnii,Passerellidae,2029,yes,edge,Lower
2008-09-16,17.0,MP,Oreothlypis,peregrina,Parulidae,2515,Yes,Edge,Upper
2008-09-16,17.0,MP,Setophaga,striata,Parulidae,787,Yes,Forest,Upper
2008-09-16,17.0,CHI,Oreothlypis,ruficapilla,Parulidae,1690,Yes,Forest,Upper
2008-09-16,17.0,MP,Oreothlypis,ruficapilla,Parulidae,1690,Yes,Forest,Upper
2008-09-16,17.0,CHI,Oreothlypis,ruficapilla,Parulidae,1690,Yes,Forest,Upper
2008-09-16,17.0,MP,Parkesia,noveboracensis,Parulidae,916,Yes,Forest,Lower
2008-09-16,17.0,CHI,Setophaga,magnolia,Parulidae,1224,yes,forest,Upper
2008-09-17,17.0,CHI,dumetella,carolinensis,Mimidae,599,no,edge,Lower
2008-09-17,17.0,CHI,Oreothlypis,peregrina,Parulidae,2515,Yes,Edge,Upper
2008-09-17,17.0,CHI,Seiurus,aurocapilla,Parulidae,4580,Yes,Forest,Lower
2008-09-17,17.0,CHI,Oreothlypis,peregrina,Parulidae,2515,Yes,Edge,Upper
2008-09-17,17.0,MP,Oreothlypis,peregrina,Parulidae,2515,Yes,Edge,Upper
2008-09-17,17.0,MP,catharus,ustulatus,Turdidae,2331,Yes,Forest,Lower
2008-09-17,17.0,CHI,Oreothlypis,ruficapilla,Parulidae,1690,Yes,Forest,Upper
2008-09-17,17.0,CHI,Setophaga,palmarum,Parulidae,694,Yes,Edge,Lower
2008-09-17,17.0,MP,Catharus,minimus,Turdidae,822,Yes,Forest,Lower
2008-09-17,17.0,MP,Setophaga,magnolia,Parulidae,1224,yes,forest,Upper
2008-09-17,17.0,CHI,Catharus,minimus,Turdidae,822,Yes,Forest,Lower
2008-09-17,17.0,CHI,Setophaga,magnolia,Parulidae,1224,yes,forest,Upper
2008-09-17,17.0,CHI,Parkesia,noveboracensis,Parulidae,916,Yes,Forest,Lower
2008-09-17,17.0,CHI,Setophaga,palmarum,Parulidae,694,Yes,Edge,Lower
2008-09-17,17.0,CHI,Catharus,minimus,Turdidae,822,Yes,Forest,Lower
2008-09-17,17.0,CHI,Seiurus,aurocapilla,Parulidae,4580,Yes,Forest,Lower
2008-09-17,17.0,CHI,Setophaga,magnolia,Parulidae,1224,yes,forest,Upper
2008-09-17,17.0,MP,Seiurus,aurocapilla,Parulidae,4580,Yes,Forest,Lower
2008-09-17,17.0,CHI,Setophaga,palmarum,Parulidae,694,Yes,Edge,Lower
2008-09-17,17.0,CHI,Setophaga,tigrina,Parulidae,182,Yes,Forest,Upper
2008-09-17,17.0,CHI,Geothlypis,trichas,Parulidae,1555,Yes,Open,Lower
2008-09-17,17.0,CHI,Oreothlypis,ruficapilla,Parulidae,1690,Yes,Forest,Upper
2008-09-17,17.0,CHI,Cardellina,pusilla,Parulidae,185,Yes,Edge,Lower
2008-09-17,17.0,MP,Catharus,minimus,Turdidae,822,Yes,Forest,Lower
2008-09-17,17.0,CHI,Setophaga,magnolia,Parulidae,1224,yes,forest,Upper
2008-09-17,17.0,CHI,Setophaga,palmarum,Parulidae,694,Yes,Edge,Lower
2008-09-17,17.0,CHI,Oporornis,agilis,Parulidae,365,Yes,Forest,Lower
2008-09-17,17.0,CHI,Oreothlypis,ruficapilla,Parulidae,1690,Yes,Forest,Upper
2008-09-17,17.0,CHI,Setophaga,striata,Parulidae,787,Yes,Forest,Upper
2008-09-17,17.0,CHI,Oreothlypis,ruficapilla,Parulidae,1690,Yes,Forest,Upper
2008-09-17,17.0,CHI,Setophaga,virens,Parulidae,223,Yes,Forest,Upper
2008-09-17,17.0,MP,catharus,ustulatus,Turdidae,2331,Yes,Forest,Lower
2008-09-17,17.0,CHI,Oreothlypis,peregrina,Parulidae,2515,Yes,Edge,Upper
2008-09-17,17.0,CHI,setophaga,ruticilla,Parulidae,868,Yes,Edge,Upper
2008-09-17,17.0,CHI,setophaga,ruticilla,Parulidae,868,Yes,Edge,Upper
2008-09-17,17.0,CHI,setophaga,ruticilla,Parulidae,868,Yes,Edge,Upper
2008-09-17,17.0,CHI,Setophaga,castanea,Parulidae,287,Yes,Forest,Upper
2008-09-17,17.0,CHI,Seiurus,aurocapilla,Parulidae,4580,Yes,Forest,Lower
2008-09-17,17.0,CHI,Mniotilta,varia,Parulidae,620,Yes,Forest,Upper
2008-09-17,17.0,MP,Oreothlypis,peregrina,Parulidae,2515,Yes,Edge,Upper
2008-09-17,17.0,CHI,Mniotilta,varia,Parulidae,620,Yes,Forest,Upper
2008-09-17,17.0,CHI,Setophaga,magnolia,Parulidae,1224,yes,forest,Upper
2008-09-17,17.0,MP,Catharus,minimus,Turdidae,822,Yes,Forest,Lower
2008-09-19,14.0,CHI,Setophaga,striata,Parulidae,787,Yes,Forest,Upper
2008-09-19,14.0,MP,Oreothlypis,peregrina,Parulidae,2515,Yes,Edge,Upper
2008-09-19,14.0,CHI,Seiurus,aurocapilla,Parulidae,4580,Yes,Forest,Lower
2008-09-19,14.0,CHI,Hylocichla,mustelina,Turdidae,500,Yes,Forest,Lower
2008-09-19,14.0,CHI,Setophaga,striata,Parulidae,787,Yes,Forest,Upper
2008-09-19,14.0,CHI,Geothlypis,trichas,Parulidae,1555,Yes,Open,Lower
2008-09-19,14.0,CHI,Seiurus,aurocapilla,Parulidae,4580,Yes,Forest,Lower
2008-09-19,14.0,MP,Melospiza,lincolnii,Passerellidae,2029,yes,edge,Lower
2008-09-19,14.0,CHI,Oreothlypis,peregrina,Parulidae,2515,Yes,Edge,Upper
2008-09-19,14.0,CHI,Mniotilta,varia,Parulidae,620,Yes,Forest,Upper
2008-09-19,14.0,MP,Melospiza,lincolnii,Passerellidae,2029,yes,edge,Lower
2008-09-19,14.0,CHI,Mniotilta,varia,Parulidae,620,Yes,Forest,Upper
2008-09-19,14.0,CHI,Oreothlypis,ruficapilla,Parulidae,1690,Yes,Forest,Upper
2008-09-19,14.0,MP,Catharus,minimus,Turdidae,822,Yes,Forest,Lower
2008-09-20,17.0,CHI,Seiurus,aurocapilla,Parulidae,4580,Yes,Forest,Lower
2008-09-20,17.0,CHI,Setophaga,fusca,Parulidae,201,Yes,Forest,Upper
2008-09-20,17.0,CHI,Seiurus,aurocapilla,Parulidae,4580,Yes,Forest,Lower
2008-09-20,17.0,MP,Setophaga,caerulescens,Parulidae,183,Yes,Forest,Upper
2008-09-20,17.0,CHI,Oreothlypis,ruficapilla,Parulidae,1690,Yes,Forest,Upper
2008-09-20,17.0,CHI,Seiurus,aurocapilla,Parulidae,4580,Yes,Forest,Lower
2008-09-20,17.0,MP,Setophaga,magnolia,Parulidae,1224,yes,forest,Upper
2008-09-20,17.0,CHI,Oreothlypis,ruficapilla,Parulidae,1690,Yes,Forest,Upper
2008-09-20,17.0,CHI,Setophaga,striata,Parulidae,787,Yes,Forest,Upper
2008-09-20,17.0,CHI,Setophaga,striata,Parulidae,787,Yes,Forest,Upper
2008-09-20,17.0,CHI,Zonotrichia,albicollis,Passerellidae,10133,Yes,Forest,Lower
2008-09-20,17.0,CHI,Zonotrichia,albicollis,Passerellidae,10133,Yes,Forest,Lower
2008-09-20,17.0,CHI,Melospiza,melodia,Passerellidae,5124,Yes,Edge,Lower
2008-09-20,17.0,CHI,Parkesia,noveboracensis,Parulidae,916,Yes,Forest,Lower
2008-09-20,17.0,CHI,Melospiza,melodia,Passerellidae,5124,Yes,Edge,Lower
2008-09-20,17.0,CHI,Catharus,minimus,Turdidae,822,Yes,Forest,Lower
2008-09-20,17.0,CHI,Melospiza,lincolnii,Passerellidae,2029,yes,edge,Lower
2008-09-20,17.0,CHI,Oreothlypis,peregrina,Parulidae,2515,Yes,Edge,Upper
2008-09-20,17.0,CHI,Setophaga,castanea,Parulidae,287,Yes,Forest,Upper
2008-09-20,17.0,CHI,Seiurus,aurocapilla,Parulidae,4580,Yes,Forest,Lower
2008-09-20,17.0,CHI,Seiurus,aurocapilla,Parulidae,4580,Yes,Forest,Lower
2008-09-20,17.0,CHI,catharus,ustulatus,Turdidae,2331,Yes,Forest,Lower
2008-09-20,17.0,MP,Melospiza,lincolnii,Passerellidae,2029,yes,edge,Lower
2008-09-21,17.0,CHI,catharus,ustulatus,Turdidae,2331,Yes,Forest,Lower
2008-09-21,17.0,CHI,Pheucticus,ludovicianus,Cardinalidae,397,Yes,Forest,Upper
2008-09-21,17.0,CHI,Toxostoma,rufum,Mimidae,166,No,Edge,Lower
2008-09-21,17.0,CHI,Setophaga,virens,Parulidae,223,Yes,Forest,Upper
2008-09-21,17.0,CHI,Parkesia,noveboracensis,Parulidae,916,Yes,Forest,Lower
2008-09-21,17.0,CHI,catharus,ustulatus,Turdidae,2331,Yes,Forest,Lower
2008-09-21,17.0,CHI,catharus,ustulatus,Turdidae,2331,Yes,Forest,Lower
2008-09-21,17.0,CHI,catharus,ustulatus,Turdidae,2331,Yes,Forest,Lower
2008-09-21,17.0,CHI,catharus,ustulatus,Turdidae,2331,Yes,Forest,Lower
2008-09-21,17.0,CHI,catharus,ustulatus,Turdidae,2331,Yes,Forest,Lower
2008-09-21,17.0,CHI,Oreothlypis,ruficapilla,Parulidae,1690,Yes,Forest,Upper
2008-09-21,17.0,CHI,catharus,ustulatus,Turdidae,2331,Yes,Forest,Lower
2008-09-21,17.0,CHI,Geothlypis,trichas,Parulidae,1555,Yes,Open,Lower
2008-09-21,17.0,CHI,setophaga,ruticilla,Parulidae,868,Yes,Edge,Upper
2008-09-21,17.0,CHI,Empidonax,minimus,Tyrannidae,96,No,Edge,Upper
2008-09-21,17.0,CHI,catharus,ustulatus,Turdidae,2331,Yes,Forest,Lower
2008-09-21,17.0,CHI,Catharus,minimus,Turdidae,822,Yes,Forest,Lower
2008-09-21,17.0,CHI,Catharus,minimus,Turdidae,822,Yes,Forest,Lower
2008-09-21,17.0,CHI,Oreothlypis,ruficapilla,Parulidae,1690,Yes,Forest,Upper
2008-09-21,17.0,CHI,Catharus,minimus,Turdidae,822,Yes,Forest,Lower
2008-09-21,17.0,MP,Parkesia,noveboracensis,Parulidae,916,Yes,Forest,Lower
2008-09-21,17.0,CHI,Catharus,minimus,Turdidae,822,Yes,Forest,Lower
2008-09-21,17.0,CHI,Setophaga,tigrina,Parulidae,182,Yes,Forest,Upper
2008-09-21,17.0,CHI,Oreothlypis,ruficapilla,Parulidae,1690,Yes,Forest,Upper
2008-09-21,17.0,CHI,Catharus,minimus,Turdidae,822,Yes,Forest,Lower
2008-09-21,17.0,CHI,catharus,ustulatus,Turdidae,2331,Yes,Forest,Lower
2008-09-21,17.0,CHI,Catharus,minimus,Turdidae,822,Yes,Forest,Lower
2008-09-21,17.0,CHI,Zonotrichia,albicollis,Passerellidae,10133,Yes,Forest,Lower
2008-09-21,17.0,CHI,Oreothlypis,ruficapilla,Parulidae,1690,Yes,Forest,Upper
2008-09-21,17.0,MP,Passerculus,sandwichensis,Passerellidae,274,yes,open,Lower	
2008-09-21,17.0,CHI,Melospiza,lincolnii,Passerellidae,2029,yes,edge,Lower
2008-09-21,17.0,CHI,Catharus,guttatus,Turdidae,3729,Yes,Forest,Lower
2008-09-21,17.0,CHI,Setophaga,magnolia,Parulidae,1224,yes,forest,Upper
2008-09-21,17.0,CHI,Melospiza,lincolnii,Passerellidae,2029,yes,edge,Lower
2008-09-21,17.0,CHI,Mniotilta,varia,Parulidae,620,Yes,Forest,Upper
2008-09-21,17.0,CHI,Mniotilta,varia,Parulidae,620,Yes,Forest,Upper
2008-09-21,17.0,CHI,Seiurus,aurocapilla,Parulidae,4580,Yes,Forest,Lower
2008-09-21,17.0,CHI,Setophaga,magnolia,Parulidae,1224,yes,forest,Upper
2008-09-21,17.0,CHI,Vireo,olivaceus,Vireonidae,133,No,Forest,Upper
2008-09-21,17.0,CHI,Seiurus,aurocapilla,Parulidae,4580,Yes,Forest,Lower
2008-09-21,17.0,CHI,Seiurus,aurocapilla,Parulidae,4580,Yes,Forest,Lower
2008-09-21,17.0,CHI,Setophaga,striata,Parulidae,787,Yes,Forest,Upper
2008-09-21,17.0,CHI,Oporornis,agilis,Parulidae,365,Yes,Forest,Lower
2008-09-21,17.0,CHI,Seiurus,aurocapilla,Parulidae,4580,Yes,Forest,Lower
2008-09-21,17.0,CHI,Seiurus,aurocapilla,Parulidae,4580,Yes,Forest,Lower
2008-09-21,17.0,CHI,Pheucticus,ludovicianus,Cardinalidae,397,Yes,Forest,Upper
2008-09-21,17.0,CHI,Seiurus,aurocapilla,Parulidae,4580,Yes,Forest,Lower
2008-09-21,17.0,CHI,Setophaga,striata,Parulidae,787,Yes,Forest,Upper
2008-09-21,17.0,CHI,Seiurus,aurocapilla,Parulidae,4580,Yes,Forest,Lower
2008-09-21,17.0,CHI,Setophaga,striata,Parulidae,787,Yes,Forest,Upper
2008-09-21,17.0,CHI,Seiurus,aurocapilla,Parulidae,4580,Yes,Forest,Lower
2008-09-21,17.0,CHI,Seiurus,aurocapilla,Parulidae,4580,Yes,Forest,Lower
2008-09-21,17.0,CHI,Oreothlypis,peregrina,Parulidae,2515,Yes,Edge,Upper
2008-09-21,17.0,CHI,Seiurus,aurocapilla,Parulidae,4580,Yes,Forest,Lower
2008-09-21,17.0,CHI,Oreothlypis,peregrina,Parulidae,2515,Yes,Edge,Upper
2008-09-21,17.0,CHI,troglodytes,hiemalis,Troglodytidae,474,No,Forest,Lower
2008-09-21,17.0,CHI,Melospiza,lincolnii,Passerellidae,2029,yes,edge,Lower
2008-09-21,17.0,CHI,Melospiza,lincolnii,Passerellidae,2029,yes,edge,Lower
2008-09-21,17.0,CHI,Melospiza,lincolnii,Passerellidae,2029,yes,edge,Lower
2008-09-21,17.0,CHI,Melospiza,lincolnii,Passerellidae,2029,yes,edge,Lower
2008-09-21,17.0,CHI,Oreothlypis,ruficapilla,Parulidae,1690,Yes,Forest,Upper
2008-09-21,17.0,CHI,Setophaga,magnolia,Parulidae,1224,yes,forest,Upper
2008-09-21,17.0,CHI,Setophaga,magnolia,Parulidae,1224,yes,forest,Upper
2008-09-21,17.0,MP,Zonotrichia,albicollis,Passerellidae,10133,Yes,Forest,Lower
2008-09-21,17.0,MP,Melospiza,lincolnii,Passerellidae,2029,yes,edge,Lower
2008-09-21,17.0,CHI,Zonotrichia,albicollis,Passerellidae,10133,Yes,Forest,Lower
2008-09-21,17.0,CHI,Zonotrichia,albicollis,Passerellidae,10133,Yes,Forest,Lower
2008-09-21,17.0,CHI,Zonotrichia,albicollis,Passerellidae,10133,Yes,Forest,Lower
2008-09-21,17.0,CHI,Melospiza,lincolnii,Passerellidae,2029,yes,edge,Lower
2008-09-21,17.0,CHI,Setophaga,magnolia,Parulidae,1224,yes,forest,Upper
2008-09-21,17.0,CHI,Zonotrichia,albicollis,Passerellidae,10133,Yes,Forest,Lower
2008-09-21,17.0,CHI,Zonotrichia,albicollis,Passerellidae,10133,Yes,Forest,Lower
2008-09-21,17.0,CHI,Zonotrichia,albicollis,Passerellidae,10133,Yes,Forest,Lower
2008-09-21,17.0,CHI,Zonotrichia,albicollis,Passerellidae,10133,Yes,Forest,Lower
2008-09-21,17.0,CHI,troglodytes,hiemalis,Troglodytidae,474,No,Forest,Lower
2008-09-21,17.0,CHI,Oreothlypis,ruficapilla,Parulidae,1690,Yes,Forest,Upper
2008-09-21,17.0,CHI,Zonotrichia,albicollis,Passerellidae,10133,Yes,Forest,Lower
2008-09-21,17.0,CHI,Melospiza,lincolnii,Passerellidae,2029,yes,edge,Lower
2008-09-21,17.0,CHI,Melospiza,lincolnii,Passerellidae,2029,yes,edge,Lower
2008-09-21,17.0,CHI,Melospiza,lincolnii,Passerellidae,2029,yes,edge,Lower
2008-09-21,17.0,CHI,Melospiza,lincolnii,Passerellidae,2029,yes,edge,Lower
2008-09-21,17.0,CHI,Melospiza,lincolnii,Passerellidae,2029,yes,edge,Lower
2008-09-21,17.0,CHI,Melospiza,lincolnii,Passerellidae,2029,yes,edge,Lower
2008-09-21,17.0,CHI,Zonotrichia,albicollis,Passerellidae,10133,Yes,Forest,Lower
2008-09-22,17.0,CHI,Parkesia,noveboracensis,Parulidae,916,Yes,Forest,Lower
2008-09-22,17.0,CHI,Oreothlypis,ruficapilla,Parulidae,1690,Yes,Forest,Upper
2008-09-22,17.0,MP,Passerculus,sandwichensis,Passerellidae,274,yes,open,Lower	
2008-09-22,17.0,CHI,Oreothlypis,ruficapilla,Parulidae,1690,Yes,Forest,Upper
2008-09-22,17.0,CHI,Oreothlypis,ruficapilla,Parulidae,1690,Yes,Forest,Upper
2008-09-22,17.0,CHI,Oreothlypis,ruficapilla,Parulidae,1690,Yes,Forest,Upper
2008-09-22,17.0,MP,Melospiza,lincolnii,Passerellidae,2029,yes,edge,Lower
2008-09-22,17.0,CHI,geothlypis,philadelphia,Parulidae,430,Yes,Edge,Lower
2008-09-22,17.0,CHI,Oreothlypis,ruficapilla,Parulidae,1690,Yes,Forest,Upper
2008-09-22,17.0,CHI,Setophaga,magnolia,Parulidae,1224,yes,forest,Upper
2008-09-22,17.0,MP,Passerculus,sandwichensis,Passerellidae,274,yes,open,Lower	
2008-09-22,17.0,CHI,Melospiza,lincolnii,Passerellidae,2029,yes,edge,Lower
2008-09-22,17.0,CHI,dumetella,carolinensis,Mimidae,599,no,edge,Lower
2008-09-22,17.0,CHI,Melospiza,lincolnii,Passerellidae,2029,yes,edge,Lower
2008-09-22,17.0,MP,geothlypis,philadelphia,Parulidae,430,Yes,Edge,Lower
2008-09-22,17.0,MP,Melospiza,lincolnii,Passerellidae,2029,yes,edge,Lower
2008-09-22,17.0,CHI,Oreothlypis,ruficapilla,Parulidae,1690,Yes,Forest,Upper
2008-09-22,17.0,CHI,Melospiza,lincolnii,Passerellidae,2029,yes,edge,Lower
2008-09-22,17.0,CHI,Catharus,minimus,Turdidae,822,Yes,Forest,Lower
2008-09-22,17.0,CHI,Melospiza,lincolnii,Passerellidae,2029,yes,edge,Lower
2008-09-22,17.0,CHI,Oreothlypis,peregrina,Parulidae,2515,Yes,Edge,Upper
2008-09-22,17.0,CHI,catharus,ustulatus,Turdidae,2331,Yes,Forest,Lower
2008-09-22,17.0,CHI,Zonotrichia,albicollis,Passerellidae,10133,Yes,Forest,Lower
2008-09-22,17.0,CHI,Zonotrichia,albicollis,Passerellidae,10133,Yes,Forest,Lower
2008-09-22,17.0,CHI,Seiurus,aurocapilla,Parulidae,4580,Yes,Forest,Lower
2008-09-22,17.0,CHI,Zonotrichia,albicollis,Passerellidae,10133,Yes,Forest,Lower
2008-09-22,17.0,CHI,Setophaga,striata,Parulidae,787,Yes,Forest,Upper
2008-09-22,17.0,CHI,Toxostoma,rufum,Mimidae,166,No,Edge,Lower
2008-09-22,17.0,CHI,Geothlypis,trichas,Parulidae,1555,Yes,Open,Lower
2008-09-23,17.0,CHI,Oreothlypis,ruficapilla,Parulidae,1690,Yes,Forest,Upper
2008-09-23,17.0,CHI,Oreothlypis,ruficapilla,Parulidae,1690,Yes,Forest,Upper
2008-09-23,17.0,CHI,Oreothlypis,ruficapilla,Parulidae,1690,Yes,Forest,Upper
2008-09-23,17.0,CHI,Oreothlypis,ruficapilla,Parulidae,1690,Yes,Forest,Upper
2008-09-23,17.0,MP,Oreothlypis,ruficapilla,Parulidae,1690,Yes,Forest,Upper
2008-09-23,17.0,CHI,Zonotrichia,leucophrys,Passerellidae,1090,Yes,Edge,Lower
2008-09-23,17.0,MP,Melospiza,lincolnii,Passerellidae,2029,yes,edge,Lower
2008-09-24,17.0,CHI,Parkesia,noveboracensis,Parulidae,916,Yes,Forest,Lower
2008-09-24,17.0,MP,Catharus,minimus,Turdidae,822,Yes,Forest,Lower
2008-09-24,17.0,MP,Oreothlypis,ruficapilla,Parulidae,1690,Yes,Forest,Upper
2008-09-24,17.0,MP,Melospiza,lincolnii,Passerellidae,2029,yes,edge,Lower
2008-09-24,17.0,CHI,Oreothlypis,ruficapilla,Parulidae,1690,Yes,Forest,Upper
2008-09-24,17.0,MP,Setophaga,virens,Parulidae,223,Yes,Forest,Upper
2008-09-24,17.0,MP,Setophaga,virens,Parulidae,223,Yes,Forest,Upper
2008-09-24,17.0,CHI,Parkesia,noveboracensis,Parulidae,916,Yes,Forest,Lower
2008-09-24,17.0,CHI,Melospiza,lincolnii,Passerellidae,2029,yes,edge,Lower
2008-09-24,17.0,CHI,Melospiza,lincolnii,Passerellidae,2029,yes,edge,Lower
2008-09-24,17.0,CHI,Seiurus,aurocapilla,Parulidae,4580,Yes,Forest,Lower
2008-09-24,17.0,CHI,Oreothlypis,peregrina,Parulidae,2515,Yes,Edge,Upper
2008-09-24,17.0,MP,Melospiza,lincolnii,Passerellidae,2029,yes,edge,Lower
2008-09-24,17.0,CHI,Setophaga,castanea,Parulidae,287,Yes,Forest,Upper
2008-09-24,17.0,CHI,Zonotrichia,albicollis,Passerellidae,10133,Yes,Forest,Lower
2008-09-24,17.0,MP,Melospiza,lincolnii,Passerellidae,2029,yes,edge,Lower
2008-09-25,17.0,CHI,Setophaga,caerulescens,Parulidae,183,Yes,Forest,Upper
2008-09-25,17.0,CHI,Setophaga,caerulescens,Parulidae,183,Yes,Forest,Upper
2008-09-25,17.0,CHI,Setophaga,caerulescens,Parulidae,183,Yes,Forest,Upper
2008-09-25,17.0,CHI,Setophaga,palmarum,Parulidae,694,Yes,Edge,Lower
2008-09-25,17.0,CHI,Setophaga,palmarum,Parulidae,694,Yes,Edge,Lower
2008-09-25,17.0,CHI,Setophaga,palmarum,Parulidae,694,Yes,Edge,Lower
2008-09-25,17.0,CHI,Setophaga,palmarum,Parulidae,694,Yes,Edge,Lower
2008-09-25,17.0,CHI,Setophaga,caerulescens,Parulidae,183,Yes,Forest,Upper
2008-09-25,17.0,CHI,Setophaga,caerulescens,Parulidae,183,Yes,Forest,Upper
2008-09-25,17.0,CHI,Setophaga,virens,Parulidae,223,Yes,Forest,Upper
2008-09-25,17.0,CHI,Setophaga,caerulescens,Parulidae,183,Yes,Forest,Upper
2008-09-25,17.0,CHI,Setophaga,striata,Parulidae,787,Yes,Forest,Upper
2008-09-25,17.0,CHI,Setophaga,magnolia,Parulidae,1224,yes,forest,Upper
2008-09-25,17.0,CHI,Setophaga,striata,Parulidae,787,Yes,Forest,Upper
2008-09-25,17.0,CHI,Setophaga,magnolia,Parulidae,1224,yes,forest,Upper
2008-09-25,17.0,CHI,Setophaga,magnolia,Parulidae,1224,yes,forest,Upper
2008-09-25,17.0,CHI,Setophaga,magnolia,Parulidae,1224,yes,forest,Upper
2008-09-25,17.0,CHI,Setophaga,magnolia,Parulidae,1224,yes,forest,Upper
2008-09-25,17.0,CHI,Setophaga,striata,Parulidae,787,Yes,Forest,Upper
2008-09-25,17.0,CHI,Parkesia,noveboracensis,Parulidae,916,Yes,Forest,Lower
2008-09-25,17.0,CHI,Parkesia,noveboracensis,Parulidae,916,Yes,Forest,Lower
2008-09-25,17.0,MP,Parkesia,noveboracensis,Parulidae,916,Yes,Forest,Lower
2008-09-25,17.0,CHI,Regulus,satrapa,Regulidae,1029,Yes,Forest,Upper
2008-09-25,17.0,CHI,Regulus,satrapa,Regulidae,1029,Yes,Forest,Upper
2008-09-25,17.0,CHI,Oreothlypis,ruficapilla,Parulidae,1690,Yes,Forest,Upper
2008-09-25,17.0,CHI,Setophaga,tigrina,Parulidae,182,Yes,Forest,Upper
2008-09-25,17.0,CHI,Setophaga,tigrina,Parulidae,182,Yes,Forest,Upper
2008-09-25,17.0,CHI,Oreothlypis,peregrina,Parulidae,2515,Yes,Edge,Upper
2008-09-25,17.0,CHI,Oreothlypis,peregrina,Parulidae,2515,Yes,Edge,Upper
2008-09-25,17.0,CHI,Oreothlypis,peregrina,Parulidae,2515,Yes,Edge,Upper
2008-09-25,17.0,CHI,Piranga,olivacea,Cardinalidae,127,Yes,Forest,Upper
2008-09-25,17.0,CHI,Setophaga,striata,Parulidae,787,Yes,Forest,Upper
2008-09-25,17.0,CHI,Setophaga,striata,Parulidae,787,Yes,Forest,Upper
2008-09-25,17.0,CHI,Setophaga,striata,Parulidae,787,Yes,Forest,Upper
2008-09-25,17.0,CHI,Setophaga,magnolia,Parulidae,1224,yes,forest,Upper
2008-09-25,17.0,CHI,Setophaga,palmarum,Parulidae,694,Yes,Edge,Lower
2008-09-25,17.0,CHI,Setophaga,magnolia,Parulidae,1224,yes,forest,Upper
2008-09-25,17.0,CHI,Setophaga,magnolia,Parulidae,1224,yes,forest,Upper
2008-09-25,17.0,CHI,Geothlypis,trichas,Parulidae,1555,Yes,Open,Lower
2008-09-25,17.0,CHI,Geothlypis,trichas,Parulidae,1555,Yes,Open,Lower
2008-09-25,17.0,CHI,Geothlypis,trichas,Parulidae,1555,Yes,Open,Lower
2008-09-25,17.0,CHI,Geothlypis,trichas,Parulidae,1555,Yes,Open,Lower
2008-09-25,17.0,CHI,Geothlypis,trichas,Parulidae,1555,Yes,Open,Lower
2008-09-25,17.0,CHI,Geothlypis,trichas,Parulidae,1555,Yes,Open,Lower
2008-09-25,17.0,CHI,Geothlypis,trichas,Parulidae,1555,Yes,Open,Lower
2008-09-25,17.0,CHI,Oreothlypis,ruficapilla,Parulidae,1690,Yes,Forest,Upper
2008-09-25,17.0,CHI,Geothlypis,trichas,Parulidae,1555,Yes,Open,Lower
2008-09-25,17.0,CHI,Geothlypis,trichas,Parulidae,1555,Yes,Open,Lower
2008-09-25,17.0,CHI,Setophaga,magnolia,Parulidae,1224,yes,forest,Upper
2008-09-25,17.0,CHI,Setophaga,magnolia,Parulidae,1224,yes,forest,Upper
2008-09-25,17.0,CHI,Setophaga,magnolia,Parulidae,1224,yes,forest,Upper
2008-09-25,17.0,CHI,Setophaga,palmarum,Parulidae,694,Yes,Edge,Lower
2008-09-25,17.0,CHI,Setophaga,magnolia,Parulidae,1224,yes,forest,Upper
2008-09-25,17.0,CHI,Setophaga,magnolia,Parulidae,1224,yes,forest,Upper
2008-09-25,17.0,CHI,Setophaga,palmarum,Parulidae,694,Yes,Edge,Lower
2008-09-25,17.0,CHI,Setophaga,magnolia,Parulidae,1224,yes,forest,Upper
2008-09-25,17.0,CHI,Setophaga,magnolia,Parulidae,1224,yes,forest,Upper
2008-09-25,17.0,CHI,Setophaga,magnolia,Parulidae,1224,yes,forest,Upper
2008-09-25,17.0,CHI,Setophaga,magnolia,Parulidae,1224,yes,forest,Upper
2008-09-25,17.0,CHI,Setophaga,palmarum,Parulidae,694,Yes,Edge,Lower
2008-09-25,17.0,CHI,Setophaga,palmarum,Parulidae,694,Yes,Edge,Lower
2008-09-25,17.0,CHI,Catharus,guttatus,Turdidae,3729,Yes,Forest,Lower
2008-09-25,17.0,CHI,Zonotrichia,albicollis,Passerellidae,10133,Yes,Forest,Lower
2008-09-25,17.0,CHI,Mniotilta,varia,Parulidae,620,Yes,Forest,Upper
2008-09-25,17.0,CHI,Mniotilta,varia,Parulidae,620,Yes,Forest,Upper
2008-09-25,17.0,CHI,setophaga,ruticilla,Parulidae,868,Yes,Edge,Upper
2008-09-25,17.0,CHI,Zonotrichia,albicollis,Passerellidae,10133,Yes,Forest,Lower
2008-09-25,17.0,CHI,Seiurus,aurocapilla,Parulidae,4580,Yes,Forest,Lower
2008-09-25,17.0,CHI,Mniotilta,varia,Parulidae,620,Yes,Forest,Upper
2008-09-25,17.0,CHI,Mniotilta,varia,Parulidae,620,Yes,Forest,Upper
2008-09-25,17.0,CHI,Zonotrichia,albicollis,Passerellidae,10133,Yes,Forest,Lower
2008-09-25,17.0,CHI,Zonotrichia,albicollis,Passerellidae,10133,Yes,Forest,Lower
2008-09-25,17.0,CHI,Zonotrichia,albicollis,Passerellidae,10133,Yes,Forest,Lower
2008-09-25,17.0,CHI,Zonotrichia,albicollis,Passerellidae,10133,Yes,Forest,Lower
2008-09-25,17.0,CHI,Seiurus,aurocapilla,Parulidae,4580,Yes,Forest,Lower
2008-09-25,17.0,CHI,Zonotrichia,albicollis,Passerellidae,10133,Yes,Forest,Lower
2008-09-25,17.0,CHI,Zonotrichia,albicollis,Passerellidae,10133,Yes,Forest,Lower
2008-09-25,17.0,CHI,Zonotrichia,albicollis,Passerellidae,10133,Yes,Forest,Lower
2008-09-25,17.0,CHI,troglodytes,hiemalis,Troglodytidae,474,No,Forest,Lower
2008-09-25,17.0,CHI,Zonotrichia,albicollis,Passerellidae,10133,Yes,Forest,Lower
2008-09-25,17.0,CHI,Zonotrichia,albicollis,Passerellidae,10133,Yes,Forest,Lower
2008-09-25,17.0,CHI,Zonotrichia,albicollis,Passerellidae,10133,Yes,Forest,Lower
2008-09-25,17.0,CHI,setophaga,ruticilla,Parulidae,868,Yes,Edge,Upper
2008-09-25,17.0,CHI,troglodytes,hiemalis,Troglodytidae,474,No,Forest,Lower
2008-09-25,17.0,CHI,Zonotrichia,albicollis,Passerellidae,10133,Yes,Forest,Lower
2008-09-25,17.0,CHI,Mniotilta,varia,Parulidae,620,Yes,Forest,Upper
2008-09-25,17.0,CHI,Zonotrichia,albicollis,Passerellidae,10133,Yes,Forest,Lower
2008-09-25,17.0,CHI,Zonotrichia,albicollis,Passerellidae,10133,Yes,Forest,Lower
2008-09-25,17.0,CHI,Seiurus,aurocapilla,Parulidae,4580,Yes,Forest,Lower
2008-09-25,17.0,CHI,Zonotrichia,albicollis,Passerellidae,10133,Yes,Forest,Lower
2008-09-25,17.0,MP,Zonotrichia,albicollis,Passerellidae,10133,Yes,Forest,Lower
2008-09-25,17.0,CHI,Oporornis,agilis,Parulidae,365,Yes,Forest,Lower
2008-09-25,17.0,CHI,Zonotrichia,albicollis,Passerellidae,10133,Yes,Forest,Lower
2008-09-25,17.0,CHI,Zonotrichia,albicollis,Passerellidae,10133,Yes,Forest,Lower
2008-09-25,17.0,MP,Zonotrichia,albicollis,Passerellidae,10133,Yes,Forest,Lower
2008-09-25,17.0,MP,Zonotrichia,albicollis,Passerellidae,10133,Yes,Forest,Lower
2008-09-25,17.0,CHI,Zonotrichia,albicollis,Passerellidae,10133,Yes,Forest,Lower
2008-09-25,17.0,CHI,Zonotrichia,albicollis,Passerellidae,10133,Yes,Forest,Lower
2008-09-25,17.0,CHI,Mniotilta,varia,Parulidae,620,Yes,Forest,Upper
2008-09-25,17.0,CHI,geothlypis,philadelphia,Parulidae,430,Yes,Edge,Lower
2008-09-25,17.0,CHI,Zonotrichia,albicollis,Passerellidae,10133,Yes,Forest,Lower
2008-09-25,17.0,MP,Zonotrichia,albicollis,Passerellidae,10133,Yes,Forest,Lower
2008-09-25,17.0,CHI,Zonotrichia,albicollis,Passerellidae,10133,Yes,Forest,Lower
2008-09-25,17.0,CHI,Seiurus,aurocapilla,Parulidae,4580,Yes,Forest,Lower
2008-09-25,17.0,CHI,Zonotrichia,albicollis,Passerellidae,10133,Yes,Forest,Lower
2008-09-25,17.0,CHI,cistothorus,palustris,Troglodytidae,91,No,Open,Lower
2008-09-25,17.0,CHI,Zonotrichia,albicollis,Passerellidae,10133,Yes,Forest,Lower
2008-09-25,17.0,CHI,Mniotilta,varia,Parulidae,620,Yes,Forest,Upper
2008-09-25,17.0,CHI,Zonotrichia,albicollis,Passerellidae,10133,Yes,Forest,Lower
2008-09-25,17.0,CHI,Zonotrichia,albicollis,Passerellidae,10133,Yes,Forest,Lower
2008-09-25,17.0,CHI,Zonotrichia,albicollis,Passerellidae,10133,Yes,Forest,Lower
2008-09-25,17.0,CHI,Setophaga,pinus,Parulidae,49,Yes,Forest,Upper
2008-09-25,17.0,CHI,setophaga,ruticilla,Parulidae,868,Yes,Edge,Upper
2008-09-25,17.0,CHI,Seiurus,aurocapilla,Parulidae,4580,Yes,Forest,Lower
2008-09-25,17.0,CHI,setophaga,ruticilla,Parulidae,868,Yes,Edge,Upper
2008-09-25,17.0,CHI,Seiurus,aurocapilla,Parulidae,4580,Yes,Forest,Lower
2008-09-25,17.0,CHI,setophaga,ruticilla,Parulidae,868,Yes,Edge,Upper
2008-09-25,17.0,CHI,Setophaga,palmarum,Parulidae,694,Yes,Edge,Lower
2008-09-25,17.0,CHI,Seiurus,aurocapilla,Parulidae,4580,Yes,Forest,Lower
2008-09-25,17.0,CHI,setophaga,ruticilla,Parulidae,868,Yes,Edge,Upper
2008-09-25,17.0,CHI,Setophaga,pensylvanica,Parulidae,303,Yes,Edge,Upper
2008-09-25,17.0,CHI,setophaga,ruticilla,Parulidae,868,Yes,Edge,Upper
2008-09-25,17.0,CHI,Junco,hyemalis,Passerellidae,6303,Yes,Edge,Lower
2008-09-25,17.0,CHI,Junco,hyemalis,Passerellidae,6303,Yes,Edge,Lower
2008-09-25,17.0,CHI,setophaga,ruticilla,Parulidae,868,Yes,Edge,Upper
2008-09-25,17.0,CHI,setophaga,ruticilla,Parulidae,868,Yes,Edge,Upper
2008-09-25,17.0,MP,Melospiza,lincolnii,Passerellidae,2029,yes,edge,Lower
2008-09-25,17.0,MP,Zonotrichia,albicollis,Passerellidae,10133,Yes,Forest,Lower
2008-09-25,17.0,CHI,Seiurus,aurocapilla,Parulidae,4580,Yes,Forest,Lower
2008-09-25,17.0,CHI,Catharus,guttatus,Turdidae,3729,Yes,Forest,Lower
2008-09-25,17.0,CHI,Seiurus,aurocapilla,Parulidae,4580,Yes,Forest,Lower
2008-09-25,17.0,CHI,troglodytes,hiemalis,Troglodytidae,474,No,Forest,Lower
2008-09-25,17.0,CHI,Zonotrichia,albicollis,Passerellidae,10133,Yes,Forest,Lower
2008-09-25,17.0,CHI,Seiurus,aurocapilla,Parulidae,4580,Yes,Forest,Lower
2008-09-25,17.0,CHI,Seiurus,aurocapilla,Parulidae,4580,Yes,Forest,Lower
2008-09-25,17.0,CHI,Seiurus,aurocapilla,Parulidae,4580,Yes,Forest,Lower
2008-09-25,17.0,CHI,Seiurus,aurocapilla,Parulidae,4580,Yes,Forest,Lower
2008-09-25,17.0,CHI,setophaga,ruticilla,Parulidae,868,Yes,Edge,Upper
2008-09-25,17.0,CHI,Mniotilta,varia,Parulidae,620,Yes,Forest,Upper
2008-09-25,17.0,CHI,setophaga,ruticilla,Parulidae,868,Yes,Edge,Upper
2008-09-25,17.0,CHI,setophaga,ruticilla,Parulidae,868,Yes,Edge,Upper
2008-09-25,17.0,CHI,Mniotilta,varia,Parulidae,620,Yes,Forest,Upper
2008-09-25,17.0,MP,setophaga,ruticilla,Parulidae,868,Yes,Edge,Upper
2008-09-25,17.0,CHI,Mniotilta,varia,Parulidae,620,Yes,Forest,Upper
2008-09-25,17.0,CHI,Mniotilta,varia,Parulidae,620,Yes,Forest,Upper
2008-09-25,17.0,CHI,Seiurus,aurocapilla,Parulidae,4580,Yes,Forest,Lower
2008-09-25,17.0,CHI,Mniotilta,varia,Parulidae,620,Yes,Forest,Upper
2008-09-25,17.0,CHI,Seiurus,aurocapilla,Parulidae,4580,Yes,Forest,Lower
2008-09-25,17.0,CHI,Mniotilta,varia,Parulidae,620,Yes,Forest,Upper
2008-09-25,17.0,CHI,setophaga,ruticilla,Parulidae,868,Yes,Edge,Upper
2008-09-25,17.0,CHI,setophaga,ruticilla,Parulidae,868,Yes,Edge,Upper
2008-09-25,17.0,CHI,setophaga,ruticilla,Parulidae,868,Yes,Edge,Upper
2008-09-25,17.0,CHI,Setophaga,americana,Parulidae,59,Yes,Forest,Upper
2008-09-25,17.0,CHI,Seiurus,aurocapilla,Parulidae,4580,Yes,Forest,Lower
2008-09-25,17.0,CHI,setophaga,ruticilla,Parulidae,868,Yes,Edge,Upper
2008-09-25,17.0,CHI,Seiurus,aurocapilla,Parulidae,4580,Yes,Forest,Lower
2008-09-25,17.0,CHI,Seiurus,aurocapilla,Parulidae,4580,Yes,Forest,Lower
2008-09-25,17.0,CHI,Seiurus,aurocapilla,Parulidae,4580,Yes,Forest,Lower
2008-09-25,17.0,CHI,Seiurus,aurocapilla,Parulidae,4580,Yes,Forest,Lower
2008-09-25,17.0,CHI,Seiurus,aurocapilla,Parulidae,4580,Yes,Forest,Lower
2008-09-25,17.0,CHI,catharus,ustulatus,Turdidae,2331,Yes,Forest,Lower
2008-09-25,17.0,CHI,Zonotrichia,albicollis,Passerellidae,10133,Yes,Forest,Lower
2008-09-25,17.0,CHI,catharus,ustulatus,Turdidae,2331,Yes,Forest,Lower
2008-09-25,17.0,CHI,Zonotrichia,albicollis,Passerellidae,10133,Yes,Forest,Lower
2008-09-26,15.0,CHI,Oreothlypis,ruficapilla,Parulidae,1690,Yes,Forest,Upper
2008-09-26,15.0,CHI,Oreothlypis,ruficapilla,Parulidae,1690,Yes,Forest,Upper
2008-09-26,15.0,MP,Zonotrichia,albicollis,Passerellidae,10133,Yes,Forest,Lower
2008-09-26,15.0,MP,Melospiza,lincolnii,Passerellidae,2029,yes,edge,Lower
2008-09-26,15.0,CHI,Geothlypis,trichas,Parulidae,1555,Yes,Open,Lower
2008-09-26,15.0,CHI,Geothlypis,trichas,Parulidae,1555,Yes,Open,Lower
2008-09-26,15.0,CHI,Geothlypis,trichas,Parulidae,1555,Yes,Open,Lower
2008-09-26,15.0,CHI,Geothlypis,trichas,Parulidae,1555,Yes,Open,Lower
2008-09-26,15.0,CHI,Zonotrichia,albicollis,Passerellidae,10133,Yes,Forest,Lower
2008-09-26,15.0,CHI,Zonotrichia,albicollis,Passerellidae,10133,Yes,Forest,Lower
2008-09-26,15.0,CHI,Oporornis,agilis,Parulidae,365,Yes,Forest,Lower
2008-09-26,15.0,CHI,Zonotrichia,albicollis,Passerellidae,10133,Yes,Forest,Lower
2008-09-26,15.0,MP,Zonotrichia,albicollis,Passerellidae,10133,Yes,Forest,Lower
2008-09-26,15.0,CHI,Zonotrichia,albicollis,Passerellidae,10133,Yes,Forest,Lower
2008-09-26,15.0,CHI,Zonotrichia,albicollis,Passerellidae,10133,Yes,Forest,Lower
2008-09-26,15.0,MP,Zonotrichia,albicollis,Passerellidae,10133,Yes,Forest,Lower
2008-09-26,15.0,CHI,Zonotrichia,albicollis,Passerellidae,10133,Yes,Forest,Lower
2008-09-26,15.0,CHI,Zonotrichia,albicollis,Passerellidae,10133,Yes,Forest,Lower
2008-09-26,15.0,CHI,Zonotrichia,albicollis,Passerellidae,10133,Yes,Forest,Lower
2008-09-26,15.0,CHI,Setophaga,striata,Parulidae,787,Yes,Forest,Upper
2008-09-26,15.0,MP,Setophaga,striata,Parulidae,787,Yes,Forest,Upper
2008-09-26,15.0,MP,Melospiza,lincolnii,Passerellidae,2029,yes,edge,Lower
2008-09-26,15.0,MP,Oreothlypis,ruficapilla,Parulidae,1690,Yes,Forest,Upper
2008-09-26,15.0,MP,Geothlypis,trichas,Parulidae,1555,Yes,Open,Lower
2008-09-26,15.0,CHI,Setophaga,palmarum,Parulidae,694,Yes,Edge,Lower
2008-09-26,15.0,CHI,Melospiza,lincolnii,Passerellidae,2029,yes,edge,Lower
2008-09-26,15.0,CHI,Seiurus,aurocapilla,Parulidae,4580,Yes,Forest,Lower
2008-09-26,15.0,CHI,Setophaga,magnolia,Parulidae,1224,yes,forest,Upper
2008-09-26,15.0,CHI,Seiurus,aurocapilla,Parulidae,4580,Yes,Forest,Lower
2008-09-26,15.0,CHI,Seiurus,aurocapilla,Parulidae,4580,Yes,Forest,Lower
2008-09-26,15.0,CHI,Seiurus,aurocapilla,Parulidae,4580,Yes,Forest,Lower
2008-09-26,15.0,CHI,Seiurus,aurocapilla,Parulidae,4580,Yes,Forest,Lower
2008-09-26,15.0,CHI,geothlypis,philadelphia,Parulidae,430,Yes,Edge,Lower
2008-09-26,15.0,CHI,Oreothlypis,ruficapilla,Parulidae,1690,Yes,Forest,Upper
2008-09-26,15.0,CHI,Oreothlypis,ruficapilla,Parulidae,1690,Yes,Forest,Upper
2008-09-26,15.0,CHI,Seiurus,aurocapilla,Parulidae,4580,Yes,Forest,Lower
2008-09-27,14.0,CHI,Zonotrichia,albicollis,Passerellidae,10133,Yes,Forest,Lower
2008-09-27,14.0,CHI,Zonotrichia,albicollis,Passerellidae,10133,Yes,Forest,Lower
2008-09-27,14.0,CHI,Zonotrichia,albicollis,Passerellidae,10133,Yes,Forest,Lower
2008-09-27,14.0,CHI,Zonotrichia,albicollis,Passerellidae,10133,Yes,Forest,Lower
2008-09-27,14.0,CHI,Zonotrichia,albicollis,Passerellidae,10133,Yes,Forest,Lower
2008-09-27,14.0,CHI,Oreothlypis,ruficapilla,Parulidae,1690,Yes,Forest,Upper
2008-09-27,14.0,CHI,Oreothlypis,ruficapilla,Parulidae,1690,Yes,Forest,Upper
2008-09-27,14.0,CHI,Zonotrichia,albicollis,Passerellidae,10133,Yes,Forest,Lower
2008-09-27,14.0,CHI,Zonotrichia,albicollis,Passerellidae,10133,Yes,Forest,Lower
2008-09-27,14.0,CHI,Zonotrichia,albicollis,Passerellidae,10133,Yes,Forest,Lower
2008-09-27,14.0,CHI,Setophaga,virens,Parulidae,223,Yes,Forest,Upper
2008-09-27,14.0,CHI,Zonotrichia,albicollis,Passerellidae,10133,Yes,Forest,Lower
2008-09-27,14.0,CHI,Oreothlypis,ruficapilla,Parulidae,1690,Yes,Forest,Upper
2008-09-27,14.0,CHI,Zonotrichia,albicollis,Passerellidae,10133,Yes,Forest,Lower
2008-09-27,14.0,CHI,Zonotrichia,albicollis,Passerellidae,10133,Yes,Forest,Lower
2008-09-27,14.0,CHI,Zonotrichia,albicollis,Passerellidae,10133,Yes,Forest,Lower
2008-09-27,14.0,CHI,Oreothlypis,ruficapilla,Parulidae,1690,Yes,Forest,Upper
2008-09-27,14.0,CHI,Oreothlypis,ruficapilla,Parulidae,1690,Yes,Forest,Upper
2008-09-27,14.0,CHI,Zonotrichia,albicollis,Passerellidae,10133,Yes,Forest,Lower
2008-09-27,14.0,CHI,Oreothlypis,ruficapilla,Parulidae,1690,Yes,Forest,Upper
2008-09-27,14.0,CHI,Zonotrichia,albicollis,Passerellidae,10133,Yes,Forest,Lower
2008-09-27,14.0,CHI,Zonotrichia,albicollis,Passerellidae,10133,Yes,Forest,Lower
2008-09-27,14.0,CHI,Zonotrichia,albicollis,Passerellidae,10133,Yes,Forest,Lower
2008-09-27,14.0,CHI,Zonotrichia,albicollis,Passerellidae,10133,Yes,Forest,Lower
2008-09-27,14.0,CHI,Geothlypis,trichas,Parulidae,1555,Yes,Open,Lower
2008-09-27,14.0,CHI,Zonotrichia,albicollis,Passerellidae,10133,Yes,Forest,Lower
2008-09-27,14.0,CHI,Zonotrichia,albicollis,Passerellidae,10133,Yes,Forest,Lower
2008-09-27,14.0,CHI,Zonotrichia,albicollis,Passerellidae,10133,Yes,Forest,Lower
2008-09-27,14.0,CHI,troglodytes,hiemalis,Troglodytidae,474,No,Forest,Lower
2008-09-27,14.0,CHI,Zonotrichia,albicollis,Passerellidae,10133,Yes,Forest,Lower
2008-09-27,14.0,CHI,Setophaga,caerulescens,Parulidae,183,Yes,Forest,Upper
2008-09-27,14.0,CHI,Seiurus,aurocapilla,Parulidae,4580,Yes,Forest,Lower
2008-09-27,14.0,CHI,Seiurus,aurocapilla,Parulidae,4580,Yes,Forest,Lower
2008-09-27,14.0,CHI,troglodytes,hiemalis,Troglodytidae,474,No,Forest,Lower
2008-09-27,14.0,CHI,catharus,ustulatus,Turdidae,2331,Yes,Forest,Lower
2008-09-27,14.0,CHI,Melospiza,lincolnii,Passerellidae,2029,yes,edge,Lower
2008-09-27,14.0,CHI,troglodytes,hiemalis,Troglodytidae,474,No,Forest,Lower
2008-09-27,14.0,CHI,Melospiza,lincolnii,Passerellidae,2029,yes,edge,Lower
2008-09-27,14.0,CHI,Setophaga,magnolia,Parulidae,1224,yes,forest,Upper
2008-09-27,14.0,CHI,Melospiza,lincolnii,Passerellidae,2029,yes,edge,Lower
2008-09-27,14.0,CHI,Zonotrichia,albicollis,Passerellidae,10133,Yes,Forest,Lower
2008-09-27,14.0,CHI,Melospiza,lincolnii,Passerellidae,2029,yes,edge,Lower
2008-09-27,14.0,CHI,Zonotrichia,albicollis,Passerellidae,10133,Yes,Forest,Lower
2008-09-27,14.0,CHI,Zonotrichia,albicollis,Passerellidae,10133,Yes,Forest,Lower
2008-09-27,14.0,CHI,Zonotrichia,leucophrys,Passerellidae,1090,Yes,Edge,Lower
2008-09-27,14.0,CHI,Spizella,passerina,Passerellidae,68,Yes,Edge,Lower
2008-09-27,14.0,CHI,Zonotrichia,leucophrys,Passerellidae,1090,Yes,Edge,Lower
2008-09-28,14.0,CHI,Zonotrichia,albicollis,Passerellidae,10133,Yes,Forest,Lower
2008-09-28,14.0,CHI,Zonotrichia,albicollis,Passerellidae,10133,Yes,Forest,Lower
2008-09-28,14.0,CHI,Zonotrichia,albicollis,Passerellidae,10133,Yes,Forest,Lower
2008-09-28,14.0,CHI,Zonotrichia,albicollis,Passerellidae,10133,Yes,Forest,Lower
2008-09-28,14.0,CHI,Zonotrichia,albicollis,Passerellidae,10133,Yes,Forest,Lower
2008-09-28,14.0,CHI,Zonotrichia,albicollis,Passerellidae,10133,Yes,Forest,Lower
2008-09-28,14.0,CHI,Zonotrichia,albicollis,Passerellidae,10133,Yes,Forest,Lower
2008-09-28,14.0,CHI,Zonotrichia,albicollis,Passerellidae,10133,Yes,Forest,Lower
2008-09-28,14.0,MP,Zonotrichia,albicollis,Passerellidae,10133,Yes,Forest,Lower
2008-09-28,14.0,CHI,Melospiza,lincolnii,Passerellidae,2029,yes,edge,Lower
2008-09-28,14.0,CHI,Zonotrichia,albicollis,Passerellidae,10133,Yes,Forest,Lower
2008-09-28,14.0,CHI,Melospiza,lincolnii,Passerellidae,2029,yes,edge,Lower
2008-09-28,14.0,CHI,Zonotrichia,albicollis,Passerellidae,10133,Yes,Forest,Lower
2008-09-28,14.0,CHI,Pheucticus,ludovicianus,Cardinalidae,397,Yes,Forest,Upper
2008-09-28,14.0,CHI,Zonotrichia,albicollis,Passerellidae,10133,Yes,Forest,Lower
2008-09-28,14.0,CHI,Zonotrichia,albicollis,Passerellidae,10133,Yes,Forest,Lower
2008-09-28,14.0,CHI,Zonotrichia,albicollis,Passerellidae,10133,Yes,Forest,Lower
2008-09-28,14.0,CHI,Regulus,satrapa,Regulidae,1029,Yes,Forest,Upper
2008-09-28,14.0,CHI,Zonotrichia,albicollis,Passerellidae,10133,Yes,Forest,Lower
2008-09-28,14.0,CHI,Zonotrichia,albicollis,Passerellidae,10133,Yes,Forest,Lower
2008-09-28,14.0,CHI,Zonotrichia,albicollis,Passerellidae,10133,Yes,Forest,Lower
2008-09-28,14.0,CHI,Zonotrichia,albicollis,Passerellidae,10133,Yes,Forest,Lower
2008-09-28,14.0,CHI,Zonotrichia,albicollis,Passerellidae,10133,Yes,Forest,Lower
2008-09-28,14.0,CHI,Zonotrichia,albicollis,Passerellidae,10133,Yes,Forest,Lower
2008-09-28,14.0,CHI,Zonotrichia,albicollis,Passerellidae,10133,Yes,Forest,Lower
2008-09-28,14.0,CHI,Zonotrichia,albicollis,Passerellidae,10133,Yes,Forest,Lower
2008-09-28,14.0,CHI,Zonotrichia,albicollis,Passerellidae,10133,Yes,Forest,Lower
2008-09-28,14.0,CHI,Zonotrichia,albicollis,Passerellidae,10133,Yes,Forest,Lower
2008-09-28,14.0,CHI,Zonotrichia,albicollis,Passerellidae,10133,Yes,Forest,Lower
2008-09-28,14.0,CHI,Regulus,satrapa,Regulidae,1029,Yes,Forest,Upper
2008-09-28,14.0,CHI,Zonotrichia,albicollis,Passerellidae,10133,Yes,Forest,Lower
2008-09-28,14.0,CHI,Zonotrichia,albicollis,Passerellidae,10133,Yes,Forest,Lower
2008-09-28,14.0,CHI,Zonotrichia,albicollis,Passerellidae,10133,Yes,Forest,Lower
2008-09-28,14.0,CHI,Setophaga,striata,Parulidae,787,Yes,Forest,Upper
2008-09-28,14.0,CHI,Zonotrichia,albicollis,Passerellidae,10133,Yes,Forest,Lower
2008-09-28,14.0,CHI,Seiurus,aurocapilla,Parulidae,4580,Yes,Forest,Lower
2008-09-28,14.0,CHI,Zonotrichia,albicollis,Passerellidae,10133,Yes,Forest,Lower
2008-09-28,14.0,CHI,Zonotrichia,albicollis,Passerellidae,10133,Yes,Forest,Lower
2008-09-28,14.0,CHI,Zonotrichia,albicollis,Passerellidae,10133,Yes,Forest,Lower
2008-09-28,14.0,CHI,Hylocichla,mustelina,Turdidae,500,Yes,Forest,Lower
2008-09-28,14.0,MP,Zonotrichia,albicollis,Passerellidae,10133,Yes,Forest,Lower
2008-09-28,14.0,CHI,Zonotrichia,albicollis,Passerellidae,10133,Yes,Forest,Lower
2008-09-28,14.0,CHI,Zonotrichia,albicollis,Passerellidae,10133,Yes,Forest,Lower
2008-09-28,14.0,CHI,Zonotrichia,albicollis,Passerellidae,10133,Yes,Forest,Lower
2008-09-28,14.0,CHI,Parkesia,noveboracensis,Parulidae,916,Yes,Forest,Lower
2008-09-28,14.0,CHI,Oreothlypis,ruficapilla,Parulidae,1690,Yes,Forest,Upper
2008-09-28,14.0,CHI,Seiurus,aurocapilla,Parulidae,4580,Yes,Forest,Lower
2008-09-28,14.0,CHI,Seiurus,aurocapilla,Parulidae,4580,Yes,Forest,Lower
2008-09-28,14.0,CHI,Seiurus,aurocapilla,Parulidae,4580,Yes,Forest,Lower
2008-09-28,14.0,CHI,Oreothlypis,ruficapilla,Parulidae,1690,Yes,Forest,Upper
2008-09-28,14.0,CHI,Seiurus,aurocapilla,Parulidae,4580,Yes,Forest,Lower
2008-09-28,14.0,CHI,Oreothlypis,ruficapilla,Parulidae,1690,Yes,Forest,Upper
2008-09-28,14.0,CHI,Toxostoma,rufum,Mimidae,166,No,Edge,Lower
2008-09-28,14.0,MP,Toxostoma,rufum,Mimidae,166,No,Edge,Lower
2008-09-28,14.0,CHI,Oreothlypis,ruficapilla,Parulidae,1690,Yes,Forest,Upper
2008-09-28,14.0,CHI,Oreothlypis,ruficapilla,Parulidae,1690,Yes,Forest,Upper
2008-09-28,14.0,CHI,Setophaga,palmarum,Parulidae,694,Yes,Edge,Lower
2008-09-28,14.0,CHI,Setophaga,pinus,Parulidae,49,Yes,Forest,Upper
2008-09-28,14.0,CHI,geothlypis,philadelphia,Parulidae,430,Yes,Edge,Lower
2008-09-28,14.0,CHI,geothlypis,philadelphia,Parulidae,430,Yes,Edge,Lower
2008-09-28,14.0,CHI,Oreothlypis,ruficapilla,Parulidae,1690,Yes,Forest,Upper
2008-09-28,14.0,CHI,dumetella,carolinensis,Mimidae,599,no,edge,Lower
2008-09-28,14.0,CHI,Setophaga,palmarum,Parulidae,694,Yes,Edge,Lower
2008-09-28,14.0,MP,Zonotrichia,leucophrys,Passerellidae,1090,Yes,Edge,Lower
2008-09-28,14.0,CHI,Oreothlypis,ruficapilla,Parulidae,1690,Yes,Forest,Upper
2008-09-28,14.0,CHI,Parkesia,noveboracensis,Parulidae,916,Yes,Forest,Lower
2008-09-28,14.0,CHI,Oreothlypis,ruficapilla,Parulidae,1690,Yes,Forest,Upper
2008-09-28,14.0,CHI,troglodytes,hiemalis,Troglodytidae,474,No,Forest,Lower
2008-09-28,14.0,CHI,Oreothlypis,ruficapilla,Parulidae,1690,Yes,Forest,Upper
2008-09-28,14.0,CHI,Oreothlypis,ruficapilla,Parulidae,1690,Yes,Forest,Upper
2008-09-28,14.0,CHI,Setophaga,palmarum,Parulidae,694,Yes,Edge,Lower
2008-09-29,4.0,CHI,Zonotrichia,albicollis,Passerellidae,10133,Yes,Forest,Lower
2008-09-29,4.0,CHI,Zonotrichia,albicollis,Passerellidae,10133,Yes,Forest,Lower
2008-09-29,4.0,MP,Seiurus,aurocapilla,Parulidae,4580,Yes,Forest,Lower
2008-09-29,4.0,CHI,Zonotrichia,albicollis,Passerellidae,10133,Yes,Forest,Lower
2008-09-29,4.0,CHI,Zonotrichia,albicollis,Passerellidae,10133,Yes,Forest,Lower
2008-09-29,4.0,CHI,Zonotrichia,albicollis,Passerellidae,10133,Yes,Forest,Lower
2008-09-29,4.0,CHI,Zonotrichia,albicollis,Passerellidae,10133,Yes,Forest,Lower
2008-09-29,4.0,MP,Zonotrichia,albicollis,Passerellidae,10133,Yes,Forest,Lower
2008-09-29,4.0,CHI,Melospiza,lincolnii,Passerellidae,2029,yes,edge,Lower
2008-09-29,4.0,CHI,Zonotrichia,albicollis,Passerellidae,10133,Yes,Forest,Lower
2008-09-29,4.0,CHI,Junco,hyemalis,Passerellidae,6303,Yes,Edge,Lower
2008-09-29,4.0,CHI,Zonotrichia,albicollis,Passerellidae,10133,Yes,Forest,Lower
2008-09-29,4.0,CHI,Seiurus,aurocapilla,Parulidae,4580,Yes,Forest,Lower
2008-09-29,4.0,CHI,Zonotrichia,albicollis,Passerellidae,10133,Yes,Forest,Lower
2008-09-29,4.0,MP,Zonotrichia,albicollis,Passerellidae,10133,Yes,Forest,Lower
2008-09-29,4.0,CHI,Melospiza,lincolnii,Passerellidae,2029,yes,edge,Lower
2008-09-29,4.0,CHI,Melospiza,lincolnii,Passerellidae,2029,yes,edge,Lower
2008-09-29,4.0,CHI,Zonotrichia,albicollis,Passerellidae,10133,Yes,Forest,Lower
2008-09-29,4.0,CHI,Regulus,calendula,Regulidae,416,No,Forest,Upper
2008-09-29,4.0,CHI,catharus,ustulatus,Turdidae,2331,Yes,Forest,Lower
2008-09-29,4.0,CHI,Oreothlypis,peregrina,Parulidae,2515,Yes,Edge,Upper
2008-09-29,4.0,CHI,Zonotrichia,albicollis,Passerellidae,10133,Yes,Forest,Lower
2008-09-29,4.0,CHI,Zonotrichia,albicollis,Passerellidae,10133,Yes,Forest,Lower
2008-09-29,4.0,CHI,Zonotrichia,albicollis,Passerellidae,10133,Yes,Forest,Lower
2008-09-29,4.0,CHI,Zonotrichia,albicollis,Passerellidae,10133,Yes,Forest,Lower
2008-09-29,4.0,CHI,Zonotrichia,albicollis,Passerellidae,10133,Yes,Forest,Lower
2008-09-29,4.0,CHI,Oreothlypis,ruficapilla,Parulidae,1690,Yes,Forest,Upper
2008-09-29,4.0,CHI,Oreothlypis,ruficapilla,Parulidae,1690,Yes,Forest,Upper
2008-09-29,4.0,CHI,Zonotrichia,albicollis,Passerellidae,10133,Yes,Forest,Lower
2008-09-29,4.0,CHI,Zonotrichia,albicollis,Passerellidae,10133,Yes,Forest,Lower
2008-09-29,4.0,CHI,Seiurus,aurocapilla,Parulidae,4580,Yes,Forest,Lower
2008-09-29,4.0,CHI,Setophaga,magnolia,Parulidae,1224,yes,forest,Upper
2008-09-29,4.0,CHI,Zonotrichia,albicollis,Passerellidae,10133,Yes,Forest,Lower
2008-09-29,4.0,CHI,Seiurus,aurocapilla,Parulidae,4580,Yes,Forest,Lower
2008-09-29,4.0,CHI,setophaga,ruticilla,Parulidae,868,Yes,Edge,Upper
2008-09-29,4.0,CHI,Zonotrichia,leucophrys,Passerellidae,1090,Yes,Edge,Lower
2008-09-29,4.0,CHI,Setophaga,palmarum,Parulidae,694,Yes,Edge,Lower
2008-09-29,4.0,CHI,Oreothlypis,celata,Parulidae,227,Yes,Edge,Lower
2008-09-29,4.0,CHI,Zonotrichia,albicollis,Passerellidae,10133,Yes,Forest,Lower
2008-09-29,4.0,CHI,Zonotrichia,leucophrys,Passerellidae,1090,Yes,Edge,Lower
2008-09-29,4.0,CHI,Zonotrichia,albicollis,Passerellidae,10133,Yes,Forest,Lower
2008-09-29,4.0,CHI,Zonotrichia,leucophrys,Passerellidae,1090,Yes,Edge,Lower
2008-09-29,4.0,CHI,catharus,ustulatus,Turdidae,2331,Yes,Forest,Lower
2008-09-29,4.0,CHI,Zonotrichia,albicollis,Passerellidae,10133,Yes,Forest,Lower
2008-09-30,17.0,CHI,Toxostoma,rufum,Mimidae,166,No,Edge,Lower
2008-09-30,17.0,CHI,Oreothlypis,ruficapilla,Parulidae,1690,Yes,Forest,Upper
2008-09-30,17.0,CHI,Oreothlypis,ruficapilla,Parulidae,1690,Yes,Forest,Upper
2008-09-30,17.0,CHI,Toxostoma,rufum,Mimidae,166,No,Edge,Lower
2008-09-30,17.0,MP,Catharus,guttatus,Turdidae,3729,Yes,Forest,Lower
2008-09-30,17.0,CHI,Setophaga,palmarum,Parulidae,694,Yes,Edge,Lower
2008-09-30,17.0,CHI,Melospiza,lincolnii,Passerellidae,2029,yes,edge,Lower
2008-09-30,17.0,CHI,Setophaga,coronata,Parulidae,887,yes,forest,Upper
2008-09-30,17.0,MP,Oreothlypis,celata,Parulidae,227,Yes,Edge,Lower
2008-09-30,17.0,CHI,dumetella,carolinensis,Mimidae,599,no,edge,Lower
2008-09-30,17.0,CHI,Setophaga,castanea,Parulidae,287,Yes,Forest,Upper
2008-09-30,17.0,CHI,Setophaga,palmarum,Parulidae,694,Yes,Edge,Lower
2008-09-30,17.0,MP,Spizella,pallida,Passerellidae,50,Yes,Open,Lower
2008-09-30,17.0,CHI,Junco,hyemalis,Passerellidae,6303,Yes,Edge,Lower
2008-09-30,17.0,CHI,catharus,ustulatus,Turdidae,2331,Yes,Forest,Lower
2008-09-30,17.0,CHI,Junco,hyemalis,Passerellidae,6303,Yes,Edge,Lower
2008-09-30,17.0,CHI,Seiurus,aurocapilla,Parulidae,4580,Yes,Forest,Lower
2008-09-30,17.0,MP,Setophaga,magnolia,Parulidae,1224,yes,forest,Upper
2008-09-30,17.0,CHI,Zonotrichia,albicollis,Passerellidae,10133,Yes,Forest,Lower
2008-09-30,17.0,CHI,Zonotrichia,albicollis,Passerellidae,10133,Yes,Forest,Lower
2008-09-30,17.0,CHI,Zonotrichia,albicollis,Passerellidae,10133,Yes,Forest,Lower
2008-09-30,17.0,CHI,Zonotrichia,albicollis,Passerellidae,10133,Yes,Forest,Lower
2008-09-30,17.0,CHI,Zonotrichia,albicollis,Passerellidae,10133,Yes,Forest,Lower
2008-09-30,17.0,MP,Zonotrichia,albicollis,Passerellidae,10133,Yes,Forest,Lower
2008-09-30,17.0,MP,Catharus,minimus,Turdidae,822,Yes,Forest,Lower
2008-09-30,17.0,CHI,Zonotrichia,albicollis,Passerellidae,10133,Yes,Forest,Lower
2008-09-30,17.0,CHI,Seiurus,aurocapilla,Parulidae,4580,Yes,Forest,Lower
2008-09-30,17.0,CHI,Seiurus,aurocapilla,Parulidae,4580,Yes,Forest,Lower
2008-09-30,17.0,CHI,Seiurus,aurocapilla,Parulidae,4580,Yes,Forest,Lower
2008-09-30,17.0,CHI,Seiurus,aurocapilla,Parulidae,4580,Yes,Forest,Lower
2008-09-30,17.0,CHI,Seiurus,aurocapilla,Parulidae,4580,Yes,Forest,Lower
2008-09-30,17.0,CHI,Seiurus,aurocapilla,Parulidae,4580,Yes,Forest,Lower
2008-10-01,14.0,CHI,Oreothlypis,ruficapilla,Parulidae,1690,Yes,Forest,Upper
2008-10-01,14.0,CHI,Zonotrichia,albicollis,Passerellidae,10133,Yes,Forest,Lower
2008-10-01,14.0,CHI,Toxostoma,rufum,Mimidae,166,No,Edge,Lower
2008-10-01,14.0,CHI,Seiurus,aurocapilla,Parulidae,4580,Yes,Forest,Lower
2008-10-01,14.0,CHI,Seiurus,aurocapilla,Parulidae,4580,Yes,Forest,Lower
2008-10-01,14.0,MP,Zonotrichia,albicollis,Passerellidae,10133,Yes,Forest,Lower
2008-10-01,14.0,CHI,Seiurus,aurocapilla,Parulidae,4580,Yes,Forest,Lower
2008-10-01,14.0,CHI,Zonotrichia,albicollis,Passerellidae,10133,Yes,Forest,Lower
2008-10-01,14.0,CHI,Seiurus,aurocapilla,Parulidae,4580,Yes,Forest,Lower
2008-10-01,14.0,CHI,Zonotrichia,albicollis,Passerellidae,10133,Yes,Forest,Lower
2008-10-01,14.0,CHI,Geothlypis,trichas,Parulidae,1555,Yes,Open,Lower
2008-10-01,14.0,CHI,setophaga,ruticilla,Parulidae,868,Yes,Edge,Upper
2008-10-01,14.0,MP,Geothlypis,trichas,Parulidae,1555,Yes,Open,Lower
2008-10-01,14.0,CHI,Zonotrichia,albicollis,Passerellidae,10133,Yes,Forest,Lower
2008-10-01,14.0,CHI,Zonotrichia,albicollis,Passerellidae,10133,Yes,Forest,Lower
2008-10-01,14.0,CHI,Zonotrichia,albicollis,Passerellidae,10133,Yes,Forest,Lower
2008-10-01,14.0,MP,Melospiza,melodia,Passerellidae,5124,Yes,Edge,Lower
2008-10-01,14.0,MP,Melospiza,lincolnii,Passerellidae,2029,yes,edge,Lower
2008-10-01,14.0,CHI,Melospiza,lincolnii,Passerellidae,2029,yes,edge,Lower
2008-10-01,14.0,MP,Oreothlypis,ruficapilla,Parulidae,1690,Yes,Forest,Upper
2008-10-01,14.0,CHI,Oreothlypis,ruficapilla,Parulidae,1690,Yes,Forest,Upper
2008-10-01,14.0,CHI,Geothlypis,trichas,Parulidae,1555,Yes,Open,Lower
2008-10-01,14.0,CHI,Hylocichla,mustelina,Turdidae,500,Yes,Forest,Lower
2008-10-01,14.0,CHI,Seiurus,aurocapilla,Parulidae,4580,Yes,Forest,Lower
2008-10-01,14.0,CHI,Zonotrichia,leucophrys,Passerellidae,1090,Yes,Edge,Lower
2008-10-01,14.0,MP,Setophaga,coronata,Parulidae,887,yes,forest,Upper
2008-10-01,14.0,CHI,Setophaga,coronata,Parulidae,887,yes,forest,Upper
2008-10-02,17.0,CHI,Oreothlypis,ruficapilla,Parulidae,1690,Yes,Forest,Upper
2008-10-02,17.0,CHI,Zonotrichia,albicollis,Passerellidae,10133,Yes,Forest,Lower
2008-10-02,17.0,CHI,Sitta,canadensis,Sittidae,260,Yes,Forest,Upper
2008-10-02,17.0,CHI,troglodytes,hiemalis,Troglodytidae,474,No,Forest,Lower
2008-10-02,17.0,CHI,Catharus,minimus,Turdidae,822,Yes,Forest,Lower
2008-10-02,17.0,CHI,Zonotrichia,albicollis,Passerellidae,10133,Yes,Forest,Lower
2008-10-02,17.0,CHI,Oreothlypis,ruficapilla,Parulidae,1690,Yes,Forest,Upper
2008-10-02,17.0,CHI,Setophaga,magnolia,Parulidae,1224,yes,forest,Upper
2008-10-02,17.0,CHI,Zonotrichia,albicollis,Passerellidae,10133,Yes,Forest,Lower
2008-10-02,17.0,MP,Zonotrichia,leucophrys,Passerellidae,1090,Yes,Edge,Lower
2008-10-02,17.0,CHI,Zonotrichia,albicollis,Passerellidae,10133,Yes,Forest,Lower
2008-10-02,17.0,CHI,Oporornis,agilis,Parulidae,365,Yes,Forest,Lower
2008-10-02,17.0,CHI,Oreothlypis,celata,Parulidae,227,Yes,Edge,Lower
2008-10-02,17.0,CHI,Catharus,guttatus,Turdidae,3729,Yes,Forest,Lower
2008-10-02,17.0,CHI,Geothlypis,trichas,Parulidae,1555,Yes,Open,Lower
2008-10-02,17.0,MP,Zonotrichia,albicollis,Passerellidae,10133,Yes,Forest,Lower
2008-10-02,17.0,CHI,Oreothlypis,peregrina,Parulidae,2515,Yes,Edge,Upper
2008-10-02,17.0,MP,Setophaga,coronata,Parulidae,887,yes,forest,Upper
2008-10-02,17.0,CHI,Zonotrichia,albicollis,Passerellidae,10133,Yes,Forest,Lower
2008-10-02,17.0,CHI,Zonotrichia,albicollis,Passerellidae,10133,Yes,Forest,Lower
2008-10-02,17.0,CHI,Seiurus,aurocapilla,Parulidae,4580,Yes,Forest,Lower
2008-10-02,17.0,CHI,Seiurus,aurocapilla,Parulidae,4580,Yes,Forest,Lower
2008-10-02,17.0,MP,Seiurus,aurocapilla,Parulidae,4580,Yes,Forest,Lower
2008-10-02,17.0,CHI,Passerella,iliaca,Passerellidae,2443,Yes,Edge,Lower
2008-10-02,17.0,CHI,Zonotrichia,albicollis,Passerellidae,10133,Yes,Forest,Lower
2008-10-02,17.0,CHI,Zonotrichia,albicollis,Passerellidae,10133,Yes,Forest,Lower
2008-10-03,17.0,CHI,Junco,hyemalis,Passerellidae,6303,Yes,Edge,Lower
2008-10-03,17.0,CHI,Junco,hyemalis,Passerellidae,6303,Yes,Edge,Lower
2008-10-03,17.0,CHI,Zonotrichia,albicollis,Passerellidae,10133,Yes,Forest,Lower
2008-10-03,17.0,CHI,dumetella,carolinensis,Mimidae,599,no,edge,Lower
2008-10-03,17.0,MP,Zonotrichia,albicollis,Passerellidae,10133,Yes,Forest,Lower
2008-10-03,17.0,MP,Zonotrichia,albicollis,Passerellidae,10133,Yes,Forest,Lower
2008-10-03,17.0,CHI,Seiurus,aurocapilla,Parulidae,4580,Yes,Forest,Lower
2008-10-03,17.0,CHI,Seiurus,aurocapilla,Parulidae,4580,Yes,Forest,Lower
2008-10-03,17.0,MP,Zonotrichia,albicollis,Passerellidae,10133,Yes,Forest,Lower
2008-10-03,17.0,MP,Zonotrichia,albicollis,Passerellidae,10133,Yes,Forest,Lower
2008-10-03,17.0,CHI,Zonotrichia,albicollis,Passerellidae,10133,Yes,Forest,Lower
2008-10-03,17.0,MP,Seiurus,aurocapilla,Parulidae,4580,Yes,Forest,Lower
2008-10-03,17.0,CHI,Zonotrichia,albicollis,Passerellidae,10133,Yes,Forest,Lower
2008-10-03,17.0,MP,Passerculus,sandwichensis,Passerellidae,274,yes,open,Lower	
2008-10-03,17.0,CHI,Regulus,calendula,Regulidae,416,No,Forest,Upper
2008-10-03,17.0,MP,Melospiza,melodia,Passerellidae,5124,Yes,Edge,Lower
2008-10-03,17.0,CHI,Zonotrichia,albicollis,Passerellidae,10133,Yes,Forest,Lower
2008-10-03,17.0,CHI,Zonotrichia,albicollis,Passerellidae,10133,Yes,Forest,Lower
2008-10-03,17.0,CHI,Zonotrichia,albicollis,Passerellidae,10133,Yes,Forest,Lower
2008-10-03,17.0,CHI,Zonotrichia,albicollis,Passerellidae,10133,Yes,Forest,Lower
2008-10-03,17.0,CHI,Zonotrichia,albicollis,Passerellidae,10133,Yes,Forest,Lower
2008-10-03,17.0,CHI,Catharus,guttatus,Turdidae,3729,Yes,Forest,Lower
2008-10-03,17.0,CHI,Catharus,guttatus,Turdidae,3729,Yes,Forest,Lower
2008-10-03,17.0,CHI,Catharus,guttatus,Turdidae,3729,Yes,Forest,Lower
2008-10-03,17.0,CHI,Zonotrichia,albicollis,Passerellidae,10133,Yes,Forest,Lower
2008-10-03,17.0,CHI,Catharus,guttatus,Turdidae,3729,Yes,Forest,Lower
2008-10-03,17.0,CHI,Zonotrichia,leucophrys,Passerellidae,1090,Yes,Edge,Lower
2008-10-03,17.0,CHI,Zonotrichia,leucophrys,Passerellidae,1090,Yes,Edge,Lower
2008-10-03,17.0,CHI,Catharus,guttatus,Turdidae,3729,Yes,Forest,Lower
2008-10-03,17.0,MP,Zonotrichia,leucophrys,Passerellidae,1090,Yes,Edge,Lower
2008-10-03,17.0,CHI,Regulus,satrapa,Regulidae,1029,Yes,Forest,Upper
2008-10-03,17.0,CHI,Regulus,satrapa,Regulidae,1029,Yes,Forest,Upper
2008-10-03,17.0,CHI,Zonotrichia,albicollis,Passerellidae,10133,Yes,Forest,Lower
2008-10-03,17.0,CHI,Zonotrichia,albicollis,Passerellidae,10133,Yes,Forest,Lower
2008-10-03,17.0,CHI,Zonotrichia,albicollis,Passerellidae,10133,Yes,Forest,Lower
2008-10-03,17.0,MP,Zonotrichia,albicollis,Passerellidae,10133,Yes,Forest,Lower
2008-10-03,17.0,MP,Zonotrichia,albicollis,Passerellidae,10133,Yes,Forest,Lower
2008-10-03,17.0,CHI,Zonotrichia,albicollis,Passerellidae,10133,Yes,Forest,Lower
2008-10-03,17.0,CHI,Zonotrichia,albicollis,Passerellidae,10133,Yes,Forest,Lower
2008-10-03,17.0,CHI,Setophaga,magnolia,Parulidae,1224,yes,forest,Upper
2008-10-03,17.0,CHI,Oreothlypis,ruficapilla,Parulidae,1690,Yes,Forest,Upper
2008-10-03,17.0,MP,Setophaga,coronata,Parulidae,887,yes,forest,Upper
2008-10-03,17.0,CHI,Zonotrichia,albicollis,Passerellidae,10133,Yes,Forest,Lower
2008-10-03,17.0,CHI,Catharus,minimus,Turdidae,822,Yes,Forest,Lower
2008-10-03,17.0,CHI,Zonotrichia,albicollis,Passerellidae,10133,Yes,Forest,Lower
2008-10-03,17.0,CHI,Zonotrichia,albicollis,Passerellidae,10133,Yes,Forest,Lower
2008-10-03,17.0,MP,Melospiza,lincolnii,Passerellidae,2029,yes,edge,Lower
2008-10-03,17.0,CHI,Zonotrichia,albicollis,Passerellidae,10133,Yes,Forest,Lower
2008-10-03,17.0,MP,Passerculus,sandwichensis,Passerellidae,274,yes,open,Lower	
2008-10-05,17.0,CHI,Junco,hyemalis,Passerellidae,6303,Yes,Edge,Lower
2008-10-05,17.0,CHI,Zonotrichia,albicollis,Passerellidae,10133,Yes,Forest,Lower
2008-10-05,17.0,CHI,Zonotrichia,albicollis,Passerellidae,10133,Yes,Forest,Lower
2008-10-05,17.0,CHI,Zonotrichia,albicollis,Passerellidae,10133,Yes,Forest,Lower
2008-10-05,17.0,CHI,Zonotrichia,albicollis,Passerellidae,10133,Yes,Forest,Lower
2008-10-05,17.0,CHI,troglodytes,hiemalis,Troglodytidae,474,No,Forest,Lower
2008-10-05,17.0,CHI,Zonotrichia,albicollis,Passerellidae,10133,Yes,Forest,Lower
2008-10-05,17.0,CHI,Zonotrichia,albicollis,Passerellidae,10133,Yes,Forest,Lower
2008-10-05,17.0,MP,Zonotrichia,albicollis,Passerellidae,10133,Yes,Forest,Lower
2008-10-05,17.0,CHI,Zonotrichia,albicollis,Passerellidae,10133,Yes,Forest,Lower
2008-10-05,17.0,CHI,Zonotrichia,albicollis,Passerellidae,10133,Yes,Forest,Lower
2008-10-05,17.0,CHI,Zonotrichia,albicollis,Passerellidae,10133,Yes,Forest,Lower
2008-10-05,17.0,CHI,Zonotrichia,albicollis,Passerellidae,10133,Yes,Forest,Lower
2008-10-05,17.0,CHI,Junco,hyemalis,Passerellidae,6303,Yes,Edge,Lower
2008-10-05,17.0,MP,Zonotrichia,albicollis,Passerellidae,10133,Yes,Forest,Lower
2008-10-05,17.0,CHI,Zonotrichia,albicollis,Passerellidae,10133,Yes,Forest,Lower
2008-10-05,17.0,CHI,Zonotrichia,albicollis,Passerellidae,10133,Yes,Forest,Lower
2008-10-05,17.0,MP,Zonotrichia,albicollis,Passerellidae,10133,Yes,Forest,Lower
2008-10-05,17.0,CHI,Zonotrichia,leucophrys,Passerellidae,1090,Yes,Edge,Lower
2008-10-05,17.0,MP,Zonotrichia,leucophrys,Passerellidae,1090,Yes,Edge,Lower
2008-10-05,17.0,CHI,Catharus,guttatus,Turdidae,3729,Yes,Forest,Lower
2008-10-05,17.0,CHI,Catharus,guttatus,Turdidae,3729,Yes,Forest,Lower
2008-10-05,17.0,CHI,Regulus,calendula,Regulidae,416,No,Forest,Upper
2008-10-05,17.0,CHI,Melospiza,lincolnii,Passerellidae,2029,yes,edge,Lower
2008-10-05,17.0,CHI,Zonotrichia,albicollis,Passerellidae,10133,Yes,Forest,Lower
2008-10-05,17.0,CHI,Zonotrichia,albicollis,Passerellidae,10133,Yes,Forest,Lower
2008-10-05,17.0,CHI,Zonotrichia,albicollis,Passerellidae,10133,Yes,Forest,Lower
2008-10-05,17.0,CHI,Zonotrichia,albicollis,Passerellidae,10133,Yes,Forest,Lower
2008-10-05,17.0,CHI,troglodytes,hiemalis,Troglodytidae,474,No,Forest,Lower
2008-10-05,17.0,CHI,troglodytes,hiemalis,Troglodytidae,474,No,Forest,Lower
2008-10-05,17.0,CHI,Zonotrichia,albicollis,Passerellidae,10133,Yes,Forest,Lower
2008-10-05,17.0,CHI,Zonotrichia,albicollis,Passerellidae,10133,Yes,Forest,Lower
2008-10-05,17.0,CHI,Zonotrichia,leucophrys,Passerellidae,1090,Yes,Edge,Lower
2008-10-05,17.0,CHI,Setophaga,striata,Parulidae,787,Yes,Forest,Upper
2008-10-05,17.0,MP,Zonotrichia,leucophrys,Passerellidae,1090,Yes,Edge,Lower
2008-10-05,17.0,CHI,Zonotrichia,albicollis,Passerellidae,10133,Yes,Forest,Lower
2008-10-05,17.0,MP,Zonotrichia,albicollis,Passerellidae,10133,Yes,Forest,Lower
2008-10-05,17.0,CHI,troglodytes,hiemalis,Troglodytidae,474,No,Forest,Lower
2008-10-05,17.0,CHI,Zonotrichia,albicollis,Passerellidae,10133,Yes,Forest,Lower
2008-10-05,17.0,CHI,Oreothlypis,ruficapilla,Parulidae,1690,Yes,Forest,Upper
2008-10-05,17.0,CHI,Regulus,satrapa,Regulidae,1029,Yes,Forest,Upper
2008-10-05,17.0,CHI,Setophaga,palmarum,Parulidae,694,Yes,Edge,Lower
2008-10-05,17.0,CHI,Regulus,satrapa,Regulidae,1029,Yes,Forest,Upper
2008-10-05,17.0,CHI,Oreothlypis,ruficapilla,Parulidae,1690,Yes,Forest,Upper
2008-10-05,17.0,MP,Melospiza,melodia,Passerellidae,5124,Yes,Edge,Lower
2008-10-05,17.0,CHI,Junco,hyemalis,Passerellidae,6303,Yes,Edge,Lower
2008-10-06,17.0,CHI,Geothlypis,trichas,Parulidae,1555,Yes,Open,Lower
2008-10-06,17.0,CHI,Zonotrichia,leucophrys,Passerellidae,1090,Yes,Edge,Lower
2008-10-06,17.0,CHI,Passerina,cyanea,Cardinalidae,725,yes,edge,Upper
2008-10-06,17.0,MP,Zonotrichia,albicollis,Passerellidae,10133,Yes,Forest,Lower
2008-10-06,17.0,CHI,Geothlypis,trichas,Parulidae,1555,Yes,Open,Lower
2008-10-07,17.0,CHI,Zonotrichia,albicollis,Passerellidae,10133,Yes,Forest,Lower
2008-10-07,17.0,CHI,Zonotrichia,albicollis,Passerellidae,10133,Yes,Forest,Lower
2008-10-07,17.0,CHI,Zonotrichia,albicollis,Passerellidae,10133,Yes,Forest,Lower
2008-10-07,17.0,MP,Zonotrichia,leucophrys,Passerellidae,1090,Yes,Edge,Lower
2008-10-07,17.0,CHI,Zonotrichia,albicollis,Passerellidae,10133,Yes,Forest,Lower
2008-10-07,17.0,CHI,Zonotrichia,albicollis,Passerellidae,10133,Yes,Forest,Lower
2008-10-07,17.0,MP,Melospiza,lincolnii,Passerellidae,2029,yes,edge,Lower
2008-10-07,17.0,MP,Zonotrichia,leucophrys,Passerellidae,1090,Yes,Edge,Lower
2008-10-07,17.0,MP,Zonotrichia,leucophrys,Passerellidae,1090,Yes,Edge,Lower
2008-10-07,17.0,CHI,Sitta,canadensis,Sittidae,260,Yes,Forest,Upper
2008-10-07,17.0,MP,Setophaga,virens,Parulidae,223,Yes,Forest,Upper
2008-10-07,17.0,CHI,Zonotrichia,albicollis,Passerellidae,10133,Yes,Forest,Lower
2008-10-07,17.0,CHI,Zonotrichia,albicollis,Passerellidae,10133,Yes,Forest,Lower
2008-10-07,17.0,CHI,Mniotilta,varia,Parulidae,620,Yes,Forest,Upper
2008-10-07,17.0,CHI,Melospiza,lincolnii,Passerellidae,2029,yes,edge,Lower
2008-10-07,17.0,MP,Zonotrichia,leucophrys,Passerellidae,1090,Yes,Edge,Lower
2008-10-07,17.0,CHI,Melospiza,lincolnii,Passerellidae,2029,yes,edge,Lower
2008-10-07,17.0,MP,Zonotrichia,leucophrys,Passerellidae,1090,Yes,Edge,Lower
2008-10-07,17.0,MP,Zonotrichia,leucophrys,Passerellidae,1090,Yes,Edge,Lower
2008-10-07,17.0,CHI,Oreothlypis,celata,Parulidae,227,Yes,Edge,Lower
2008-10-07,17.0,CHI,Oreothlypis,ruficapilla,Parulidae,1690,Yes,Forest,Upper
2008-10-07,17.0,CHI,Oreothlypis,ruficapilla,Parulidae,1690,Yes,Forest,Upper
2008-10-07,17.0,CHI,Zonotrichia,leucophrys,Passerellidae,1090,Yes,Edge,Lower
2008-10-07,17.0,MP,Zonotrichia,leucophrys,Passerellidae,1090,Yes,Edge,Lower
2008-10-08,17.0,MP,Zonotrichia,albicollis,Passerellidae,10133,Yes,Forest,Lower
2008-10-08,17.0,MP,Melospiza,lincolnii,Passerellidae,2029,yes,edge,Lower
2008-10-08,17.0,MP,Melospiza,lincolnii,Passerellidae,2029,yes,edge,Lower
2008-10-08,17.0,CHI,Zonotrichia,albicollis,Passerellidae,10133,Yes,Forest,Lower
2008-10-08,17.0,CHI,Oreothlypis,ruficapilla,Parulidae,1690,Yes,Forest,Upper
2008-10-08,17.0,MP,Zonotrichia,leucophrys,Passerellidae,1090,Yes,Edge,Lower
2008-10-08,17.0,MP,Geothlypis,trichas,Parulidae,1555,Yes,Open,Lower
2008-10-08,17.0,CHI,Oreothlypis,ruficapilla,Parulidae,1690,Yes,Forest,Upper
2008-10-08,17.0,MP,Zonotrichia,leucophrys,Passerellidae,1090,Yes,Edge,Lower
2008-10-08,17.0,MP,Zonotrichia,leucophrys,Passerellidae,1090,Yes,Edge,Lower
2008-10-08,17.0,CHI,Zonotrichia,leucophrys,Passerellidae,1090,Yes,Edge,Lower
2008-10-08,17.0,CHI,Zonotrichia,albicollis,Passerellidae,10133,Yes,Forest,Lower
2008-10-09,4.0,CHI,Seiurus,aurocapilla,Parulidae,4580,Yes,Forest,Lower
2008-10-09,4.0,CHI,Oreothlypis,peregrina,Parulidae,2515,Yes,Edge,Upper
2008-10-09,4.0,MP,Setophaga,palmarum,Parulidae,694,Yes,Edge,Lower
2008-10-09,4.0,CHI,Setophaga,palmarum,Parulidae,694,Yes,Edge,Lower
2008-10-09,4.0,CHI,Setophaga,palmarum,Parulidae,694,Yes,Edge,Lower
2008-10-09,4.0,CHI,Setophaga,palmarum,Parulidae,694,Yes,Edge,Lower
2008-10-09,4.0,CHI,Passerina,cyanea,Cardinalidae,725,yes,edge,Upper
2008-10-09,4.0,CHI,Hylocichla,mustelina,Turdidae,500,Yes,Forest,Lower
2008-10-09,4.0,CHI,Oreothlypis,ruficapilla,Parulidae,1690,Yes,Forest,Upper
2008-10-09,4.0,CHI,Geothlypis,trichas,Parulidae,1555,Yes,Open,Lower
2008-10-09,4.0,CHI,Passerina,cyanea,Cardinalidae,725,yes,edge,Upper
2008-10-09,4.0,CHI,Passerina,cyanea,Cardinalidae,725,yes,edge,Upper
2008-10-09,4.0,CHI,Oreothlypis,peregrina,Parulidae,2515,Yes,Edge,Upper
2008-10-09,4.0,CHI,Seiurus,aurocapilla,Parulidae,4580,Yes,Forest,Lower
2008-10-09,4.0,MP,Oreothlypis,ruficapilla,Parulidae,1690,Yes,Forest,Upper
2008-10-09,4.0,CHI,Oreothlypis,peregrina,Parulidae,2515,Yes,Edge,Upper
2008-10-09,4.0,CHI,Oreothlypis,peregrina,Parulidae,2515,Yes,Edge,Upper
2008-10-09,4.0,CHI,Regulus,satrapa,Regulidae,1029,Yes,Forest,Upper
2008-10-09,4.0,MP,Melospiza,lincolnii,Passerellidae,2029,yes,edge,Lower
2008-10-09,4.0,CHI,Melospiza,lincolnii,Passerellidae,2029,yes,edge,Lower
2008-10-09,4.0,MP,Passerella,iliaca,Passerellidae,2443,Yes,Edge,Lower
2008-10-09,4.0,MP,Passerella,iliaca,Passerellidae,2443,Yes,Edge,Lower
2008-10-09,4.0,MP,Passerella,iliaca,Passerellidae,2443,Yes,Edge,Lower
2008-10-09,4.0,CHI,Zonotrichia,albicollis,Passerellidae,10133,Yes,Forest,Lower
2008-10-09,4.0,CHI,Zonotrichia,albicollis,Passerellidae,10133,Yes,Forest,Lower
2008-10-09,4.0,MP,Zonotrichia,albicollis,Passerellidae,10133,Yes,Forest,Lower
2008-10-09,4.0,MP,Passerella,iliaca,Passerellidae,2443,Yes,Edge,Lower
2008-10-09,4.0,MP,Passerella,iliaca,Passerellidae,2443,Yes,Edge,Lower
2008-10-09,4.0,CHI,Passerella,iliaca,Passerellidae,2443,Yes,Edge,Lower
2008-10-09,4.0,CHI,Setophaga,coronata,Parulidae,887,yes,forest,Upper
2008-10-09,4.0,MP,Passerella,iliaca,Passerellidae,2443,Yes,Edge,Lower
2008-10-09,4.0,MP,Catharus,guttatus,Turdidae,3729,Yes,Forest,Lower
2008-10-09,4.0,CHI,Catharus,guttatus,Turdidae,3729,Yes,Forest,Lower
2008-10-09,4.0,MP,Catharus,guttatus,Turdidae,3729,Yes,Forest,Lower
2008-10-09,4.0,MP,Catharus,guttatus,Turdidae,3729,Yes,Forest,Lower
2008-10-09,4.0,CHI,Catharus,guttatus,Turdidae,3729,Yes,Forest,Lower
2008-10-09,4.0,MP,Catharus,guttatus,Turdidae,3729,Yes,Forest,Lower
2008-10-09,4.0,MP,Catharus,guttatus,Turdidae,3729,Yes,Forest,Lower
2008-10-09,4.0,CHI,Regulus,calendula,Regulidae,416,No,Forest,Upper
2008-10-09,4.0,CHI,Catharus,guttatus,Turdidae,3729,Yes,Forest,Lower
2008-10-09,4.0,CHI,Catharus,guttatus,Turdidae,3729,Yes,Forest,Lower
2008-10-09,4.0,CHI,Catharus,guttatus,Turdidae,3729,Yes,Forest,Lower
2008-10-09,4.0,CHI,Catharus,guttatus,Turdidae,3729,Yes,Forest,Lower
2008-10-10,4.0,CHI,Melospiza,lincolnii,Passerellidae,2029,yes,edge,Lower
2008-10-10,4.0,CHI,Melospiza,lincolnii,Passerellidae,2029,yes,edge,Lower
2008-10-10,4.0,CHI,Zonotrichia,albicollis,Passerellidae,10133,Yes,Forest,Lower
2008-10-10,4.0,CHI,Zonotrichia,albicollis,Passerellidae,10133,Yes,Forest,Lower
2008-10-10,4.0,CHI,Zonotrichia,albicollis,Passerellidae,10133,Yes,Forest,Lower
2008-10-10,4.0,CHI,Zonotrichia,albicollis,Passerellidae,10133,Yes,Forest,Lower
2008-10-10,4.0,CHI,Setophaga,coronata,Parulidae,887,yes,forest,Upper
2008-10-10,4.0,CHI,Oreothlypis,celata,Parulidae,227,Yes,Edge,Lower
2008-10-10,4.0,CHI,Oreothlypis,ruficapilla,Parulidae,1690,Yes,Forest,Upper
2008-10-10,4.0,CHI,Melospiza,lincolnii,Passerellidae,2029,yes,edge,Lower
2008-10-10,4.0,CHI,Junco,hyemalis,Passerellidae,6303,Yes,Edge,Lower
2008-10-10,4.0,CHI,Zonotrichia,albicollis,Passerellidae,10133,Yes,Forest,Lower
2008-10-10,4.0,CHI,Catharus,guttatus,Turdidae,3729,Yes,Forest,Lower
2008-10-10,4.0,CHI,Catharus,guttatus,Turdidae,3729,Yes,Forest,Lower
2008-10-10,4.0,CHI,Catharus,guttatus,Turdidae,3729,Yes,Forest,Lower
2008-10-10,4.0,CHI,Catharus,guttatus,Turdidae,3729,Yes,Forest,Lower
2008-10-10,4.0,CHI,Catharus,guttatus,Turdidae,3729,Yes,Forest,Lower
2008-10-10,4.0,CHI,Catharus,guttatus,Turdidae,3729,Yes,Forest,Lower
2008-10-10,4.0,MP,Catharus,guttatus,Turdidae,3729,Yes,Forest,Lower
2008-10-10,4.0,CHI,Zonotrichia,albicollis,Passerellidae,10133,Yes,Forest,Lower
2008-10-10,4.0,MP,Catharus,guttatus,Turdidae,3729,Yes,Forest,Lower
2008-10-10,4.0,CHI,Catharus,guttatus,Turdidae,3729,Yes,Forest,Lower
2008-10-10,4.0,CHI,Catharus,guttatus,Turdidae,3729,Yes,Forest,Lower
2008-10-10,4.0,CHI,Catharus,guttatus,Turdidae,3729,Yes,Forest,Lower
2008-10-10,4.0,CHI,Catharus,guttatus,Turdidae,3729,Yes,Forest,Lower
2008-10-10,4.0,CHI,Catharus,guttatus,Turdidae,3729,Yes,Forest,Lower
2008-10-10,4.0,CHI,Catharus,guttatus,Turdidae,3729,Yes,Forest,Lower
2008-10-10,4.0,CHI,Catharus,guttatus,Turdidae,3729,Yes,Forest,Lower
2008-10-10,4.0,CHI,Zonotrichia,albicollis,Passerellidae,10133,Yes,Forest,Lower
2008-10-10,4.0,CHI,Catharus,guttatus,Turdidae,3729,Yes,Forest,Lower
2008-10-10,4.0,CHI,Zonotrichia,albicollis,Passerellidae,10133,Yes,Forest,Lower
2008-10-10,4.0,MP,Catharus,guttatus,Turdidae,3729,Yes,Forest,Lower
2008-10-10,4.0,CHI,Junco,hyemalis,Passerellidae,6303,Yes,Edge,Lower
2008-10-10,4.0,CHI,Junco,hyemalis,Passerellidae,6303,Yes,Edge,Lower
2008-10-10,4.0,CHI,Junco,hyemalis,Passerellidae,6303,Yes,Edge,Lower
2008-10-10,4.0,CHI,Junco,hyemalis,Passerellidae,6303,Yes,Edge,Lower
2008-10-10,4.0,CHI,Junco,hyemalis,Passerellidae,6303,Yes,Edge,Lower
2008-10-10,4.0,CHI,Junco,hyemalis,Passerellidae,6303,Yes,Edge,Lower
2008-10-10,4.0,CHI,Junco,hyemalis,Passerellidae,6303,Yes,Edge,Lower
2008-10-10,4.0,CHI,Junco,hyemalis,Passerellidae,6303,Yes,Edge,Lower
2008-10-10,4.0,CHI,Junco,hyemalis,Passerellidae,6303,Yes,Edge,Lower
2008-10-10,4.0,CHI,Junco,hyemalis,Passerellidae,6303,Yes,Edge,Lower
2008-10-10,4.0,CHI,Junco,hyemalis,Passerellidae,6303,Yes,Edge,Lower
2008-10-10,4.0,CHI,Junco,hyemalis,Passerellidae,6303,Yes,Edge,Lower
2008-10-10,4.0,CHI,Junco,hyemalis,Passerellidae,6303,Yes,Edge,Lower
2008-10-10,4.0,CHI,Junco,hyemalis,Passerellidae,6303,Yes,Edge,Lower
2008-10-10,4.0,CHI,Junco,hyemalis,Passerellidae,6303,Yes,Edge,Lower
2008-10-10,4.0,CHI,Junco,hyemalis,Passerellidae,6303,Yes,Edge,Lower
2008-10-10,4.0,MP,Junco,hyemalis,Passerellidae,6303,Yes,Edge,Lower
2008-10-10,4.0,MP,Junco,hyemalis,Passerellidae,6303,Yes,Edge,Lower
2008-10-10,4.0,CHI,Catharus,guttatus,Turdidae,3729,Yes,Forest,Lower
2008-10-10,4.0,CHI,Zonotrichia,albicollis,Passerellidae,10133,Yes,Forest,Lower
2008-10-10,4.0,CHI,Zonotrichia,albicollis,Passerellidae,10133,Yes,Forest,Lower
2008-10-10,4.0,MP,Zonotrichia,albicollis,Passerellidae,10133,Yes,Forest,Lower
2008-10-10,4.0,CHI,Zonotrichia,albicollis,Passerellidae,10133,Yes,Forest,Lower
2008-10-10,4.0,CHI,Zonotrichia,albicollis,Passerellidae,10133,Yes,Forest,Lower
2008-10-10,4.0,CHI,Zonotrichia,albicollis,Passerellidae,10133,Yes,Forest,Lower
2008-10-10,4.0,CHI,Zonotrichia,albicollis,Passerellidae,10133,Yes,Forest,Lower
2008-10-10,4.0,CHI,troglodytes,hiemalis,Troglodytidae,474,No,Forest,Lower
2008-10-10,4.0,CHI,troglodytes,hiemalis,Troglodytidae,474,No,Forest,Lower
2008-10-10,4.0,CHI,Zonotrichia,albicollis,Passerellidae,10133,Yes,Forest,Lower
2008-10-10,4.0,CHI,Zonotrichia,albicollis,Passerellidae,10133,Yes,Forest,Lower
2008-10-10,4.0,CHI,Zonotrichia,albicollis,Passerellidae,10133,Yes,Forest,Lower
2008-10-10,4.0,CHI,troglodytes,hiemalis,Troglodytidae,474,No,Forest,Lower
2008-10-10,4.0,CHI,Zonotrichia,albicollis,Passerellidae,10133,Yes,Forest,Lower
2008-10-10,4.0,CHI,Zonotrichia,albicollis,Passerellidae,10133,Yes,Forest,Lower
2008-10-10,4.0,CHI,Zonotrichia,albicollis,Passerellidae,10133,Yes,Forest,Lower
2008-10-10,4.0,CHI,Zonotrichia,albicollis,Passerellidae,10133,Yes,Forest,Lower
2008-10-10,4.0,CHI,Oreothlypis,ruficapilla,Parulidae,1690,Yes,Forest,Upper
2008-10-10,4.0,CHI,Oreothlypis,ruficapilla,Parulidae,1690,Yes,Forest,Upper
2008-10-10,4.0,CHI,Zonotrichia,albicollis,Passerellidae,10133,Yes,Forest,Lower
2008-10-10,4.0,MP,Zonotrichia,albicollis,Passerellidae,10133,Yes,Forest,Lower
2008-10-10,4.0,CHI,Zonotrichia,albicollis,Passerellidae,10133,Yes,Forest,Lower
2008-10-10,4.0,CHI,Junco,hyemalis,Passerellidae,6303,Yes,Edge,Lower
2008-10-10,4.0,CHI,Regulus,satrapa,Regulidae,1029,Yes,Forest,Upper
2008-10-10,4.0,MP,Zonotrichia,albicollis,Passerellidae,10133,Yes,Forest,Lower
2008-10-10,4.0,CHI,Zonotrichia,albicollis,Passerellidae,10133,Yes,Forest,Lower
2008-10-10,4.0,CHI,Zonotrichia,albicollis,Passerellidae,10133,Yes,Forest,Lower
2008-10-10,4.0,CHI,Zonotrichia,albicollis,Passerellidae,10133,Yes,Forest,Lower
2008-10-10,4.0,MP,Passerella,iliaca,Passerellidae,2443,Yes,Edge,Lower
2008-10-10,4.0,CHI,Zonotrichia,albicollis,Passerellidae,10133,Yes,Forest,Lower
2008-10-10,4.0,CHI,Zonotrichia,albicollis,Passerellidae,10133,Yes,Forest,Lower
2008-10-10,4.0,CHI,Zonotrichia,albicollis,Passerellidae,10133,Yes,Forest,Lower
2008-10-10,4.0,CHI,Regulus,satrapa,Regulidae,1029,Yes,Forest,Upper
2008-10-10,4.0,CHI,Zonotrichia,albicollis,Passerellidae,10133,Yes,Forest,Lower
2008-10-10,4.0,CHI,Regulus,satrapa,Regulidae,1029,Yes,Forest,Upper
2008-10-10,4.0,CHI,Zonotrichia,albicollis,Passerellidae,10133,Yes,Forest,Lower
2008-10-10,4.0,CHI,Zonotrichia,albicollis,Passerellidae,10133,Yes,Forest,Lower
2008-10-10,4.0,CHI,Sitta,canadensis,Sittidae,260,Yes,Forest,Upper
2008-10-10,4.0,CHI,Zonotrichia,albicollis,Passerellidae,10133,Yes,Forest,Lower
2008-10-10,4.0,CHI,Zonotrichia,albicollis,Passerellidae,10133,Yes,Forest,Lower
2008-10-10,4.0,CHI,Zonotrichia,albicollis,Passerellidae,10133,Yes,Forest,Lower
2008-10-10,4.0,CHI,Zonotrichia,albicollis,Passerellidae,10133,Yes,Forest,Lower
2008-10-11,4.0,CHI,troglodytes,hiemalis,Troglodytidae,474,No,Forest,Lower
2008-10-11,4.0,CHI,troglodytes,hiemalis,Troglodytidae,474,No,Forest,Lower
2008-10-11,4.0,CHI,Oreothlypis,ruficapilla,Parulidae,1690,Yes,Forest,Upper
2008-10-11,4.0,CHI,Zonotrichia,albicollis,Passerellidae,10133,Yes,Forest,Lower
2008-10-11,4.0,CHI,Zonotrichia,albicollis,Passerellidae,10133,Yes,Forest,Lower
2008-10-11,4.0,MP,Zonotrichia,albicollis,Passerellidae,10133,Yes,Forest,Lower
2008-10-11,4.0,MP,Zonotrichia,albicollis,Passerellidae,10133,Yes,Forest,Lower
2008-10-11,4.0,MP,Zonotrichia,albicollis,Passerellidae,10133,Yes,Forest,Lower
2008-10-11,4.0,CHI,Zonotrichia,albicollis,Passerellidae,10133,Yes,Forest,Lower
2008-10-11,4.0,CHI,Zonotrichia,albicollis,Passerellidae,10133,Yes,Forest,Lower
2008-10-11,4.0,CHI,Zonotrichia,albicollis,Passerellidae,10133,Yes,Forest,Lower
2008-10-11,4.0,CHI,Zonotrichia,albicollis,Passerellidae,10133,Yes,Forest,Lower
2008-10-11,4.0,CHI,Zonotrichia,albicollis,Passerellidae,10133,Yes,Forest,Lower
2008-10-11,4.0,CHI,Zonotrichia,albicollis,Passerellidae,10133,Yes,Forest,Lower
2008-10-11,4.0,CHI,Zonotrichia,albicollis,Passerellidae,10133,Yes,Forest,Lower
2008-10-11,4.0,CHI,Zonotrichia,albicollis,Passerellidae,10133,Yes,Forest,Lower
2008-10-11,4.0,MP,Zonotrichia,albicollis,Passerellidae,10133,Yes,Forest,Lower
2008-10-11,4.0,CHI,Zonotrichia,albicollis,Passerellidae,10133,Yes,Forest,Lower
2008-10-11,4.0,CHI,Zonotrichia,albicollis,Passerellidae,10133,Yes,Forest,Lower
2008-10-11,4.0,CHI,Zonotrichia,albicollis,Passerellidae,10133,Yes,Forest,Lower
2008-10-11,4.0,CHI,Zonotrichia,albicollis,Passerellidae,10133,Yes,Forest,Lower
2008-10-11,4.0,CHI,Zonotrichia,albicollis,Passerellidae,10133,Yes,Forest,Lower
2008-10-11,4.0,CHI,Zonotrichia,albicollis,Passerellidae,10133,Yes,Forest,Lower
2008-10-11,4.0,CHI,Zonotrichia,albicollis,Passerellidae,10133,Yes,Forest,Lower
2008-10-11,4.0,CHI,Junco,hyemalis,Passerellidae,6303,Yes,Edge,Lower
2008-10-11,4.0,CHI,Junco,hyemalis,Passerellidae,6303,Yes,Edge,Lower
2008-10-11,4.0,CHI,Melospiza,lincolnii,Passerellidae,2029,yes,edge,Lower
2008-10-11,4.0,CHI,Passerella,iliaca,Passerellidae,2443,Yes,Edge,Lower
2008-10-11,4.0,CHI,Zonotrichia,leucophrys,Passerellidae,1090,Yes,Edge,Lower
2008-10-11,4.0,CHI,Zonotrichia,albicollis,Passerellidae,10133,Yes,Forest,Lower
2008-10-11,4.0,MP,Zonotrichia,albicollis,Passerellidae,10133,Yes,Forest,Lower
2008-10-11,4.0,CHI,Hylocichla,mustelina,Turdidae,500,Yes,Forest,Lower
2008-10-11,4.0,CHI,Catharus,guttatus,Turdidae,3729,Yes,Forest,Lower
2008-10-11,4.0,CHI,Zonotrichia,albicollis,Passerellidae,10133,Yes,Forest,Lower
2008-10-11,4.0,CHI,Zonotrichia,albicollis,Passerellidae,10133,Yes,Forest,Lower
2008-10-11,4.0,CHI,Zonotrichia,albicollis,Passerellidae,10133,Yes,Forest,Lower
2008-10-11,4.0,CHI,Zonotrichia,albicollis,Passerellidae,10133,Yes,Forest,Lower
2008-10-11,4.0,MP,Zonotrichia,albicollis,Passerellidae,10133,Yes,Forest,Lower
2008-10-11,4.0,CHI,Zonotrichia,albicollis,Passerellidae,10133,Yes,Forest,Lower
2008-10-11,4.0,CHI,Zonotrichia,albicollis,Passerellidae,10133,Yes,Forest,Lower
2008-10-11,4.0,CHI,Zonotrichia,albicollis,Passerellidae,10133,Yes,Forest,Lower
2008-10-12,4.0,CHI,Zonotrichia,albicollis,Passerellidae,10133,Yes,Forest,Lower
2008-10-12,4.0,CHI,Zonotrichia,albicollis,Passerellidae,10133,Yes,Forest,Lower
2008-10-12,4.0,CHI,Zonotrichia,albicollis,Passerellidae,10133,Yes,Forest,Lower
2008-10-12,4.0,CHI,Zonotrichia,albicollis,Passerellidae,10133,Yes,Forest,Lower
2008-10-12,4.0,CHI,Catharus,guttatus,Turdidae,3729,Yes,Forest,Lower
2008-10-12,4.0,CHI,Zonotrichia,albicollis,Passerellidae,10133,Yes,Forest,Lower
2008-10-12,4.0,CHI,Zonotrichia,albicollis,Passerellidae,10133,Yes,Forest,Lower
2008-10-12,4.0,CHI,Zonotrichia,albicollis,Passerellidae,10133,Yes,Forest,Lower
2008-10-12,4.0,CHI,Zonotrichia,albicollis,Passerellidae,10133,Yes,Forest,Lower
2008-10-12,4.0,CHI,Zonotrichia,albicollis,Passerellidae,10133,Yes,Forest,Lower
2008-10-12,4.0,CHI,Zonotrichia,albicollis,Passerellidae,10133,Yes,Forest,Lower
2008-10-12,4.0,MP,Catharus,guttatus,Turdidae,3729,Yes,Forest,Lower
2008-10-12,4.0,CHI,Zonotrichia,albicollis,Passerellidae,10133,Yes,Forest,Lower
2008-10-12,4.0,CHI,Zonotrichia,albicollis,Passerellidae,10133,Yes,Forest,Lower
2008-10-12,4.0,CHI,Zonotrichia,albicollis,Passerellidae,10133,Yes,Forest,Lower
2008-10-12,4.0,CHI,Zonotrichia,albicollis,Passerellidae,10133,Yes,Forest,Lower
2008-10-12,4.0,CHI,Zonotrichia,leucophrys,Passerellidae,1090,Yes,Edge,Lower
2008-10-12,4.0,CHI,Junco,hyemalis,Passerellidae,6303,Yes,Edge,Lower
2008-10-12,4.0,CHI,Oreothlypis,ruficapilla,Parulidae,1690,Yes,Forest,Upper
2008-10-12,4.0,CHI,Zonotrichia,leucophrys,Passerellidae,1090,Yes,Edge,Lower
2008-10-12,4.0,CHI,Oreothlypis,ruficapilla,Parulidae,1690,Yes,Forest,Upper
2008-10-12,4.0,CHI,Setophaga,virens,Parulidae,223,Yes,Forest,Upper
2008-10-12,4.0,CHI,Zonotrichia,albicollis,Passerellidae,10133,Yes,Forest,Lower
2008-10-12,4.0,CHI,Setophaga,striata,Parulidae,787,Yes,Forest,Upper
2008-10-12,4.0,CHI,Setophaga,coronata,Parulidae,887,yes,forest,Upper
2008-10-12,4.0,MP,Melospiza,lincolnii,Passerellidae,2029,yes,edge,Lower
2008-10-12,4.0,CHI,Melospiza,lincolnii,Passerellidae,2029,yes,edge,Lower
2008-10-12,4.0,CHI,Zonotrichia,albicollis,Passerellidae,10133,Yes,Forest,Lower
2008-10-12,4.0,MP,Zonotrichia,albicollis,Passerellidae,10133,Yes,Forest,Lower
2008-10-12,4.0,CHI,Zonotrichia,albicollis,Passerellidae,10133,Yes,Forest,Lower
2008-10-12,4.0,CHI,Zonotrichia,albicollis,Passerellidae,10133,Yes,Forest,Lower
2008-10-13,4.0,CHI,Junco,hyemalis,Passerellidae,6303,Yes,Edge,Lower
2008-10-13,4.0,CHI,Zonotrichia,albicollis,Passerellidae,10133,Yes,Forest,Lower
2008-10-13,4.0,CHI,Zonotrichia,albicollis,Passerellidae,10133,Yes,Forest,Lower
2008-10-13,4.0,CHI,Junco,hyemalis,Passerellidae,6303,Yes,Edge,Lower
2008-10-13,4.0,CHI,Zonotrichia,albicollis,Passerellidae,10133,Yes,Forest,Lower
2008-10-13,4.0,CHI,Zonotrichia,albicollis,Passerellidae,10133,Yes,Forest,Lower
2008-10-13,4.0,CHI,Zonotrichia,albicollis,Passerellidae,10133,Yes,Forest,Lower
2008-10-13,4.0,CHI,Zonotrichia,albicollis,Passerellidae,10133,Yes,Forest,Lower
2008-10-13,4.0,CHI,Zonotrichia,albicollis,Passerellidae,10133,Yes,Forest,Lower
2008-10-13,4.0,MP,Melospiza,lincolnii,Passerellidae,2029,yes,edge,Lower
2008-10-13,4.0,CHI,Oreothlypis,peregrina,Parulidae,2515,Yes,Edge,Upper
2008-10-13,4.0,CHI,Zonotrichia,albicollis,Passerellidae,10133,Yes,Forest,Lower
2008-10-13,4.0,CHI,Junco,hyemalis,Passerellidae,6303,Yes,Edge,Lower
2008-10-13,4.0,CHI,Zonotrichia,albicollis,Passerellidae,10133,Yes,Forest,Lower
2008-10-13,4.0,CHI,Pipilo,erythrophthalmus,Passerellidae,82,Rare,Edge,Lower
2008-10-13,4.0,CHI,Catharus,guttatus,Turdidae,3729,Yes,Forest,Lower
2008-10-13,4.0,MP,catharus,ustulatus,Turdidae,2331,Yes,Forest,Lower
2008-10-14,4.0,MP,Regulus,satrapa,Regulidae,1029,Yes,Forest,Upper
2008-10-14,4.0,CHI,Zonotrichia,albicollis,Passerellidae,10133,Yes,Forest,Lower
2008-10-14,4.0,CHI,Junco,hyemalis,Passerellidae,6303,Yes,Edge,Lower
2008-10-14,4.0,CHI,Passerella,iliaca,Passerellidae,2443,Yes,Edge,Lower
2008-10-14,4.0,MP,Melospiza,melodia,Passerellidae,5124,Yes,Edge,Lower
2008-10-15,4.0,CHI,Catharus,guttatus,Turdidae,3729,Yes,Forest,Lower
2008-10-15,4.0,CHI,Catharus,guttatus,Turdidae,3729,Yes,Forest,Lower
2008-10-15,4.0,CHI,Catharus,guttatus,Turdidae,3729,Yes,Forest,Lower
2008-10-15,4.0,CHI,Setophaga,palmarum,Parulidae,694,Yes,Edge,Lower
2008-10-15,4.0,CHI,Zonotrichia,albicollis,Passerellidae,10133,Yes,Forest,Lower
2008-10-15,4.0,CHI,Setophaga,palmarum,Parulidae,694,Yes,Edge,Lower
2008-10-15,4.0,CHI,Catharus,guttatus,Turdidae,3729,Yes,Forest,Lower
2008-10-15,4.0,CHI,Zonotrichia,albicollis,Passerellidae,10133,Yes,Forest,Lower
2008-10-15,4.0,CHI,Zonotrichia,albicollis,Passerellidae,10133,Yes,Forest,Lower
2008-10-15,4.0,CHI,Zonotrichia,albicollis,Passerellidae,10133,Yes,Forest,Lower
2008-10-15,4.0,CHI,Zonotrichia,albicollis,Passerellidae,10133,Yes,Forest,Lower
2008-10-15,4.0,CHI,Zonotrichia,albicollis,Passerellidae,10133,Yes,Forest,Lower
2008-10-15,4.0,CHI,Zonotrichia,albicollis,Passerellidae,10133,Yes,Forest,Lower
2008-10-15,4.0,CHI,Zonotrichia,albicollis,Passerellidae,10133,Yes,Forest,Lower
2008-10-15,4.0,CHI,Zonotrichia,albicollis,Passerellidae,10133,Yes,Forest,Lower
2008-10-15,4.0,CHI,Zonotrichia,albicollis,Passerellidae,10133,Yes,Forest,Lower
2008-10-15,4.0,MP,Catharus,guttatus,Turdidae,3729,Yes,Forest,Lower
2008-10-15,4.0,CHI,Catharus,guttatus,Turdidae,3729,Yes,Forest,Lower
2008-10-15,4.0,CHI,Regulus,satrapa,Regulidae,1029,Yes,Forest,Upper
2008-10-15,4.0,CHI,Setophaga,coronata,Parulidae,887,yes,forest,Upper
2008-10-15,4.0,CHI,Setophaga,coronata,Parulidae,887,yes,forest,Upper
2008-10-15,4.0,CHI,Mniotilta,varia,Parulidae,620,Yes,Forest,Upper
2008-10-15,4.0,CHI,Setophaga,coronata,Parulidae,887,yes,forest,Upper
2008-10-15,4.0,CHI,Setophaga,coronata,Parulidae,887,yes,forest,Upper
2008-10-15,4.0,CHI,Catharus,guttatus,Turdidae,3729,Yes,Forest,Lower
2008-10-15,4.0,MP,Setophaga,coronata,Parulidae,887,yes,forest,Upper
2008-10-15,4.0,CHI,Zonotrichia,leucophrys,Passerellidae,1090,Yes,Edge,Lower
2008-10-15,4.0,CHI,Oreothlypis,celata,Parulidae,227,Yes,Edge,Lower
2008-10-15,4.0,CHI,troglodytes,hiemalis,Troglodytidae,474,No,Forest,Lower
2008-10-15,4.0,CHI,Setophaga,pinus,Parulidae,49,Yes,Forest,Upper
2008-10-15,4.0,CHI,Melospiza,lincolnii,Passerellidae,2029,yes,edge,Lower
2008-10-15,4.0,MP,Catharus,guttatus,Turdidae,3729,Yes,Forest,Lower
2008-10-15,4.0,MP,Setophaga,coronata,Parulidae,887,yes,forest,Upper
2008-10-15,4.0,CHI,Zonotrichia,albicollis,Passerellidae,10133,Yes,Forest,Lower
2008-10-15,4.0,CHI,Zonotrichia,albicollis,Passerellidae,10133,Yes,Forest,Lower
2008-10-15,4.0,CHI,Zonotrichia,albicollis,Passerellidae,10133,Yes,Forest,Lower
2008-10-15,4.0,CHI,Zonotrichia,albicollis,Passerellidae,10133,Yes,Forest,Lower
2008-10-15,4.0,CHI,Junco,hyemalis,Passerellidae,6303,Yes,Edge,Lower
2008-10-15,4.0,CHI,Junco,hyemalis,Passerellidae,6303,Yes,Edge,Lower
2008-10-15,4.0,CHI,Junco,hyemalis,Passerellidae,6303,Yes,Edge,Lower
2008-10-15,4.0,MP,Melospiza,melodia,Passerellidae,5124,Yes,Edge,Lower
2008-10-15,4.0,CHI,Oreothlypis,ruficapilla,Parulidae,1690,Yes,Forest,Upper
2008-10-15,4.0,CHI,Oreothlypis,ruficapilla,Parulidae,1690,Yes,Forest,Upper
2008-10-15,4.0,CHI,Oreothlypis,ruficapilla,Parulidae,1690,Yes,Forest,Upper
2008-10-15,4.0,CHI,Oreothlypis,ruficapilla,Parulidae,1690,Yes,Forest,Upper
2008-10-15,4.0,CHI,Oreothlypis,ruficapilla,Parulidae,1690,Yes,Forest,Upper
2008-10-15,4.0,CHI,Setophaga,palmarum,Parulidae,694,Yes,Edge,Lower
2008-10-15,4.0,CHI,dumetella,carolinensis,Mimidae,599,no,edge,Lower
2008-10-15,4.0,CHI,Regulus,calendula,Regulidae,416,No,Forest,Upper
2008-10-15,4.0,CHI,Oreothlypis,ruficapilla,Parulidae,1690,Yes,Forest,Upper
2008-10-15,4.0,CHI,Melospiza,melodia,Passerellidae,5124,Yes,Edge,Lower
2008-10-15,4.0,CHI,Zonotrichia,albicollis,Passerellidae,10133,Yes,Forest,Lower
2008-10-15,4.0,CHI,Zonotrichia,albicollis,Passerellidae,10133,Yes,Forest,Lower
2008-10-15,4.0,CHI,Zonotrichia,albicollis,Passerellidae,10133,Yes,Forest,Lower
2008-10-15,4.0,MP,Zonotrichia,albicollis,Passerellidae,10133,Yes,Forest,Lower
2008-10-15,4.0,CHI,Zonotrichia,albicollis,Passerellidae,10133,Yes,Forest,Lower
2008-10-15,4.0,CHI,Zonotrichia,albicollis,Passerellidae,10133,Yes,Forest,Lower
2008-10-15,4.0,CHI,Zonotrichia,albicollis,Passerellidae,10133,Yes,Forest,Lower
2008-10-15,4.0,CHI,Zonotrichia,albicollis,Passerellidae,10133,Yes,Forest,Lower
2008-10-15,4.0,CHI,Zonotrichia,albicollis,Passerellidae,10133,Yes,Forest,Lower
2008-10-15,4.0,CHI,Zonotrichia,albicollis,Passerellidae,10133,Yes,Forest,Lower
2008-10-15,4.0,CHI,Zonotrichia,albicollis,Passerellidae,10133,Yes,Forest,Lower
2008-10-15,4.0,CHI,Zonotrichia,albicollis,Passerellidae,10133,Yes,Forest,Lower
2008-10-15,4.0,CHI,Setophaga,palmarum,Parulidae,694,Yes,Edge,Lower
2008-10-15,4.0,CHI,Zonotrichia,albicollis,Passerellidae,10133,Yes,Forest,Lower
2008-10-15,4.0,CHI,Zonotrichia,albicollis,Passerellidae,10133,Yes,Forest,Lower
2008-10-15,4.0,CHI,Zonotrichia,albicollis,Passerellidae,10133,Yes,Forest,Lower
2008-10-15,4.0,MP,Zonotrichia,albicollis,Passerellidae,10133,Yes,Forest,Lower
2008-10-15,4.0,MP,Zonotrichia,albicollis,Passerellidae,10133,Yes,Forest,Lower
2008-10-15,4.0,MP,Zonotrichia,albicollis,Passerellidae,10133,Yes,Forest,Lower
2008-10-15,4.0,CHI,Setophaga,palmarum,Parulidae,694,Yes,Edge,Lower
2008-10-15,4.0,MP,Zonotrichia,albicollis,Passerellidae,10133,Yes,Forest,Lower
2008-10-15,4.0,CHI,Melospiza,lincolnii,Passerellidae,2029,yes,edge,Lower
2008-10-15,4.0,CHI,Setophaga,palmarum,Parulidae,694,Yes,Edge,Lower
2008-10-15,4.0,CHI,Geothlypis,trichas,Parulidae,1555,Yes,Open,Lower
2008-10-15,4.0,CHI,Seiurus,aurocapilla,Parulidae,4580,Yes,Forest,Lower
2008-10-15,4.0,CHI,Geothlypis,trichas,Parulidae,1555,Yes,Open,Lower
2008-10-16,4.0,CHI,troglodytes,hiemalis,Troglodytidae,474,No,Forest,Lower
2008-10-16,4.0,CHI,Regulus,satrapa,Regulidae,1029,Yes,Forest,Upper
2008-10-16,4.0,CHI,Regulus,satrapa,Regulidae,1029,Yes,Forest,Upper
2008-10-16,4.0,CHI,Zonotrichia,albicollis,Passerellidae,10133,Yes,Forest,Lower
2008-10-16,4.0,CHI,Zonotrichia,albicollis,Passerellidae,10133,Yes,Forest,Lower
2008-10-16,4.0,CHI,Zonotrichia,albicollis,Passerellidae,10133,Yes,Forest,Lower
2008-10-16,4.0,CHI,Zonotrichia,albicollis,Passerellidae,10133,Yes,Forest,Lower
2008-10-16,4.0,CHI,Zonotrichia,albicollis,Passerellidae,10133,Yes,Forest,Lower
2008-10-16,4.0,CHI,Regulus,satrapa,Regulidae,1029,Yes,Forest,Upper
2008-10-16,4.0,CHI,Catharus,guttatus,Turdidae,3729,Yes,Forest,Lower
2008-10-16,4.0,CHI,Catharus,guttatus,Turdidae,3729,Yes,Forest,Lower
2008-10-16,4.0,MP,Junco,hyemalis,Passerellidae,6303,Yes,Edge,Lower
2008-10-16,4.0,CHI,Oreothlypis,ruficapilla,Parulidae,1690,Yes,Forest,Upper
2008-10-16,4.0,CHI,Catharus,guttatus,Turdidae,3729,Yes,Forest,Lower
2008-10-16,4.0,CHI,Catharus,guttatus,Turdidae,3729,Yes,Forest,Lower
2008-10-16,4.0,CHI,Zonotrichia,albicollis,Passerellidae,10133,Yes,Forest,Lower
2008-10-16,4.0,CHI,Catharus,guttatus,Turdidae,3729,Yes,Forest,Lower
2008-10-16,4.0,CHI,Junco,hyemalis,Passerellidae,6303,Yes,Edge,Lower
2008-10-16,4.0,CHI,Oreothlypis,ruficapilla,Parulidae,1690,Yes,Forest,Upper
2008-10-16,4.0,CHI,Oreothlypis,ruficapilla,Parulidae,1690,Yes,Forest,Upper
2008-10-16,4.0,CHI,Setophaga,coronata,Parulidae,887,yes,forest,Upper
2008-10-16,4.0,CHI,Catharus,guttatus,Turdidae,3729,Yes,Forest,Lower
2008-10-16,4.0,MP,Junco,hyemalis,Passerellidae,6303,Yes,Edge,Lower
2008-10-16,4.0,CHI,Catharus,guttatus,Turdidae,3729,Yes,Forest,Lower
2008-10-16,4.0,CHI,Junco,hyemalis,Passerellidae,6303,Yes,Edge,Lower
2008-10-16,4.0,CHI,Zonotrichia,albicollis,Passerellidae,10133,Yes,Forest,Lower
2008-10-16,4.0,CHI,troglodytes,hiemalis,Troglodytidae,474,No,Forest,Lower
2008-10-16,4.0,CHI,Catharus,guttatus,Turdidae,3729,Yes,Forest,Lower
2008-10-16,4.0,CHI,Melospiza,lincolnii,Passerellidae,2029,yes,edge,Lower
2008-10-16,4.0,CHI,Melospiza,lincolnii,Passerellidae,2029,yes,edge,Lower
2008-10-16,4.0,MP,Zonotrichia,albicollis,Passerellidae,10133,Yes,Forest,Lower
2008-10-16,4.0,CHI,Catharus,guttatus,Turdidae,3729,Yes,Forest,Lower
2008-10-16,4.0,CHI,Catharus,guttatus,Turdidae,3729,Yes,Forest,Lower
2008-10-16,4.0,CHI,Passerella,iliaca,Passerellidae,2443,Yes,Edge,Lower
2008-10-16,4.0,CHI,Passerella,iliaca,Passerellidae,2443,Yes,Edge,Lower
2008-10-16,4.0,CHI,Oreothlypis,peregrina,Parulidae,2515,Yes,Edge,Upper
2008-10-16,4.0,CHI,Passerella,iliaca,Passerellidae,2443,Yes,Edge,Lower
2008-10-16,4.0,CHI,Passerella,iliaca,Passerellidae,2443,Yes,Edge,Lower
2008-10-16,4.0,CHI,dumetella,carolinensis,Mimidae,599,no,edge,Lower
2008-10-16,4.0,CHI,Zonotrichia,leucophrys,Passerellidae,1090,Yes,Edge,Lower
2008-10-16,4.0,MP,Passerella,iliaca,Passerellidae,2443,Yes,Edge,Lower
2008-10-16,4.0,CHI,Oreothlypis,peregrina,Parulidae,2515,Yes,Edge,Upper
2008-10-16,4.0,MP,Setophaga,coronata,Parulidae,887,yes,forest,Upper
2008-10-16,4.0,CHI,Zonotrichia,albicollis,Passerellidae,10133,Yes,Forest,Lower
2008-10-16,4.0,CHI,Regulus,satrapa,Regulidae,1029,Yes,Forest,Upper
2008-10-16,4.0,CHI,Setophaga,coronata,Parulidae,887,yes,forest,Upper
2008-10-16,4.0,CHI,Zonotrichia,albicollis,Passerellidae,10133,Yes,Forest,Lower
2008-10-16,4.0,CHI,Zonotrichia,albicollis,Passerellidae,10133,Yes,Forest,Lower
2008-10-16,4.0,CHI,Junco,hyemalis,Passerellidae,6303,Yes,Edge,Lower
2008-10-16,4.0,CHI,Junco,hyemalis,Passerellidae,6303,Yes,Edge,Lower
2008-10-16,4.0,CHI,Zonotrichia,albicollis,Passerellidae,10133,Yes,Forest,Lower
2008-10-16,4.0,MP,zonotrichia,querula,Passerellidae,2,Yes,Edge,Lower
2008-10-16,4.0,CHI,Zonotrichia,albicollis,Passerellidae,10133,Yes,Forest,Lower
2008-10-16,4.0,CHI,Troglodytes,aedon,Troglodytidae,104,No,Edge,Lower
2008-10-16,4.0,CHI,Catharus,guttatus,Turdidae,3729,Yes,Forest,Lower
2008-10-16,4.0,CHI,Junco,hyemalis,Passerellidae,6303,Yes,Edge,Lower
2008-10-16,4.0,CHI,Zonotrichia,albicollis,Passerellidae,10133,Yes,Forest,Lower
2008-10-16,4.0,CHI,Zonotrichia,albicollis,Passerellidae,10133,Yes,Forest,Lower
2008-10-16,4.0,CHI,Zonotrichia,albicollis,Passerellidae,10133,Yes,Forest,Lower
2008-10-16,4.0,CHI,Regulus,calendula,Regulidae,416,No,Forest,Upper
2008-10-16,4.0,MP,Passerella,iliaca,Passerellidae,2443,Yes,Edge,Lower
2008-10-16,4.0,CHI,Zonotrichia,albicollis,Passerellidae,10133,Yes,Forest,Lower
2008-10-16,4.0,CHI,Zonotrichia,albicollis,Passerellidae,10133,Yes,Forest,Lower
2008-10-16,4.0,CHI,Zonotrichia,albicollis,Passerellidae,10133,Yes,Forest,Lower
2008-10-16,4.0,MP,Passerella,iliaca,Passerellidae,2443,Yes,Edge,Lower
2008-10-16,4.0,CHI,Zonotrichia,albicollis,Passerellidae,10133,Yes,Forest,Lower
2008-10-16,4.0,CHI,Zonotrichia,albicollis,Passerellidae,10133,Yes,Forest,Lower
2008-10-16,4.0,CHI,Zonotrichia,albicollis,Passerellidae,10133,Yes,Forest,Lower
2008-10-16,4.0,CHI,Zonotrichia,albicollis,Passerellidae,10133,Yes,Forest,Lower
2008-10-16,4.0,CHI,Catharus,guttatus,Turdidae,3729,Yes,Forest,Lower
2008-10-16,4.0,CHI,Geothlypis,trichas,Parulidae,1555,Yes,Open,Lower
2008-10-16,4.0,CHI,Zonotrichia,albicollis,Passerellidae,10133,Yes,Forest,Lower
2008-10-16,4.0,CHI,troglodytes,hiemalis,Troglodytidae,474,No,Forest,Lower
2008-10-16,4.0,CHI,Zonotrichia,albicollis,Passerellidae,10133,Yes,Forest,Lower
2008-10-16,4.0,CHI,troglodytes,hiemalis,Troglodytidae,474,No,Forest,Lower
2008-10-16,4.0,CHI,Zonotrichia,albicollis,Passerellidae,10133,Yes,Forest,Lower
2008-10-16,4.0,CHI,Zonotrichia,albicollis,Passerellidae,10133,Yes,Forest,Lower
2008-10-16,4.0,CHI,Setophaga,coronata,Parulidae,887,yes,forest,Upper
2008-10-16,4.0,CHI,Zonotrichia,albicollis,Passerellidae,10133,Yes,Forest,Lower
2008-10-16,4.0,CHI,Catharus,guttatus,Turdidae,3729,Yes,Forest,Lower
2008-10-16,4.0,CHI,Junco,hyemalis,Passerellidae,6303,Yes,Edge,Lower
2008-10-16,4.0,CHI,Junco,hyemalis,Passerellidae,6303,Yes,Edge,Lower
2008-10-16,4.0,CHI,Junco,hyemalis,Passerellidae,6303,Yes,Edge,Lower
2008-10-16,4.0,CHI,Junco,hyemalis,Passerellidae,6303,Yes,Edge,Lower
2008-10-16,4.0,CHI,Junco,hyemalis,Passerellidae,6303,Yes,Edge,Lower
2008-10-16,4.0,CHI,Junco,hyemalis,Passerellidae,6303,Yes,Edge,Lower
2008-10-16,4.0,CHI,Junco,hyemalis,Passerellidae,6303,Yes,Edge,Lower
2008-10-16,4.0,CHI,Junco,hyemalis,Passerellidae,6303,Yes,Edge,Lower
2008-10-16,4.0,CHI,Junco,hyemalis,Passerellidae,6303,Yes,Edge,Lower
2008-10-16,4.0,CHI,Catharus,guttatus,Turdidae,3729,Yes,Forest,Lower
2008-10-16,4.0,CHI,Junco,hyemalis,Passerellidae,6303,Yes,Edge,Lower
2008-10-16,4.0,CHI,Junco,hyemalis,Passerellidae,6303,Yes,Edge,Lower
2008-10-16,4.0,CHI,Junco,hyemalis,Passerellidae,6303,Yes,Edge,Lower
2008-10-16,4.0,CHI,Junco,hyemalis,Passerellidae,6303,Yes,Edge,Lower
2008-10-16,4.0,CHI,Junco,hyemalis,Passerellidae,6303,Yes,Edge,Lower
2008-10-16,4.0,CHI,Zonotrichia,albicollis,Passerellidae,10133,Yes,Forest,Lower
2008-10-16,4.0,CHI,Zonotrichia,albicollis,Passerellidae,10133,Yes,Forest,Lower
2008-10-16,4.0,CHI,Geothlypis,trichas,Parulidae,1555,Yes,Open,Lower
2008-10-16,4.0,CHI,Junco,hyemalis,Passerellidae,6303,Yes,Edge,Lower
2008-10-16,4.0,CHI,Junco,hyemalis,Passerellidae,6303,Yes,Edge,Lower
2008-10-16,4.0,MP,Zonotrichia,albicollis,Passerellidae,10133,Yes,Forest,Lower
2008-10-16,4.0,CHI,Junco,hyemalis,Passerellidae,6303,Yes,Edge,Lower
2008-10-16,4.0,CHI,Junco,hyemalis,Passerellidae,6303,Yes,Edge,Lower
2008-10-17,4.0,CHI,Catharus,guttatus,Turdidae,3729,Yes,Forest,Lower
2008-10-17,4.0,CHI,Zonotrichia,albicollis,Passerellidae,10133,Yes,Forest,Lower
2008-10-17,4.0,CHI,Catharus,guttatus,Turdidae,3729,Yes,Forest,Lower
2008-10-17,4.0,CHI,Catharus,guttatus,Turdidae,3729,Yes,Forest,Lower
2008-10-17,4.0,CHI,Zonotrichia,leucophrys,Passerellidae,1090,Yes,Edge,Lower
2008-10-17,4.0,MP,Zonotrichia,leucophrys,Passerellidae,1090,Yes,Edge,Lower
2008-10-17,4.0,MP,Catharus,guttatus,Turdidae,3729,Yes,Forest,Lower
2008-10-17,4.0,CHI,Zonotrichia,albicollis,Passerellidae,10133,Yes,Forest,Lower
2008-10-17,4.0,CHI,Zonotrichia,albicollis,Passerellidae,10133,Yes,Forest,Lower
2008-10-17,4.0,CHI,Zonotrichia,albicollis,Passerellidae,10133,Yes,Forest,Lower
2008-10-17,4.0,CHI,Zonotrichia,albicollis,Passerellidae,10133,Yes,Forest,Lower
2008-10-17,4.0,CHI,Catharus,guttatus,Turdidae,3729,Yes,Forest,Lower
2008-10-17,4.0,CHI,Zonotrichia,albicollis,Passerellidae,10133,Yes,Forest,Lower
2008-10-17,4.0,CHI,Zonotrichia,albicollis,Passerellidae,10133,Yes,Forest,Lower
2008-10-17,4.0,CHI,Zonotrichia,albicollis,Passerellidae,10133,Yes,Forest,Lower
2008-10-17,4.0,CHI,Junco,hyemalis,Passerellidae,6303,Yes,Edge,Lower
2008-10-17,4.0,CHI,Junco,hyemalis,Passerellidae,6303,Yes,Edge,Lower
2008-10-17,4.0,CHI,Junco,hyemalis,Passerellidae,6303,Yes,Edge,Lower
2008-10-17,4.0,CHI,Junco,hyemalis,Passerellidae,6303,Yes,Edge,Lower
2008-10-17,4.0,CHI,Junco,hyemalis,Passerellidae,6303,Yes,Edge,Lower
2008-10-17,4.0,MP,Junco,hyemalis,Passerellidae,6303,Yes,Edge,Lower
2008-10-17,4.0,CHI,Zonotrichia,albicollis,Passerellidae,10133,Yes,Forest,Lower
2008-10-17,4.0,CHI,Junco,hyemalis,Passerellidae,6303,Yes,Edge,Lower
2008-10-17,4.0,CHI,Zonotrichia,albicollis,Passerellidae,10133,Yes,Forest,Lower
2008-10-17,4.0,CHI,Zonotrichia,albicollis,Passerellidae,10133,Yes,Forest,Lower
2008-10-17,4.0,CHI,Zonotrichia,albicollis,Passerellidae,10133,Yes,Forest,Lower
2008-10-17,4.0,CHI,Zonotrichia,albicollis,Passerellidae,10133,Yes,Forest,Lower
2008-10-17,4.0,CHI,Regulus,calendula,Regulidae,416,No,Forest,Upper
2008-10-17,4.0,CHI,troglodytes,hiemalis,Troglodytidae,474,No,Forest,Lower
2008-10-17,4.0,CHI,Zonotrichia,albicollis,Passerellidae,10133,Yes,Forest,Lower
2008-10-17,4.0,CHI,Zonotrichia,albicollis,Passerellidae,10133,Yes,Forest,Lower
2008-10-17,4.0,CHI,Zonotrichia,albicollis,Passerellidae,10133,Yes,Forest,Lower
2008-10-17,4.0,CHI,Zonotrichia,albicollis,Passerellidae,10133,Yes,Forest,Lower
2008-10-17,4.0,CHI,Junco,hyemalis,Passerellidae,6303,Yes,Edge,Lower
2008-10-17,4.0,CHI,Zonotrichia,albicollis,Passerellidae,10133,Yes,Forest,Lower
2008-10-17,4.0,CHI,Melospiza,melodia,Passerellidae,5124,Yes,Edge,Lower
2008-10-17,4.0,CHI,Melospiza,melodia,Passerellidae,5124,Yes,Edge,Lower
2008-10-17,4.0,CHI,Zonotrichia,albicollis,Passerellidae,10133,Yes,Forest,Lower
2008-10-17,4.0,CHI,Zonotrichia,albicollis,Passerellidae,10133,Yes,Forest,Lower
2008-10-17,4.0,CHI,Melospiza,lincolnii,Passerellidae,2029,yes,edge,Lower
2008-10-17,4.0,CHI,Zonotrichia,albicollis,Passerellidae,10133,Yes,Forest,Lower
2008-10-17,4.0,CHI,Zonotrichia,albicollis,Passerellidae,10133,Yes,Forest,Lower
2008-10-17,4.0,CHI,Zonotrichia,albicollis,Passerellidae,10133,Yes,Forest,Lower
2008-10-17,4.0,CHI,Zonotrichia,albicollis,Passerellidae,10133,Yes,Forest,Lower
2008-10-17,4.0,CHI,Melospiza,lincolnii,Passerellidae,2029,yes,edge,Lower
2008-10-17,4.0,CHI,Melospiza,lincolnii,Passerellidae,2029,yes,edge,Lower
2008-10-17,4.0,CHI,Junco,hyemalis,Passerellidae,6303,Yes,Edge,Lower
2008-10-17,4.0,CHI,Junco,hyemalis,Passerellidae,6303,Yes,Edge,Lower
2008-10-17,4.0,CHI,Junco,hyemalis,Passerellidae,6303,Yes,Edge,Lower
2008-10-17,4.0,CHI,Junco,hyemalis,Passerellidae,6303,Yes,Edge,Lower
2008-10-17,4.0,CHI,Zonotrichia,albicollis,Passerellidae,10133,Yes,Forest,Lower
2008-10-17,4.0,CHI,Zonotrichia,albicollis,Passerellidae,10133,Yes,Forest,Lower
2008-10-17,4.0,CHI,Zonotrichia,albicollis,Passerellidae,10133,Yes,Forest,Lower
2008-10-17,4.0,CHI,Zonotrichia,albicollis,Passerellidae,10133,Yes,Forest,Lower
2008-10-17,4.0,CHI,Zonotrichia,albicollis,Passerellidae,10133,Yes,Forest,Lower
2008-10-17,4.0,CHI,Oreothlypis,ruficapilla,Parulidae,1690,Yes,Forest,Upper
2008-10-17,4.0,CHI,Zonotrichia,albicollis,Passerellidae,10133,Yes,Forest,Lower
2008-10-17,4.0,CHI,Passerella,iliaca,Passerellidae,2443,Yes,Edge,Lower
2008-10-17,4.0,CHI,Passerella,iliaca,Passerellidae,2443,Yes,Edge,Lower
2008-10-17,4.0,CHI,Passerella,iliaca,Passerellidae,2443,Yes,Edge,Lower
2008-10-17,4.0,CHI,Zonotrichia,albicollis,Passerellidae,10133,Yes,Forest,Lower
2008-10-17,4.0,CHI,Zonotrichia,albicollis,Passerellidae,10133,Yes,Forest,Lower
2008-10-17,4.0,CHI,Zonotrichia,albicollis,Passerellidae,10133,Yes,Forest,Lower
2008-10-17,4.0,CHI,Zonotrichia,albicollis,Passerellidae,10133,Yes,Forest,Lower
2008-10-17,4.0,CHI,Zonotrichia,albicollis,Passerellidae,10133,Yes,Forest,Lower
2008-10-17,4.0,CHI,Oreothlypis,ruficapilla,Parulidae,1690,Yes,Forest,Upper
2008-10-17,4.0,CHI,Zonotrichia,albicollis,Passerellidae,10133,Yes,Forest,Lower
2008-10-17,4.0,CHI,Catharus,guttatus,Turdidae,3729,Yes,Forest,Lower
2008-10-17,4.0,CHI,Zonotrichia,albicollis,Passerellidae,10133,Yes,Forest,Lower
2008-10-17,4.0,CHI,Zonotrichia,albicollis,Passerellidae,10133,Yes,Forest,Lower
2008-10-17,4.0,CHI,Zonotrichia,albicollis,Passerellidae,10133,Yes,Forest,Lower
2008-10-17,4.0,CHI,Catharus,guttatus,Turdidae,3729,Yes,Forest,Lower
2008-10-17,4.0,CHI,Catharus,guttatus,Turdidae,3729,Yes,Forest,Lower
2008-10-17,4.0,MP,Catharus,guttatus,Turdidae,3729,Yes,Forest,Lower
2008-10-17,4.0,CHI,Zonotrichia,albicollis,Passerellidae,10133,Yes,Forest,Lower
2008-10-17,4.0,CHI,Zonotrichia,albicollis,Passerellidae,10133,Yes,Forest,Lower
2008-10-19,17.0,CHI,Zonotrichia,albicollis,Passerellidae,10133,Yes,Forest,Lower
2008-10-19,17.0,CHI,Zonotrichia,albicollis,Passerellidae,10133,Yes,Forest,Lower
2008-10-19,17.0,CHI,Regulus,calendula,Regulidae,416,No,Forest,Upper
2008-10-19,17.0,MP,Zonotrichia,albicollis,Passerellidae,10133,Yes,Forest,Lower
2008-10-19,17.0,CHI,troglodytes,hiemalis,Troglodytidae,474,No,Forest,Lower
2008-10-19,17.0,CHI,Zonotrichia,albicollis,Passerellidae,10133,Yes,Forest,Lower
2008-10-19,17.0,CHI,Regulus,calendula,Regulidae,416,No,Forest,Upper
2008-10-19,17.0,CHI,troglodytes,hiemalis,Troglodytidae,474,No,Forest,Lower
2008-10-19,17.0,CHI,Zonotrichia,albicollis,Passerellidae,10133,Yes,Forest,Lower
2008-10-19,17.0,CHI,Zonotrichia,albicollis,Passerellidae,10133,Yes,Forest,Lower
2008-10-19,17.0,CHI,Catharus,guttatus,Turdidae,3729,Yes,Forest,Lower
2008-10-19,17.0,CHI,Melospiza,lincolnii,Passerellidae,2029,yes,edge,Lower
2008-10-19,17.0,CHI,Regulus,satrapa,Regulidae,1029,Yes,Forest,Upper
2008-10-19,17.0,CHI,Zonotrichia,albicollis,Passerellidae,10133,Yes,Forest,Lower
2008-10-19,17.0,CHI,Sturnella,magna,Icteridae,13,Yes,Open,Lower
2008-10-19,17.0,CHI,Catharus,guttatus,Turdidae,3729,Yes,Forest,Lower
2008-10-19,17.0,CHI,Zonotrichia,albicollis,Passerellidae,10133,Yes,Forest,Lower
2008-10-19,17.0,CHI,Zonotrichia,albicollis,Passerellidae,10133,Yes,Forest,Lower
2008-10-19,17.0,CHI,Zonotrichia,albicollis,Passerellidae,10133,Yes,Forest,Lower
2008-10-19,17.0,CHI,Regulus,satrapa,Regulidae,1029,Yes,Forest,Upper
2008-10-20,15.0,CHI,Zonotrichia,albicollis,Passerellidae,10133,Yes,Forest,Lower
2008-10-20,15.0,CHI,Zonotrichia,albicollis,Passerellidae,10133,Yes,Forest,Lower
2008-10-20,15.0,CHI,Zonotrichia,albicollis,Passerellidae,10133,Yes,Forest,Lower
2008-10-20,15.0,CHI,Zonotrichia,albicollis,Passerellidae,10133,Yes,Forest,Lower
2008-10-20,15.0,MP,Melospiza,melodia,Passerellidae,5124,Yes,Edge,Lower
2008-10-20,15.0,CHI,Zonotrichia,albicollis,Passerellidae,10133,Yes,Forest,Lower
2008-10-20,15.0,CHI,Zonotrichia,albicollis,Passerellidae,10133,Yes,Forest,Lower
2008-10-20,15.0,CHI,Zonotrichia,albicollis,Passerellidae,10133,Yes,Forest,Lower
2008-10-21,15.0,MP,Junco,hyemalis,Passerellidae,6303,Yes,Edge,Lower
2008-10-21,15.0,CHI,Junco,hyemalis,Passerellidae,6303,Yes,Edge,Lower
2008-10-21,15.0,CHI,Junco,hyemalis,Passerellidae,6303,Yes,Edge,Lower
2008-10-21,15.0,CHI,Junco,hyemalis,Passerellidae,6303,Yes,Edge,Lower
2008-10-21,15.0,CHI,Passerella,iliaca,Passerellidae,2443,Yes,Edge,Lower
2008-10-21,15.0,CHI,Junco,hyemalis,Passerellidae,6303,Yes,Edge,Lower
2008-10-21,15.0,CHI,Junco,hyemalis,Passerellidae,6303,Yes,Edge,Lower
2008-10-21,15.0,CHI,Junco,hyemalis,Passerellidae,6303,Yes,Edge,Lower
2008-10-21,15.0,CHI,Junco,hyemalis,Passerellidae,6303,Yes,Edge,Lower
2008-10-21,15.0,CHI,Junco,hyemalis,Passerellidae,6303,Yes,Edge,Lower
2008-10-21,15.0,CHI,Junco,hyemalis,Passerellidae,6303,Yes,Edge,Lower
2008-10-21,15.0,CHI,Junco,hyemalis,Passerellidae,6303,Yes,Edge,Lower
2008-10-21,15.0,CHI,Junco,hyemalis,Passerellidae,6303,Yes,Edge,Lower
2008-10-21,15.0,MP,Junco,hyemalis,Passerellidae,6303,Yes,Edge,Lower
2008-10-21,15.0,MP,Regulus,calendula,Regulidae,416,No,Forest,Upper
2008-10-21,15.0,CHI,Zonotrichia,albicollis,Passerellidae,10133,Yes,Forest,Lower
2008-10-21,15.0,CHI,Catharus,guttatus,Turdidae,3729,Yes,Forest,Lower
2008-10-21,15.0,CHI,Catharus,guttatus,Turdidae,3729,Yes,Forest,Lower
2008-10-21,15.0,CHI,Zonotrichia,albicollis,Passerellidae,10133,Yes,Forest,Lower
2008-10-21,15.0,CHI,Melospiza,melodia,Passerellidae,5124,Yes,Edge,Lower
2008-10-21,15.0,CHI,Zonotrichia,albicollis,Passerellidae,10133,Yes,Forest,Lower
2008-10-21,15.0,CHI,Zonotrichia,albicollis,Passerellidae,10133,Yes,Forest,Lower
2008-10-21,15.0,CHI,Catharus,guttatus,Turdidae,3729,Yes,Forest,Lower
2008-10-21,15.0,CHI,Catharus,guttatus,Turdidae,3729,Yes,Forest,Lower
2008-10-21,15.0,CHI,Catharus,guttatus,Turdidae,3729,Yes,Forest,Lower
2008-10-21,15.0,CHI,Melospiza,melodia,Passerellidae,5124,Yes,Edge,Lower
2008-10-21,15.0,CHI,Spizelloides,arborea,Passerellidae,1262,Yes,Edge,Lower
2008-10-21,15.0,CHI,Catharus,guttatus,Turdidae,3729,Yes,Forest,Lower
2008-10-21,15.0,CHI,Spizelloides,arborea,Passerellidae,1262,Yes,Edge,Lower
2008-10-21,15.0,CHI,Spizelloides,arborea,Passerellidae,1262,Yes,Edge,Lower
2008-10-21,15.0,CHI,Regulus,satrapa,Regulidae,1029,Yes,Forest,Upper
2008-10-21,15.0,CHI,Regulus,satrapa,Regulidae,1029,Yes,Forest,Upper
2008-10-21,15.0,CHI,Regulus,satrapa,Regulidae,1029,Yes,Forest,Upper
2008-10-21,15.0,CHI,troglodytes,hiemalis,Troglodytidae,474,No,Forest,Lower
2008-10-21,15.0,CHI,Spizelloides,arborea,Passerellidae,1262,Yes,Edge,Lower
2008-10-22,15.0,CHI,Junco,hyemalis,Passerellidae,6303,Yes,Edge,Lower
2008-10-22,15.0,CHI,Junco,hyemalis,Passerellidae,6303,Yes,Edge,Lower
2008-10-22,15.0,CHI,Junco,hyemalis,Passerellidae,6303,Yes,Edge,Lower
2008-10-22,15.0,CHI,Passerella,iliaca,Passerellidae,2443,Yes,Edge,Lower
2008-10-22,15.0,MP,Junco,hyemalis,Passerellidae,6303,Yes,Edge,Lower
2008-10-22,15.0,MP,Junco,hyemalis,Passerellidae,6303,Yes,Edge,Lower
2008-10-22,15.0,MP,Junco,hyemalis,Passerellidae,6303,Yes,Edge,Lower
2008-10-22,15.0,CHI,Junco,hyemalis,Passerellidae,6303,Yes,Edge,Lower
2008-10-22,15.0,CHI,Regulus,calendula,Regulidae,416,No,Forest,Upper
2008-10-22,15.0,MP,Junco,hyemalis,Passerellidae,6303,Yes,Edge,Lower
2008-10-22,15.0,CHI,Zonotrichia,albicollis,Passerellidae,10133,Yes,Forest,Lower
2008-10-22,15.0,MP,Zonotrichia,albicollis,Passerellidae,10133,Yes,Forest,Lower
2008-10-22,15.0,CHI,Zonotrichia,albicollis,Passerellidae,10133,Yes,Forest,Lower
2008-10-22,15.0,CHI,Zonotrichia,albicollis,Passerellidae,10133,Yes,Forest,Lower
2008-10-22,15.0,CHI,Catharus,guttatus,Turdidae,3729,Yes,Forest,Lower
2008-10-22,15.0,CHI,Regulus,satrapa,Regulidae,1029,Yes,Forest,Upper
2008-10-22,15.0,CHI,Regulus,satrapa,Regulidae,1029,Yes,Forest,Upper
2008-10-23,14.0,MP,Regulus,satrapa,Regulidae,1029,Yes,Forest,Upper
2008-10-23,14.0,CHI,Junco,hyemalis,Passerellidae,6303,Yes,Edge,Lower
2008-10-23,14.0,CHI,Zonotrichia,albicollis,Passerellidae,10133,Yes,Forest,Lower
2008-10-23,14.0,CHI,Junco,hyemalis,Passerellidae,6303,Yes,Edge,Lower
2008-10-23,14.0,CHI,Zonotrichia,albicollis,Passerellidae,10133,Yes,Forest,Lower
2008-10-23,14.0,CHI,Zonotrichia,albicollis,Passerellidae,10133,Yes,Forest,Lower
2008-10-23,14.0,CHI,troglodytes,hiemalis,Troglodytidae,474,No,Forest,Lower
2008-10-23,14.0,CHI,Passerella,iliaca,Passerellidae,2443,Yes,Edge,Lower
2008-10-24,14.0,CHI,Zonotrichia,leucophrys,Passerellidae,1090,Yes,Edge,Lower
2008-10-24,14.0,MP,Zonotrichia,albicollis,Passerellidae,10133,Yes,Forest,Lower
2008-10-24,14.0,MP,Zonotrichia,albicollis,Passerellidae,10133,Yes,Forest,Lower
2008-10-24,14.0,MP,Melospiza,lincolnii,Passerellidae,2029,yes,edge,Lower
2008-10-25,14.0,CHI,Zonotrichia,albicollis,Passerellidae,10133,Yes,Forest,Lower
2008-10-25,14.0,CHI,Zonotrichia,albicollis,Passerellidae,10133,Yes,Forest,Lower
2008-10-25,14.0,MP,Spizelloides,arborea,Passerellidae,1262,Yes,Edge,Lower
2008-10-26,17.0,CHI,Passerella,iliaca,Passerellidae,2443,Yes,Edge,Lower
2008-10-26,17.0,CHI,Junco,hyemalis,Passerellidae,6303,Yes,Edge,Lower
2008-10-26,17.0,MP,Passerculus,sandwichensis,Passerellidae,274,yes,open,Lower	
2008-10-26,17.0,CHI,Passerella,iliaca,Passerellidae,2443,Yes,Edge,Lower
2008-10-26,17.0,MP,Passerculus,sandwichensis,Passerellidae,274,yes,open,Lower	
2008-10-26,17.0,MP,Passerella,iliaca,Passerellidae,2443,Yes,Edge,Lower
2008-10-26,17.0,MP,Passerella,iliaca,Passerellidae,2443,Yes,Edge,Lower
2008-10-26,17.0,CHI,Passerella,iliaca,Passerellidae,2443,Yes,Edge,Lower
2008-10-27,17.0,CHI,Passerella,iliaca,Passerellidae,2443,Yes,Edge,Lower
2008-10-27,17.0,CHI,Passerella,iliaca,Passerellidae,2443,Yes,Edge,Lower
2008-10-27,17.0,CHI,Passerella,iliaca,Passerellidae,2443,Yes,Edge,Lower
2008-10-27,17.0,CHI,Passerella,iliaca,Passerellidae,2443,Yes,Edge,Lower
2008-10-27,17.0,CHI,Melospiza,melodia,Passerellidae,5124,Yes,Edge,Lower
2008-10-27,17.0,CHI,Passerella,iliaca,Passerellidae,2443,Yes,Edge,Lower
2008-10-27,17.0,MP,Zonotrichia,leucophrys,Passerellidae,1090,Yes,Edge,Lower
2008-10-27,17.0,CHI,Junco,hyemalis,Passerellidae,6303,Yes,Edge,Lower
2008-10-27,17.0,CHI,Junco,hyemalis,Passerellidae,6303,Yes,Edge,Lower
2008-10-27,17.0,MP,Passerella,iliaca,Passerellidae,2443,Yes,Edge,Lower
2008-10-27,17.0,CHI,Junco,hyemalis,Passerellidae,6303,Yes,Edge,Lower
2008-10-27,17.0,CHI,Catharus,guttatus,Turdidae,3729,Yes,Forest,Lower
2008-10-27,17.0,CHI,Junco,hyemalis,Passerellidae,6303,Yes,Edge,Lower
2008-10-27,17.0,MP,Junco,hyemalis,Passerellidae,6303,Yes,Edge,Lower
2008-10-27,17.0,CHI,Junco,hyemalis,Passerellidae,6303,Yes,Edge,Lower
2008-10-28,17.0,MP,Zonotrichia,leucophrys,Passerellidae,1090,Yes,Edge,Lower
2008-10-28,17.0,CHI,Regulus,satrapa,Regulidae,1029,Yes,Forest,Upper
2008-10-28,17.0,CHI,Regulus,satrapa,Regulidae,1029,Yes,Forest,Upper
2008-10-28,17.0,CHI,troglodytes,hiemalis,Troglodytidae,474,No,Forest,Lower
2008-10-28,17.0,CHI,Junco,hyemalis,Passerellidae,6303,Yes,Edge,Lower
2008-10-28,17.0,CHI,Junco,hyemalis,Passerellidae,6303,Yes,Edge,Lower
2008-10-28,17.0,MP,Junco,hyemalis,Passerellidae,6303,Yes,Edge,Lower
2008-10-28,17.0,MP,Junco,hyemalis,Passerellidae,6303,Yes,Edge,Lower
2008-10-29,17.0,CHI,Junco,hyemalis,Passerellidae,6303,Yes,Edge,Lower
2008-10-29,17.0,MP,Melospiza,melodia,Passerellidae,5124,Yes,Edge,Lower
2008-10-29,17.0,CHI,Spizelloides,arborea,Passerellidae,1262,Yes,Edge,Lower
2008-10-29,17.0,CHI,Junco,hyemalis,Passerellidae,6303,Yes,Edge,Lower
2008-10-29,17.0,MP,Passerella,iliaca,Passerellidae,2443,Yes,Edge,Lower
2008-10-29,17.0,MP,Passerella,iliaca,Passerellidae,2443,Yes,Edge,Lower
2008-10-29,17.0,MP,Passerella,iliaca,Passerellidae,2443,Yes,Edge,Lower
2008-10-29,17.0,CHI,Passerella,iliaca,Passerellidae,2443,Yes,Edge,Lower
2008-10-29,17.0,CHI,Passerella,iliaca,Passerellidae,2443,Yes,Edge,Lower
2008-10-29,17.0,CHI,Junco,hyemalis,Passerellidae,6303,Yes,Edge,Lower
2008-10-29,17.0,CHI,Junco,hyemalis,Passerellidae,6303,Yes,Edge,Lower
2008-10-29,17.0,MP,Spizelloides,arborea,Passerellidae,1262,Yes,Edge,Lower
2008-10-29,17.0,MP,Melospiza,melodia,Passerellidae,5124,Yes,Edge,Lower
2008-10-29,17.0,MP,Junco,hyemalis,Passerellidae,6303,Yes,Edge,Lower
2008-10-29,17.0,MP,Junco,hyemalis,Passerellidae,6303,Yes,Edge,Lower
2008-10-29,17.0,CHI,Junco,hyemalis,Passerellidae,6303,Yes,Edge,Lower
2008-10-29,17.0,CHI,Junco,hyemalis,Passerellidae,6303,Yes,Edge,Lower
2008-10-29,17.0,CHI,Junco,hyemalis,Passerellidae,6303,Yes,Edge,Lower
2008-10-30,17.0,MP,Junco,hyemalis,Passerellidae,6303,Yes,Edge,Lower
2008-10-30,17.0,MP,Spizelloides,arborea,Passerellidae,1262,Yes,Edge,Lower
2008-10-30,17.0,MP,Regulus,satrapa,Regulidae,1029,Yes,Forest,Upper
2008-10-30,17.0,MP,Junco,hyemalis,Passerellidae,6303,Yes,Edge,Lower
2008-10-30,17.0,CHI,Junco,hyemalis,Passerellidae,6303,Yes,Edge,Lower
2008-10-30,17.0,CHI,Junco,hyemalis,Passerellidae,6303,Yes,Edge,Lower
2008-10-30,17.0,CHI,Junco,hyemalis,Passerellidae,6303,Yes,Edge,Lower
2008-10-30,17.0,MP,Junco,hyemalis,Passerellidae,6303,Yes,Edge,Lower
2008-10-30,17.0,CHI,Junco,hyemalis,Passerellidae,6303,Yes,Edge,Lower
2008-10-30,17.0,MP,Junco,hyemalis,Passerellidae,6303,Yes,Edge,Lower
2008-10-30,17.0,CHI,Catharus,guttatus,Turdidae,3729,Yes,Forest,Lower
2008-10-30,17.0,MP,Junco,hyemalis,Passerellidae,6303,Yes,Edge,Lower
2008-10-30,17.0,CHI,Zonotrichia,albicollis,Passerellidae,10133,Yes,Forest,Lower
2008-10-30,17.0,MP,Zonotrichia,albicollis,Passerellidae,10133,Yes,Forest,Lower
2008-10-30,17.0,CHI,Zonotrichia,albicollis,Passerellidae,10133,Yes,Forest,Lower
2008-10-30,17.0,MP,Junco,hyemalis,Passerellidae,6303,Yes,Edge,Lower
2008-10-30,17.0,CHI,Junco,hyemalis,Passerellidae,6303,Yes,Edge,Lower
2008-11-01,15.0,CHI,Zonotrichia,albicollis,Passerellidae,10133,Yes,Forest,Lower
2008-11-01,15.0,CHI,Passerella,iliaca,Passerellidae,2443,Yes,Edge,Lower
2008-11-01,15.0,CHI,Passerella,iliaca,Passerellidae,2443,Yes,Edge,Lower
2008-11-01,15.0,CHI,Regulus,satrapa,Regulidae,1029,Yes,Forest,Upper
2008-11-01,15.0,CHI,Junco,hyemalis,Passerellidae,6303,Yes,Edge,Lower
2008-11-01,15.0,CHI,Junco,hyemalis,Passerellidae,6303,Yes,Edge,Lower
2008-11-01,15.0,CHI,Junco,hyemalis,Passerellidae,6303,Yes,Edge,Lower
2008-11-01,15.0,CHI,Junco,hyemalis,Passerellidae,6303,Yes,Edge,Lower
2008-11-01,15.0,MP,Spizelloides,arborea,Passerellidae,1262,Yes,Edge,Lower
2008-11-01,15.0,CHI,Junco,hyemalis,Passerellidae,6303,Yes,Edge,Lower
2008-11-01,15.0,CHI,Junco,hyemalis,Passerellidae,6303,Yes,Edge,Lower
2008-11-02,15.0,CHI,Zonotrichia,albicollis,Passerellidae,10133,Yes,Forest,Lower
2008-11-02,15.0,CHI,troglodytes,hiemalis,Troglodytidae,474,No,Forest,Lower
2008-11-02,15.0,CHI,Zonotrichia,albicollis,Passerellidae,10133,Yes,Forest,Lower
2008-11-02,15.0,CHI,troglodytes,hiemalis,Troglodytidae,474,No,Forest,Lower
2008-11-02,15.0,CHI,Zonotrichia,albicollis,Passerellidae,10133,Yes,Forest,Lower
2008-11-02,15.0,CHI,Zonotrichia,albicollis,Passerellidae,10133,Yes,Forest,Lower
2008-11-02,15.0,CHI,Junco,hyemalis,Passerellidae,6303,Yes,Edge,Lower
2008-11-02,15.0,CHI,Passerella,iliaca,Passerellidae,2443,Yes,Edge,Lower
2008-11-02,15.0,CHI,Zonotrichia,albicollis,Passerellidae,10133,Yes,Forest,Lower
2008-11-02,15.0,CHI,Zonotrichia,albicollis,Passerellidae,10133,Yes,Forest,Lower
2008-11-02,15.0,CHI,Melospiza,melodia,Passerellidae,5124,Yes,Edge,Lower
2008-11-02,15.0,CHI,Passerella,iliaca,Passerellidae,2443,Yes,Edge,Lower
2008-11-02,15.0,CHI,troglodytes,hiemalis,Troglodytidae,474,No,Forest,Lower
2008-11-02,15.0,CHI,Junco,hyemalis,Passerellidae,6303,Yes,Edge,Lower
2008-11-02,15.0,CHI,Zonotrichia,albicollis,Passerellidae,10133,Yes,Forest,Lower
2008-11-02,15.0,CHI,Spizella,pusilla,Passerellidae,325,Yes,Open,Lower
2008-11-02,15.0,CHI,Junco,hyemalis,Passerellidae,6303,Yes,Edge,Lower
2008-11-03,15.0,CHI,Junco,hyemalis,Passerellidae,6303,Yes,Edge,Lower
2008-11-03,15.0,MP,Zonotrichia,albicollis,Passerellidae,10133,Yes,Forest,Lower
2008-11-03,15.0,CHI,Zonotrichia,albicollis,Passerellidae,10133,Yes,Forest,Lower
2008-11-03,15.0,CHI,Zonotrichia,albicollis,Passerellidae,10133,Yes,Forest,Lower
2008-11-03,15.0,CHI,Zonotrichia,albicollis,Passerellidae,10133,Yes,Forest,Lower
2008-11-03,15.0,CHI,Passerella,iliaca,Passerellidae,2443,Yes,Edge,Lower
2008-11-04,15.0,CHI,Zonotrichia,albicollis,Passerellidae,10133,Yes,Forest,Lower
2008-11-04,15.0,CHI,Zonotrichia,albicollis,Passerellidae,10133,Yes,Forest,Lower
2008-11-05,17.0,CHI,Zonotrichia,albicollis,Passerellidae,10133,Yes,Forest,Lower
2008-11-05,17.0,CHI,Zonotrichia,albicollis,Passerellidae,10133,Yes,Forest,Lower
2008-11-06,15.0,MP,Zonotrichia,leucophrys,Passerellidae,1090,Yes,Edge,Lower
2008-11-06,15.0,CHI,Zonotrichia,albicollis,Passerellidae,10133,Yes,Forest,Lower
2008-11-06,15.0,CHI,Setophaga,castanea,Parulidae,287,Yes,Forest,Upper
2008-11-06,15.0,CHI,Junco,hyemalis,Passerellidae,6303,Yes,Edge,Lower
2008-11-06,15.0,CHI,Zonotrichia,leucophrys,Passerellidae,1090,Yes,Edge,Lower
2008-11-07,15.0,MP,Junco,hyemalis,Passerellidae,6303,Yes,Edge,Lower
2008-11-07,15.0,MP,Spizella,pusilla,Passerellidae,325,Yes,Open,Lower
2008-11-08,17.0,CHI,Junco,hyemalis,Passerellidae,6303,Yes,Edge,Lower
2008-11-08,17.0,MP,Passerella,iliaca,Passerellidae,2443,Yes,Edge,Lower
2008-11-10,17.0,MP,Passerella,iliaca,Passerellidae,2443,Yes,Edge,Lower
2008-11-10,17.0,CHI,Spizelloides,arborea,Passerellidae,1262,Yes,Edge,Lower
2008-11-10,17.0,CHI,Regulus,satrapa,Regulidae,1029,Yes,Forest,Upper
2008-11-10,17.0,MP,Zonotrichia,albicollis,Passerellidae,10133,Yes,Forest,Lower
2008-11-10,17.0,CHI,Zonotrichia,albicollis,Passerellidae,10133,Yes,Forest,Lower
2008-11-10,17.0,MP,Junco,hyemalis,Passerellidae,6303,Yes,Edge,Lower
2008-11-10,17.0,MP,Melospiza,melodia,Passerellidae,5124,Yes,Edge,Lower
2008-11-10,17.0,MP,Melospiza,melodia,Passerellidae,5124,Yes,Edge,Lower
2008-11-10,17.0,MP,Junco,hyemalis,Passerellidae,6303,Yes,Edge,Lower
2008-11-10,17.0,MP,Junco,hyemalis,Passerellidae,6303,Yes,Edge,Lower
2008-11-10,17.0,CHI,Spizelloides,arborea,Passerellidae,1262,Yes,Edge,Lower
2008-11-10,17.0,CHI,Passerella,iliaca,Passerellidae,2443,Yes,Edge,Lower
2008-11-10,17.0,MP,Passerella,iliaca,Passerellidae,2443,Yes,Edge,Lower
2008-11-10,17.0,CHI,Passerella,iliaca,Passerellidae,2443,Yes,Edge,Lower
2008-11-10,17.0,CHI,Passerella,iliaca,Passerellidae,2443,Yes,Edge,Lower
2008-11-10,17.0,MP,Spizelloides,arborea,Passerellidae,1262,Yes,Edge,Lower
2008-11-12,17.0,MP,Spizelloides,arborea,Passerellidae,1262,Yes,Edge,Lower
2008-11-12,17.0,MP,Passerella,iliaca,Passerellidae,2443,Yes,Edge,Lower
2008-11-14,17.0,MP,Passerella,iliaca,Passerellidae,2443,Yes,Edge,Lower
2008-11-15,17.0,CHI,Junco,hyemalis,Passerellidae,6303,Yes,Edge,Lower
2008-11-15,17.0,CHI,Spizelloides,arborea,Passerellidae,1262,Yes,Edge,Lower
2008-11-15,17.0,CHI,Junco,hyemalis,Passerellidae,6303,Yes,Edge,Lower
2008-11-15,17.0,CHI,Spizelloides,arborea,Passerellidae,1262,Yes,Edge,Lower
2008-11-15,17.0,CHI,Junco,hyemalis,Passerellidae,6303,Yes,Edge,Lower
2008-11-15,17.0,CHI,Zonotrichia,albicollis,Passerellidae,10133,Yes,Forest,Lower
2008-11-16,15.0,CHI,Spizelloides,arborea,Passerellidae,1262,Yes,Edge,Lower
2008-11-16,15.0,MP,Melospiza,melodia,Passerellidae,5124,Yes,Edge,Lower
2008-11-16,15.0,CHI,Catharus,guttatus,Turdidae,3729,Yes,Forest,Lower
2008-11-16,15.0,MP,Spizelloides,arborea,Passerellidae,1262,Yes,Edge,Lower
2008-11-16,15.0,MP,Spizelloides,arborea,Passerellidae,1262,Yes,Edge,Lower
2008-11-16,15.0,MP,Spizelloides,arborea,Passerellidae,1262,Yes,Edge,Lower
2008-11-16,15.0,CHI,Spizelloides,arborea,Passerellidae,1262,Yes,Edge,Lower
2008-11-16,15.0,MP,Spizelloides,arborea,Passerellidae,1262,Yes,Edge,Lower
2008-11-16,15.0,CHI,Passerella,iliaca,Passerellidae,2443,Yes,Edge,Lower
2008-11-16,15.0,MP,Spizelloides,arborea,Passerellidae,1262,Yes,Edge,Lower
2008-11-16,15.0,CHI,Junco,hyemalis,Passerellidae,6303,Yes,Edge,Lower
2008-11-16,15.0,CHI,Junco,hyemalis,Passerellidae,6303,Yes,Edge,Lower
2008-11-16,15.0,MP,Junco,hyemalis,Passerellidae,6303,Yes,Edge,Lower
2008-11-16,15.0,CHI,Zonotrichia,albicollis,Passerellidae,10133,Yes,Forest,Lower
2008-11-16,15.0,CHI,Junco,hyemalis,Passerellidae,6303,Yes,Edge,Lower
2008-11-16,15.0,MP,Junco,hyemalis,Passerellidae,6303,Yes,Edge,Lower
2008-11-17,17.0,MP,Junco,hyemalis,Passerellidae,6303,Yes,Edge,Lower
2008-11-17,17.0,MP,Spizelloides,arborea,Passerellidae,1262,Yes,Edge,Lower
2008-11-17,17.0,MP,Junco,hyemalis,Passerellidae,6303,Yes,Edge,Lower
2008-11-18,17.0,MP,Junco,hyemalis,Passerellidae,6303,Yes,Edge,Lower
2008-11-19,17.0,MP,Spizelloides,arborea,Passerellidae,1262,Yes,Edge,Lower
2008-11-19,17.0,CHI,Junco,hyemalis,Passerellidae,6303,Yes,Edge,Lower
2009-03-14,14.0,MP,Junco,hyemalis,Passerellidae,6303,Yes,Edge,Lower
2009-03-17,14.0,MP,Melospiza,melodia,Passerellidae,5124,Yes,Edge,Lower
2009-03-17,14.0,MP,Melospiza,melodia,Passerellidae,5124,Yes,Edge,Lower
2009-03-17,14.0,MP,Spizelloides,arborea,Passerellidae,1262,Yes,Edge,Lower
2009-03-17,14.0,MP,Melospiza,melodia,Passerellidae,5124,Yes,Edge,Lower
2009-03-17,14.0,MP,Melospiza,melodia,Passerellidae,5124,Yes,Edge,Lower
2009-03-17,14.0,MP,Melospiza,melodia,Passerellidae,5124,Yes,Edge,Lower
2009-03-17,14.0,MP,Melospiza,melodia,Passerellidae,5124,Yes,Edge,Lower
2009-03-17,14.0,MP,Melospiza,melodia,Passerellidae,5124,Yes,Edge,Lower
2009-03-18,14.0,MP,Passerella,iliaca,Passerellidae,2443,Yes,Edge,Lower
2009-03-18,14.0,MP,Passerella,iliaca,Passerellidae,2443,Yes,Edge,Lower
2009-03-18,14.0,CHI,Melospiza,melodia,Passerellidae,5124,Yes,Edge,Lower
2009-03-18,14.0,MP,Melospiza,melodia,Passerellidae,5124,Yes,Edge,Lower
2009-03-18,14.0,CHI,Passerella,iliaca,Passerellidae,2443,Yes,Edge,Lower
2009-03-18,14.0,MP,Passerella,iliaca,Passerellidae,2443,Yes,Edge,Lower
2009-03-18,14.0,MP,Melospiza,melodia,Passerellidae,5124,Yes,Edge,Lower
2009-03-18,14.0,MP,Junco,hyemalis,Passerellidae,6303,Yes,Edge,Lower
2009-03-20,17.0,CHI,Regulus,satrapa,Regulidae,1029,Yes,Forest,Upper
2009-03-21,17.0,CHI,Junco,hyemalis,Passerellidae,6303,Yes,Edge,Lower
2009-03-21,17.0,CHI,Passerella,iliaca,Passerellidae,2443,Yes,Edge,Lower
2009-03-21,17.0,CHI,Junco,hyemalis,Passerellidae,6303,Yes,Edge,Lower
2009-03-21,17.0,MP,Melospiza,melodia,Passerellidae,5124,Yes,Edge,Lower
2009-03-21,17.0,MP,Melospiza,melodia,Passerellidae,5124,Yes,Edge,Lower
2009-03-21,17.0,CHI,Melospiza,melodia,Passerellidae,5124,Yes,Edge,Lower
2009-03-22,15.0,MP,Junco,hyemalis,Passerellidae,6303,Yes,Edge,Lower
2009-03-22,15.0,CHI,Passerella,iliaca,Passerellidae,2443,Yes,Edge,Lower
2009-03-22,15.0,CHI,Junco,hyemalis,Passerellidae,6303,Yes,Edge,Lower
2009-03-22,15.0,CHI,Melospiza,melodia,Passerellidae,5124,Yes,Edge,Lower
2009-03-22,15.0,MP,Melospiza,melodia,Passerellidae,5124,Yes,Edge,Lower
2009-03-22,15.0,MP,Melospiza,melodia,Passerellidae,5124,Yes,Edge,Lower
2009-03-22,15.0,CHI,Melospiza,melodia,Passerellidae,5124,Yes,Edge,Lower
2009-03-22,15.0,CHI,Junco,hyemalis,Passerellidae,6303,Yes,Edge,Lower
2009-03-22,15.0,CHI,Melospiza,melodia,Passerellidae,5124,Yes,Edge,Lower
2009-03-22,15.0,CHI,Melospiza,melodia,Passerellidae,5124,Yes,Edge,Lower
2009-03-22,15.0,MP,Passerella,iliaca,Passerellidae,2443,Yes,Edge,Lower
2009-03-23,15.0,CHI,Sturnella,magna,Icteridae,13,Yes,Open,Lower
2009-03-23,15.0,MP,Melospiza,melodia,Passerellidae,5124,Yes,Edge,Lower
2009-03-24,15.0,CHI,Junco,hyemalis,Passerellidae,6303,Yes,Edge,Lower
2009-03-24,15.0,CHI,Regulus,satrapa,Regulidae,1029,Yes,Forest,Upper
2009-03-25,15.0,MP,Melospiza,melodia,Passerellidae,5124,Yes,Edge,Lower
2009-03-25,15.0,MP,Melospiza,melodia,Passerellidae,5124,Yes,Edge,Lower
2009-03-25,15.0,MP,Melospiza,melodia,Passerellidae,5124,Yes,Edge,Lower
2009-03-25,15.0,MP,Melospiza,melodia,Passerellidae,5124,Yes,Edge,Lower
2009-03-25,15.0,MP,Melospiza,melodia,Passerellidae,5124,Yes,Edge,Lower
2009-03-25,15.0,MP,Pipilo,erythrophthalmus,Passerellidae,82,Rare,Edge,Lower
2009-03-25,15.0,MP,Melospiza,melodia,Passerellidae,5124,Yes,Edge,Lower
2009-03-25,15.0,MP,Passerella,iliaca,Passerellidae,2443,Yes,Edge,Lower
2009-03-25,15.0,MP,Passerella,iliaca,Passerellidae,2443,Yes,Edge,Lower
2009-03-25,15.0,MP,Melospiza,melodia,Passerellidae,5124,Yes,Edge,Lower
2009-03-25,15.0,MP,Passerella,iliaca,Passerellidae,2443,Yes,Edge,Lower
2009-03-25,15.0,MP,Passerella,iliaca,Passerellidae,2443,Yes,Edge,Lower
2009-03-25,15.0,MP,Melospiza,melodia,Passerellidae,5124,Yes,Edge,Lower
2009-03-25,15.0,MP,Melospiza,melodia,Passerellidae,5124,Yes,Edge,Lower
2009-03-25,15.0,MP,Melospiza,melodia,Passerellidae,5124,Yes,Edge,Lower
2009-03-25,15.0,MP,Melospiza,melodia,Passerellidae,5124,Yes,Edge,Lower
2009-03-25,15.0,MP,Melospiza,melodia,Passerellidae,5124,Yes,Edge,Lower
2009-03-25,15.0,MP,Melospiza,melodia,Passerellidae,5124,Yes,Edge,Lower
2009-03-25,15.0,MP,Melospiza,melodia,Passerellidae,5124,Yes,Edge,Lower
2009-03-25,15.0,CHI,Melospiza,melodia,Passerellidae,5124,Yes,Edge,Lower
2009-03-25,15.0,CHI,Catharus,guttatus,Turdidae,3729,Yes,Forest,Lower
2009-03-26,16.0,MP,Melospiza,melodia,Passerellidae,5124,Yes,Edge,Lower
2009-03-26,16.0,MP,Spizelloides,arborea,Passerellidae,1262,Yes,Edge,Lower
2009-03-26,16.0,MP,Melospiza,melodia,Passerellidae,5124,Yes,Edge,Lower
2009-03-26,16.0,MP,Melospiza,melodia,Passerellidae,5124,Yes,Edge,Lower
2009-03-26,16.0,MP,Melospiza,melodia,Passerellidae,5124,Yes,Edge,Lower
2009-03-27,15.0,CHI,Junco,hyemalis,Passerellidae,6303,Yes,Edge,Lower
2009-03-27,15.0,CHI,Melospiza,melodia,Passerellidae,5124,Yes,Edge,Lower
2009-03-27,15.0,MP,Melospiza,melodia,Passerellidae,5124,Yes,Edge,Lower
2009-03-27,15.0,MP,Junco,hyemalis,Passerellidae,6303,Yes,Edge,Lower
2009-03-28,15.0,CHI,Passerella,iliaca,Passerellidae,2443,Yes,Edge,Lower
2009-03-28,15.0,MP,Passerella,iliaca,Passerellidae,2443,Yes,Edge,Lower
2009-03-29,12.0,CHI,Junco,hyemalis,Passerellidae,6303,Yes,Edge,Lower
2009-03-30,12.0,CHI,Passerella,iliaca,Passerellidae,2443,Yes,Edge,Lower
2009-03-31,12.0,CHI,Melospiza,melodia,Passerellidae,5124,Yes,Edge,Lower
2009-03-31,12.0,CHI,Passerella,iliaca,Passerellidae,2443,Yes,Edge,Lower
2009-03-31,12.0,CHI,Regulus,satrapa,Regulidae,1029,Yes,Forest,Upper
2009-04-01,9.0,MP,Melospiza,melodia,Passerellidae,5124,Yes,Edge,Lower
2009-04-02,9.0,CHI,Regulus,satrapa,Regulidae,1029,Yes,Forest,Upper
2009-04-02,9.0,CHI,Regulus,satrapa,Regulidae,1029,Yes,Forest,Upper
2009-04-02,9.0,CHI,Regulus,satrapa,Regulidae,1029,Yes,Forest,Upper
2009-04-02,9.0,CHI,Junco,hyemalis,Passerellidae,6303,Yes,Edge,Lower
2009-04-02,9.0,MP,Passerella,iliaca,Passerellidae,2443,Yes,Edge,Lower
2009-04-02,9.0,CHI,Regulus,satrapa,Regulidae,1029,Yes,Forest,Upper
2009-04-02,9.0,CHI,Catharus,guttatus,Turdidae,3729,Yes,Forest,Lower
2009-04-02,9.0,CHI,Catharus,guttatus,Turdidae,3729,Yes,Forest,Lower
2009-04-02,9.0,CHI,Catharus,guttatus,Turdidae,3729,Yes,Forest,Lower
2009-04-02,9.0,CHI,Catharus,guttatus,Turdidae,3729,Yes,Forest,Lower
2009-04-02,9.0,CHI,Sayornis,phoebe,Tyrannidae,24,No,Edge,Upper
2009-04-02,9.0,CHI,Passerella,iliaca,Passerellidae,2443,Yes,Edge,Lower
2009-04-02,9.0,CHI,Passerella,iliaca,Passerellidae,2443,Yes,Edge,Lower
2009-04-02,9.0,CHI,Passerella,iliaca,Passerellidae,2443,Yes,Edge,Lower
2009-04-04,9.0,CHI,Passerella,iliaca,Passerellidae,2443,Yes,Edge,Lower
2009-04-04,9.0,CHI,Zonotrichia,albicollis,Passerellidae,10133,Yes,Forest,Lower
2009-04-05,10.0,CHI,Junco,hyemalis,Passerellidae,6303,Yes,Edge,Lower
2009-04-05,10.0,CHI,troglodytes,hiemalis,Troglodytidae,474,No,Forest,Lower
2009-04-05,10.0,CHI,Junco,hyemalis,Passerellidae,6303,Yes,Edge,Lower
2009-04-05,10.0,CHI,Catharus,guttatus,Turdidae,3729,Yes,Forest,Lower
2009-04-05,10.0,CHI,Passerella,iliaca,Passerellidae,2443,Yes,Edge,Lower
2009-04-07,6.0,CHI,Junco,hyemalis,Passerellidae,6303,Yes,Edge,Lower
2009-04-07,6.0,CHI,troglodytes,hiemalis,Troglodytidae,474,No,Forest,Lower
2009-04-08,6.0,CHI,Melospiza,melodia,Passerellidae,5124,Yes,Edge,Lower
2009-04-11,4.0,CHI,Catharus,guttatus,Turdidae,3729,Yes,Forest,Lower
2009-04-11,4.0,CHI,Passerella,iliaca,Passerellidae,2443,Yes,Edge,Lower
2009-04-12,4.0,CHI,Junco,hyemalis,Passerellidae,6303,Yes,Edge,Lower
2009-04-13,4.0,CHI,Passerella,iliaca,Passerellidae,2443,Yes,Edge,Lower
2009-04-13,4.0,CHI,setophaga,ruticilla,Parulidae,868,Yes,Edge,Upper
2009-04-13,4.0,CHI,Catharus,guttatus,Turdidae,3729,Yes,Forest,Lower
2009-04-13,4.0,CHI,Toxostoma,rufum,Mimidae,166,No,Edge,Lower
2009-04-16,5.0,CHI,Catharus,guttatus,Turdidae,3729,Yes,Forest,Lower
2009-04-16,5.0,CHI,Junco,hyemalis,Passerellidae,6303,Yes,Edge,Lower
2009-04-16,5.0,CHI,Melospiza,melodia,Passerellidae,5124,Yes,Edge,Lower
2009-04-16,5.0,CHI,Junco,hyemalis,Passerellidae,6303,Yes,Edge,Lower
2009-04-17,4.0,CHI,Regulus,satrapa,Regulidae,1029,Yes,Forest,Upper
2009-04-17,4.0,MP,Catharus,guttatus,Turdidae,3729,Yes,Forest,Lower
2009-04-17,4.0,CHI,Melospiza,melodia,Passerellidae,5124,Yes,Edge,Lower
2009-04-17,4.0,CHI,Regulus,calendula,Regulidae,416,No,Forest,Upper
2009-04-17,4.0,CHI,Regulus,satrapa,Regulidae,1029,Yes,Forest,Upper
2009-04-17,4.0,CHI,Catharus,guttatus,Turdidae,3729,Yes,Forest,Lower
2009-04-17,4.0,CHI,Catharus,guttatus,Turdidae,3729,Yes,Forest,Lower
2009-04-17,4.0,CHI,Passerella,iliaca,Passerellidae,2443,Yes,Edge,Lower
2009-04-17,4.0,CHI,Toxostoma,rufum,Mimidae,166,No,Edge,Lower
2009-04-18,9.0,CHI,Regulus,satrapa,Regulidae,1029,Yes,Forest,Upper
2009-04-18,9.0,CHI,Regulus,calendula,Regulidae,416,No,Forest,Upper
2009-04-18,9.0,CHI,Catharus,guttatus,Turdidae,3729,Yes,Forest,Lower
2009-04-18,9.0,CHI,Regulus,calendula,Regulidae,416,No,Forest,Upper
2009-04-18,9.0,CHI,Regulus,calendula,Regulidae,416,No,Forest,Upper
2009-04-18,9.0,CHI,Regulus,satrapa,Regulidae,1029,Yes,Forest,Upper
2009-04-18,9.0,CHI,Catharus,guttatus,Turdidae,3729,Yes,Forest,Lower
2009-04-19,9.0,CHI,Catharus,guttatus,Turdidae,3729,Yes,Forest,Lower
2009-04-19,9.0,CHI,Zonotrichia,albicollis,Passerellidae,10133,Yes,Forest,Lower
2009-04-19,9.0,MP,Zonotrichia,albicollis,Passerellidae,10133,Yes,Forest,Lower
2009-04-19,9.0,MP,Zonotrichia,albicollis,Passerellidae,10133,Yes,Forest,Lower
2009-04-19,9.0,CHI,Zonotrichia,albicollis,Passerellidae,10133,Yes,Forest,Lower
2009-04-19,9.0,CHI,Catharus,guttatus,Turdidae,3729,Yes,Forest,Lower
2009-04-19,9.0,CHI,Catharus,guttatus,Turdidae,3729,Yes,Forest,Lower
2009-04-19,9.0,CHI,Regulus,calendula,Regulidae,416,No,Forest,Upper
2009-04-19,9.0,CHI,Regulus,calendula,Regulidae,416,No,Forest,Upper
2009-04-19,9.0,CHI,Regulus,calendula,Regulidae,416,No,Forest,Upper
2009-04-19,9.0,CHI,Catharus,guttatus,Turdidae,3729,Yes,Forest,Lower
2009-04-19,9.0,CHI,Junco,hyemalis,Passerellidae,6303,Yes,Edge,Lower
2009-04-19,9.0,CHI,Sayornis,phoebe,Tyrannidae,24,No,Edge,Upper
2009-04-19,9.0,CHI,troglodytes,hiemalis,Troglodytidae,474,No,Forest,Lower
2009-04-19,9.0,MP,Spizella,pusilla,Passerellidae,325,Yes,Open,Lower
2009-04-20,9.0,MP,Melospiza,melodia,Passerellidae,5124,Yes,Edge,Lower
2009-04-20,9.0,CHI,Catharus,guttatus,Turdidae,3729,Yes,Forest,Lower
2009-04-20,9.0,CHI,Zonotrichia,albicollis,Passerellidae,10133,Yes,Forest,Lower
2009-04-20,9.0,CHI,Zonotrichia,albicollis,Passerellidae,10133,Yes,Forest,Lower
2009-04-20,9.0,CHI,Regulus,satrapa,Regulidae,1029,Yes,Forest,Upper
2009-04-21,4.0,CHI,Catharus,guttatus,Turdidae,3729,Yes,Forest,Lower
2009-04-22,4.0,CHI,Regulus,calendula,Regulidae,416,No,Forest,Upper
2009-04-22,4.0,CHI,Catharus,guttatus,Turdidae,3729,Yes,Forest,Lower
2009-04-22,4.0,CHI,Regulus,calendula,Regulidae,416,No,Forest,Upper
2009-04-23,4.0,CHI,Catharus,guttatus,Turdidae,3729,Yes,Forest,Lower
2009-04-23,4.0,CHI,Regulus,calendula,Regulidae,416,No,Forest,Upper
2009-04-26,4.0,CHI,Zonotrichia,albicollis,Passerellidae,10133,Yes,Forest,Lower
2009-04-26,4.0,CHI,Catharus,minimus,Turdidae,822,Yes,Forest,Lower
2009-04-26,4.0,MP,Zonotrichia,albicollis,Passerellidae,10133,Yes,Forest,Lower
2009-04-26,4.0,CHI,Zonotrichia,albicollis,Passerellidae,10133,Yes,Forest,Lower
2009-04-26,4.0,CHI,Pheucticus,ludovicianus,Cardinalidae,397,Yes,Forest,Upper
2009-04-26,4.0,CHI,Zonotrichia,albicollis,Passerellidae,10133,Yes,Forest,Lower
2009-04-26,4.0,CHI,Zonotrichia,albicollis,Passerellidae,10133,Yes,Forest,Lower
2009-04-26,4.0,CHI,Regulus,calendula,Regulidae,416,No,Forest,Upper
2009-04-26,4.0,CHI,Zonotrichia,albicollis,Passerellidae,10133,Yes,Forest,Lower
2009-04-26,4.0,CHI,Zonotrichia,albicollis,Passerellidae,10133,Yes,Forest,Lower
2009-04-26,4.0,CHI,Zonotrichia,albicollis,Passerellidae,10133,Yes,Forest,Lower
2009-04-26,4.0,CHI,Zonotrichia,albicollis,Passerellidae,10133,Yes,Forest,Lower
2009-04-26,4.0,CHI,Regulus,calendula,Regulidae,416,No,Forest,Upper
2009-04-27,4.0,CHI,Geothlypis,trichas,Parulidae,1555,Yes,Open,Lower
2009-04-27,4.0,CHI,Zonotrichia,albicollis,Passerellidae,10133,Yes,Forest,Lower
2009-04-27,4.0,CHI,Passerculus,sandwichensis,Passerellidae,274,yes,open,Lower	
2009-04-27,4.0,CHI,Zonotrichia,albicollis,Passerellidae,10133,Yes,Forest,Lower
2009-04-27,4.0,CHI,Zonotrichia,albicollis,Passerellidae,10133,Yes,Forest,Lower
2009-04-27,4.0,CHI,Zonotrichia,albicollis,Passerellidae,10133,Yes,Forest,Lower
2009-04-27,4.0,CHI,Geothlypis,trichas,Parulidae,1555,Yes,Open,Lower
2009-04-27,4.0,CHI,Zonotrichia,albicollis,Passerellidae,10133,Yes,Forest,Lower
2009-04-27,4.0,CHI,Zonotrichia,albicollis,Passerellidae,10133,Yes,Forest,Lower
2009-04-27,4.0,CHI,Zonotrichia,albicollis,Passerellidae,10133,Yes,Forest,Lower
2009-04-27,4.0,CHI,Zonotrichia,albicollis,Passerellidae,10133,Yes,Forest,Lower
2009-04-27,4.0,CHI,Zonotrichia,albicollis,Passerellidae,10133,Yes,Forest,Lower
2009-04-27,4.0,CHI,Zonotrichia,albicollis,Passerellidae,10133,Yes,Forest,Lower
2009-04-27,4.0,CHI,Zonotrichia,albicollis,Passerellidae,10133,Yes,Forest,Lower
2009-04-27,4.0,CHI,Zonotrichia,albicollis,Passerellidae,10133,Yes,Forest,Lower
2009-04-27,4.0,CHI,Hylocichla,mustelina,Turdidae,500,Yes,Forest,Lower
2009-04-27,4.0,CHI,Zonotrichia,albicollis,Passerellidae,10133,Yes,Forest,Lower
2009-04-27,4.0,CHI,Zonotrichia,albicollis,Passerellidae,10133,Yes,Forest,Lower
2009-04-27,4.0,CHI,Zonotrichia,albicollis,Passerellidae,10133,Yes,Forest,Lower
2009-04-27,4.0,CHI,Zonotrichia,albicollis,Passerellidae,10133,Yes,Forest,Lower
2009-04-27,4.0,CHI,Passerina,cyanea,Cardinalidae,725,yes,edge,Upper
2009-04-27,4.0,CHI,Zonotrichia,albicollis,Passerellidae,10133,Yes,Forest,Lower
2009-04-27,4.0,CHI,Zonotrichia,albicollis,Passerellidae,10133,Yes,Forest,Lower
2009-04-27,4.0,CHI,Setophaga,palmarum,Parulidae,694,Yes,Edge,Lower
2009-04-27,4.0,CHI,Zonotrichia,albicollis,Passerellidae,10133,Yes,Forest,Lower
2009-04-27,4.0,CHI,Zonotrichia,albicollis,Passerellidae,10133,Yes,Forest,Lower
2009-04-27,4.0,CHI,Zonotrichia,albicollis,Passerellidae,10133,Yes,Forest,Lower
2009-04-27,4.0,MP,Parkesia,noveboracensis,Parulidae,916,Yes,Forest,Lower
2009-04-27,4.0,CHI,Parkesia,noveboracensis,Parulidae,916,Yes,Forest,Lower
2009-04-27,4.0,CHI,Parkesia,noveboracensis,Parulidae,916,Yes,Forest,Lower
2009-04-27,4.0,CHI,Parkesia,noveboracensis,Parulidae,916,Yes,Forest,Lower
2009-04-27,4.0,CHI,Zonotrichia,albicollis,Passerellidae,10133,Yes,Forest,Lower
2009-04-27,4.0,CHI,Zonotrichia,albicollis,Passerellidae,10133,Yes,Forest,Lower
2009-04-27,4.0,CHI,Zonotrichia,albicollis,Passerellidae,10133,Yes,Forest,Lower
2009-04-27,4.0,CHI,Zonotrichia,albicollis,Passerellidae,10133,Yes,Forest,Lower
2009-04-27,4.0,CHI,Zonotrichia,albicollis,Passerellidae,10133,Yes,Forest,Lower
2009-04-27,4.0,CHI,Regulus,calendula,Regulidae,416,No,Forest,Upper
2009-04-27,4.0,CHI,Seiurus,aurocapilla,Parulidae,4580,Yes,Forest,Lower
2009-04-27,4.0,CHI,Zonotrichia,albicollis,Passerellidae,10133,Yes,Forest,Lower
2009-04-27,4.0,CHI,Setophaga,palmarum,Parulidae,694,Yes,Edge,Lower
2009-04-27,4.0,CHI,Zonotrichia,albicollis,Passerellidae,10133,Yes,Forest,Lower
2009-04-27,4.0,CHI,Setophaga,coronata,Parulidae,887,yes,forest,Upper
2009-04-27,4.0,CHI,Setophaga,palmarum,Parulidae,694,Yes,Edge,Lower
2009-04-27,4.0,CHI,Catharus,guttatus,Turdidae,3729,Yes,Forest,Lower
2009-04-27,4.0,CHI,Troglodytes,aedon,Troglodytidae,104,No,Edge,Lower
2009-04-27,4.0,CHI,Zonotrichia,albicollis,Passerellidae,10133,Yes,Forest,Lower
2009-04-27,4.0,CHI,Zonotrichia,albicollis,Passerellidae,10133,Yes,Forest,Lower
2009-04-27,4.0,CHI,Zonotrichia,albicollis,Passerellidae,10133,Yes,Forest,Lower
2009-04-27,4.0,CHI,Zonotrichia,albicollis,Passerellidae,10133,Yes,Forest,Lower
2009-04-27,4.0,CHI,Catharus,guttatus,Turdidae,3729,Yes,Forest,Lower
2009-04-27,4.0,CHI,Zonotrichia,albicollis,Passerellidae,10133,Yes,Forest,Lower
2009-04-27,4.0,CHI,Zonotrichia,albicollis,Passerellidae,10133,Yes,Forest,Lower
2009-04-27,4.0,CHI,Zonotrichia,albicollis,Passerellidae,10133,Yes,Forest,Lower
2009-04-27,4.0,CHI,Zonotrichia,albicollis,Passerellidae,10133,Yes,Forest,Lower
2009-04-27,4.0,CHI,Zonotrichia,albicollis,Passerellidae,10133,Yes,Forest,Lower
2009-04-27,4.0,CHI,Setophaga,pinus,Parulidae,49,Yes,Forest,Upper
2009-04-27,4.0,CHI,Zonotrichia,albicollis,Passerellidae,10133,Yes,Forest,Lower
2009-04-27,4.0,CHI,Zonotrichia,albicollis,Passerellidae,10133,Yes,Forest,Lower
2009-04-27,4.0,CHI,Zonotrichia,albicollis,Passerellidae,10133,Yes,Forest,Lower
2009-04-28,14.0,CHI,Toxostoma,rufum,Mimidae,166,No,Edge,Lower
2009-04-28,14.0,CHI,Zonotrichia,albicollis,Passerellidae,10133,Yes,Forest,Lower
2009-04-28,14.0,CHI,Seiurus,aurocapilla,Parulidae,4580,Yes,Forest,Lower
2009-04-28,14.0,CHI,Troglodytes,aedon,Troglodytidae,104,No,Edge,Lower
2009-04-28,14.0,CHI,Zonotrichia,albicollis,Passerellidae,10133,Yes,Forest,Lower
2009-04-28,14.0,CHI,Regulus,calendula,Regulidae,416,No,Forest,Upper
2009-04-28,14.0,CHI,Zonotrichia,albicollis,Passerellidae,10133,Yes,Forest,Lower
2009-04-28,14.0,CHI,Zonotrichia,albicollis,Passerellidae,10133,Yes,Forest,Lower
2009-04-28,14.0,CHI,Pheucticus,ludovicianus,Cardinalidae,397,Yes,Forest,Upper
2009-04-29,14.0,CHI,Oreothlypis,ruficapilla,Parulidae,1690,Yes,Forest,Upper
2009-04-29,14.0,CHI,Zonotrichia,albicollis,Passerellidae,10133,Yes,Forest,Lower
2009-04-29,14.0,CHI,Junco,hyemalis,Passerellidae,6303,Yes,Edge,Lower
2009-04-29,14.0,CHI,Zonotrichia,albicollis,Passerellidae,10133,Yes,Forest,Lower
2009-04-29,14.0,CHI,Zonotrichia,albicollis,Passerellidae,10133,Yes,Forest,Lower
2009-04-29,14.0,CHI,Zonotrichia,albicollis,Passerellidae,10133,Yes,Forest,Lower
2009-04-29,14.0,CHI,Seiurus,aurocapilla,Parulidae,4580,Yes,Forest,Lower
2009-04-29,14.0,CHI,Seiurus,aurocapilla,Parulidae,4580,Yes,Forest,Lower
2009-04-29,14.0,MP,Zonotrichia,albicollis,Passerellidae,10133,Yes,Forest,Lower
2009-04-29,14.0,CHI,Zonotrichia,albicollis,Passerellidae,10133,Yes,Forest,Lower
2009-04-29,14.0,CHI,Passerina,cyanea,Cardinalidae,725,yes,edge,Upper
2009-04-29,14.0,CHI,Troglodytes,aedon,Troglodytidae,104,No,Edge,Lower
2009-04-29,14.0,CHI,Zonotrichia,albicollis,Passerellidae,10133,Yes,Forest,Lower
2009-04-30,14.0,CHI,Regulus,calendula,Regulidae,416,No,Forest,Upper
2009-04-30,14.0,CHI,Zonotrichia,albicollis,Passerellidae,10133,Yes,Forest,Lower
2009-04-30,14.0,CHI,Seiurus,aurocapilla,Parulidae,4580,Yes,Forest,Lower
2009-04-30,14.0,CHI,Catharus,fuscescens,Turdidae,727,Yes,Forest,Lower
2009-04-30,14.0,CHI,Setophaga,palmarum,Parulidae,694,Yes,Edge,Lower
2009-04-30,14.0,CHI,Zonotrichia,albicollis,Passerellidae,10133,Yes,Forest,Lower
2009-05-01,14.0,CHI,Hylocichla,mustelina,Turdidae,500,Yes,Forest,Lower
2009-05-01,14.0,CHI,Hylocichla,mustelina,Turdidae,500,Yes,Forest,Lower
2009-05-01,14.0,CHI,Troglodytes,aedon,Troglodytidae,104,No,Edge,Lower
2009-05-01,14.0,MP,Melospiza,melodia,Passerellidae,5124,Yes,Edge,Lower
2009-05-01,14.0,CHI,Parkesia,noveboracensis,Parulidae,916,Yes,Forest,Lower
2009-05-01,14.0,CHI,Zonotrichia,albicollis,Passerellidae,10133,Yes,Forest,Lower
2009-05-01,14.0,CHI,catharus,ustulatus,Turdidae,2331,Yes,Forest,Lower
2009-05-01,14.0,CHI,Seiurus,aurocapilla,Parulidae,4580,Yes,Forest,Lower
2009-05-01,14.0,CHI,Seiurus,aurocapilla,Parulidae,4580,Yes,Forest,Lower
2009-05-01,14.0,CHI,Seiurus,aurocapilla,Parulidae,4580,Yes,Forest,Lower
2009-05-01,14.0,CHI,Seiurus,aurocapilla,Parulidae,4580,Yes,Forest,Lower
2009-05-01,14.0,CHI,Zonotrichia,albicollis,Passerellidae,10133,Yes,Forest,Lower
2009-05-01,14.0,CHI,Mniotilta,varia,Parulidae,620,Yes,Forest,Upper
2009-05-01,14.0,CHI,Seiurus,aurocapilla,Parulidae,4580,Yes,Forest,Lower
2009-05-01,14.0,CHI,Zonotrichia,albicollis,Passerellidae,10133,Yes,Forest,Lower
2009-05-01,14.0,CHI,Zonotrichia,albicollis,Passerellidae,10133,Yes,Forest,Lower
2009-05-01,14.0,CHI,Geothlypis,trichas,Parulidae,1555,Yes,Open,Lower
2009-05-01,14.0,CHI,Zonotrichia,albicollis,Passerellidae,10133,Yes,Forest,Lower
2009-05-01,14.0,CHI,Zonotrichia,albicollis,Passerellidae,10133,Yes,Forest,Lower
2009-05-02,16.0,MP,Seiurus,aurocapilla,Parulidae,4580,Yes,Forest,Lower
2009-05-02,16.0,CHI,Seiurus,aurocapilla,Parulidae,4580,Yes,Forest,Lower
2009-05-02,16.0,CHI,Mniotilta,varia,Parulidae,620,Yes,Forest,Upper
2009-05-02,16.0,CHI,Seiurus,aurocapilla,Parulidae,4580,Yes,Forest,Lower
2009-05-02,16.0,CHI,Troglodytes,aedon,Troglodytidae,104,No,Edge,Lower
2009-05-02,16.0,CHI,Parkesia,noveboracensis,Parulidae,916,Yes,Forest,Lower
2009-05-02,16.0,CHI,Seiurus,aurocapilla,Parulidae,4580,Yes,Forest,Lower
2009-05-02,16.0,CHI,Seiurus,aurocapilla,Parulidae,4580,Yes,Forest,Lower
2009-05-02,16.0,CHI,Zonotrichia,albicollis,Passerellidae,10133,Yes,Forest,Lower
2009-05-02,16.0,CHI,Oreothlypis,ruficapilla,Parulidae,1690,Yes,Forest,Upper
2009-05-02,16.0,CHI,Pheucticus,ludovicianus,Cardinalidae,397,Yes,Forest,Upper
2009-05-03,14.0,CHI,Catharus,guttatus,Turdidae,3729,Yes,Forest,Lower
2009-05-03,14.0,CHI,dumetella,carolinensis,Mimidae,599,no,edge,Lower
2009-05-03,14.0,CHI,Mniotilta,varia,Parulidae,620,Yes,Forest,Upper
2009-05-03,14.0,CHI,Seiurus,aurocapilla,Parulidae,4580,Yes,Forest,Lower
2009-05-03,14.0,MP,dumetella,carolinensis,Mimidae,599,no,edge,Lower
2009-05-03,14.0,CHI,Zonotrichia,albicollis,Passerellidae,10133,Yes,Forest,Lower
2009-05-03,14.0,CHI,Zonotrichia,albicollis,Passerellidae,10133,Yes,Forest,Lower
2009-05-03,14.0,CHI,Zonotrichia,albicollis,Passerellidae,10133,Yes,Forest,Lower
2009-05-03,14.0,CHI,Hylocichla,mustelina,Turdidae,500,Yes,Forest,Lower
2009-05-03,14.0,MP,dumetella,carolinensis,Mimidae,599,no,edge,Lower
2009-05-03,14.0,CHI,Zonotrichia,albicollis,Passerellidae,10133,Yes,Forest,Lower
2009-05-03,14.0,CHI,Setophaga,palmarum,Parulidae,694,Yes,Edge,Lower
2009-05-03,14.0,CHI,Geothlypis,formosa,Parulidae,16,Yes,Forest,Lower
2009-05-03,14.0,CHI,Zonotrichia,albicollis,Passerellidae,10133,Yes,Forest,Lower
2009-05-03,14.0,CHI,Passerina,cyanea,Cardinalidae,725,yes,edge,Upper
2009-05-03,14.0,CHI,Geothlypis,trichas,Parulidae,1555,Yes,Open,Lower
2009-05-03,14.0,CHI,Parkesia,noveboracensis,Parulidae,916,Yes,Forest,Lower
2009-05-03,14.0,CHI,Vermivora,cyanoptera,Parulidae,16,Yes,Edge,Upper
2009-05-03,14.0,MP,Catharus,guttatus,Turdidae,3729,Yes,Forest,Lower
2009-05-03,14.0,CHI,Cardellina,pusilla,Parulidae,185,Yes,Edge,Lower
2009-05-03,14.0,CHI,Seiurus,aurocapilla,Parulidae,4580,Yes,Forest,Lower
2009-05-03,14.0,CHI,Seiurus,aurocapilla,Parulidae,4580,Yes,Forest,Lower
2009-05-03,14.0,CHI,Zonotrichia,albicollis,Passerellidae,10133,Yes,Forest,Lower
2009-05-03,14.0,CHI,Troglodytes,aedon,Troglodytidae,104,No,Edge,Lower
2009-05-04,9.0,CHI,Passerina,cyanea,Cardinalidae,725,yes,edge,Upper
2009-05-04,9.0,CHI,Oreothlypis,ruficapilla,Parulidae,1690,Yes,Forest,Upper
2009-05-04,9.0,CHI,Geothlypis,trichas,Parulidae,1555,Yes,Open,Lower
2009-05-04,9.0,MP,Zonotrichia,albicollis,Passerellidae,10133,Yes,Forest,Lower
2009-05-04,9.0,CHI,Passerina,cyanea,Cardinalidae,725,yes,edge,Upper
2009-05-04,9.0,CHI,Toxostoma,rufum,Mimidae,166,No,Edge,Lower
2009-05-04,9.0,CHI,Passerina,cyanea,Cardinalidae,725,yes,edge,Upper
2009-05-04,9.0,MP,Oreothlypis,ruficapilla,Parulidae,1690,Yes,Forest,Upper
2009-05-04,9.0,CHI,Zonotrichia,albicollis,Passerellidae,10133,Yes,Forest,Lower
2009-05-04,9.0,CHI,Pheucticus,ludovicianus,Cardinalidae,397,Yes,Forest,Upper
2009-05-04,9.0,CHI,Zonotrichia,albicollis,Passerellidae,10133,Yes,Forest,Lower
2009-05-04,9.0,CHI,Zonotrichia,albicollis,Passerellidae,10133,Yes,Forest,Lower
2009-05-04,9.0,CHI,Seiurus,aurocapilla,Parulidae,4580,Yes,Forest,Lower
2009-05-04,9.0,CHI,Seiurus,aurocapilla,Parulidae,4580,Yes,Forest,Lower
2009-05-04,9.0,CHI,Seiurus,aurocapilla,Parulidae,4580,Yes,Forest,Lower
2009-05-04,9.0,CHI,Zonotrichia,albicollis,Passerellidae,10133,Yes,Forest,Lower
2009-05-05,10.0,CHI,Zonotrichia,albicollis,Passerellidae,10133,Yes,Forest,Lower
2009-05-05,10.0,CHI,Zonotrichia,albicollis,Passerellidae,10133,Yes,Forest,Lower
2009-05-05,10.0,CHI,Passerina,cyanea,Cardinalidae,725,yes,edge,Upper
2009-05-05,10.0,CHI,Passerina,cyanea,Cardinalidae,725,yes,edge,Upper
2009-05-05,10.0,CHI,Zonotrichia,albicollis,Passerellidae,10133,Yes,Forest,Lower
2009-05-05,10.0,CHI,Zonotrichia,albicollis,Passerellidae,10133,Yes,Forest,Lower
2009-05-05,10.0,CHI,Hylocichla,mustelina,Turdidae,500,Yes,Forest,Lower
2009-05-05,10.0,CHI,Zonotrichia,albicollis,Passerellidae,10133,Yes,Forest,Lower
2009-05-05,10.0,CHI,Setophaga,palmarum,Parulidae,694,Yes,Edge,Lower
2009-05-05,10.0,CHI,Melospiza,lincolnii,Passerellidae,2029,yes,edge,Lower
2009-05-05,10.0,CHI,Melospiza,lincolnii,Passerellidae,2029,yes,edge,Lower
2009-05-05,10.0,CHI,Melospiza,lincolnii,Passerellidae,2029,yes,edge,Lower
2009-05-06,10.0,CHI,Seiurus,aurocapilla,Parulidae,4580,Yes,Forest,Lower
2009-05-06,10.0,CHI,Seiurus,aurocapilla,Parulidae,4580,Yes,Forest,Lower
2009-05-06,10.0,CHI,Seiurus,aurocapilla,Parulidae,4580,Yes,Forest,Lower
2009-05-06,10.0,CHI,Seiurus,aurocapilla,Parulidae,4580,Yes,Forest,Lower
2009-05-06,10.0,CHI,Zonotrichia,albicollis,Passerellidae,10133,Yes,Forest,Lower
2009-05-06,10.0,CHI,Parkesia,noveboracensis,Parulidae,916,Yes,Forest,Lower
2009-05-06,10.0,CHI,Setophaga,pensylvanica,Parulidae,303,Yes,Edge,Upper
2009-05-06,10.0,CHI,Zonotrichia,albicollis,Passerellidae,10133,Yes,Forest,Lower
2009-05-06,10.0,CHI,Oreothlypis,ruficapilla,Parulidae,1690,Yes,Forest,Upper
2009-05-06,10.0,CHI,Zonotrichia,albicollis,Passerellidae,10133,Yes,Forest,Lower
2009-05-06,10.0,MP,Zonotrichia,albicollis,Passerellidae,10133,Yes,Forest,Lower
2009-05-06,10.0,CHI,Oreothlypis,peregrina,Parulidae,2515,Yes,Edge,Upper
2009-05-06,10.0,CHI,Geothlypis,trichas,Parulidae,1555,Yes,Open,Lower
2009-05-06,10.0,CHI,Empidonax,minimus,Tyrannidae,96,No,Edge,Upper
2009-05-06,10.0,CHI,Passerina,cyanea,Cardinalidae,725,yes,edge,Upper
2009-05-06,10.0,CHI,Seiurus,aurocapilla,Parulidae,4580,Yes,Forest,Lower
2009-05-06,10.0,CHI,Passerina,cyanea,Cardinalidae,725,yes,edge,Upper
2009-05-06,10.0,CHI,Parkesia,noveboracensis,Parulidae,916,Yes,Forest,Lower
2009-05-06,10.0,CHI,Mniotilta,varia,Parulidae,620,Yes,Forest,Upper
2009-05-06,10.0,CHI,Zonotrichia,albicollis,Passerellidae,10133,Yes,Forest,Lower
2009-05-06,10.0,CHI,Passerculus,sandwichensis,Passerellidae,274,yes,open,Lower	
2009-05-06,10.0,CHI,Setophaga,virens,Parulidae,223,Yes,Forest,Upper
2009-05-06,10.0,CHI,Parkesia,noveboracensis,Parulidae,916,Yes,Forest,Lower
2009-05-06,10.0,CHI,Melospiza,lincolnii,Passerellidae,2029,yes,edge,Lower
2009-05-06,10.0,CHI,Melospiza,lincolnii,Passerellidae,2029,yes,edge,Lower
2009-05-06,10.0,CHI,Hylocichla,mustelina,Turdidae,500,Yes,Forest,Lower
2009-05-06,10.0,CHI,Zonotrichia,albicollis,Passerellidae,10133,Yes,Forest,Lower
2009-05-06,10.0,CHI,Zonotrichia,albicollis,Passerellidae,10133,Yes,Forest,Lower
2009-05-07,10.0,CHI,Icterus,galbula,Icteridae,83,Yes,Edge,Upper
2009-05-07,10.0,CHI,Zonotrichia,leucophrys,Passerellidae,1090,Yes,Edge,Lower
2009-05-07,10.0,MP,Seiurus,aurocapilla,Parulidae,4580,Yes,Forest,Lower
2009-05-07,10.0,CHI,dumetella,carolinensis,Mimidae,599,no,edge,Lower
2009-05-07,10.0,CHI,Hylocichla,mustelina,Turdidae,500,Yes,Forest,Lower
2009-05-07,10.0,MP,Hylocichla,mustelina,Turdidae,500,Yes,Forest,Lower
2009-05-07,10.0,CHI,dumetella,carolinensis,Mimidae,599,no,edge,Lower
2009-05-07,10.0,CHI,Cistothorus,platensis,Troglodytidae,60,no,open,Lower
2009-05-07,10.0,CHI,Hylocichla,mustelina,Turdidae,500,Yes,Forest,Lower
2009-05-07,10.0,CHI,Oreothlypis,ruficapilla,Parulidae,1690,Yes,Forest,Upper
2009-05-07,10.0,CHI,catharus,ustulatus,Turdidae,2331,Yes,Forest,Lower
2009-05-07,10.0,MP,Setophaga,petechia,Parulidae,77,Yes,Edge,Upper
2009-05-07,10.0,CHI,Melospiza,lincolnii,Passerellidae,2029,yes,edge,Lower
2009-05-07,10.0,CHI,Zonotrichia,albicollis,Passerellidae,10133,Yes,Forest,Lower
2009-05-07,10.0,CHI,Seiurus,aurocapilla,Parulidae,4580,Yes,Forest,Lower
2009-05-07,10.0,CHI,Seiurus,aurocapilla,Parulidae,4580,Yes,Forest,Lower
2009-05-07,10.0,CHI,Seiurus,aurocapilla,Parulidae,4580,Yes,Forest,Lower
2009-05-07,10.0,CHI,Mniotilta,varia,Parulidae,620,Yes,Forest,Upper
2009-05-07,10.0,CHI,Mniotilta,varia,Parulidae,620,Yes,Forest,Upper
2009-05-07,10.0,MP,Seiurus,aurocapilla,Parulidae,4580,Yes,Forest,Lower
2009-05-07,10.0,CHI,Parkesia,noveboracensis,Parulidae,916,Yes,Forest,Lower
2009-05-07,10.0,MP,Seiurus,aurocapilla,Parulidae,4580,Yes,Forest,Lower
2009-05-07,10.0,CHI,Zonotrichia,albicollis,Passerellidae,10133,Yes,Forest,Lower
2009-05-07,10.0,CHI,Zonotrichia,albicollis,Passerellidae,10133,Yes,Forest,Lower
2009-05-07,10.0,CHI,Seiurus,aurocapilla,Parulidae,4580,Yes,Forest,Lower
2009-05-07,10.0,CHI,Melospiza,lincolnii,Passerellidae,2029,yes,edge,Lower
2009-05-07,10.0,MP,Melospiza,lincolnii,Passerellidae,2029,yes,edge,Lower
2009-05-07,10.0,CHI,Melospiza,lincolnii,Passerellidae,2029,yes,edge,Lower
2009-05-07,10.0,MP,Zonotrichia,albicollis,Passerellidae,10133,Yes,Forest,Lower
2009-05-08,10.0,CHI,Seiurus,aurocapilla,Parulidae,4580,Yes,Forest,Lower
2009-05-08,10.0,CHI,catharus,ustulatus,Turdidae,2331,Yes,Forest,Lower
2009-05-08,10.0,CHI,Seiurus,aurocapilla,Parulidae,4580,Yes,Forest,Lower
2009-05-08,10.0,CHI,Seiurus,aurocapilla,Parulidae,4580,Yes,Forest,Lower
2009-05-08,10.0,CHI,Seiurus,aurocapilla,Parulidae,4580,Yes,Forest,Lower
2009-05-08,10.0,CHI,Seiurus,aurocapilla,Parulidae,4580,Yes,Forest,Lower
2009-05-08,10.0,CHI,Seiurus,aurocapilla,Parulidae,4580,Yes,Forest,Lower
2009-05-08,10.0,CHI,Seiurus,aurocapilla,Parulidae,4580,Yes,Forest,Lower
2009-05-08,10.0,CHI,Seiurus,aurocapilla,Parulidae,4580,Yes,Forest,Lower
2009-05-08,10.0,CHI,Seiurus,aurocapilla,Parulidae,4580,Yes,Forest,Lower
2009-05-08,10.0,CHI,Seiurus,aurocapilla,Parulidae,4580,Yes,Forest,Lower
2009-05-08,10.0,CHI,Seiurus,aurocapilla,Parulidae,4580,Yes,Forest,Lower
2009-05-08,10.0,CHI,Seiurus,aurocapilla,Parulidae,4580,Yes,Forest,Lower
2009-05-08,10.0,CHI,Parkesia,noveboracensis,Parulidae,916,Yes,Forest,Lower
2009-05-08,10.0,CHI,Seiurus,aurocapilla,Parulidae,4580,Yes,Forest,Lower
2009-05-08,10.0,MP,Seiurus,aurocapilla,Parulidae,4580,Yes,Forest,Lower
2009-05-08,10.0,CHI,Seiurus,aurocapilla,Parulidae,4580,Yes,Forest,Lower
2009-05-08,10.0,CHI,Melospiza,lincolnii,Passerellidae,2029,yes,edge,Lower
2009-05-08,10.0,CHI,Melospiza,lincolnii,Passerellidae,2029,yes,edge,Lower
2009-05-08,10.0,CHI,Zonotrichia,leucophrys,Passerellidae,1090,Yes,Edge,Lower
2009-05-08,10.0,CHI,Zonotrichia,leucophrys,Passerellidae,1090,Yes,Edge,Lower
2009-05-08,10.0,CHI,Setophaga,virens,Parulidae,223,Yes,Forest,Upper
2009-05-08,10.0,CHI,Hylocichla,mustelina,Turdidae,500,Yes,Forest,Lower
2009-05-08,10.0,CHI,Hylocichla,mustelina,Turdidae,500,Yes,Forest,Lower
2009-05-08,10.0,CHI,Geothlypis,trichas,Parulidae,1555,Yes,Open,Lower
2009-05-08,10.0,CHI,Seiurus,aurocapilla,Parulidae,4580,Yes,Forest,Lower
2009-05-08,10.0,CHI,catharus,ustulatus,Turdidae,2331,Yes,Forest,Lower
2009-05-08,10.0,CHI,Seiurus,aurocapilla,Parulidae,4580,Yes,Forest,Lower
2009-05-08,10.0,CHI,Zonotrichia,albicollis,Passerellidae,10133,Yes,Forest,Lower
2009-05-08,10.0,MP,Catharus,fuscescens,Turdidae,727,Yes,Forest,Lower
2009-05-08,10.0,CHI,Seiurus,aurocapilla,Parulidae,4580,Yes,Forest,Lower
2009-05-08,10.0,CHI,Catharus,guttatus,Turdidae,3729,Yes,Forest,Lower
2009-05-08,10.0,CHI,Catharus,minimus,Turdidae,822,Yes,Forest,Lower
2009-05-08,10.0,CHI,Zonotrichia,albicollis,Passerellidae,10133,Yes,Forest,Lower
2009-05-08,10.0,MP,Zonotrichia,albicollis,Passerellidae,10133,Yes,Forest,Lower
2009-05-08,10.0,MP,Zonotrichia,albicollis,Passerellidae,10133,Yes,Forest,Lower
2009-05-08,10.0,CHI,Zonotrichia,albicollis,Passerellidae,10133,Yes,Forest,Lower
2009-05-08,10.0,CHI,Zonotrichia,albicollis,Passerellidae,10133,Yes,Forest,Lower
2009-05-08,10.0,CHI,Zonotrichia,albicollis,Passerellidae,10133,Yes,Forest,Lower
2009-05-08,10.0,CHI,Regulus,calendula,Regulidae,416,No,Forest,Upper
2009-05-08,10.0,CHI,dumetella,carolinensis,Mimidae,599,no,edge,Lower
2009-05-08,10.0,CHI,Passerina,cyanea,Cardinalidae,725,yes,edge,Upper
2009-05-08,10.0,CHI,Setophaga,magnolia,Parulidae,1224,yes,forest,Upper
2009-05-08,10.0,CHI,Oreothlypis,ruficapilla,Parulidae,1690,Yes,Forest,Upper
2009-05-08,10.0,CHI,Mniotilta,varia,Parulidae,620,Yes,Forest,Upper
2009-05-08,10.0,CHI,Mniotilta,varia,Parulidae,620,Yes,Forest,Upper
2009-05-08,10.0,CHI,Catharus,fuscescens,Turdidae,727,Yes,Forest,Lower
2009-05-09,10.0,MP,Geothlypis,trichas,Parulidae,1555,Yes,Open,Lower
2009-05-09,10.0,CHI,Catharus,guttatus,Turdidae,3729,Yes,Forest,Lower
2009-05-09,10.0,MP,Melospiza,lincolnii,Passerellidae,2029,yes,edge,Lower
2009-05-09,10.0,CHI,Melospiza,lincolnii,Passerellidae,2029,yes,edge,Lower
2009-05-09,10.0,CHI,Zonotrichia,leucophrys,Passerellidae,1090,Yes,Edge,Lower
2009-05-09,10.0,MP,Zonotrichia,leucophrys,Passerellidae,1090,Yes,Edge,Lower
2009-05-09,10.0,MP,Passerculus,sandwichensis,Passerellidae,274,yes,open,Lower	
2009-05-09,10.0,CHI,Geothlypis,trichas,Parulidae,1555,Yes,Open,Lower
2009-05-09,10.0,MP,Catharus,minimus,Turdidae,822,Yes,Forest,Lower
2009-05-09,10.0,MP,Catharus,minimus,Turdidae,822,Yes,Forest,Lower
2009-05-09,10.0,MP,Catharus,minimus,Turdidae,822,Yes,Forest,Lower
2009-05-09,10.0,CHI,Setophaga,magnolia,Parulidae,1224,yes,forest,Upper
2009-05-09,10.0,CHI,Seiurus,aurocapilla,Parulidae,4580,Yes,Forest,Lower
2009-05-09,10.0,CHI,Seiurus,aurocapilla,Parulidae,4580,Yes,Forest,Lower
2009-05-09,10.0,CHI,Setophaga,magnolia,Parulidae,1224,yes,forest,Upper
2009-05-09,10.0,CHI,Seiurus,aurocapilla,Parulidae,4580,Yes,Forest,Lower
2009-05-09,10.0,MP,Seiurus,aurocapilla,Parulidae,4580,Yes,Forest,Lower
2009-05-09,10.0,MP,Seiurus,aurocapilla,Parulidae,4580,Yes,Forest,Lower
2009-05-09,10.0,CHI,Seiurus,aurocapilla,Parulidae,4580,Yes,Forest,Lower
2009-05-09,10.0,CHI,Seiurus,aurocapilla,Parulidae,4580,Yes,Forest,Lower
2009-05-09,10.0,CHI,Vireo,olivaceus,Vireonidae,133,No,Forest,Upper
2009-05-09,10.0,CHI,Seiurus,aurocapilla,Parulidae,4580,Yes,Forest,Lower
2009-05-09,10.0,CHI,Passerina,cyanea,Cardinalidae,725,yes,edge,Upper
2009-05-09,10.0,CHI,setophaga,ruticilla,Parulidae,868,Yes,Edge,Upper
2009-05-09,10.0,MP,Catharus,fuscescens,Turdidae,727,Yes,Forest,Lower
2009-05-09,10.0,MP,Catharus,fuscescens,Turdidae,727,Yes,Forest,Lower
2009-05-09,10.0,MP,Catharus,fuscescens,Turdidae,727,Yes,Forest,Lower
2009-05-09,10.0,MP,Catharus,fuscescens,Turdidae,727,Yes,Forest,Lower
2009-05-09,10.0,MP,Catharus,fuscescens,Turdidae,727,Yes,Forest,Lower
2009-05-09,10.0,CHI,dumetella,carolinensis,Mimidae,599,no,edge,Lower
2009-05-09,10.0,CHI,dumetella,carolinensis,Mimidae,599,no,edge,Lower
2009-05-09,10.0,CHI,Zonotrichia,albicollis,Passerellidae,10133,Yes,Forest,Lower
2009-05-09,10.0,CHI,Zonotrichia,albicollis,Passerellidae,10133,Yes,Forest,Lower
2009-05-09,10.0,CHI,Zonotrichia,albicollis,Passerellidae,10133,Yes,Forest,Lower
2009-05-09,10.0,MP,Zonotrichia,albicollis,Passerellidae,10133,Yes,Forest,Lower
2009-05-09,10.0,MP,Zonotrichia,albicollis,Passerellidae,10133,Yes,Forest,Lower
2009-05-09,10.0,CHI,Zonotrichia,albicollis,Passerellidae,10133,Yes,Forest,Lower
2009-05-09,10.0,CHI,dumetella,carolinensis,Mimidae,599,no,edge,Lower
2009-05-09,10.0,CHI,dumetella,carolinensis,Mimidae,599,no,edge,Lower
2009-05-09,10.0,CHI,Oreothlypis,ruficapilla,Parulidae,1690,Yes,Forest,Upper
2009-05-09,10.0,CHI,Junco,hyemalis,Passerellidae,6303,Yes,Edge,Lower
2009-05-09,10.0,CHI,Passerina,cyanea,Cardinalidae,725,yes,edge,Upper
2009-05-09,10.0,CHI,setophaga,ruticilla,Parulidae,868,Yes,Edge,Upper
2009-05-09,10.0,CHI,setophaga,ruticilla,Parulidae,868,Yes,Edge,Upper
2009-05-09,10.0,CHI,Seiurus,aurocapilla,Parulidae,4580,Yes,Forest,Lower
2009-05-09,10.0,MP,Zonotrichia,leucophrys,Passerellidae,1090,Yes,Edge,Lower
2009-05-09,10.0,MP,Seiurus,aurocapilla,Parulidae,4580,Yes,Forest,Lower
2009-05-09,10.0,MP,catharus,ustulatus,Turdidae,2331,Yes,Forest,Lower
2009-05-09,10.0,CHI,Seiurus,aurocapilla,Parulidae,4580,Yes,Forest,Lower
2009-05-09,10.0,CHI,Mniotilta,varia,Parulidae,620,Yes,Forest,Upper
2009-05-09,10.0,CHI,Mniotilta,varia,Parulidae,620,Yes,Forest,Upper
2009-05-09,10.0,CHI,Hylocichla,mustelina,Turdidae,500,Yes,Forest,Lower
2009-05-09,10.0,CHI,Hylocichla,mustelina,Turdidae,500,Yes,Forest,Lower
2009-05-09,10.0,CHI,Setophaga,fusca,Parulidae,201,Yes,Forest,Upper
2009-05-09,10.0,MP,Pheucticus,ludovicianus,Cardinalidae,397,Yes,Forest,Upper
2009-05-09,10.0,CHI,Pheucticus,ludovicianus,Cardinalidae,397,Yes,Forest,Upper
2009-05-09,10.0,CHI,Setophaga,striata,Parulidae,787,Yes,Forest,Upper
2009-05-09,10.0,CHI,Seiurus,aurocapilla,Parulidae,4580,Yes,Forest,Lower
2009-05-09,10.0,CHI,Oreothlypis,peregrina,Parulidae,2515,Yes,Edge,Upper
2009-05-09,10.0,MP,Seiurus,aurocapilla,Parulidae,4580,Yes,Forest,Lower
2009-05-09,10.0,MP,Geothlypis,trichas,Parulidae,1555,Yes,Open,Lower
2009-05-09,10.0,MP,Seiurus,aurocapilla,Parulidae,4580,Yes,Forest,Lower
2009-05-09,10.0,MP,Seiurus,aurocapilla,Parulidae,4580,Yes,Forest,Lower
2009-05-09,10.0,MP,Seiurus,aurocapilla,Parulidae,4580,Yes,Forest,Lower
2009-05-09,10.0,CHI,Seiurus,aurocapilla,Parulidae,4580,Yes,Forest,Lower
2009-05-09,10.0,MP,Geothlypis,trichas,Parulidae,1555,Yes,Open,Lower
2009-05-09,10.0,CHI,Oreothlypis,peregrina,Parulidae,2515,Yes,Edge,Upper
2009-05-10,4.0,CHI,Seiurus,aurocapilla,Parulidae,4580,Yes,Forest,Lower
2009-05-10,4.0,CHI,Seiurus,aurocapilla,Parulidae,4580,Yes,Forest,Lower
2009-05-10,4.0,CHI,Seiurus,aurocapilla,Parulidae,4580,Yes,Forest,Lower
2009-05-10,4.0,CHI,dumetella,carolinensis,Mimidae,599,no,edge,Lower
2009-05-10,4.0,CHI,Seiurus,aurocapilla,Parulidae,4580,Yes,Forest,Lower
2009-05-10,4.0,CHI,Seiurus,aurocapilla,Parulidae,4580,Yes,Forest,Lower
2009-05-10,4.0,CHI,Setophaga,petechia,Parulidae,77,Yes,Edge,Upper
2009-05-10,4.0,CHI,Seiurus,aurocapilla,Parulidae,4580,Yes,Forest,Lower
2009-05-10,4.0,CHI,Parkesia,noveboracensis,Parulidae,916,Yes,Forest,Lower
2009-05-10,4.0,CHI,Catharus,minimus,Turdidae,822,Yes,Forest,Lower
2009-05-10,4.0,MP,Parkesia,noveboracensis,Parulidae,916,Yes,Forest,Lower
2009-05-10,4.0,CHI,Geothlypis,trichas,Parulidae,1555,Yes,Open,Lower
2009-05-10,4.0,CHI,Zonotrichia,albicollis,Passerellidae,10133,Yes,Forest,Lower
2009-05-10,4.0,CHI,Geothlypis,trichas,Parulidae,1555,Yes,Open,Lower
2009-05-10,4.0,MP,Geothlypis,trichas,Parulidae,1555,Yes,Open,Lower
2009-05-10,4.0,CHI,Zonotrichia,albicollis,Passerellidae,10133,Yes,Forest,Lower
2009-05-10,4.0,CHI,Setophaga,magnolia,Parulidae,1224,yes,forest,Upper
2009-05-11,4.0,CHI,dumetella,carolinensis,Mimidae,599,no,edge,Lower
2009-05-11,4.0,CHI,Tyrannus,tyrannus,Tyrannidae,4,Rare,Open,Upper
2009-05-11,4.0,CHI,Geothlypis,trichas,Parulidae,1555,Yes,Open,Lower
2009-05-11,4.0,CHI,Mniotilta,varia,Parulidae,620,Yes,Forest,Upper
2009-05-11,4.0,CHI,Hylocichla,mustelina,Turdidae,500,Yes,Forest,Lower
2009-05-11,4.0,CHI,Oreothlypis,peregrina,Parulidae,2515,Yes,Edge,Upper
2009-05-12,4.0,CHI,Parkesia,noveboracensis,Parulidae,916,Yes,Forest,Lower
2009-05-12,4.0,CHI,Passerina,cyanea,Cardinalidae,725,yes,edge,Upper
2009-05-12,4.0,CHI,Oreothlypis,ruficapilla,Parulidae,1690,Yes,Forest,Upper
2009-05-12,4.0,CHI,Setophaga,pensylvanica,Parulidae,303,Yes,Edge,Upper
2009-05-13,4.0,CHI,Setophaga,pensylvanica,Parulidae,303,Yes,Edge,Upper
2009-05-13,4.0,CHI,Melospiza,lincolnii,Passerellidae,2029,yes,edge,Lower
2009-05-13,4.0,CHI,Setophaga,tigrina,Parulidae,182,Yes,Forest,Upper
2009-05-13,4.0,CHI,Catharus,fuscescens,Turdidae,727,Yes,Forest,Lower
2009-05-13,4.0,CHI,Hylocichla,mustelina,Turdidae,500,Yes,Forest,Lower
2009-05-13,4.0,CHI,Oreothlypis,peregrina,Parulidae,2515,Yes,Edge,Upper
2009-05-13,4.0,CHI,Setophaga,castanea,Parulidae,287,Yes,Forest,Upper
2009-05-13,4.0,CHI,Setophaga,caerulescens,Parulidae,183,Yes,Forest,Upper
2009-05-13,4.0,CHI,Setophaga,fusca,Parulidae,201,Yes,Forest,Upper
2009-05-13,4.0,CHI,Setophaga,fusca,Parulidae,201,Yes,Forest,Upper
2009-05-13,4.0,CHI,Geothlypis,trichas,Parulidae,1555,Yes,Open,Lower
2009-05-13,4.0,CHI,Seiurus,aurocapilla,Parulidae,4580,Yes,Forest,Lower
2009-05-13,4.0,CHI,Seiurus,aurocapilla,Parulidae,4580,Yes,Forest,Lower
2009-05-13,4.0,CHI,Setophaga,tigrina,Parulidae,182,Yes,Forest,Upper
2009-05-13,4.0,CHI,Seiurus,aurocapilla,Parulidae,4580,Yes,Forest,Lower
2009-05-13,4.0,MP,Seiurus,aurocapilla,Parulidae,4580,Yes,Forest,Lower
2009-05-13,4.0,MP,Seiurus,aurocapilla,Parulidae,4580,Yes,Forest,Lower
2009-05-13,4.0,CHI,catharus,ustulatus,Turdidae,2331,Yes,Forest,Lower
2009-05-13,4.0,CHI,setophaga,ruticilla,Parulidae,868,Yes,Edge,Upper
2009-05-13,4.0,CHI,Oreothlypis,ruficapilla,Parulidae,1690,Yes,Forest,Upper
2009-05-13,4.0,CHI,Pheucticus,ludovicianus,Cardinalidae,397,Yes,Forest,Upper
2009-05-13,4.0,CHI,Oreothlypis,peregrina,Parulidae,2515,Yes,Edge,Upper
2009-05-13,4.0,CHI,Mniotilta,varia,Parulidae,620,Yes,Forest,Upper
2009-05-14,4.0,CHI,Parkesia,noveboracensis,Parulidae,916,Yes,Forest,Lower
2009-05-14,4.0,MP,Catharus,fuscescens,Turdidae,727,Yes,Forest,Lower
2009-05-14,4.0,CHI,Parkesia,noveboracensis,Parulidae,916,Yes,Forest,Lower
2009-05-14,4.0,CHI,Oreothlypis,peregrina,Parulidae,2515,Yes,Edge,Upper
2009-05-14,4.0,CHI,Spizella,passerina,Passerellidae,68,Yes,Edge,Lower
2009-05-14,4.0,CHI,catharus,ustulatus,Turdidae,2331,Yes,Forest,Lower
2009-05-14,4.0,CHI,Hylocichla,mustelina,Turdidae,500,Yes,Forest,Lower
2009-05-14,4.0,CHI,Setophaga,virens,Parulidae,223,Yes,Forest,Upper
2009-05-14,4.0,CHI,Setophaga,tigrina,Parulidae,182,Yes,Forest,Upper
2009-05-14,4.0,MP,Passerina,cyanea,Cardinalidae,725,yes,edge,Upper
2009-05-14,4.0,CHI,Mniotilta,varia,Parulidae,620,Yes,Forest,Upper
2009-05-14,4.0,CHI,Geothlypis,trichas,Parulidae,1555,Yes,Open,Lower
2009-05-14,4.0,CHI,Catharus,minimus,Turdidae,822,Yes,Forest,Lower
2009-05-14,4.0,CHI,Oreothlypis,peregrina,Parulidae,2515,Yes,Edge,Upper
2009-05-14,4.0,MP,dumetella,carolinensis,Mimidae,599,no,edge,Lower
2009-05-14,4.0,CHI,Parkesia,noveboracensis,Parulidae,916,Yes,Forest,Lower
2009-05-14,4.0,CHI,Spizella,pallida,Passerellidae,50,Yes,Open,Lower
2009-05-14,4.0,CHI,Seiurus,aurocapilla,Parulidae,4580,Yes,Forest,Lower
2009-05-14,4.0,CHI,Seiurus,aurocapilla,Parulidae,4580,Yes,Forest,Lower
2009-05-14,4.0,CHI,Seiurus,aurocapilla,Parulidae,4580,Yes,Forest,Lower
2009-05-14,4.0,CHI,Zonotrichia,albicollis,Passerellidae,10133,Yes,Forest,Lower
2009-05-14,4.0,CHI,Oreothlypis,ruficapilla,Parulidae,1690,Yes,Forest,Upper
2009-05-14,4.0,CHI,Oreothlypis,ruficapilla,Parulidae,1690,Yes,Forest,Upper
2009-05-14,4.0,CHI,Seiurus,aurocapilla,Parulidae,4580,Yes,Forest,Lower
2009-05-14,4.0,CHI,Oreothlypis,ruficapilla,Parulidae,1690,Yes,Forest,Upper
2009-05-14,4.0,CHI,Oreothlypis,ruficapilla,Parulidae,1690,Yes,Forest,Upper
2009-05-14,4.0,CHI,Seiurus,aurocapilla,Parulidae,4580,Yes,Forest,Lower
2009-05-14,4.0,CHI,Oreothlypis,ruficapilla,Parulidae,1690,Yes,Forest,Upper
2009-05-14,4.0,CHI,Seiurus,aurocapilla,Parulidae,4580,Yes,Forest,Lower
2009-05-14,4.0,CHI,Seiurus,aurocapilla,Parulidae,4580,Yes,Forest,Lower
2009-05-15,5.0,CHI,Seiurus,aurocapilla,Parulidae,4580,Yes,Forest,Lower
2009-05-15,5.0,CHI,Setophaga,magnolia,Parulidae,1224,yes,forest,Upper
2009-05-15,5.0,CHI,Setophaga,magnolia,Parulidae,1224,yes,forest,Upper
2009-05-15,5.0,CHI,Geothlypis,trichas,Parulidae,1555,Yes,Open,Lower
2009-05-15,5.0,CHI,Geothlypis,trichas,Parulidae,1555,Yes,Open,Lower
2009-05-15,5.0,CHI,Setophaga,magnolia,Parulidae,1224,yes,forest,Upper
2009-05-15,5.0,CHI,dumetella,carolinensis,Mimidae,599,no,edge,Lower
2009-05-15,5.0,CHI,Setophaga,magnolia,Parulidae,1224,yes,forest,Upper
2009-05-15,5.0,CHI,Setophaga,magnolia,Parulidae,1224,yes,forest,Upper
2009-05-15,5.0,CHI,Setophaga,magnolia,Parulidae,1224,yes,forest,Upper
2009-05-15,5.0,CHI,Setophaga,magnolia,Parulidae,1224,yes,forest,Upper
2009-05-15,5.0,CHI,Setophaga,magnolia,Parulidae,1224,yes,forest,Upper
2009-05-15,5.0,CHI,Setophaga,magnolia,Parulidae,1224,yes,forest,Upper
2009-05-15,5.0,CHI,Geothlypis,trichas,Parulidae,1555,Yes,Open,Lower
2009-05-15,5.0,CHI,Oreothlypis,ruficapilla,Parulidae,1690,Yes,Forest,Upper
2009-05-15,5.0,CHI,Seiurus,aurocapilla,Parulidae,4580,Yes,Forest,Lower
2009-05-15,5.0,CHI,Seiurus,aurocapilla,Parulidae,4580,Yes,Forest,Lower
2009-05-15,5.0,CHI,Setophaga,pensylvanica,Parulidae,303,Yes,Edge,Upper
2009-05-15,5.0,CHI,Setophaga,magnolia,Parulidae,1224,yes,forest,Upper
2009-05-15,5.0,CHI,Setophaga,magnolia,Parulidae,1224,yes,forest,Upper
2009-05-15,5.0,CHI,Setophaga,magnolia,Parulidae,1224,yes,forest,Upper
2009-05-15,5.0,CHI,Seiurus,aurocapilla,Parulidae,4580,Yes,Forest,Lower
2009-05-15,5.0,CHI,Seiurus,aurocapilla,Parulidae,4580,Yes,Forest,Lower
2009-05-15,5.0,CHI,Seiurus,aurocapilla,Parulidae,4580,Yes,Forest,Lower
2009-05-15,5.0,CHI,Oreothlypis,peregrina,Parulidae,2515,Yes,Edge,Upper
2009-05-15,5.0,CHI,Icterus,galbula,Icteridae,83,Yes,Edge,Upper
2009-05-15,5.0,CHI,Seiurus,aurocapilla,Parulidae,4580,Yes,Forest,Lower
2009-05-15,5.0,CHI,Seiurus,aurocapilla,Parulidae,4580,Yes,Forest,Lower
2009-05-15,5.0,CHI,Oreothlypis,ruficapilla,Parulidae,1690,Yes,Forest,Upper
2009-05-15,5.0,CHI,Oreothlypis,ruficapilla,Parulidae,1690,Yes,Forest,Upper
2009-05-15,5.0,CHI,Oreothlypis,ruficapilla,Parulidae,1690,Yes,Forest,Upper
2009-05-15,5.0,CHI,Oreothlypis,ruficapilla,Parulidae,1690,Yes,Forest,Upper
2009-05-15,5.0,CHI,Seiurus,aurocapilla,Parulidae,4580,Yes,Forest,Lower
2009-05-15,5.0,CHI,Seiurus,aurocapilla,Parulidae,4580,Yes,Forest,Lower
2009-05-15,5.0,CHI,dumetella,carolinensis,Mimidae,599,no,edge,Lower
2009-05-16,5.0,CHI,Catharus,fuscescens,Turdidae,727,Yes,Forest,Lower
2009-05-16,5.0,CHI,Cardellina,canadensis,Parulidae,241,Yes,Forest,Lower
2009-05-16,5.0,CHI,Oreothlypis,peregrina,Parulidae,2515,Yes,Edge,Upper
2009-05-16,5.0,CHI,Oreothlypis,ruficapilla,Parulidae,1690,Yes,Forest,Upper
2009-05-16,5.0,CHI,Oreothlypis,ruficapilla,Parulidae,1690,Yes,Forest,Upper
2009-05-16,5.0,CHI,Seiurus,aurocapilla,Parulidae,4580,Yes,Forest,Lower
2009-05-16,5.0,MP,catharus,ustulatus,Turdidae,2331,Yes,Forest,Lower
2009-05-16,5.0,CHI,Seiurus,aurocapilla,Parulidae,4580,Yes,Forest,Lower
2009-05-16,5.0,CHI,Melospiza,lincolnii,Passerellidae,2029,yes,edge,Lower
2009-05-16,5.0,CHI,Geothlypis,trichas,Parulidae,1555,Yes,Open,Lower
2009-05-16,5.0,CHI,Setophaga,magnolia,Parulidae,1224,yes,forest,Upper
2009-05-16,5.0,CHI,Seiurus,aurocapilla,Parulidae,4580,Yes,Forest,Lower
2009-05-16,5.0,CHI,Seiurus,aurocapilla,Parulidae,4580,Yes,Forest,Lower
2009-05-16,5.0,CHI,Seiurus,aurocapilla,Parulidae,4580,Yes,Forest,Lower
2009-05-16,5.0,CHI,Setophaga,fusca,Parulidae,201,Yes,Forest,Upper
2009-05-16,5.0,CHI,Catharus,guttatus,Turdidae,3729,Yes,Forest,Lower
2009-05-16,5.0,CHI,Setophaga,citrina,Parulidae,5,yes,forest,Upper
2009-05-16,5.0,CHI,Zonotrichia,albicollis,Passerellidae,10133,Yes,Forest,Lower
2009-05-16,5.0,CHI,Seiurus,aurocapilla,Parulidae,4580,Yes,Forest,Lower
2009-05-16,5.0,CHI,Mniotilta,varia,Parulidae,620,Yes,Forest,Upper
2009-05-17,5.0,CHI,Passerina,cyanea,Cardinalidae,725,yes,edge,Upper
2009-05-17,5.0,CHI,Seiurus,aurocapilla,Parulidae,4580,Yes,Forest,Lower
2009-05-17,5.0,CHI,Seiurus,aurocapilla,Parulidae,4580,Yes,Forest,Lower
2009-05-17,5.0,CHI,Seiurus,aurocapilla,Parulidae,4580,Yes,Forest,Lower
2009-05-17,5.0,CHI,Seiurus,aurocapilla,Parulidae,4580,Yes,Forest,Lower
2009-05-17,5.0,CHI,Pheucticus,ludovicianus,Cardinalidae,397,Yes,Forest,Upper
2009-05-17,5.0,CHI,catharus,ustulatus,Turdidae,2331,Yes,Forest,Lower
2009-05-17,5.0,CHI,Pheucticus,ludovicianus,Cardinalidae,397,Yes,Forest,Upper
2009-05-17,5.0,CHI,Piranga,olivacea,Cardinalidae,127,Yes,Forest,Upper
2009-05-17,5.0,CHI,Empidonax,minimus,Tyrannidae,96,No,Edge,Upper
2009-05-17,5.0,CHI,Passerina,cyanea,Cardinalidae,725,yes,edge,Upper
2009-05-17,5.0,CHI,Oreothlypis,ruficapilla,Parulidae,1690,Yes,Forest,Upper
2009-05-17,5.0,CHI,Passerina,cyanea,Cardinalidae,725,yes,edge,Upper
2009-05-17,5.0,CHI,Setophaga,fusca,Parulidae,201,Yes,Forest,Upper
2009-05-17,5.0,CHI,Geothlypis,trichas,Parulidae,1555,Yes,Open,Lower
2009-05-17,5.0,CHI,Setophaga,magnolia,Parulidae,1224,yes,forest,Upper
2009-05-17,5.0,CHI,Cardellina,pusilla,Parulidae,185,Yes,Edge,Lower
2009-05-17,5.0,CHI,Vermivora,cyanoptera,Parulidae,16,Yes,Edge,Upper
2009-05-18,5.0,CHI,Parkesia,noveboracensis,Parulidae,916,Yes,Forest,Lower
2009-05-18,5.0,CHI,Oreothlypis,peregrina,Parulidae,2515,Yes,Edge,Upper
2009-05-18,5.0,CHI,Passerina,cyanea,Cardinalidae,725,yes,edge,Upper
2009-05-18,5.0,CHI,Seiurus,aurocapilla,Parulidae,4580,Yes,Forest,Lower
2009-05-18,5.0,CHI,Seiurus,aurocapilla,Parulidae,4580,Yes,Forest,Lower
2009-05-18,5.0,CHI,Seiurus,aurocapilla,Parulidae,4580,Yes,Forest,Lower
2009-05-18,5.0,CHI,Mniotilta,varia,Parulidae,620,Yes,Forest,Upper
2009-05-18,5.0,CHI,Geothlypis,trichas,Parulidae,1555,Yes,Open,Lower
2009-05-18,5.0,CHI,Oreothlypis,ruficapilla,Parulidae,1690,Yes,Forest,Upper
2009-05-18,5.0,CHI,cistothorus,palustris,Troglodytidae,91,No,Open,Lower
2009-05-18,5.0,CHI,catharus,ustulatus,Turdidae,2331,Yes,Forest,Lower
2009-05-18,5.0,CHI,Parkesia,noveboracensis,Parulidae,916,Yes,Forest,Lower
2009-05-18,5.0,CHI,Mniotilta,varia,Parulidae,620,Yes,Forest,Upper
2009-05-18,5.0,CHI,dumetella,carolinensis,Mimidae,599,no,edge,Lower
2009-05-19,5.0,MP,setophaga,ruticilla,Parulidae,868,Yes,Edge,Upper
2009-05-19,5.0,CHI,Seiurus,aurocapilla,Parulidae,4580,Yes,Forest,Lower
2009-05-19,5.0,CHI,Seiurus,aurocapilla,Parulidae,4580,Yes,Forest,Lower
2009-05-19,5.0,MP,Seiurus,aurocapilla,Parulidae,4580,Yes,Forest,Lower
2009-05-19,5.0,CHI,Setophaga,fusca,Parulidae,201,Yes,Forest,Upper
2009-05-19,5.0,CHI,Seiurus,aurocapilla,Parulidae,4580,Yes,Forest,Lower
2009-05-19,5.0,CHI,Setophaga,castanea,Parulidae,287,Yes,Forest,Upper
2009-05-19,5.0,CHI,Setophaga,caerulescens,Parulidae,183,Yes,Forest,Upper
2009-05-19,5.0,MP,setophaga,ruticilla,Parulidae,868,Yes,Edge,Upper
2009-05-19,5.0,CHI,setophaga,ruticilla,Parulidae,868,Yes,Edge,Upper
2009-05-19,5.0,CHI,Setophaga,fusca,Parulidae,201,Yes,Forest,Upper
2009-05-19,5.0,CHI,Vireo,olivaceus,Vireonidae,133,No,Forest,Upper
2009-05-19,5.0,CHI,Toxostoma,rufum,Mimidae,166,No,Edge,Lower
2009-05-19,5.0,MP,Oreothlypis,ruficapilla,Parulidae,1690,Yes,Forest,Upper
2009-05-19,5.0,CHI,Piranga,olivacea,Cardinalidae,127,Yes,Forest,Upper
2009-05-19,5.0,CHI,setophaga,ruticilla,Parulidae,868,Yes,Edge,Upper
2009-05-19,5.0,CHI,Oreothlypis,peregrina,Parulidae,2515,Yes,Edge,Upper
2009-05-19,5.0,CHI,Cardellina,canadensis,Parulidae,241,Yes,Forest,Lower
2009-05-19,5.0,CHI,geothlypis,philadelphia,Parulidae,430,Yes,Edge,Lower
2009-05-19,5.0,CHI,Setophaga,striata,Parulidae,787,Yes,Forest,Upper
2009-05-19,5.0,CHI,Parkesia,noveboracensis,Parulidae,916,Yes,Forest,Lower
2009-05-20,5.0,MP,dumetella,carolinensis,Mimidae,599,no,edge,Lower
2009-05-20,5.0,MP,Geothlypis,trichas,Parulidae,1555,Yes,Open,Lower
2009-05-20,5.0,CHI,Oreothlypis,ruficapilla,Parulidae,1690,Yes,Forest,Upper
2009-05-20,5.0,CHI,Setophaga,pensylvanica,Parulidae,303,Yes,Edge,Upper
2009-05-20,5.0,CHI,Seiurus,aurocapilla,Parulidae,4580,Yes,Forest,Lower
2009-05-20,5.0,CHI,Cardellina,pusilla,Parulidae,185,Yes,Edge,Lower
2009-05-20,5.0,CHI,Icterus,galbula,Icteridae,83,Yes,Edge,Upper
2009-05-20,5.0,CHI,Setophaga,castanea,Parulidae,287,Yes,Forest,Upper
2009-05-20,5.0,CHI,Seiurus,aurocapilla,Parulidae,4580,Yes,Forest,Lower
2009-05-20,5.0,MP,Setophaga,castanea,Parulidae,287,Yes,Forest,Upper
2009-05-20,5.0,CHI,Melospiza,lincolnii,Passerellidae,2029,yes,edge,Lower
2009-05-20,5.0,CHI,Zonotrichia,albicollis,Passerellidae,10133,Yes,Forest,Lower
2009-05-20,5.0,CHI,Setophaga,virens,Parulidae,223,Yes,Forest,Upper
2009-05-20,5.0,CHI,setophaga,ruticilla,Parulidae,868,Yes,Edge,Upper
2009-05-20,5.0,MP,Toxostoma,rufum,Mimidae,166,No,Edge,Lower
2009-05-20,5.0,CHI,Setophaga,pensylvanica,Parulidae,303,Yes,Edge,Upper
2009-05-20,5.0,MP,Catharus,fuscescens,Turdidae,727,Yes,Forest,Lower
2009-05-20,5.0,CHI,Setophaga,pensylvanica,Parulidae,303,Yes,Edge,Upper
2009-05-20,5.0,CHI,Passerina,cyanea,Cardinalidae,725,yes,edge,Upper
2009-05-21,5.0,CHI,Oreothlypis,peregrina,Parulidae,2515,Yes,Edge,Upper
2009-05-21,5.0,MP,geothlypis,philadelphia,Parulidae,430,Yes,Edge,Lower
2009-05-21,5.0,CHI,Passerina,cyanea,Cardinalidae,725,yes,edge,Upper
2009-05-21,5.0,MP,Seiurus,aurocapilla,Parulidae,4580,Yes,Forest,Lower
2009-05-21,5.0,CHI,Empidonax,minimus,Tyrannidae,96,No,Edge,Upper
2009-05-21,5.0,CHI,setophaga,ruticilla,Parulidae,868,Yes,Edge,Upper
2009-05-21,5.0,CHI,Setophaga,magnolia,Parulidae,1224,yes,forest,Upper
2009-05-21,5.0,CHI,catharus,ustulatus,Turdidae,2331,Yes,Forest,Lower
2009-05-21,5.0,CHI,Contopus,cooperi,Tyrannidae,4,No,Edge,Upper
2009-05-21,5.0,CHI,Oporornis,agilis,Parulidae,365,Yes,Forest,Lower
2009-05-21,5.0,CHI,Setophaga,magnolia,Parulidae,1224,yes,forest,Upper
2009-05-21,5.0,CHI,Zonotrichia,albicollis,Passerellidae,10133,Yes,Forest,Lower
2009-05-21,5.0,MP,Passerina,cyanea,Cardinalidae,725,yes,edge,Upper
2009-05-21,5.0,CHI,Vireo,olivaceus,Vireonidae,133,No,Forest,Upper
2009-05-21,5.0,CHI,Oreothlypis,peregrina,Parulidae,2515,Yes,Edge,Upper
2009-05-21,5.0,MP,Oreothlypis,peregrina,Parulidae,2515,Yes,Edge,Upper
2009-05-21,5.0,CHI,Setophaga,virens,Parulidae,223,Yes,Forest,Upper
2009-05-21,5.0,CHI,Setophaga,striata,Parulidae,787,Yes,Forest,Upper
2009-05-22,4.0,CHI,Setophaga,magnolia,Parulidae,1224,yes,forest,Upper
2009-05-22,4.0,CHI,Passerina,cyanea,Cardinalidae,725,yes,edge,Upper
2009-05-22,4.0,CHI,Geothlypis,trichas,Parulidae,1555,Yes,Open,Lower
2009-05-22,4.0,CHI,Empidonax,minimus,Tyrannidae,96,No,Edge,Upper
2009-05-22,4.0,CHI,Seiurus,aurocapilla,Parulidae,4580,Yes,Forest,Lower
2009-05-22,4.0,CHI,Melospiza,lincolnii,Passerellidae,2029,yes,edge,Lower
2009-05-22,4.0,CHI,Seiurus,aurocapilla,Parulidae,4580,Yes,Forest,Lower
2009-05-22,4.0,CHI,Seiurus,aurocapilla,Parulidae,4580,Yes,Forest,Lower
2009-05-23,4.0,CHI,Passerina,cyanea,Cardinalidae,725,yes,edge,Upper
2009-05-23,4.0,CHI,Empidonax,flaviventris,Tyrannidae,68,No,Forest,Upper
2009-05-23,4.0,CHI,Setophaga,magnolia,Parulidae,1224,yes,forest,Upper
2009-05-23,4.0,CHI,geothlypis,philadelphia,Parulidae,430,Yes,Edge,Lower
2009-05-25,4.0,CHI,dumetella,carolinensis,Mimidae,599,no,edge,Lower
2009-05-25,4.0,CHI,Zonotrichia,albicollis,Passerellidae,10133,Yes,Forest,Lower
2009-05-25,4.0,CHI,setophaga,ruticilla,Parulidae,868,Yes,Edge,Upper
2009-05-25,4.0,CHI,Vireo,olivaceus,Vireonidae,133,No,Forest,Upper
2009-05-25,4.0,CHI,Zonotrichia,albicollis,Passerellidae,10133,Yes,Forest,Lower
2009-05-25,4.0,CHI,Passerina,cyanea,Cardinalidae,725,yes,edge,Upper
2009-05-25,4.0,CHI,Troglodytes,aedon,Troglodytidae,104,No,Edge,Lower
2009-05-26,4.0,CHI,Geothlypis,trichas,Parulidae,1555,Yes,Open,Lower
2009-05-27,4.0,CHI,geothlypis,philadelphia,Parulidae,430,Yes,Edge,Lower
2009-05-27,4.0,CHI,geothlypis,philadelphia,Parulidae,430,Yes,Edge,Lower
2009-05-27,4.0,CHI,Cardellina,canadensis,Parulidae,241,Yes,Forest,Lower
2009-05-27,4.0,CHI,catharus,ustulatus,Turdidae,2331,Yes,Forest,Lower
2009-05-27,4.0,CHI,setophaga,ruticilla,Parulidae,868,Yes,Edge,Upper
2009-05-27,4.0,CHI,Setophaga,virens,Parulidae,223,Yes,Forest,Upper
2009-05-27,4.0,CHI,Seiurus,aurocapilla,Parulidae,4580,Yes,Forest,Lower
2009-05-27,4.0,CHI,Setophaga,fusca,Parulidae,201,Yes,Forest,Upper
2009-05-27,4.0,CHI,Cardellina,canadensis,Parulidae,241,Yes,Forest,Lower
2009-05-27,4.0,CHI,setophaga,ruticilla,Parulidae,868,Yes,Edge,Upper
2009-05-28,4.0,CHI,catharus,ustulatus,Turdidae,2331,Yes,Forest,Lower
2009-05-28,4.0,CHI,Seiurus,aurocapilla,Parulidae,4580,Yes,Forest,Lower
2009-05-28,4.0,CHI,Cardellina,canadensis,Parulidae,241,Yes,Forest,Lower
2009-05-28,4.0,CHI,Cardellina,canadensis,Parulidae,241,Yes,Forest,Lower
2009-05-28,4.0,CHI,Vireo,olivaceus,Vireonidae,133,No,Forest,Upper
2009-05-28,4.0,CHI,catharus,ustulatus,Turdidae,2331,Yes,Forest,Lower
2009-05-28,4.0,CHI,catharus,ustulatus,Turdidae,2331,Yes,Forest,Lower
2009-05-28,4.0,CHI,Mniotilta,varia,Parulidae,620,Yes,Forest,Upper
2009-05-28,4.0,CHI,Contopus,virens,Tyrannidae,70,No,Forest,Upper
2009-05-28,4.0,CHI,geothlypis,philadelphia,Parulidae,430,Yes,Edge,Lower
2009-05-29,4.0,CHI,Setophaga,virens,Parulidae,223,Yes,Forest,Upper
2009-05-29,4.0,CHI,Mniotilta,varia,Parulidae,620,Yes,Forest,Upper
2009-05-29,4.0,CHI,Passerina,cyanea,Cardinalidae,725,yes,edge,Upper
2009-05-29,4.0,CHI,Ammodramus,savannarum,Passerellidae,106,Yes,Open,Lower
2009-05-29,4.0,CHI,Oreothlypis,ruficapilla,Parulidae,1690,Yes,Forest,Upper
2009-05-29,4.0,CHI,Setophaga,striata,Parulidae,787,Yes,Forest,Upper
2009-05-29,4.0,CHI,Mniotilta,varia,Parulidae,620,Yes,Forest,Upper
2009-05-29,4.0,CHI,dumetella,carolinensis,Mimidae,599,no,edge,Lower
2009-05-30,4.0,CHI,catharus,ustulatus,Turdidae,2331,Yes,Forest,Lower
2009-05-30,4.0,CHI,Setophaga,virens,Parulidae,223,Yes,Forest,Upper
2009-05-30,4.0,CHI,Setophaga,virens,Parulidae,223,Yes,Forest,Upper
2009-05-30,4.0,CHI,Setophaga,virens,Parulidae,223,Yes,Forest,Upper
2009-05-30,4.0,CHI,Seiurus,aurocapilla,Parulidae,4580,Yes,Forest,Lower
2009-05-31,4.0,CHI,Seiurus,aurocapilla,Parulidae,4580,Yes,Forest,Lower
2009-05-31,4.0,CHI,Seiurus,aurocapilla,Parulidae,4580,Yes,Forest,Lower
2009-05-31,4.0,CHI,Seiurus,aurocapilla,Parulidae,4580,Yes,Forest,Lower
2009-08-15,4.0,CHI,Setophaga,petechia,Parulidae,77,Yes,Edge,Upper
2009-08-19,4.0,CHI,Mniotilta,varia,Parulidae,620,Yes,Forest,Upper
2009-08-20,4.0,CHI,setophaga,ruticilla,Parulidae,868,Yes,Edge,Upper
2009-08-20,4.0,CHI,setophaga,ruticilla,Parulidae,868,Yes,Edge,Upper
2009-08-22,5.0,CHI,geothlypis,philadelphia,Parulidae,430,Yes,Edge,Lower
2009-08-22,5.0,CHI,Mniotilta,varia,Parulidae,620,Yes,Forest,Upper
2009-08-22,5.0,CHI,Catharus,fuscescens,Turdidae,727,Yes,Forest,Lower
2009-08-23,5.0,CHI,Setophaga,pensylvanica,Parulidae,303,Yes,Edge,Upper
2009-08-23,5.0,CHI,Mniotilta,varia,Parulidae,620,Yes,Forest,Upper
2009-08-23,5.0,CHI,setophaga,ruticilla,Parulidae,868,Yes,Edge,Upper
2009-08-24,5.0,CHI,Parkesia,noveboracensis,Parulidae,916,Yes,Forest,Lower
2009-08-24,5.0,CHI,Oreothlypis,peregrina,Parulidae,2515,Yes,Edge,Upper
2009-08-24,5.0,CHI,Seiurus,aurocapilla,Parulidae,4580,Yes,Forest,Lower
2009-08-24,5.0,CHI,Setophaga,magnolia,Parulidae,1224,yes,forest,Upper
2009-08-24,5.0,CHI,Seiurus,aurocapilla,Parulidae,4580,Yes,Forest,Lower
2009-08-27,5.0,CHI,catharus,ustulatus,Turdidae,2331,Yes,Forest,Lower
2009-08-27,5.0,CHI,Contopus,virens,Tyrannidae,70,No,Forest,Upper
2009-08-27,5.0,CHI,geothlypis,philadelphia,Parulidae,430,Yes,Edge,Lower
2009-08-28,5.0,CHI,Cardellina,canadensis,Parulidae,241,Yes,Forest,Lower
2009-08-29,5.0,CHI,Seiurus,aurocapilla,Parulidae,4580,Yes,Forest,Lower
2009-08-29,5.0,CHI,setophaga,ruticilla,Parulidae,868,Yes,Edge,Upper
2009-08-29,5.0,CHI,Catharus,fuscescens,Turdidae,727,Yes,Forest,Lower
2009-08-29,5.0,CHI,setophaga,ruticilla,Parulidae,868,Yes,Edge,Upper
2009-08-29,5.0,CHI,Oreothlypis,peregrina,Parulidae,2515,Yes,Edge,Upper
2009-08-29,5.0,CHI,Cardellina,canadensis,Parulidae,241,Yes,Forest,Lower
2009-08-29,5.0,CHI,Vireo,olivaceus,Vireonidae,133,No,Forest,Upper
2009-08-29,5.0,CHI,Mniotilta,varia,Parulidae,620,Yes,Forest,Upper
2009-08-29,5.0,CHI,Cardellina,canadensis,Parulidae,241,Yes,Forest,Lower
2009-08-29,5.0,CHI,Seiurus,aurocapilla,Parulidae,4580,Yes,Forest,Lower
2009-08-30,5.0,CHI,Seiurus,aurocapilla,Parulidae,4580,Yes,Forest,Lower
2009-08-30,5.0,CHI,Oreothlypis,peregrina,Parulidae,2515,Yes,Edge,Upper
2009-08-30,5.0,CHI,Seiurus,aurocapilla,Parulidae,4580,Yes,Forest,Lower
2009-08-30,5.0,CHI,Seiurus,aurocapilla,Parulidae,4580,Yes,Forest,Lower
2009-08-30,5.0,CHI,Setophaga,fusca,Parulidae,201,Yes,Forest,Upper
2009-08-30,5.0,CHI,Oreothlypis,peregrina,Parulidae,2515,Yes,Edge,Upper
2009-08-30,5.0,CHI,Cardellina,canadensis,Parulidae,241,Yes,Forest,Lower
2009-08-30,5.0,CHI,Setophaga,striata,Parulidae,787,Yes,Forest,Upper
2009-08-30,5.0,CHI,Setophaga,magnolia,Parulidae,1224,yes,forest,Upper
2009-08-30,5.0,CHI,Setophaga,magnolia,Parulidae,1224,yes,forest,Upper
2009-08-30,5.0,CHI,catharus,ustulatus,Turdidae,2331,Yes,Forest,Lower
2009-08-31,4.0,CHI,Seiurus,aurocapilla,Parulidae,4580,Yes,Forest,Lower
2009-08-31,4.0,CHI,Setophaga,castanea,Parulidae,287,Yes,Forest,Upper
2009-08-31,4.0,CHI,Mniotilta,varia,Parulidae,620,Yes,Forest,Upper
2009-08-31,4.0,CHI,Mniotilta,varia,Parulidae,620,Yes,Forest,Upper
2009-08-31,4.0,CHI,Seiurus,aurocapilla,Parulidae,4580,Yes,Forest,Lower
2009-08-31,4.0,CHI,Oreothlypis,peregrina,Parulidae,2515,Yes,Edge,Upper
2009-08-31,4.0,CHI,geothlypis,philadelphia,Parulidae,430,Yes,Edge,Lower
2009-08-31,4.0,CHI,Oreothlypis,peregrina,Parulidae,2515,Yes,Edge,Upper
2009-08-31,4.0,CHI,Seiurus,aurocapilla,Parulidae,4580,Yes,Forest,Lower
2009-08-31,4.0,CHI,Setophaga,magnolia,Parulidae,1224,yes,forest,Upper
2009-08-31,4.0,CHI,catharus,ustulatus,Turdidae,2331,Yes,Forest,Lower
2009-08-31,4.0,CHI,Cardellina,canadensis,Parulidae,241,Yes,Forest,Lower
2009-08-31,4.0,CHI,Catharus,fuscescens,Turdidae,727,Yes,Forest,Lower
2009-08-31,4.0,CHI,Cardellina,canadensis,Parulidae,241,Yes,Forest,Lower
2009-08-31,4.0,CHI,Parkesia,noveboracensis,Parulidae,916,Yes,Forest,Lower
2009-08-31,4.0,CHI,Parkesia,noveboracensis,Parulidae,916,Yes,Forest,Lower
2009-08-31,4.0,CHI,Empidonax,flaviventris,Tyrannidae,68,No,Forest,Upper
2009-08-31,4.0,CHI,setophaga,ruticilla,Parulidae,868,Yes,Edge,Upper
2009-08-31,4.0,CHI,setophaga,ruticilla,Parulidae,868,Yes,Edge,Upper
2009-08-31,4.0,CHI,Setophaga,magnolia,Parulidae,1224,yes,forest,Upper
2009-08-31,4.0,CHI,catharus,ustulatus,Turdidae,2331,Yes,Forest,Lower
2009-08-31,4.0,CHI,Setophaga,magnolia,Parulidae,1224,yes,forest,Upper
2009-08-31,4.0,CHI,catharus,ustulatus,Turdidae,2331,Yes,Forest,Lower
2009-08-31,4.0,CHI,Setophaga,magnolia,Parulidae,1224,yes,forest,Upper
2009-08-31,4.0,CHI,Cardellina,pusilla,Parulidae,185,Yes,Edge,Lower
2009-08-31,4.0,CHI,catharus,ustulatus,Turdidae,2331,Yes,Forest,Lower
2009-08-31,4.0,CHI,Oreothlypis,ruficapilla,Parulidae,1690,Yes,Forest,Upper
2009-08-31,4.0,CHI,catharus,ustulatus,Turdidae,2331,Yes,Forest,Lower
2009-09-01,4.0,CHI,setophaga,ruticilla,Parulidae,868,Yes,Edge,Upper
2009-09-01,4.0,CHI,Setophaga,magnolia,Parulidae,1224,yes,forest,Upper
2009-09-01,4.0,CHI,Setophaga,magnolia,Parulidae,1224,yes,forest,Upper
2009-09-01,4.0,CHI,Oreothlypis,ruficapilla,Parulidae,1690,Yes,Forest,Upper
2009-09-01,4.0,CHI,catharus,ustulatus,Turdidae,2331,Yes,Forest,Lower
2009-09-01,4.0,CHI,Parkesia,noveboracensis,Parulidae,916,Yes,Forest,Lower
2009-09-01,4.0,CHI,Oreothlypis,peregrina,Parulidae,2515,Yes,Edge,Upper
2009-09-02,4.0,CHI,Setophaga,magnolia,Parulidae,1224,yes,forest,Upper
2009-09-02,4.0,CHI,catharus,ustulatus,Turdidae,2331,Yes,Forest,Lower
2009-09-02,4.0,CHI,Empidonax,flaviventris,Tyrannidae,68,No,Forest,Upper
2009-09-02,4.0,CHI,Cardellina,canadensis,Parulidae,241,Yes,Forest,Lower
2009-09-02,4.0,CHI,Sitta,canadensis,Sittidae,260,Yes,Forest,Upper
2009-09-03,4.0,CHI,Cardellina,pusilla,Parulidae,185,Yes,Edge,Lower
2009-09-03,4.0,CHI,Setophaga,magnolia,Parulidae,1224,yes,forest,Upper
2009-09-03,4.0,CHI,catharus,ustulatus,Turdidae,2331,Yes,Forest,Lower
2009-09-03,4.0,CHI,setophaga,ruticilla,Parulidae,868,Yes,Edge,Upper
2009-09-04,4.0,CHI,catharus,ustulatus,Turdidae,2331,Yes,Forest,Lower
2009-09-04,4.0,CHI,Catharus,fuscescens,Turdidae,727,Yes,Forest,Lower
2009-09-04,4.0,CHI,Catharus,fuscescens,Turdidae,727,Yes,Forest,Lower
2009-09-04,4.0,CHI,Parkesia,noveboracensis,Parulidae,916,Yes,Forest,Lower
2009-09-05,4.0,CHI,Oreothlypis,ruficapilla,Parulidae,1690,Yes,Forest,Upper
2009-09-05,4.0,CHI,Oporornis,agilis,Parulidae,365,Yes,Forest,Lower
2009-09-05,4.0,CHI,Vireo,olivaceus,Vireonidae,133,No,Forest,Upper
2009-09-05,4.0,CHI,Seiurus,aurocapilla,Parulidae,4580,Yes,Forest,Lower
2009-09-05,4.0,CHI,catharus,ustulatus,Turdidae,2331,Yes,Forest,Lower
2009-09-05,4.0,CHI,Melospiza,lincolnii,Passerellidae,2029,yes,edge,Lower
2009-09-05,4.0,CHI,setophaga,ruticilla,Parulidae,868,Yes,Edge,Upper
2009-09-05,4.0,CHI,geothlypis,philadelphia,Parulidae,430,Yes,Edge,Lower
2009-09-05,4.0,CHI,setophaga,ruticilla,Parulidae,868,Yes,Edge,Upper
2009-09-05,4.0,CHI,setophaga,ruticilla,Parulidae,868,Yes,Edge,Upper
2009-09-05,4.0,CHI,geothlypis,philadelphia,Parulidae,430,Yes,Edge,Lower
2009-09-05,4.0,CHI,geothlypis,philadelphia,Parulidae,430,Yes,Edge,Lower
2009-09-05,4.0,CHI,catharus,ustulatus,Turdidae,2331,Yes,Forest,Lower
2009-09-05,4.0,CHI,Setophaga,magnolia,Parulidae,1224,yes,forest,Upper
2009-09-06,4.0,CHI,Oreothlypis,ruficapilla,Parulidae,1690,Yes,Forest,Upper
2009-09-06,4.0,CHI,Oreothlypis,ruficapilla,Parulidae,1690,Yes,Forest,Upper
2009-09-06,4.0,CHI,Oreothlypis,peregrina,Parulidae,2515,Yes,Edge,Upper
2009-09-06,4.0,CHI,Oreothlypis,peregrina,Parulidae,2515,Yes,Edge,Upper
2009-09-06,4.0,CHI,Setophaga,magnolia,Parulidae,1224,yes,forest,Upper
2009-09-06,4.0,CHI,geothlypis,philadelphia,Parulidae,430,Yes,Edge,Lower
2009-09-06,4.0,CHI,geothlypis,philadelphia,Parulidae,430,Yes,Edge,Lower
2009-09-06,4.0,CHI,geothlypis,philadelphia,Parulidae,430,Yes,Edge,Lower
2009-09-06,4.0,CHI,Seiurus,aurocapilla,Parulidae,4580,Yes,Forest,Lower
2009-09-06,4.0,CHI,Setophaga,tigrina,Parulidae,182,Yes,Forest,Upper
2009-09-06,4.0,CHI,catharus,ustulatus,Turdidae,2331,Yes,Forest,Lower
2009-09-06,4.0,CHI,Seiurus,aurocapilla,Parulidae,4580,Yes,Forest,Lower
2009-09-06,4.0,CHI,Seiurus,aurocapilla,Parulidae,4580,Yes,Forest,Lower
2009-09-06,4.0,CHI,Setophaga,magnolia,Parulidae,1224,yes,forest,Upper
2009-09-06,4.0,CHI,catharus,ustulatus,Turdidae,2331,Yes,Forest,Lower
2009-09-06,4.0,CHI,catharus,ustulatus,Turdidae,2331,Yes,Forest,Lower
2009-09-06,4.0,CHI,catharus,ustulatus,Turdidae,2331,Yes,Forest,Lower
2009-09-06,4.0,CHI,dumetella,carolinensis,Mimidae,599,no,edge,Lower
2009-09-06,4.0,CHI,catharus,ustulatus,Turdidae,2331,Yes,Forest,Lower
2009-09-06,4.0,CHI,Cardellina,canadensis,Parulidae,241,Yes,Forest,Lower
2009-09-06,4.0,CHI,Setophaga,tigrina,Parulidae,182,Yes,Forest,Upper
2009-09-06,4.0,CHI,catharus,ustulatus,Turdidae,2331,Yes,Forest,Lower
2009-09-06,4.0,CHI,catharus,ustulatus,Turdidae,2331,Yes,Forest,Lower
2009-09-07,4.0,CHI,catharus,ustulatus,Turdidae,2331,Yes,Forest,Lower
2009-09-07,4.0,CHI,catharus,ustulatus,Turdidae,2331,Yes,Forest,Lower
2009-09-07,4.0,CHI,catharus,ustulatus,Turdidae,2331,Yes,Forest,Lower
2009-09-07,4.0,CHI,geothlypis,philadelphia,Parulidae,430,Yes,Edge,Lower
2009-09-07,4.0,CHI,Oreothlypis,ruficapilla,Parulidae,1690,Yes,Forest,Upper
2009-09-07,4.0,CHI,Seiurus,aurocapilla,Parulidae,4580,Yes,Forest,Lower
2009-09-07,4.0,CHI,Seiurus,aurocapilla,Parulidae,4580,Yes,Forest,Lower
2009-09-07,4.0,CHI,geothlypis,philadelphia,Parulidae,430,Yes,Edge,Lower
2009-09-07,4.0,CHI,Oreothlypis,peregrina,Parulidae,2515,Yes,Edge,Upper
2009-09-07,4.0,CHI,catharus,ustulatus,Turdidae,2331,Yes,Forest,Lower
2009-09-07,4.0,CHI,Setophaga,pinus,Parulidae,49,Yes,Forest,Upper
2009-09-07,4.0,CHI,Oreothlypis,peregrina,Parulidae,2515,Yes,Edge,Upper
2009-09-07,4.0,MP,Catharus,fuscescens,Turdidae,727,Yes,Forest,Lower
2009-09-07,4.0,CHI,setophaga,ruticilla,Parulidae,868,Yes,Edge,Upper
2009-09-07,4.0,MP,Oporornis,agilis,Parulidae,365,Yes,Forest,Lower
2009-09-07,4.0,CHI,Pheucticus,ludovicianus,Cardinalidae,397,Yes,Forest,Upper
2009-09-08,4.0,CHI,Catharus,minimus,Turdidae,822,Yes,Forest,Lower
2009-09-08,4.0,CHI,Setophaga,tigrina,Parulidae,182,Yes,Forest,Upper
2009-09-08,4.0,CHI,Oreothlypis,peregrina,Parulidae,2515,Yes,Edge,Upper
2009-09-08,4.0,CHI,Parkesia,noveboracensis,Parulidae,916,Yes,Forest,Lower
2009-09-08,4.0,CHI,Cardellina,canadensis,Parulidae,241,Yes,Forest,Lower
2009-09-08,4.0,CHI,Empidonax,minimus,Tyrannidae,96,No,Edge,Upper
2009-09-08,4.0,CHI,catharus,ustulatus,Turdidae,2331,Yes,Forest,Lower
2009-09-08,4.0,CHI,catharus,ustulatus,Turdidae,2331,Yes,Forest,Lower
2009-09-09,4.0,CHI,catharus,ustulatus,Turdidae,2331,Yes,Forest,Lower
2009-09-09,4.0,CHI,Oreothlypis,peregrina,Parulidae,2515,Yes,Edge,Upper
2009-09-09,4.0,CHI,Oreothlypis,peregrina,Parulidae,2515,Yes,Edge,Upper
2009-09-09,4.0,CHI,Cardellina,pusilla,Parulidae,185,Yes,Edge,Lower
2009-09-09,4.0,CHI,Oreothlypis,peregrina,Parulidae,2515,Yes,Edge,Upper
2009-09-09,4.0,CHI,geothlypis,philadelphia,Parulidae,430,Yes,Edge,Lower
2009-09-09,4.0,CHI,Setophaga,magnolia,Parulidae,1224,yes,forest,Upper
2009-09-09,4.0,CHI,Mniotilta,varia,Parulidae,620,Yes,Forest,Upper
2009-09-09,4.0,CHI,Parkesia,noveboracensis,Parulidae,916,Yes,Forest,Lower
2009-09-09,4.0,CHI,Setophaga,magnolia,Parulidae,1224,yes,forest,Upper
2009-09-09,4.0,CHI,Setophaga,magnolia,Parulidae,1224,yes,forest,Upper
2009-09-09,4.0,CHI,Parkesia,noveboracensis,Parulidae,916,Yes,Forest,Lower
2009-09-09,4.0,CHI,Setophaga,magnolia,Parulidae,1224,yes,forest,Upper
2009-09-10,4.0,CHI,setophaga,ruticilla,Parulidae,868,Yes,Edge,Upper
2009-09-10,4.0,CHI,Seiurus,aurocapilla,Parulidae,4580,Yes,Forest,Lower
2009-09-10,4.0,CHI,Catharus,fuscescens,Turdidae,727,Yes,Forest,Lower
2009-09-10,4.0,CHI,Oreothlypis,ruficapilla,Parulidae,1690,Yes,Forest,Upper
2009-09-10,4.0,CHI,setophaga,ruticilla,Parulidae,868,Yes,Edge,Upper
2009-09-10,4.0,CHI,Setophaga,pensylvanica,Parulidae,303,Yes,Edge,Upper
2009-09-10,4.0,CHI,Oreothlypis,peregrina,Parulidae,2515,Yes,Edge,Upper
2009-09-10,4.0,CHI,Geothlypis,trichas,Parulidae,1555,Yes,Open,Lower
2009-09-10,4.0,CHI,Geothlypis,trichas,Parulidae,1555,Yes,Open,Lower
2009-09-10,4.0,CHI,Setophaga,castanea,Parulidae,287,Yes,Forest,Upper
2009-09-10,4.0,CHI,catharus,ustulatus,Turdidae,2331,Yes,Forest,Lower
2009-09-10,4.0,CHI,Oreothlypis,peregrina,Parulidae,2515,Yes,Edge,Upper
2009-09-10,4.0,CHI,Seiurus,aurocapilla,Parulidae,4580,Yes,Forest,Lower
2009-09-10,4.0,CHI,Hylocichla,mustelina,Turdidae,500,Yes,Forest,Lower
2009-09-10,4.0,CHI,Setophaga,tigrina,Parulidae,182,Yes,Forest,Upper
2009-09-10,4.0,CHI,Seiurus,aurocapilla,Parulidae,4580,Yes,Forest,Lower
2009-09-10,4.0,CHI,catharus,ustulatus,Turdidae,2331,Yes,Forest,Lower
2009-09-11,4.0,CHI,Setophaga,striata,Parulidae,787,Yes,Forest,Upper
2009-09-11,4.0,CHI,Seiurus,aurocapilla,Parulidae,4580,Yes,Forest,Lower
2009-09-11,4.0,CHI,Setophaga,pensylvanica,Parulidae,303,Yes,Edge,Upper
2009-09-11,4.0,CHI,Parkesia,noveboracensis,Parulidae,916,Yes,Forest,Lower
2009-09-11,4.0,CHI,Setophaga,striata,Parulidae,787,Yes,Forest,Upper
2009-09-11,4.0,CHI,geothlypis,philadelphia,Parulidae,430,Yes,Edge,Lower
2009-09-12,4.0,CHI,Setophaga,virens,Parulidae,223,Yes,Forest,Upper
2009-09-12,4.0,CHI,Parkesia,noveboracensis,Parulidae,916,Yes,Forest,Lower
2009-09-12,4.0,CHI,Oreothlypis,peregrina,Parulidae,2515,Yes,Edge,Upper
2009-09-12,4.0,CHI,Setophaga,magnolia,Parulidae,1224,yes,forest,Upper
2009-09-12,4.0,CHI,Setophaga,magnolia,Parulidae,1224,yes,forest,Upper
2009-09-12,4.0,CHI,Setophaga,striata,Parulidae,787,Yes,Forest,Upper
2009-09-12,4.0,CHI,catharus,ustulatus,Turdidae,2331,Yes,Forest,Lower
2009-09-12,4.0,CHI,catharus,ustulatus,Turdidae,2331,Yes,Forest,Lower
2009-09-12,4.0,MP,catharus,ustulatus,Turdidae,2331,Yes,Forest,Lower
2009-09-12,4.0,CHI,catharus,ustulatus,Turdidae,2331,Yes,Forest,Lower
2009-09-12,4.0,CHI,Oporornis,agilis,Parulidae,365,Yes,Forest,Lower
2009-09-12,4.0,CHI,geothlypis,philadelphia,Parulidae,430,Yes,Edge,Lower
2009-09-12,4.0,CHI,catharus,ustulatus,Turdidae,2331,Yes,Forest,Lower
2009-09-12,4.0,CHI,Catharus,fuscescens,Turdidae,727,Yes,Forest,Lower
2009-09-12,4.0,CHI,setophaga,ruticilla,Parulidae,868,Yes,Edge,Upper
2009-09-12,4.0,CHI,catharus,ustulatus,Turdidae,2331,Yes,Forest,Lower
2009-09-12,4.0,MP,catharus,ustulatus,Turdidae,2331,Yes,Forest,Lower
2009-09-13,4.0,CHI,Hylocichla,mustelina,Turdidae,500,Yes,Forest,Lower
2009-09-13,4.0,CHI,Oreothlypis,peregrina,Parulidae,2515,Yes,Edge,Upper
2009-09-13,4.0,CHI,Oreothlypis,peregrina,Parulidae,2515,Yes,Edge,Upper
2009-09-13,4.0,CHI,Oporornis,agilis,Parulidae,365,Yes,Forest,Lower
2009-09-13,4.0,CHI,Parkesia,noveboracensis,Parulidae,916,Yes,Forest,Lower
2009-09-13,4.0,CHI,Parkesia,noveboracensis,Parulidae,916,Yes,Forest,Lower
2009-09-13,4.0,CHI,Seiurus,aurocapilla,Parulidae,4580,Yes,Forest,Lower
2009-09-13,4.0,CHI,Seiurus,aurocapilla,Parulidae,4580,Yes,Forest,Lower
2009-09-13,4.0,CHI,setophaga,ruticilla,Parulidae,868,Yes,Edge,Upper
2009-09-13,4.0,CHI,Hylocichla,mustelina,Turdidae,500,Yes,Forest,Lower
2009-09-13,4.0,CHI,Setophaga,castanea,Parulidae,287,Yes,Forest,Upper
2009-09-13,4.0,CHI,catharus,ustulatus,Turdidae,2331,Yes,Forest,Lower
2009-09-13,4.0,CHI,catharus,ustulatus,Turdidae,2331,Yes,Forest,Lower
2009-09-13,4.0,CHI,Setophaga,pensylvanica,Parulidae,303,Yes,Edge,Upper
2009-09-13,4.0,CHI,geothlypis,philadelphia,Parulidae,430,Yes,Edge,Lower
2009-09-13,4.0,CHI,Vermivora,chrysoptera,Parulidae,53,Yes,Edge,Upper
2009-09-13,4.0,CHI,Setophaga,striata,Parulidae,787,Yes,Forest,Upper
2009-09-13,4.0,CHI,Setophaga,striata,Parulidae,787,Yes,Forest,Upper
2009-09-13,4.0,CHI,Zonotrichia,albicollis,Passerellidae,10133,Yes,Forest,Lower
2009-09-13,4.0,CHI,Geothlypis,trichas,Parulidae,1555,Yes,Open,Lower
2009-09-13,4.0,CHI,geothlypis,philadelphia,Parulidae,430,Yes,Edge,Lower
2009-09-13,4.0,CHI,Setophaga,striata,Parulidae,787,Yes,Forest,Upper
2009-09-13,4.0,CHI,Setophaga,striata,Parulidae,787,Yes,Forest,Upper
2009-09-14,5.0,CHI,Setophaga,magnolia,Parulidae,1224,yes,forest,Upper
2009-09-14,5.0,CHI,Setophaga,magnolia,Parulidae,1224,yes,forest,Upper
2009-09-14,5.0,CHI,catharus,ustulatus,Turdidae,2331,Yes,Forest,Lower
2009-09-14,5.0,CHI,Empidonax,minimus,Tyrannidae,96,No,Edge,Upper
2009-09-14,5.0,CHI,Oreothlypis,peregrina,Parulidae,2515,Yes,Edge,Upper
2009-09-14,5.0,CHI,Setophaga,magnolia,Parulidae,1224,yes,forest,Upper
2009-09-14,5.0,CHI,setophaga,ruticilla,Parulidae,868,Yes,Edge,Upper
2009-09-14,5.0,CHI,Seiurus,aurocapilla,Parulidae,4580,Yes,Forest,Lower
2009-09-14,5.0,CHI,Cardellina,pusilla,Parulidae,185,Yes,Edge,Lower
2009-09-14,5.0,CHI,catharus,ustulatus,Turdidae,2331,Yes,Forest,Lower
2009-09-14,5.0,CHI,catharus,ustulatus,Turdidae,2331,Yes,Forest,Lower
2009-09-14,5.0,CHI,Oreothlypis,ruficapilla,Parulidae,1690,Yes,Forest,Upper
2009-09-14,5.0,CHI,Setophaga,tigrina,Parulidae,182,Yes,Forest,Upper
2009-09-14,5.0,CHI,Oreothlypis,peregrina,Parulidae,2515,Yes,Edge,Upper
2009-09-14,5.0,CHI,Hylocichla,mustelina,Turdidae,500,Yes,Forest,Lower
2009-09-14,5.0,CHI,catharus,ustulatus,Turdidae,2331,Yes,Forest,Lower
2009-09-14,5.0,CHI,Setophaga,fusca,Parulidae,201,Yes,Forest,Upper
2009-09-14,5.0,CHI,Geothlypis,trichas,Parulidae,1555,Yes,Open,Lower
2009-09-14,5.0,CHI,Geothlypis,trichas,Parulidae,1555,Yes,Open,Lower
2009-09-14,5.0,CHI,Catharus,minimus,Turdidae,822,Yes,Forest,Lower
2009-09-14,5.0,CHI,Seiurus,aurocapilla,Parulidae,4580,Yes,Forest,Lower
2009-09-14,5.0,CHI,Oreothlypis,peregrina,Parulidae,2515,Yes,Edge,Upper
2009-09-14,5.0,CHI,Oreothlypis,peregrina,Parulidae,2515,Yes,Edge,Upper
2009-09-14,5.0,CHI,catharus,ustulatus,Turdidae,2331,Yes,Forest,Lower
2009-09-14,5.0,CHI,catharus,ustulatus,Turdidae,2331,Yes,Forest,Lower
2009-09-14,5.0,CHI,Setophaga,striata,Parulidae,787,Yes,Forest,Upper
2009-09-14,5.0,CHI,catharus,ustulatus,Turdidae,2331,Yes,Forest,Lower
2009-09-14,5.0,CHI,Setophaga,striata,Parulidae,787,Yes,Forest,Upper
2009-09-14,5.0,CHI,Setophaga,striata,Parulidae,787,Yes,Forest,Upper
2009-09-14,5.0,CHI,Pheucticus,ludovicianus,Cardinalidae,397,Yes,Forest,Upper
2009-09-14,5.0,CHI,catharus,ustulatus,Turdidae,2331,Yes,Forest,Lower
2009-09-14,5.0,CHI,Setophaga,caerulescens,Parulidae,183,Yes,Forest,Upper
2009-09-14,5.0,CHI,Oreothlypis,peregrina,Parulidae,2515,Yes,Edge,Upper
2009-09-14,5.0,CHI,Catharus,minimus,Turdidae,822,Yes,Forest,Lower
2009-09-14,5.0,CHI,Toxostoma,rufum,Mimidae,166,No,Edge,Lower
2009-09-14,5.0,CHI,Parkesia,noveboracensis,Parulidae,916,Yes,Forest,Lower
2009-09-14,5.0,CHI,Seiurus,aurocapilla,Parulidae,4580,Yes,Forest,Lower
2009-09-14,5.0,CHI,setophaga,ruticilla,Parulidae,868,Yes,Edge,Upper
2009-09-14,5.0,CHI,setophaga,ruticilla,Parulidae,868,Yes,Edge,Upper
2009-09-14,5.0,CHI,Oreothlypis,peregrina,Parulidae,2515,Yes,Edge,Upper
2009-09-14,5.0,CHI,Seiurus,aurocapilla,Parulidae,4580,Yes,Forest,Lower
2009-09-14,5.0,CHI,catharus,ustulatus,Turdidae,2331,Yes,Forest,Lower
2009-09-14,5.0,CHI,catharus,ustulatus,Turdidae,2331,Yes,Forest,Lower
2009-09-14,5.0,CHI,setophaga,ruticilla,Parulidae,868,Yes,Edge,Upper
2009-09-14,5.0,CHI,Zonotrichia,albicollis,Passerellidae,10133,Yes,Forest,Lower
2009-09-14,5.0,CHI,catharus,ustulatus,Turdidae,2331,Yes,Forest,Lower
2009-09-15,14.0,CHI,Setophaga,magnolia,Parulidae,1224,yes,forest,Upper
2009-09-15,14.0,CHI,Setophaga,magnolia,Parulidae,1224,yes,forest,Upper
2009-09-15,14.0,CHI,Setophaga,magnolia,Parulidae,1224,yes,forest,Upper
2009-09-15,14.0,CHI,Setophaga,magnolia,Parulidae,1224,yes,forest,Upper
2009-09-15,14.0,CHI,Catharus,minimus,Turdidae,822,Yes,Forest,Lower
2009-09-15,14.0,CHI,Catharus,minimus,Turdidae,822,Yes,Forest,Lower
2009-09-15,14.0,CHI,Setophaga,magnolia,Parulidae,1224,yes,forest,Upper
2009-09-15,14.0,MP,Melospiza,lincolnii,Passerellidae,2029,yes,edge,Lower
2009-09-15,14.0,CHI,Oreothlypis,peregrina,Parulidae,2515,Yes,Edge,Upper
2009-09-15,14.0,CHI,catharus,ustulatus,Turdidae,2331,Yes,Forest,Lower
2009-09-15,14.0,CHI,Seiurus,aurocapilla,Parulidae,4580,Yes,Forest,Lower
2009-09-15,14.0,CHI,Parkesia,noveboracensis,Parulidae,916,Yes,Forest,Lower
2009-09-15,14.0,CHI,Oporornis,agilis,Parulidae,365,Yes,Forest,Lower
2009-09-15,14.0,CHI,Oporornis,agilis,Parulidae,365,Yes,Forest,Lower
2009-09-15,14.0,CHI,Seiurus,aurocapilla,Parulidae,4580,Yes,Forest,Lower
2009-09-15,14.0,CHI,Oporornis,agilis,Parulidae,365,Yes,Forest,Lower
2009-09-15,14.0,CHI,Oporornis,agilis,Parulidae,365,Yes,Forest,Lower
2009-09-15,14.0,CHI,Oporornis,agilis,Parulidae,365,Yes,Forest,Lower
2009-09-15,14.0,CHI,Oreothlypis,ruficapilla,Parulidae,1690,Yes,Forest,Upper
2009-09-15,14.0,CHI,Seiurus,aurocapilla,Parulidae,4580,Yes,Forest,Lower
2009-09-15,14.0,CHI,geothlypis,philadelphia,Parulidae,430,Yes,Edge,Lower
2009-09-15,14.0,CHI,Parkesia,noveboracensis,Parulidae,916,Yes,Forest,Lower
2009-09-15,14.0,CHI,Parkesia,noveboracensis,Parulidae,916,Yes,Forest,Lower
2009-09-15,14.0,CHI,catharus,ustulatus,Turdidae,2331,Yes,Forest,Lower
2009-09-15,14.0,CHI,Seiurus,aurocapilla,Parulidae,4580,Yes,Forest,Lower
2009-09-15,14.0,CHI,Geothlypis,trichas,Parulidae,1555,Yes,Open,Lower
2009-09-15,14.0,CHI,Parkesia,noveboracensis,Parulidae,916,Yes,Forest,Lower
2009-09-15,14.0,CHI,Seiurus,aurocapilla,Parulidae,4580,Yes,Forest,Lower
2009-09-15,14.0,CHI,Seiurus,aurocapilla,Parulidae,4580,Yes,Forest,Lower
2009-09-15,14.0,CHI,Setophaga,striata,Parulidae,787,Yes,Forest,Upper
2009-09-15,14.0,CHI,Seiurus,aurocapilla,Parulidae,4580,Yes,Forest,Lower
2009-09-15,14.0,CHI,Setophaga,striata,Parulidae,787,Yes,Forest,Upper
2009-09-15,14.0,CHI,Parkesia,noveboracensis,Parulidae,916,Yes,Forest,Lower
2009-09-15,14.0,CHI,catharus,ustulatus,Turdidae,2331,Yes,Forest,Lower
2009-09-15,14.0,CHI,Setophaga,striata,Parulidae,787,Yes,Forest,Upper
2009-09-15,14.0,CHI,Seiurus,aurocapilla,Parulidae,4580,Yes,Forest,Lower
2009-09-15,14.0,CHI,catharus,ustulatus,Turdidae,2331,Yes,Forest,Lower
2009-09-16,17.0,CHI,Oreothlypis,ruficapilla,Parulidae,1690,Yes,Forest,Upper
2009-09-16,17.0,MP,Zonotrichia,albicollis,Passerellidae,10133,Yes,Forest,Lower
2009-09-16,17.0,CHI,Cardellina,pusilla,Parulidae,185,Yes,Edge,Lower
2009-09-16,17.0,CHI,Seiurus,aurocapilla,Parulidae,4580,Yes,Forest,Lower
2009-09-16,17.0,MP,Setophaga,striata,Parulidae,787,Yes,Forest,Upper
2009-09-16,17.0,CHI,Cardellina,pusilla,Parulidae,185,Yes,Edge,Lower
2009-09-16,17.0,CHI,Melospiza,lincolnii,Passerellidae,2029,yes,edge,Lower
2009-09-16,17.0,CHI,Oreothlypis,ruficapilla,Parulidae,1690,Yes,Forest,Upper
2009-09-16,17.0,CHI,Oreothlypis,ruficapilla,Parulidae,1690,Yes,Forest,Upper
2009-09-16,17.0,CHI,Toxostoma,rufum,Mimidae,166,No,Edge,Lower
2009-09-16,17.0,CHI,catharus,ustulatus,Turdidae,2331,Yes,Forest,Lower
2009-09-16,17.0,CHI,Setophaga,virens,Parulidae,223,Yes,Forest,Upper
2009-09-16,17.0,CHI,troglodytes,hiemalis,Troglodytidae,474,No,Forest,Lower
2009-09-16,17.0,CHI,Geothlypis,trichas,Parulidae,1555,Yes,Open,Lower
2009-09-17,17.0,CHI,Oreothlypis,ruficapilla,Parulidae,1690,Yes,Forest,Upper
2009-09-17,17.0,CHI,Oreothlypis,ruficapilla,Parulidae,1690,Yes,Forest,Upper
2009-09-17,17.0,CHI,Setophaga,magnolia,Parulidae,1224,yes,forest,Upper
2009-09-17,17.0,CHI,Setophaga,striata,Parulidae,787,Yes,Forest,Upper
2009-09-17,17.0,MP,Pheucticus,ludovicianus,Cardinalidae,397,Yes,Forest,Upper
2009-09-17,17.0,CHI,Cardellina,pusilla,Parulidae,185,Yes,Edge,Lower
2009-09-17,17.0,CHI,Zonotrichia,albicollis,Passerellidae,10133,Yes,Forest,Lower
2009-09-17,17.0,CHI,Setophaga,castanea,Parulidae,287,Yes,Forest,Upper
2009-09-17,17.0,CHI,Parkesia,noveboracensis,Parulidae,916,Yes,Forest,Lower
2009-09-17,17.0,CHI,Seiurus,aurocapilla,Parulidae,4580,Yes,Forest,Lower
2009-09-17,17.0,CHI,Zonotrichia,albicollis,Passerellidae,10133,Yes,Forest,Lower
2009-09-17,17.0,CHI,Setophaga,magnolia,Parulidae,1224,yes,forest,Upper
2009-09-17,17.0,CHI,Zonotrichia,albicollis,Passerellidae,10133,Yes,Forest,Lower
2009-09-17,17.0,CHI,Oreothlypis,ruficapilla,Parulidae,1690,Yes,Forest,Upper
2009-09-19,17.0,MP,Zonotrichia,albicollis,Passerellidae,10133,Yes,Forest,Lower
2009-09-19,17.0,CHI,catharus,ustulatus,Turdidae,2331,Yes,Forest,Lower
2009-09-19,17.0,CHI,Setophaga,virens,Parulidae,223,Yes,Forest,Upper
2009-09-19,17.0,MP,Oreothlypis,peregrina,Parulidae,2515,Yes,Edge,Upper
2009-09-19,17.0,CHI,Setophaga,virens,Parulidae,223,Yes,Forest,Upper
2009-09-19,17.0,CHI,catharus,ustulatus,Turdidae,2331,Yes,Forest,Lower
2009-09-19,17.0,CHI,Oreothlypis,peregrina,Parulidae,2515,Yes,Edge,Upper
2009-09-19,17.0,CHI,Zonotrichia,albicollis,Passerellidae,10133,Yes,Forest,Lower
2009-09-19,17.0,CHI,Zonotrichia,albicollis,Passerellidae,10133,Yes,Forest,Lower
2009-09-19,17.0,CHI,Geothlypis,trichas,Parulidae,1555,Yes,Open,Lower
2009-09-19,17.0,CHI,Setophaga,striata,Parulidae,787,Yes,Forest,Upper
2009-09-19,17.0,CHI,Oporornis,agilis,Parulidae,365,Yes,Forest,Lower
2009-09-19,17.0,CHI,Setophaga,striata,Parulidae,787,Yes,Forest,Upper
2009-09-19,17.0,CHI,catharus,ustulatus,Turdidae,2331,Yes,Forest,Lower
2009-09-19,17.0,CHI,Mniotilta,varia,Parulidae,620,Yes,Forest,Upper
2009-09-19,17.0,CHI,Oreothlypis,ruficapilla,Parulidae,1690,Yes,Forest,Upper
2009-09-19,17.0,CHI,Oreothlypis,ruficapilla,Parulidae,1690,Yes,Forest,Upper
2009-09-19,17.0,CHI,Melospiza,lincolnii,Passerellidae,2029,yes,edge,Lower
2009-09-19,17.0,MP,Melospiza,lincolnii,Passerellidae,2029,yes,edge,Lower
2009-09-19,17.0,CHI,Oreothlypis,ruficapilla,Parulidae,1690,Yes,Forest,Upper
2009-09-19,17.0,CHI,Oreothlypis,ruficapilla,Parulidae,1690,Yes,Forest,Upper
2009-09-19,17.0,CHI,Oreothlypis,ruficapilla,Parulidae,1690,Yes,Forest,Upper
2009-09-19,17.0,CHI,Seiurus,aurocapilla,Parulidae,4580,Yes,Forest,Lower
2009-09-19,17.0,CHI,Oreothlypis,ruficapilla,Parulidae,1690,Yes,Forest,Upper
2009-09-19,17.0,CHI,Oreothlypis,ruficapilla,Parulidae,1690,Yes,Forest,Upper
2009-09-19,17.0,CHI,Oreothlypis,ruficapilla,Parulidae,1690,Yes,Forest,Upper
2009-09-19,17.0,CHI,Hylocichla,mustelina,Turdidae,500,Yes,Forest,Lower
2009-09-19,17.0,MP,Catharus,minimus,Turdidae,822,Yes,Forest,Lower
2009-09-19,17.0,MP,Melospiza,lincolnii,Passerellidae,2029,yes,edge,Lower
2009-09-19,17.0,CHI,Toxostoma,rufum,Mimidae,166,No,Edge,Lower
2009-09-19,17.0,CHI,Catharus,minimus,Turdidae,822,Yes,Forest,Lower
2009-09-19,17.0,MP,Melospiza,lincolnii,Passerellidae,2029,yes,edge,Lower
2009-09-20,17.0,MP,Oreothlypis,ruficapilla,Parulidae,1690,Yes,Forest,Upper
2009-09-20,17.0,CHI,Seiurus,aurocapilla,Parulidae,4580,Yes,Forest,Lower
2009-09-20,17.0,CHI,Seiurus,aurocapilla,Parulidae,4580,Yes,Forest,Lower
2009-09-20,17.0,CHI,Zonotrichia,albicollis,Passerellidae,10133,Yes,Forest,Lower
2009-09-20,17.0,MP,Zonotrichia,albicollis,Passerellidae,10133,Yes,Forest,Lower
2009-09-20,17.0,CHI,Troglodytes,aedon,Troglodytidae,104,No,Edge,Lower
2009-09-20,17.0,MP,Zonotrichia,albicollis,Passerellidae,10133,Yes,Forest,Lower
2009-09-20,17.0,CHI,Oreothlypis,ruficapilla,Parulidae,1690,Yes,Forest,Upper
2009-09-20,17.0,CHI,Oreothlypis,ruficapilla,Parulidae,1690,Yes,Forest,Upper
2009-09-20,17.0,CHI,Oreothlypis,ruficapilla,Parulidae,1690,Yes,Forest,Upper
2009-09-20,17.0,CHI,geothlypis,philadelphia,Parulidae,430,Yes,Edge,Lower
2009-09-20,17.0,CHI,catharus,ustulatus,Turdidae,2331,Yes,Forest,Lower
2009-09-20,17.0,CHI,Cistothorus,platensis,Troglodytidae,60,no,open,Lower
2009-09-20,17.0,CHI,Setophaga,magnolia,Parulidae,1224,yes,forest,Upper
2009-09-20,17.0,CHI,Setophaga,striata,Parulidae,787,Yes,Forest,Upper
2009-09-21,17.0,MP,catharus,ustulatus,Turdidae,2331,Yes,Forest,Lower
2009-09-21,17.0,CHI,Oreothlypis,peregrina,Parulidae,2515,Yes,Edge,Upper
2009-09-21,17.0,CHI,Setophaga,caerulescens,Parulidae,183,Yes,Forest,Upper
2009-09-21,17.0,CHI,Melospiza,lincolnii,Passerellidae,2029,yes,edge,Lower
2009-09-21,17.0,CHI,Setophaga,striata,Parulidae,787,Yes,Forest,Upper
2009-09-21,17.0,CHI,Seiurus,aurocapilla,Parulidae,4580,Yes,Forest,Lower
2009-09-21,17.0,CHI,Oreothlypis,ruficapilla,Parulidae,1690,Yes,Forest,Upper
2009-09-22,17.0,CHI,Seiurus,aurocapilla,Parulidae,4580,Yes,Forest,Lower
2009-09-22,17.0,CHI,Setophaga,magnolia,Parulidae,1224,yes,forest,Upper
2009-09-22,17.0,CHI,Mniotilta,varia,Parulidae,620,Yes,Forest,Upper
2009-09-22,17.0,CHI,setophaga,ruticilla,Parulidae,868,Yes,Edge,Upper
2009-09-22,17.0,CHI,dumetella,carolinensis,Mimidae,599,no,edge,Lower
2009-09-22,17.0,CHI,setophaga,ruticilla,Parulidae,868,Yes,Edge,Upper
2009-09-22,17.0,CHI,Setophaga,magnolia,Parulidae,1224,yes,forest,Upper
2009-09-22,17.0,CHI,Seiurus,aurocapilla,Parulidae,4580,Yes,Forest,Lower
2009-09-22,17.0,CHI,Oreothlypis,peregrina,Parulidae,2515,Yes,Edge,Upper
2009-09-22,17.0,CHI,Parkesia,noveboracensis,Parulidae,916,Yes,Forest,Lower
2009-09-22,17.0,CHI,Vireo,olivaceus,Vireonidae,133,No,Forest,Upper
2009-09-22,17.0,CHI,Setophaga,tigrina,Parulidae,182,Yes,Forest,Upper
2009-09-23,14.0,CHI,Seiurus,aurocapilla,Parulidae,4580,Yes,Forest,Lower
2009-09-23,14.0,CHI,Seiurus,aurocapilla,Parulidae,4580,Yes,Forest,Lower
2009-09-23,14.0,CHI,Setophaga,magnolia,Parulidae,1224,yes,forest,Upper
2009-09-23,14.0,CHI,Geothlypis,trichas,Parulidae,1555,Yes,Open,Lower
2009-09-23,14.0,CHI,Geothlypis,trichas,Parulidae,1555,Yes,Open,Lower
2009-09-23,14.0,CHI,Setophaga,striata,Parulidae,787,Yes,Forest,Upper
2009-09-23,14.0,CHI,Setophaga,striata,Parulidae,787,Yes,Forest,Upper
2009-09-23,14.0,CHI,Melospiza,lincolnii,Passerellidae,2029,yes,edge,Lower
2009-09-23,14.0,CHI,Setophaga,magnolia,Parulidae,1224,yes,forest,Upper
2009-09-23,14.0,CHI,dumetella,carolinensis,Mimidae,599,no,edge,Lower
2009-09-23,14.0,CHI,Setophaga,magnolia,Parulidae,1224,yes,forest,Upper
2009-09-23,14.0,CHI,Setophaga,striata,Parulidae,787,Yes,Forest,Upper
2009-09-23,14.0,CHI,Oreothlypis,ruficapilla,Parulidae,1690,Yes,Forest,Upper
2009-09-23,14.0,CHI,Mniotilta,varia,Parulidae,620,Yes,Forest,Upper
2009-09-23,14.0,CHI,Setophaga,striata,Parulidae,787,Yes,Forest,Upper
2009-09-23,14.0,CHI,catharus,ustulatus,Turdidae,2331,Yes,Forest,Lower
2009-09-23,14.0,CHI,setophaga,ruticilla,Parulidae,868,Yes,Edge,Upper
2009-09-23,14.0,CHI,catharus,ustulatus,Turdidae,2331,Yes,Forest,Lower
2009-09-23,14.0,CHI,catharus,ustulatus,Turdidae,2331,Yes,Forest,Lower
2009-09-24,7.0,CHI,Parkesia,noveboracensis,Parulidae,916,Yes,Forest,Lower
2009-09-24,7.0,CHI,Parkesia,noveboracensis,Parulidae,916,Yes,Forest,Lower
2009-09-24,7.0,CHI,Zonotrichia,leucophrys,Passerellidae,1090,Yes,Edge,Lower
2009-09-24,7.0,CHI,Zonotrichia,leucophrys,Passerellidae,1090,Yes,Edge,Lower
2009-09-24,7.0,CHI,Melospiza,lincolnii,Passerellidae,2029,yes,edge,Lower
2009-09-24,7.0,CHI,dumetella,carolinensis,Mimidae,599,no,edge,Lower
2009-09-24,7.0,CHI,Setophaga,virens,Parulidae,223,Yes,Forest,Upper
2009-09-24,7.0,CHI,Parkesia,noveboracensis,Parulidae,916,Yes,Forest,Lower
2009-09-24,7.0,CHI,setophaga,ruticilla,Parulidae,868,Yes,Edge,Upper
2009-09-24,7.0,CHI,setophaga,ruticilla,Parulidae,868,Yes,Edge,Upper
2009-09-24,7.0,CHI,setophaga,ruticilla,Parulidae,868,Yes,Edge,Upper
2009-09-24,7.0,CHI,setophaga,ruticilla,Parulidae,868,Yes,Edge,Upper
2009-09-24,7.0,CHI,setophaga,ruticilla,Parulidae,868,Yes,Edge,Upper
2009-09-24,7.0,CHI,setophaga,ruticilla,Parulidae,868,Yes,Edge,Upper
2009-09-24,7.0,CHI,setophaga,ruticilla,Parulidae,868,Yes,Edge,Upper
2009-09-24,7.0,CHI,Junco,hyemalis,Passerellidae,6303,Yes,Edge,Lower
2009-09-24,7.0,CHI,Zonotrichia,leucophrys,Passerellidae,1090,Yes,Edge,Lower
2009-09-24,7.0,MP,Zonotrichia,leucophrys,Passerellidae,1090,Yes,Edge,Lower
2009-09-24,7.0,CHI,Melospiza,lincolnii,Passerellidae,2029,yes,edge,Lower
2009-09-24,7.0,CHI,Setophaga,magnolia,Parulidae,1224,yes,forest,Upper
2009-09-24,7.0,CHI,Setophaga,magnolia,Parulidae,1224,yes,forest,Upper
2009-09-24,7.0,CHI,Setophaga,magnolia,Parulidae,1224,yes,forest,Upper
2009-09-24,7.0,CHI,Setophaga,magnolia,Parulidae,1224,yes,forest,Upper
2009-09-24,7.0,CHI,Setophaga,magnolia,Parulidae,1224,yes,forest,Upper
2009-09-24,7.0,CHI,Melospiza,lincolnii,Passerellidae,2029,yes,edge,Lower
2009-09-24,7.0,CHI,Melospiza,lincolnii,Passerellidae,2029,yes,edge,Lower
2009-09-24,7.0,CHI,Melospiza,lincolnii,Passerellidae,2029,yes,edge,Lower
2009-09-24,7.0,CHI,Spizella,pallida,Passerellidae,50,Yes,Open,Lower
2009-09-24,7.0,CHI,Melospiza,lincolnii,Passerellidae,2029,yes,edge,Lower
2009-09-24,7.0,CHI,catharus,ustulatus,Turdidae,2331,Yes,Forest,Lower
2009-09-24,7.0,MP,catharus,ustulatus,Turdidae,2331,Yes,Forest,Lower
2009-09-24,7.0,CHI,Oreothlypis,ruficapilla,Parulidae,1690,Yes,Forest,Upper
2009-09-24,7.0,MP,catharus,ustulatus,Turdidae,2331,Yes,Forest,Lower
2009-09-24,7.0,CHI,catharus,ustulatus,Turdidae,2331,Yes,Forest,Lower
2009-09-24,7.0,CHI,catharus,ustulatus,Turdidae,2331,Yes,Forest,Lower
2009-09-24,7.0,CHI,catharus,ustulatus,Turdidae,2331,Yes,Forest,Lower
2009-09-24,7.0,CHI,catharus,ustulatus,Turdidae,2331,Yes,Forest,Lower
2009-09-24,7.0,CHI,Melospiza,lincolnii,Passerellidae,2029,yes,edge,Lower
2009-09-24,7.0,MP,Melospiza,lincolnii,Passerellidae,2029,yes,edge,Lower
2009-09-24,7.0,CHI,Melospiza,lincolnii,Passerellidae,2029,yes,edge,Lower
2009-09-24,7.0,CHI,setophaga,ruticilla,Parulidae,868,Yes,Edge,Upper
2009-09-24,7.0,CHI,setophaga,ruticilla,Parulidae,868,Yes,Edge,Upper
2009-09-24,7.0,CHI,setophaga,ruticilla,Parulidae,868,Yes,Edge,Upper
2009-09-24,7.0,CHI,setophaga,ruticilla,Parulidae,868,Yes,Edge,Upper
2009-09-24,7.0,CHI,Setophaga,palmarum,Parulidae,694,Yes,Edge,Lower
2009-09-24,7.0,CHI,Oreothlypis,ruficapilla,Parulidae,1690,Yes,Forest,Upper
2009-09-24,7.0,CHI,Setophaga,palmarum,Parulidae,694,Yes,Edge,Lower
2009-09-24,7.0,CHI,Setophaga,palmarum,Parulidae,694,Yes,Edge,Lower
2009-09-24,7.0,CHI,geothlypis,philadelphia,Parulidae,430,Yes,Edge,Lower
2009-09-24,7.0,CHI,geothlypis,philadelphia,Parulidae,430,Yes,Edge,Lower
2009-09-24,7.0,CHI,geothlypis,philadelphia,Parulidae,430,Yes,Edge,Lower
2009-09-24,7.0,CHI,Oreothlypis,ruficapilla,Parulidae,1690,Yes,Forest,Upper
2009-09-24,7.0,MP,troglodytes,hiemalis,Troglodytidae,474,No,Forest,Lower
2009-09-24,7.0,CHI,Setophaga,palmarum,Parulidae,694,Yes,Edge,Lower
2009-09-24,7.0,CHI,Oreothlypis,ruficapilla,Parulidae,1690,Yes,Forest,Upper
2009-09-24,7.0,CHI,Oreothlypis,ruficapilla,Parulidae,1690,Yes,Forest,Upper
2009-09-24,7.0,CHI,Oreothlypis,ruficapilla,Parulidae,1690,Yes,Forest,Upper
2009-09-24,7.0,CHI,Oreothlypis,ruficapilla,Parulidae,1690,Yes,Forest,Upper
2009-09-24,7.0,CHI,Oreothlypis,ruficapilla,Parulidae,1690,Yes,Forest,Upper
2009-09-24,7.0,CHI,Oreothlypis,ruficapilla,Parulidae,1690,Yes,Forest,Upper
2009-09-24,7.0,CHI,Oreothlypis,ruficapilla,Parulidae,1690,Yes,Forest,Upper
2009-09-24,7.0,CHI,Oreothlypis,ruficapilla,Parulidae,1690,Yes,Forest,Upper
2009-09-24,7.0,CHI,Oreothlypis,ruficapilla,Parulidae,1690,Yes,Forest,Upper
2009-09-24,7.0,CHI,Oreothlypis,ruficapilla,Parulidae,1690,Yes,Forest,Upper
2009-09-24,7.0,CHI,Oreothlypis,ruficapilla,Parulidae,1690,Yes,Forest,Upper
2009-09-24,7.0,CHI,Zonotrichia,albicollis,Passerellidae,10133,Yes,Forest,Lower
2009-09-24,7.0,CHI,Zonotrichia,albicollis,Passerellidae,10133,Yes,Forest,Lower
2009-09-24,7.0,CHI,Zonotrichia,albicollis,Passerellidae,10133,Yes,Forest,Lower
2009-09-24,7.0,CHI,setophaga,ruticilla,Parulidae,868,Yes,Edge,Upper
2009-09-24,7.0,CHI,setophaga,ruticilla,Parulidae,868,Yes,Edge,Upper
2009-09-24,7.0,CHI,setophaga,ruticilla,Parulidae,868,Yes,Edge,Upper
2009-09-24,7.0,CHI,Zonotrichia,albicollis,Passerellidae,10133,Yes,Forest,Lower
2009-09-24,7.0,CHI,Zonotrichia,albicollis,Passerellidae,10133,Yes,Forest,Lower
2009-09-24,7.0,CHI,Zonotrichia,albicollis,Passerellidae,10133,Yes,Forest,Lower
2009-09-24,7.0,CHI,Zonotrichia,albicollis,Passerellidae,10133,Yes,Forest,Lower
2009-09-24,7.0,CHI,Zonotrichia,albicollis,Passerellidae,10133,Yes,Forest,Lower
2009-09-24,7.0,CHI,Zonotrichia,albicollis,Passerellidae,10133,Yes,Forest,Lower
2009-09-24,7.0,CHI,Zonotrichia,albicollis,Passerellidae,10133,Yes,Forest,Lower
2009-09-24,7.0,CHI,Zonotrichia,albicollis,Passerellidae,10133,Yes,Forest,Lower
2009-09-24,7.0,CHI,Zonotrichia,albicollis,Passerellidae,10133,Yes,Forest,Lower
2009-09-24,7.0,CHI,Zonotrichia,albicollis,Passerellidae,10133,Yes,Forest,Lower
2009-09-24,7.0,CHI,Zonotrichia,albicollis,Passerellidae,10133,Yes,Forest,Lower
2009-09-24,7.0,CHI,Zonotrichia,albicollis,Passerellidae,10133,Yes,Forest,Lower
2009-09-24,7.0,CHI,Zonotrichia,albicollis,Passerellidae,10133,Yes,Forest,Lower
2009-09-24,7.0,CHI,Zonotrichia,albicollis,Passerellidae,10133,Yes,Forest,Lower
2009-09-24,7.0,CHI,Zonotrichia,albicollis,Passerellidae,10133,Yes,Forest,Lower
2009-09-24,7.0,CHI,Zonotrichia,albicollis,Passerellidae,10133,Yes,Forest,Lower
2009-09-24,7.0,CHI,Zonotrichia,albicollis,Passerellidae,10133,Yes,Forest,Lower
2009-09-24,7.0,CHI,Zonotrichia,albicollis,Passerellidae,10133,Yes,Forest,Lower
2009-09-24,7.0,CHI,Setophaga,magnolia,Parulidae,1224,yes,forest,Upper
2009-09-24,7.0,CHI,Oporornis,agilis,Parulidae,365,Yes,Forest,Lower
2009-09-24,7.0,MP,catharus,ustulatus,Turdidae,2331,Yes,Forest,Lower
2009-09-24,7.0,CHI,Seiurus,aurocapilla,Parulidae,4580,Yes,Forest,Lower
2009-09-24,7.0,CHI,Hylocichla,mustelina,Turdidae,500,Yes,Forest,Lower
2009-09-24,7.0,CHI,Seiurus,aurocapilla,Parulidae,4580,Yes,Forest,Lower
2009-09-24,7.0,CHI,Seiurus,aurocapilla,Parulidae,4580,Yes,Forest,Lower
2009-09-24,7.0,CHI,Seiurus,aurocapilla,Parulidae,4580,Yes,Forest,Lower
2009-09-24,7.0,CHI,Seiurus,aurocapilla,Parulidae,4580,Yes,Forest,Lower
2009-09-24,7.0,CHI,Setophaga,striata,Parulidae,787,Yes,Forest,Upper
2009-09-24,7.0,CHI,Seiurus,aurocapilla,Parulidae,4580,Yes,Forest,Lower
2009-09-24,7.0,CHI,Hylocichla,mustelina,Turdidae,500,Yes,Forest,Lower
2009-09-24,7.0,CHI,Hylocichla,mustelina,Turdidae,500,Yes,Forest,Lower
2009-09-24,7.0,CHI,Hylocichla,mustelina,Turdidae,500,Yes,Forest,Lower
2009-09-24,7.0,CHI,Setophaga,striata,Parulidae,787,Yes,Forest,Upper
2009-09-24,7.0,CHI,Setophaga,striata,Parulidae,787,Yes,Forest,Upper
2009-09-24,7.0,CHI,Setophaga,striata,Parulidae,787,Yes,Forest,Upper
2009-09-24,7.0,CHI,Seiurus,aurocapilla,Parulidae,4580,Yes,Forest,Lower
2009-09-24,7.0,CHI,Seiurus,aurocapilla,Parulidae,4580,Yes,Forest,Lower
2009-09-24,7.0,CHI,Pheucticus,ludovicianus,Cardinalidae,397,Yes,Forest,Upper
2009-09-24,7.0,CHI,Pheucticus,ludovicianus,Cardinalidae,397,Yes,Forest,Upper
2009-09-24,7.0,CHI,Seiurus,aurocapilla,Parulidae,4580,Yes,Forest,Lower
2009-09-24,7.0,CHI,Setophaga,striata,Parulidae,787,Yes,Forest,Upper
2009-09-24,7.0,CHI,Seiurus,aurocapilla,Parulidae,4580,Yes,Forest,Lower
2009-09-24,7.0,CHI,Seiurus,aurocapilla,Parulidae,4580,Yes,Forest,Lower
2009-09-24,7.0,CHI,Seiurus,aurocapilla,Parulidae,4580,Yes,Forest,Lower
2009-09-24,7.0,CHI,Oporornis,agilis,Parulidae,365,Yes,Forest,Lower
2009-09-24,7.0,CHI,Seiurus,aurocapilla,Parulidae,4580,Yes,Forest,Lower
2009-09-24,7.0,CHI,Seiurus,aurocapilla,Parulidae,4580,Yes,Forest,Lower
2009-09-24,7.0,CHI,Oreothlypis,peregrina,Parulidae,2515,Yes,Edge,Upper
2009-09-24,7.0,CHI,Oreothlypis,peregrina,Parulidae,2515,Yes,Edge,Upper
2009-09-24,7.0,CHI,Seiurus,aurocapilla,Parulidae,4580,Yes,Forest,Lower
2009-09-24,7.0,CHI,Setophaga,striata,Parulidae,787,Yes,Forest,Upper
2009-09-24,7.0,CHI,Setophaga,virens,Parulidae,223,Yes,Forest,Upper
2009-09-24,7.0,CHI,Setophaga,caerulescens,Parulidae,183,Yes,Forest,Upper
2009-09-24,7.0,CHI,Setophaga,caerulescens,Parulidae,183,Yes,Forest,Upper
2009-09-24,7.0,CHI,Setophaga,caerulescens,Parulidae,183,Yes,Forest,Upper
2009-09-24,7.0,CHI,Setophaga,virens,Parulidae,223,Yes,Forest,Upper
2009-09-24,7.0,CHI,Setophaga,virens,Parulidae,223,Yes,Forest,Upper
2009-09-24,7.0,CHI,vireo,solitarius,Vireonidae,18,No,Forest,Upper
2009-09-24,7.0,CHI,Seiurus,aurocapilla,Parulidae,4580,Yes,Forest,Lower
2009-09-24,7.0,CHI,Seiurus,aurocapilla,Parulidae,4580,Yes,Forest,Lower
2009-09-24,7.0,CHI,Seiurus,aurocapilla,Parulidae,4580,Yes,Forest,Lower
2009-09-24,7.0,CHI,Oreothlypis,peregrina,Parulidae,2515,Yes,Edge,Upper
2009-09-24,7.0,CHI,Geothlypis,trichas,Parulidae,1555,Yes,Open,Lower
2009-09-24,7.0,CHI,Oporornis,agilis,Parulidae,365,Yes,Forest,Lower
2009-09-24,7.0,CHI,Geothlypis,trichas,Parulidae,1555,Yes,Open,Lower
2009-09-24,7.0,CHI,Seiurus,aurocapilla,Parulidae,4580,Yes,Forest,Lower
2009-09-24,7.0,CHI,Mniotilta,varia,Parulidae,620,Yes,Forest,Upper
2009-09-24,7.0,CHI,Seiurus,aurocapilla,Parulidae,4580,Yes,Forest,Lower
2009-09-24,7.0,CHI,Mniotilta,varia,Parulidae,620,Yes,Forest,Upper
2009-09-24,7.0,CHI,Mniotilta,varia,Parulidae,620,Yes,Forest,Upper
2009-09-24,7.0,CHI,Mniotilta,varia,Parulidae,620,Yes,Forest,Upper
2009-09-24,7.0,CHI,Seiurus,aurocapilla,Parulidae,4580,Yes,Forest,Lower
2009-09-24,7.0,CHI,Setophaga,pinus,Parulidae,49,Yes,Forest,Upper
2009-09-24,7.0,CHI,Geothlypis,trichas,Parulidae,1555,Yes,Open,Lower
2009-09-24,7.0,CHI,Geothlypis,trichas,Parulidae,1555,Yes,Open,Lower
2009-09-25,4.0,CHI,Seiurus,aurocapilla,Parulidae,4580,Yes,Forest,Lower
2009-09-25,4.0,CHI,Seiurus,aurocapilla,Parulidae,4580,Yes,Forest,Lower
2009-09-25,4.0,CHI,Oreothlypis,ruficapilla,Parulidae,1690,Yes,Forest,Upper
2009-09-25,4.0,CHI,Seiurus,aurocapilla,Parulidae,4580,Yes,Forest,Lower
2009-09-25,4.0,CHI,Seiurus,aurocapilla,Parulidae,4580,Yes,Forest,Lower
2009-09-25,4.0,CHI,Seiurus,aurocapilla,Parulidae,4580,Yes,Forest,Lower
2009-09-25,4.0,CHI,Seiurus,aurocapilla,Parulidae,4580,Yes,Forest,Lower
2009-09-25,4.0,CHI,Oreothlypis,ruficapilla,Parulidae,1690,Yes,Forest,Upper
2009-09-25,4.0,CHI,Seiurus,aurocapilla,Parulidae,4580,Yes,Forest,Lower
2009-09-25,4.0,CHI,Seiurus,aurocapilla,Parulidae,4580,Yes,Forest,Lower
2009-09-25,4.0,CHI,Oreothlypis,ruficapilla,Parulidae,1690,Yes,Forest,Upper
2009-09-25,4.0,CHI,Oreothlypis,ruficapilla,Parulidae,1690,Yes,Forest,Upper
2009-09-25,4.0,CHI,Seiurus,aurocapilla,Parulidae,4580,Yes,Forest,Lower
2009-09-25,4.0,CHI,Troglodytes,aedon,Troglodytidae,104,No,Edge,Lower
2009-09-25,4.0,CHI,Melospiza,lincolnii,Passerellidae,2029,yes,edge,Lower
2009-09-25,4.0,CHI,Zonotrichia,albicollis,Passerellidae,10133,Yes,Forest,Lower
2009-09-25,4.0,CHI,Melospiza,lincolnii,Passerellidae,2029,yes,edge,Lower
2009-09-25,4.0,CHI,Setophaga,striata,Parulidae,787,Yes,Forest,Upper
2009-09-25,4.0,CHI,Setophaga,striata,Parulidae,787,Yes,Forest,Upper
2009-09-25,4.0,CHI,Setophaga,striata,Parulidae,787,Yes,Forest,Upper
2009-09-25,4.0,CHI,Oreothlypis,ruficapilla,Parulidae,1690,Yes,Forest,Upper
2009-09-25,4.0,CHI,Setophaga,tigrina,Parulidae,182,Yes,Forest,Upper
2009-09-25,4.0,CHI,Oreothlypis,ruficapilla,Parulidae,1690,Yes,Forest,Upper
2009-09-25,4.0,CHI,Zonotrichia,leucophrys,Passerellidae,1090,Yes,Edge,Lower
2009-09-25,4.0,CHI,Oreothlypis,peregrina,Parulidae,2515,Yes,Edge,Upper
2009-09-25,4.0,CHI,Setophaga,virens,Parulidae,223,Yes,Forest,Upper
2009-09-25,4.0,CHI,Oreothlypis,peregrina,Parulidae,2515,Yes,Edge,Upper
2009-09-25,4.0,CHI,troglodytes,hiemalis,Troglodytidae,474,No,Forest,Lower
2009-09-25,4.0,CHI,Melospiza,lincolnii,Passerellidae,2029,yes,edge,Lower
2009-09-25,4.0,CHI,catharus,ustulatus,Turdidae,2331,Yes,Forest,Lower
2009-09-25,4.0,CHI,Oreothlypis,ruficapilla,Parulidae,1690,Yes,Forest,Upper
2009-09-25,4.0,CHI,Zonotrichia,albicollis,Passerellidae,10133,Yes,Forest,Lower
2009-09-25,4.0,CHI,Zonotrichia,albicollis,Passerellidae,10133,Yes,Forest,Lower
2009-09-25,4.0,CHI,Zonotrichia,albicollis,Passerellidae,10133,Yes,Forest,Lower
2009-09-25,4.0,CHI,Zonotrichia,albicollis,Passerellidae,10133,Yes,Forest,Lower
2009-09-25,4.0,MP,Zonotrichia,albicollis,Passerellidae,10133,Yes,Forest,Lower
2009-09-25,4.0,CHI,Melospiza,lincolnii,Passerellidae,2029,yes,edge,Lower
2009-09-25,4.0,CHI,Melospiza,lincolnii,Passerellidae,2029,yes,edge,Lower
2009-09-25,4.0,CHI,Oreothlypis,celata,Parulidae,227,Yes,Edge,Lower
2009-09-25,4.0,CHI,Melospiza,lincolnii,Passerellidae,2029,yes,edge,Lower
2009-09-25,4.0,CHI,catharus,ustulatus,Turdidae,2331,Yes,Forest,Lower
2009-09-25,4.0,CHI,catharus,ustulatus,Turdidae,2331,Yes,Forest,Lower
2009-09-26,4.0,CHI,geothlypis,philadelphia,Parulidae,430,Yes,Edge,Lower
2009-09-26,4.0,CHI,catharus,ustulatus,Turdidae,2331,Yes,Forest,Lower
2009-09-26,4.0,CHI,catharus,ustulatus,Turdidae,2331,Yes,Forest,Lower
2009-09-26,4.0,CHI,Zonotrichia,albicollis,Passerellidae,10133,Yes,Forest,Lower
2009-09-26,4.0,CHI,Zonotrichia,albicollis,Passerellidae,10133,Yes,Forest,Lower
2009-09-26,4.0,CHI,Zonotrichia,albicollis,Passerellidae,10133,Yes,Forest,Lower
2009-09-26,4.0,CHI,Oreothlypis,peregrina,Parulidae,2515,Yes,Edge,Upper
2009-09-26,4.0,CHI,Zonotrichia,leucophrys,Passerellidae,1090,Yes,Edge,Lower
2009-09-26,4.0,CHI,Seiurus,aurocapilla,Parulidae,4580,Yes,Forest,Lower
2009-09-26,4.0,CHI,Seiurus,aurocapilla,Parulidae,4580,Yes,Forest,Lower
2009-09-26,4.0,CHI,Seiurus,aurocapilla,Parulidae,4580,Yes,Forest,Lower
2009-09-26,4.0,CHI,Seiurus,aurocapilla,Parulidae,4580,Yes,Forest,Lower
2009-09-26,4.0,CHI,Seiurus,aurocapilla,Parulidae,4580,Yes,Forest,Lower
2009-09-26,4.0,CHI,Oreothlypis,ruficapilla,Parulidae,1690,Yes,Forest,Upper
2009-09-26,4.0,CHI,Hylocichla,mustelina,Turdidae,500,Yes,Forest,Lower
2009-09-26,4.0,CHI,Hylocichla,mustelina,Turdidae,500,Yes,Forest,Lower
2009-09-26,4.0,CHI,catharus,ustulatus,Turdidae,2331,Yes,Forest,Lower
2009-09-26,4.0,CHI,catharus,ustulatus,Turdidae,2331,Yes,Forest,Lower
2009-09-26,4.0,CHI,catharus,ustulatus,Turdidae,2331,Yes,Forest,Lower
2009-09-26,4.0,CHI,Oreothlypis,ruficapilla,Parulidae,1690,Yes,Forest,Upper
2009-09-27,4.0,CHI,Setophaga,palmarum,Parulidae,694,Yes,Edge,Lower
2009-09-27,4.0,CHI,Setophaga,striata,Parulidae,787,Yes,Forest,Upper
2009-09-27,4.0,CHI,Seiurus,aurocapilla,Parulidae,4580,Yes,Forest,Lower
2009-09-27,4.0,CHI,Spizella,passerina,Passerellidae,68,Yes,Edge,Lower
2009-09-27,4.0,CHI,Setophaga,palmarum,Parulidae,694,Yes,Edge,Lower
2009-09-27,4.0,CHI,Seiurus,aurocapilla,Parulidae,4580,Yes,Forest,Lower
2009-09-27,4.0,CHI,Setophaga,castanea,Parulidae,287,Yes,Forest,Upper
2009-09-27,4.0,CHI,Seiurus,aurocapilla,Parulidae,4580,Yes,Forest,Lower
2009-09-27,4.0,CHI,Setophaga,magnolia,Parulidae,1224,yes,forest,Upper
2009-09-27,4.0,CHI,Setophaga,magnolia,Parulidae,1224,yes,forest,Upper
2009-09-27,4.0,CHI,Setophaga,magnolia,Parulidae,1224,yes,forest,Upper
2009-09-27,4.0,CHI,Setophaga,magnolia,Parulidae,1224,yes,forest,Upper
2009-09-27,4.0,CHI,Setophaga,magnolia,Parulidae,1224,yes,forest,Upper
2009-09-27,4.0,CHI,Setophaga,magnolia,Parulidae,1224,yes,forest,Upper
2009-09-27,4.0,CHI,Catharus,minimus,Turdidae,822,Yes,Forest,Lower
2009-09-27,4.0,CHI,Setophaga,magnolia,Parulidae,1224,yes,forest,Upper
2009-09-27,4.0,CHI,Setophaga,magnolia,Parulidae,1224,yes,forest,Upper
2009-09-27,4.0,CHI,Mniotilta,varia,Parulidae,620,Yes,Forest,Upper
2009-09-27,4.0,CHI,Oreothlypis,peregrina,Parulidae,2515,Yes,Edge,Upper
2009-09-27,4.0,CHI,Oreothlypis,peregrina,Parulidae,2515,Yes,Edge,Upper
2009-09-27,4.0,CHI,Oreothlypis,peregrina,Parulidae,2515,Yes,Edge,Upper
2009-09-27,4.0,CHI,Oreothlypis,peregrina,Parulidae,2515,Yes,Edge,Upper
2009-09-27,4.0,CHI,Oreothlypis,peregrina,Parulidae,2515,Yes,Edge,Upper
2009-09-27,4.0,CHI,Passerina,cyanea,Cardinalidae,725,yes,edge,Upper
2009-09-27,4.0,CHI,Seiurus,aurocapilla,Parulidae,4580,Yes,Forest,Lower
2009-09-27,4.0,CHI,Seiurus,aurocapilla,Parulidae,4580,Yes,Forest,Lower
2009-09-27,4.0,CHI,Seiurus,aurocapilla,Parulidae,4580,Yes,Forest,Lower
2009-09-27,4.0,CHI,Seiurus,aurocapilla,Parulidae,4580,Yes,Forest,Lower
2009-09-27,4.0,CHI,Seiurus,aurocapilla,Parulidae,4580,Yes,Forest,Lower
2009-09-27,4.0,CHI,Seiurus,aurocapilla,Parulidae,4580,Yes,Forest,Lower
2009-09-27,4.0,MP,Seiurus,aurocapilla,Parulidae,4580,Yes,Forest,Lower
2009-09-27,4.0,CHI,Seiurus,aurocapilla,Parulidae,4580,Yes,Forest,Lower
2009-09-27,4.0,CHI,Troglodytes,aedon,Troglodytidae,104,No,Edge,Lower
2009-09-27,4.0,CHI,Seiurus,aurocapilla,Parulidae,4580,Yes,Forest,Lower
2009-09-27,4.0,CHI,Seiurus,aurocapilla,Parulidae,4580,Yes,Forest,Lower
2009-09-27,4.0,CHI,Seiurus,aurocapilla,Parulidae,4580,Yes,Forest,Lower
2009-09-27,4.0,CHI,Seiurus,aurocapilla,Parulidae,4580,Yes,Forest,Lower
2009-09-27,4.0,CHI,Seiurus,aurocapilla,Parulidae,4580,Yes,Forest,Lower
2009-09-27,4.0,CHI,Seiurus,aurocapilla,Parulidae,4580,Yes,Forest,Lower
2009-09-27,4.0,CHI,Seiurus,aurocapilla,Parulidae,4580,Yes,Forest,Lower
2009-09-27,4.0,CHI,Zonotrichia,albicollis,Passerellidae,10133,Yes,Forest,Lower
2009-09-27,4.0,CHI,Seiurus,aurocapilla,Parulidae,4580,Yes,Forest,Lower
2009-09-27,4.0,CHI,Zonotrichia,albicollis,Passerellidae,10133,Yes,Forest,Lower
2009-09-27,4.0,CHI,Oreothlypis,ruficapilla,Parulidae,1690,Yes,Forest,Upper
2009-09-27,4.0,CHI,Oreothlypis,ruficapilla,Parulidae,1690,Yes,Forest,Upper
2009-09-27,4.0,CHI,Geothlypis,trichas,Parulidae,1555,Yes,Open,Lower
2009-09-27,4.0,CHI,Geothlypis,trichas,Parulidae,1555,Yes,Open,Lower
2009-09-27,4.0,CHI,setophaga,ruticilla,Parulidae,868,Yes,Edge,Upper
2009-09-27,4.0,CHI,setophaga,ruticilla,Parulidae,868,Yes,Edge,Upper
2009-09-27,4.0,CHI,setophaga,ruticilla,Parulidae,868,Yes,Edge,Upper
2009-09-27,4.0,CHI,Setophaga,virens,Parulidae,223,Yes,Forest,Upper
2009-09-27,4.0,CHI,setophaga,ruticilla,Parulidae,868,Yes,Edge,Upper
2009-09-27,4.0,CHI,catharus,ustulatus,Turdidae,2331,Yes,Forest,Lower
2009-09-27,4.0,MP,catharus,ustulatus,Turdidae,2331,Yes,Forest,Lower
2009-09-27,4.0,CHI,catharus,ustulatus,Turdidae,2331,Yes,Forest,Lower
2009-09-27,4.0,CHI,catharus,ustulatus,Turdidae,2331,Yes,Forest,Lower
2009-09-27,4.0,CHI,Parkesia,noveboracensis,Parulidae,916,Yes,Forest,Lower
2009-09-27,4.0,CHI,catharus,ustulatus,Turdidae,2331,Yes,Forest,Lower
2009-09-27,4.0,CHI,Pheucticus,ludovicianus,Cardinalidae,397,Yes,Forest,Upper
2009-09-27,4.0,CHI,setophaga,ruticilla,Parulidae,868,Yes,Edge,Upper
2009-09-27,4.0,CHI,Setophaga,virens,Parulidae,223,Yes,Forest,Upper
2009-09-27,4.0,CHI,Setophaga,caerulescens,Parulidae,183,Yes,Forest,Upper
2009-09-27,4.0,CHI,Zonotrichia,albicollis,Passerellidae,10133,Yes,Forest,Lower
2009-09-27,4.0,CHI,catharus,ustulatus,Turdidae,2331,Yes,Forest,Lower
2009-09-27,4.0,CHI,catharus,ustulatus,Turdidae,2331,Yes,Forest,Lower
2009-09-27,4.0,CHI,catharus,ustulatus,Turdidae,2331,Yes,Forest,Lower
2009-09-27,4.0,CHI,Zonotrichia,albicollis,Passerellidae,10133,Yes,Forest,Lower
2009-09-27,4.0,CHI,Zonotrichia,albicollis,Passerellidae,10133,Yes,Forest,Lower
2009-09-27,4.0,CHI,Zonotrichia,albicollis,Passerellidae,10133,Yes,Forest,Lower
2009-09-27,4.0,MP,Zonotrichia,albicollis,Passerellidae,10133,Yes,Forest,Lower
2009-09-27,4.0,CHI,Zonotrichia,albicollis,Passerellidae,10133,Yes,Forest,Lower
2009-09-27,4.0,CHI,catharus,ustulatus,Turdidae,2331,Yes,Forest,Lower
2009-09-28,4.0,CHI,Oreothlypis,peregrina,Parulidae,2515,Yes,Edge,Upper
2009-09-28,4.0,CHI,Setophaga,striata,Parulidae,787,Yes,Forest,Upper
2009-09-28,4.0,CHI,catharus,ustulatus,Turdidae,2331,Yes,Forest,Lower
2009-09-28,4.0,CHI,Seiurus,aurocapilla,Parulidae,4580,Yes,Forest,Lower
2009-09-28,4.0,CHI,Setophaga,magnolia,Parulidae,1224,yes,forest,Upper
2009-09-28,4.0,CHI,setophaga,ruticilla,Parulidae,868,Yes,Edge,Upper
2009-09-28,4.0,CHI,Oreothlypis,peregrina,Parulidae,2515,Yes,Edge,Upper
2009-09-28,4.0,CHI,Seiurus,aurocapilla,Parulidae,4580,Yes,Forest,Lower
2009-09-28,4.0,CHI,Geothlypis,trichas,Parulidae,1555,Yes,Open,Lower
2009-09-28,4.0,CHI,Seiurus,aurocapilla,Parulidae,4580,Yes,Forest,Lower
2009-09-28,4.0,CHI,cistothorus,palustris,Troglodytidae,91,No,Open,Lower
2009-09-28,4.0,CHI,Oreothlypis,ruficapilla,Parulidae,1690,Yes,Forest,Upper
2009-09-28,4.0,CHI,Seiurus,aurocapilla,Parulidae,4580,Yes,Forest,Lower
2009-09-28,4.0,CHI,catharus,ustulatus,Turdidae,2331,Yes,Forest,Lower
2009-09-28,4.0,CHI,Seiurus,aurocapilla,Parulidae,4580,Yes,Forest,Lower
2009-09-28,4.0,CHI,Seiurus,aurocapilla,Parulidae,4580,Yes,Forest,Lower
2009-09-28,4.0,CHI,Seiurus,aurocapilla,Parulidae,4580,Yes,Forest,Lower
2009-09-28,4.0,CHI,Seiurus,aurocapilla,Parulidae,4580,Yes,Forest,Lower
2009-09-28,4.0,CHI,Seiurus,aurocapilla,Parulidae,4580,Yes,Forest,Lower
2009-09-28,4.0,CHI,Setophaga,palmarum,Parulidae,694,Yes,Edge,Lower
2009-09-28,4.0,MP,Setophaga,palmarum,Parulidae,694,Yes,Edge,Lower
2009-09-28,4.0,CHI,Setophaga,palmarum,Parulidae,694,Yes,Edge,Lower
2009-09-28,4.0,CHI,Geothlypis,trichas,Parulidae,1555,Yes,Open,Lower
2009-09-28,4.0,CHI,Setophaga,magnolia,Parulidae,1224,yes,forest,Upper
2009-09-29,4.0,CHI,Catharus,minimus,Turdidae,822,Yes,Forest,Lower
2009-09-29,4.0,CHI,Geothlypis,trichas,Parulidae,1555,Yes,Open,Lower
2009-09-29,4.0,CHI,Geothlypis,trichas,Parulidae,1555,Yes,Open,Lower
2009-09-29,4.0,CHI,Catharus,minimus,Turdidae,822,Yes,Forest,Lower
2009-09-29,4.0,CHI,Melospiza,lincolnii,Passerellidae,2029,yes,edge,Lower
2009-09-29,4.0,CHI,Parkesia,noveboracensis,Parulidae,916,Yes,Forest,Lower
2009-09-29,4.0,MP,Setophaga,palmarum,Parulidae,694,Yes,Edge,Lower
2009-09-29,4.0,CHI,Catharus,minimus,Turdidae,822,Yes,Forest,Lower
2009-09-29,4.0,CHI,Seiurus,aurocapilla,Parulidae,4580,Yes,Forest,Lower
2009-09-29,4.0,CHI,Zonotrichia,albicollis,Passerellidae,10133,Yes,Forest,Lower
2009-09-29,4.0,MP,catharus,ustulatus,Turdidae,2331,Yes,Forest,Lower
2009-09-29,4.0,CHI,Setophaga,castanea,Parulidae,287,Yes,Forest,Upper
2009-09-29,4.0,CHI,Setophaga,pensylvanica,Parulidae,303,Yes,Edge,Upper
2009-09-29,4.0,CHI,Seiurus,aurocapilla,Parulidae,4580,Yes,Forest,Lower
2009-09-29,4.0,CHI,Seiurus,aurocapilla,Parulidae,4580,Yes,Forest,Lower
2009-09-29,4.0,CHI,Seiurus,aurocapilla,Parulidae,4580,Yes,Forest,Lower
2009-09-29,4.0,CHI,Seiurus,aurocapilla,Parulidae,4580,Yes,Forest,Lower
2009-09-29,4.0,CHI,Seiurus,aurocapilla,Parulidae,4580,Yes,Forest,Lower
2009-09-29,4.0,MP,Oreothlypis,ruficapilla,Parulidae,1690,Yes,Forest,Upper
2009-09-29,4.0,CHI,dumetella,carolinensis,Mimidae,599,no,edge,Lower
2009-09-29,4.0,CHI,dumetella,carolinensis,Mimidae,599,no,edge,Lower
2009-09-29,4.0,CHI,Mniotilta,varia,Parulidae,620,Yes,Forest,Upper
2009-09-29,4.0,CHI,Cistothorus,platensis,Troglodytidae,60,no,open,Lower
2009-09-29,4.0,MP,Setophaga,coronata,Parulidae,887,yes,forest,Upper
2009-09-29,4.0,CHI,Seiurus,aurocapilla,Parulidae,4580,Yes,Forest,Lower
2009-09-29,4.0,CHI,cistothorus,palustris,Troglodytidae,91,No,Open,Lower
2009-09-29,4.0,CHI,cistothorus,palustris,Troglodytidae,91,No,Open,Lower
2009-09-29,4.0,CHI,Regulus,satrapa,Regulidae,1029,Yes,Forest,Upper
2009-09-30,4.0,CHI,Oreothlypis,ruficapilla,Parulidae,1690,Yes,Forest,Upper
2009-09-30,4.0,CHI,setophaga,ruticilla,Parulidae,868,Yes,Edge,Upper
2009-09-30,4.0,CHI,Seiurus,aurocapilla,Parulidae,4580,Yes,Forest,Lower
2009-09-30,4.0,CHI,Zonotrichia,albicollis,Passerellidae,10133,Yes,Forest,Lower
2009-09-30,4.0,CHI,Oreothlypis,ruficapilla,Parulidae,1690,Yes,Forest,Upper
2009-09-30,4.0,CHI,Oreothlypis,ruficapilla,Parulidae,1690,Yes,Forest,Upper
2009-09-30,4.0,CHI,Setophaga,striata,Parulidae,787,Yes,Forest,Upper
2009-09-30,4.0,CHI,Zonotrichia,albicollis,Passerellidae,10133,Yes,Forest,Lower
2009-09-30,4.0,CHI,Setophaga,striata,Parulidae,787,Yes,Forest,Upper
2009-09-30,4.0,CHI,Junco,hyemalis,Passerellidae,6303,Yes,Edge,Lower
2009-09-30,4.0,CHI,Zonotrichia,albicollis,Passerellidae,10133,Yes,Forest,Lower
2009-09-30,4.0,CHI,Oreothlypis,ruficapilla,Parulidae,1690,Yes,Forest,Upper
2009-09-30,4.0,CHI,Zonotrichia,albicollis,Passerellidae,10133,Yes,Forest,Lower
2009-09-30,4.0,CHI,Zonotrichia,albicollis,Passerellidae,10133,Yes,Forest,Lower
2009-09-30,4.0,CHI,Zonotrichia,albicollis,Passerellidae,10133,Yes,Forest,Lower
2009-09-30,4.0,CHI,Zonotrichia,albicollis,Passerellidae,10133,Yes,Forest,Lower
2009-09-30,4.0,CHI,Oreothlypis,ruficapilla,Parulidae,1690,Yes,Forest,Upper
2009-09-30,4.0,CHI,Zonotrichia,albicollis,Passerellidae,10133,Yes,Forest,Lower
2009-09-30,4.0,CHI,Zonotrichia,albicollis,Passerellidae,10133,Yes,Forest,Lower
2009-09-30,4.0,CHI,Zonotrichia,albicollis,Passerellidae,10133,Yes,Forest,Lower
2009-09-30,4.0,CHI,Catharus,minimus,Turdidae,822,Yes,Forest,Lower
2009-09-30,4.0,CHI,Zonotrichia,albicollis,Passerellidae,10133,Yes,Forest,Lower
2009-09-30,4.0,CHI,Setophaga,palmarum,Parulidae,694,Yes,Edge,Lower
2009-09-30,4.0,CHI,Melospiza,lincolnii,Passerellidae,2029,yes,edge,Lower
2009-09-30,4.0,CHI,Zonotrichia,leucophrys,Passerellidae,1090,Yes,Edge,Lower
2009-09-30,4.0,CHI,Zonotrichia,leucophrys,Passerellidae,1090,Yes,Edge,Lower
2009-09-30,4.0,CHI,Geothlypis,trichas,Parulidae,1555,Yes,Open,Lower
2009-09-30,4.0,CHI,Catharus,minimus,Turdidae,822,Yes,Forest,Lower
2009-09-30,4.0,CHI,Setophaga,magnolia,Parulidae,1224,yes,forest,Upper
2009-09-30,4.0,CHI,Setophaga,tigrina,Parulidae,182,Yes,Forest,Upper
2009-09-30,4.0,CHI,Geothlypis,trichas,Parulidae,1555,Yes,Open,Lower
2009-09-30,4.0,CHI,Geothlypis,trichas,Parulidae,1555,Yes,Open,Lower
2009-09-30,4.0,CHI,Catharus,guttatus,Turdidae,3729,Yes,Forest,Lower
2009-09-30,4.0,CHI,Catharus,guttatus,Turdidae,3729,Yes,Forest,Lower
2009-09-30,4.0,CHI,Catharus,guttatus,Turdidae,3729,Yes,Forest,Lower
2009-09-30,4.0,CHI,Catharus,guttatus,Turdidae,3729,Yes,Forest,Lower
2009-09-30,4.0,CHI,Geothlypis,trichas,Parulidae,1555,Yes,Open,Lower
2009-09-30,4.0,CHI,Melospiza,lincolnii,Passerellidae,2029,yes,edge,Lower
2009-09-30,4.0,CHI,Melospiza,lincolnii,Passerellidae,2029,yes,edge,Lower
2009-09-30,4.0,CHI,Melospiza,lincolnii,Passerellidae,2029,yes,edge,Lower
2009-09-30,4.0,CHI,Setophaga,americana,Parulidae,59,Yes,Forest,Upper
2009-09-30,4.0,CHI,Pheucticus,ludovicianus,Cardinalidae,397,Yes,Forest,Upper
2009-09-30,4.0,CHI,Seiurus,aurocapilla,Parulidae,4580,Yes,Forest,Lower
2009-09-30,4.0,CHI,Zonotrichia,albicollis,Passerellidae,10133,Yes,Forest,Lower
2009-09-30,4.0,CHI,Seiurus,aurocapilla,Parulidae,4580,Yes,Forest,Lower
2009-09-30,4.0,CHI,Setophaga,striata,Parulidae,787,Yes,Forest,Upper
2009-09-30,4.0,CHI,catharus,ustulatus,Turdidae,2331,Yes,Forest,Lower
2009-09-30,4.0,CHI,catharus,ustulatus,Turdidae,2331,Yes,Forest,Lower
2009-09-30,4.0,CHI,catharus,ustulatus,Turdidae,2331,Yes,Forest,Lower
2009-09-30,4.0,CHI,Setophaga,striata,Parulidae,787,Yes,Forest,Upper
2009-10-01,4.0,CHI,Zonotrichia,leucophrys,Passerellidae,1090,Yes,Edge,Lower
2009-10-01,4.0,CHI,Melospiza,lincolnii,Passerellidae,2029,yes,edge,Lower
2009-10-01,4.0,CHI,Melospiza,lincolnii,Passerellidae,2029,yes,edge,Lower
2009-10-01,4.0,CHI,Setophaga,americana,Parulidae,59,Yes,Forest,Upper
2009-10-01,4.0,CHI,Catharus,minimus,Turdidae,822,Yes,Forest,Lower
2009-10-01,4.0,MP,Zonotrichia,leucophrys,Passerellidae,1090,Yes,Edge,Lower
2009-10-01,4.0,CHI,Parkesia,noveboracensis,Parulidae,916,Yes,Forest,Lower
2009-10-01,4.0,CHI,Sitta,canadensis,Sittidae,260,Yes,Forest,Upper
2009-10-01,4.0,MP,Junco,hyemalis,Passerellidae,6303,Yes,Edge,Lower
2009-10-01,4.0,CHI,Junco,hyemalis,Passerellidae,6303,Yes,Edge,Lower
2009-10-01,4.0,CHI,Zonotrichia,albicollis,Passerellidae,10133,Yes,Forest,Lower
2009-10-01,4.0,CHI,Zonotrichia,albicollis,Passerellidae,10133,Yes,Forest,Lower
2009-10-01,4.0,CHI,Zonotrichia,albicollis,Passerellidae,10133,Yes,Forest,Lower
2009-10-01,4.0,CHI,Zonotrichia,albicollis,Passerellidae,10133,Yes,Forest,Lower
2009-10-01,4.0,CHI,Zonotrichia,albicollis,Passerellidae,10133,Yes,Forest,Lower
2009-10-01,4.0,MP,Zonotrichia,albicollis,Passerellidae,10133,Yes,Forest,Lower
2009-10-01,4.0,CHI,Zonotrichia,albicollis,Passerellidae,10133,Yes,Forest,Lower
2009-10-01,4.0,CHI,Zonotrichia,albicollis,Passerellidae,10133,Yes,Forest,Lower
2009-10-01,4.0,CHI,Zonotrichia,albicollis,Passerellidae,10133,Yes,Forest,Lower
2009-10-01,4.0,CHI,Zonotrichia,albicollis,Passerellidae,10133,Yes,Forest,Lower
2009-10-01,4.0,CHI,Zonotrichia,albicollis,Passerellidae,10133,Yes,Forest,Lower
2009-10-01,4.0,CHI,Zonotrichia,albicollis,Passerellidae,10133,Yes,Forest,Lower
2009-10-01,4.0,MP,Zonotrichia,albicollis,Passerellidae,10133,Yes,Forest,Lower
2009-10-01,4.0,CHI,Setophaga,striata,Parulidae,787,Yes,Forest,Upper
2009-10-01,4.0,CHI,Oreothlypis,ruficapilla,Parulidae,1690,Yes,Forest,Upper
2009-10-01,4.0,CHI,Oreothlypis,ruficapilla,Parulidae,1690,Yes,Forest,Upper
2009-10-01,4.0,CHI,Oreothlypis,ruficapilla,Parulidae,1690,Yes,Forest,Upper
2009-10-01,4.0,CHI,Oreothlypis,ruficapilla,Parulidae,1690,Yes,Forest,Upper
2009-10-01,4.0,CHI,Zonotrichia,albicollis,Passerellidae,10133,Yes,Forest,Lower
2009-10-01,4.0,CHI,Zonotrichia,albicollis,Passerellidae,10133,Yes,Forest,Lower
2009-10-01,4.0,CHI,Zonotrichia,albicollis,Passerellidae,10133,Yes,Forest,Lower
2009-10-01,4.0,CHI,Setophaga,coronata,Parulidae,887,yes,forest,Upper
2009-10-01,4.0,MP,Junco,hyemalis,Passerellidae,6303,Yes,Edge,Lower
2009-10-01,4.0,CHI,Zonotrichia,albicollis,Passerellidae,10133,Yes,Forest,Lower
2009-10-01,4.0,CHI,Zonotrichia,albicollis,Passerellidae,10133,Yes,Forest,Lower
2009-10-01,4.0,CHI,Zonotrichia,albicollis,Passerellidae,10133,Yes,Forest,Lower
2009-10-01,4.0,CHI,Zonotrichia,albicollis,Passerellidae,10133,Yes,Forest,Lower
2009-10-01,4.0,CHI,Zonotrichia,albicollis,Passerellidae,10133,Yes,Forest,Lower
2009-10-01,4.0,CHI,Zonotrichia,albicollis,Passerellidae,10133,Yes,Forest,Lower
2009-10-01,4.0,CHI,Zonotrichia,albicollis,Passerellidae,10133,Yes,Forest,Lower
2009-10-01,4.0,CHI,Zonotrichia,albicollis,Passerellidae,10133,Yes,Forest,Lower
2009-10-01,4.0,CHI,Zonotrichia,albicollis,Passerellidae,10133,Yes,Forest,Lower
2009-10-01,4.0,MP,Zonotrichia,albicollis,Passerellidae,10133,Yes,Forest,Lower
2009-10-01,4.0,MP,Zonotrichia,albicollis,Passerellidae,10133,Yes,Forest,Lower
2009-10-01,4.0,CHI,Zonotrichia,albicollis,Passerellidae,10133,Yes,Forest,Lower
2009-10-01,4.0,CHI,Zonotrichia,albicollis,Passerellidae,10133,Yes,Forest,Lower
2009-10-01,4.0,CHI,Zonotrichia,albicollis,Passerellidae,10133,Yes,Forest,Lower
2009-10-01,4.0,CHI,Regulus,calendula,Regulidae,416,No,Forest,Upper
2009-10-02,4.0,CHI,Setophaga,magnolia,Parulidae,1224,yes,forest,Upper
2009-10-02,4.0,MP,Zonotrichia,albicollis,Passerellidae,10133,Yes,Forest,Lower
2009-10-02,4.0,CHI,Zonotrichia,albicollis,Passerellidae,10133,Yes,Forest,Lower
2009-10-02,4.0,CHI,Seiurus,aurocapilla,Parulidae,4580,Yes,Forest,Lower
2009-10-02,4.0,CHI,Setophaga,striata,Parulidae,787,Yes,Forest,Upper
2009-10-02,4.0,CHI,Geothlypis,trichas,Parulidae,1555,Yes,Open,Lower
2009-10-02,4.0,CHI,Geothlypis,trichas,Parulidae,1555,Yes,Open,Lower
2009-10-02,4.0,CHI,Melospiza,lincolnii,Passerellidae,2029,yes,edge,Lower
2009-10-03,4.0,CHI,Catharus,minimus,Turdidae,822,Yes,Forest,Lower
2009-10-03,4.0,CHI,Oreothlypis,peregrina,Parulidae,2515,Yes,Edge,Upper
2009-10-03,4.0,CHI,Setophaga,magnolia,Parulidae,1224,yes,forest,Upper
2009-10-03,4.0,CHI,Setophaga,pensylvanica,Parulidae,303,Yes,Edge,Upper
2009-10-03,4.0,CHI,Oreothlypis,celata,Parulidae,227,Yes,Edge,Lower
2009-10-03,4.0,MP,Zonotrichia,albicollis,Passerellidae,10133,Yes,Forest,Lower
2009-10-03,4.0,CHI,catharus,ustulatus,Turdidae,2331,Yes,Forest,Lower
2009-10-03,4.0,CHI,Zonotrichia,albicollis,Passerellidae,10133,Yes,Forest,Lower
2009-10-03,4.0,CHI,Zonotrichia,albicollis,Passerellidae,10133,Yes,Forest,Lower
2009-10-03,4.0,CHI,Zonotrichia,albicollis,Passerellidae,10133,Yes,Forest,Lower
2009-10-03,4.0,CHI,Setophaga,palmarum,Parulidae,694,Yes,Edge,Lower
2009-10-03,4.0,CHI,catharus,ustulatus,Turdidae,2331,Yes,Forest,Lower
2009-10-03,4.0,CHI,Zonotrichia,albicollis,Passerellidae,10133,Yes,Forest,Lower
2009-10-04,4.0,CHI,Seiurus,aurocapilla,Parulidae,4580,Yes,Forest,Lower
2009-10-04,4.0,CHI,Setophaga,palmarum,Parulidae,694,Yes,Edge,Lower
2009-10-04,4.0,CHI,Setophaga,palmarum,Parulidae,694,Yes,Edge,Lower
2009-10-04,4.0,CHI,Zonotrichia,albicollis,Passerellidae,10133,Yes,Forest,Lower
2009-10-04,4.0,CHI,Setophaga,palmarum,Parulidae,694,Yes,Edge,Lower
2009-10-04,4.0,MP,Setophaga,caerulescens,Parulidae,183,Yes,Forest,Upper
2009-10-04,4.0,CHI,Seiurus,aurocapilla,Parulidae,4580,Yes,Forest,Lower
2009-10-04,4.0,CHI,Seiurus,aurocapilla,Parulidae,4580,Yes,Forest,Lower
2009-10-04,4.0,CHI,Oreothlypis,peregrina,Parulidae,2515,Yes,Edge,Upper
2009-10-04,4.0,CHI,Mniotilta,varia,Parulidae,620,Yes,Forest,Upper
2009-10-04,4.0,CHI,Seiurus,aurocapilla,Parulidae,4580,Yes,Forest,Lower
2009-10-04,4.0,CHI,Seiurus,aurocapilla,Parulidae,4580,Yes,Forest,Lower
2009-10-04,4.0,CHI,troglodytes,hiemalis,Troglodytidae,474,No,Forest,Lower
2009-10-04,4.0,CHI,Setophaga,caerulescens,Parulidae,183,Yes,Forest,Upper
2009-10-04,4.0,CHI,Setophaga,coronata,Parulidae,887,yes,forest,Upper
2009-10-04,4.0,CHI,Setophaga,coronata,Parulidae,887,yes,forest,Upper
2009-10-04,4.0,CHI,Setophaga,coronata,Parulidae,887,yes,forest,Upper
2009-10-04,4.0,CHI,Geothlypis,trichas,Parulidae,1555,Yes,Open,Lower
2009-10-04,4.0,CHI,Setophaga,virens,Parulidae,223,Yes,Forest,Upper
2009-10-04,4.0,CHI,Catharus,minimus,Turdidae,822,Yes,Forest,Lower
2009-10-04,4.0,MP,Zonotrichia,albicollis,Passerellidae,10133,Yes,Forest,Lower
2009-10-04,4.0,MP,Zonotrichia,albicollis,Passerellidae,10133,Yes,Forest,Lower
2009-10-04,4.0,MP,Zonotrichia,albicollis,Passerellidae,10133,Yes,Forest,Lower
2009-10-04,4.0,CHI,Seiurus,aurocapilla,Parulidae,4580,Yes,Forest,Lower
2009-10-04,4.0,CHI,Setophaga,striata,Parulidae,787,Yes,Forest,Upper
2009-10-04,4.0,CHI,Setophaga,pensylvanica,Parulidae,303,Yes,Edge,Upper
2009-10-04,4.0,CHI,Catharus,guttatus,Turdidae,3729,Yes,Forest,Lower
2009-10-04,4.0,CHI,catharus,ustulatus,Turdidae,2331,Yes,Forest,Lower
2009-10-04,4.0,CHI,Seiurus,aurocapilla,Parulidae,4580,Yes,Forest,Lower
2009-10-04,4.0,CHI,Regulus,calendula,Regulidae,416,No,Forest,Upper
2009-10-04,4.0,CHI,Oreothlypis,peregrina,Parulidae,2515,Yes,Edge,Upper
2009-10-04,4.0,CHI,Melospiza,lincolnii,Passerellidae,2029,yes,edge,Lower
2009-10-04,4.0,CHI,Passerina,cyanea,Cardinalidae,725,yes,edge,Upper
2009-10-04,4.0,CHI,catharus,ustulatus,Turdidae,2331,Yes,Forest,Lower
2009-10-04,4.0,CHI,Pheucticus,ludovicianus,Cardinalidae,397,Yes,Forest,Upper
2009-10-05,4.0,CHI,Geothlypis,trichas,Parulidae,1555,Yes,Open,Lower
2009-10-05,4.0,CHI,setophaga,ruticilla,Parulidae,868,Yes,Edge,Upper
2009-10-05,4.0,CHI,Seiurus,aurocapilla,Parulidae,4580,Yes,Forest,Lower
2009-10-05,4.0,CHI,Seiurus,aurocapilla,Parulidae,4580,Yes,Forest,Lower
2009-10-05,4.0,CHI,Seiurus,aurocapilla,Parulidae,4580,Yes,Forest,Lower
2009-10-05,4.0,CHI,Setophaga,magnolia,Parulidae,1224,yes,forest,Upper
2009-10-05,4.0,MP,Setophaga,palmarum,Parulidae,694,Yes,Edge,Lower
2009-10-05,4.0,CHI,Melospiza,lincolnii,Passerellidae,2029,yes,edge,Lower
2009-10-05,4.0,MP,Regulus,calendula,Regulidae,416,No,Forest,Upper
2009-10-05,4.0,CHI,Catharus,guttatus,Turdidae,3729,Yes,Forest,Lower
2009-10-05,4.0,CHI,Catharus,guttatus,Turdidae,3729,Yes,Forest,Lower
2009-10-05,4.0,CHI,Setophaga,palmarum,Parulidae,694,Yes,Edge,Lower
2009-10-05,4.0,CHI,Oreothlypis,peregrina,Parulidae,2515,Yes,Edge,Upper
2009-10-05,4.0,CHI,Oreothlypis,peregrina,Parulidae,2515,Yes,Edge,Upper
2009-10-05,4.0,CHI,catharus,ustulatus,Turdidae,2331,Yes,Forest,Lower
2009-10-05,4.0,CHI,Setophaga,striata,Parulidae,787,Yes,Forest,Upper
2009-10-05,4.0,CHI,Spizelloides,arborea,Passerellidae,1262,Yes,Edge,Lower
2009-10-05,4.0,CHI,Catharus,guttatus,Turdidae,3729,Yes,Forest,Lower
2009-10-05,4.0,CHI,Junco,hyemalis,Passerellidae,6303,Yes,Edge,Lower
2009-10-05,4.0,CHI,Zonotrichia,albicollis,Passerellidae,10133,Yes,Forest,Lower
2009-10-05,4.0,CHI,Passerina,cyanea,Cardinalidae,725,yes,edge,Upper
2009-10-05,4.0,CHI,Zonotrichia,albicollis,Passerellidae,10133,Yes,Forest,Lower
2009-10-05,4.0,CHI,Catharus,guttatus,Turdidae,3729,Yes,Forest,Lower
2009-10-05,4.0,CHI,Zonotrichia,albicollis,Passerellidae,10133,Yes,Forest,Lower
2009-10-05,4.0,CHI,Catharus,guttatus,Turdidae,3729,Yes,Forest,Lower
2009-10-05,4.0,CHI,Catharus,guttatus,Turdidae,3729,Yes,Forest,Lower
2009-10-05,4.0,CHI,Regulus,calendula,Regulidae,416,No,Forest,Upper
2009-10-05,4.0,CHI,Catharus,guttatus,Turdidae,3729,Yes,Forest,Lower
2009-10-06,4.0,CHI,Zonotrichia,albicollis,Passerellidae,10133,Yes,Forest,Lower
2009-10-06,4.0,CHI,Zonotrichia,albicollis,Passerellidae,10133,Yes,Forest,Lower
2009-10-06,4.0,CHI,Zonotrichia,albicollis,Passerellidae,10133,Yes,Forest,Lower
2009-10-06,4.0,CHI,Zonotrichia,albicollis,Passerellidae,10133,Yes,Forest,Lower
2009-10-06,4.0,CHI,Zonotrichia,albicollis,Passerellidae,10133,Yes,Forest,Lower
2009-10-06,4.0,CHI,Setophaga,coronata,Parulidae,887,yes,forest,Upper
2009-10-07,4.0,CHI,catharus,ustulatus,Turdidae,2331,Yes,Forest,Lower
2009-10-07,4.0,CHI,Melospiza,lincolnii,Passerellidae,2029,yes,edge,Lower
2009-10-07,4.0,CHI,Zonotrichia,albicollis,Passerellidae,10133,Yes,Forest,Lower
2009-10-07,4.0,CHI,Zonotrichia,albicollis,Passerellidae,10133,Yes,Forest,Lower
2009-10-07,4.0,CHI,Geothlypis,trichas,Parulidae,1555,Yes,Open,Lower
2009-10-07,4.0,CHI,Geothlypis,trichas,Parulidae,1555,Yes,Open,Lower
2009-10-07,4.0,MP,Oreothlypis,peregrina,Parulidae,2515,Yes,Edge,Upper
2009-10-07,4.0,CHI,Oreothlypis,peregrina,Parulidae,2515,Yes,Edge,Upper
2009-10-07,4.0,CHI,Seiurus,aurocapilla,Parulidae,4580,Yes,Forest,Lower
2009-10-07,4.0,CHI,Seiurus,aurocapilla,Parulidae,4580,Yes,Forest,Lower
2009-10-08,4.0,MP,Zonotrichia,albicollis,Passerellidae,10133,Yes,Forest,Lower
2009-10-08,4.0,CHI,Oreothlypis,ruficapilla,Parulidae,1690,Yes,Forest,Upper
2009-10-08,4.0,CHI,Setophaga,palmarum,Parulidae,694,Yes,Edge,Lower
2009-10-08,4.0,MP,Seiurus,aurocapilla,Parulidae,4580,Yes,Forest,Lower
2009-10-08,4.0,CHI,Setophaga,coronata,Parulidae,887,yes,forest,Upper
2009-10-08,4.0,CHI,Setophaga,palmarum,Parulidae,694,Yes,Edge,Lower
2009-10-08,4.0,CHI,Setophaga,striata,Parulidae,787,Yes,Forest,Upper
2009-10-08,4.0,CHI,Mniotilta,varia,Parulidae,620,Yes,Forest,Upper
2009-10-08,4.0,CHI,Setophaga,magnolia,Parulidae,1224,yes,forest,Upper
2009-10-08,4.0,MP,Zonotrichia,albicollis,Passerellidae,10133,Yes,Forest,Lower
2009-10-08,4.0,CHI,Seiurus,aurocapilla,Parulidae,4580,Yes,Forest,Lower
2009-10-09,4.0,CHI,Setophaga,palmarum,Parulidae,694,Yes,Edge,Lower
2009-10-09,4.0,CHI,Zonotrichia,albicollis,Passerellidae,10133,Yes,Forest,Lower
2009-10-09,4.0,CHI,Setophaga,americana,Parulidae,59,Yes,Forest,Upper
2009-10-09,4.0,CHI,Setophaga,palmarum,Parulidae,694,Yes,Edge,Lower
2009-10-09,4.0,CHI,Catharus,guttatus,Turdidae,3729,Yes,Forest,Lower
2009-10-09,4.0,CHI,Catharus,guttatus,Turdidae,3729,Yes,Forest,Lower
2009-10-09,4.0,CHI,Catharus,guttatus,Turdidae,3729,Yes,Forest,Lower
2009-10-09,4.0,CHI,Setophaga,coronata,Parulidae,887,yes,forest,Upper
2009-10-09,4.0,CHI,Junco,hyemalis,Passerellidae,6303,Yes,Edge,Lower
2009-10-09,4.0,CHI,Oreothlypis,peregrina,Parulidae,2515,Yes,Edge,Upper
2009-10-09,4.0,CHI,Junco,hyemalis,Passerellidae,6303,Yes,Edge,Lower
2009-10-09,4.0,CHI,Geothlypis,trichas,Parulidae,1555,Yes,Open,Lower
2009-10-09,4.0,CHI,Junco,hyemalis,Passerellidae,6303,Yes,Edge,Lower
2009-10-10,17.0,CHI,Catharus,guttatus,Turdidae,3729,Yes,Forest,Lower
2009-10-10,17.0,CHI,Catharus,minimus,Turdidae,822,Yes,Forest,Lower
2009-10-10,17.0,CHI,Oreothlypis,ruficapilla,Parulidae,1690,Yes,Forest,Upper
2009-10-10,17.0,MP,Catharus,minimus,Turdidae,822,Yes,Forest,Lower
2009-10-10,17.0,MP,Zonotrichia,albicollis,Passerellidae,10133,Yes,Forest,Lower
2009-10-10,17.0,CHI,Zonotrichia,albicollis,Passerellidae,10133,Yes,Forest,Lower
2009-10-10,17.0,CHI,Zonotrichia,albicollis,Passerellidae,10133,Yes,Forest,Lower
2009-10-10,17.0,MP,Zonotrichia,albicollis,Passerellidae,10133,Yes,Forest,Lower
2009-10-10,17.0,MP,Zonotrichia,albicollis,Passerellidae,10133,Yes,Forest,Lower
2009-10-10,17.0,CHI,Zonotrichia,albicollis,Passerellidae,10133,Yes,Forest,Lower
2009-10-10,17.0,CHI,Oreothlypis,peregrina,Parulidae,2515,Yes,Edge,Upper
2009-10-10,17.0,MP,Zonotrichia,albicollis,Passerellidae,10133,Yes,Forest,Lower
2009-10-10,17.0,CHI,Contopus,virens,Tyrannidae,70,No,Forest,Upper
2009-10-10,17.0,CHI,Zonotrichia,albicollis,Passerellidae,10133,Yes,Forest,Lower
2009-10-10,17.0,CHI,Catharus,guttatus,Turdidae,3729,Yes,Forest,Lower
2009-10-10,17.0,CHI,Catharus,guttatus,Turdidae,3729,Yes,Forest,Lower
2009-10-10,17.0,MP,Catharus,guttatus,Turdidae,3729,Yes,Forest,Lower
2009-10-10,17.0,CHI,Oreothlypis,peregrina,Parulidae,2515,Yes,Edge,Upper
2009-10-10,17.0,CHI,Zonotrichia,albicollis,Passerellidae,10133,Yes,Forest,Lower
2009-10-10,17.0,CHI,Catharus,guttatus,Turdidae,3729,Yes,Forest,Lower
2009-10-10,17.0,MP,Catharus,guttatus,Turdidae,3729,Yes,Forest,Lower
2009-10-10,17.0,CHI,Oreothlypis,ruficapilla,Parulidae,1690,Yes,Forest,Upper
2009-10-10,17.0,CHI,Zonotrichia,albicollis,Passerellidae,10133,Yes,Forest,Lower
2009-10-10,17.0,CHI,Catharus,guttatus,Turdidae,3729,Yes,Forest,Lower
2009-10-10,17.0,CHI,Catharus,guttatus,Turdidae,3729,Yes,Forest,Lower
2009-10-10,17.0,CHI,Catharus,guttatus,Turdidae,3729,Yes,Forest,Lower
2009-10-10,17.0,MP,Oreothlypis,ruficapilla,Parulidae,1690,Yes,Forest,Upper
2009-10-10,17.0,CHI,Seiurus,aurocapilla,Parulidae,4580,Yes,Forest,Lower
2009-10-10,17.0,MP,Zonotrichia,albicollis,Passerellidae,10133,Yes,Forest,Lower
2009-10-10,17.0,MP,Zonotrichia,leucophrys,Passerellidae,1090,Yes,Edge,Lower
2009-10-10,17.0,CHI,troglodytes,hiemalis,Troglodytidae,474,No,Forest,Lower
2009-10-10,17.0,MP,Zonotrichia,leucophrys,Passerellidae,1090,Yes,Edge,Lower
2009-10-10,17.0,MP,Zonotrichia,leucophrys,Passerellidae,1090,Yes,Edge,Lower
2009-10-10,17.0,CHI,Zonotrichia,leucophrys,Passerellidae,1090,Yes,Edge,Lower
2009-10-10,17.0,CHI,Zonotrichia,albicollis,Passerellidae,10133,Yes,Forest,Lower
2009-10-10,17.0,CHI,Zonotrichia,albicollis,Passerellidae,10133,Yes,Forest,Lower
2009-10-10,17.0,MP,Zonotrichia,leucophrys,Passerellidae,1090,Yes,Edge,Lower
2009-10-10,17.0,MP,Zonotrichia,leucophrys,Passerellidae,1090,Yes,Edge,Lower
2009-10-10,17.0,MP,Zonotrichia,leucophrys,Passerellidae,1090,Yes,Edge,Lower
2009-10-10,17.0,CHI,Cistothorus,platensis,Troglodytidae,60,no,open,Lower
2009-10-10,17.0,CHI,Sitta,canadensis,Sittidae,260,Yes,Forest,Upper
2009-10-10,17.0,CHI,Zonotrichia,albicollis,Passerellidae,10133,Yes,Forest,Lower
2009-10-10,17.0,CHI,Troglodytes,aedon,Troglodytidae,104,No,Edge,Lower
2009-10-10,17.0,MP,Zonotrichia,albicollis,Passerellidae,10133,Yes,Forest,Lower
2009-10-10,17.0,MP,Zonotrichia,albicollis,Passerellidae,10133,Yes,Forest,Lower
2009-10-10,17.0,MP,Zonotrichia,albicollis,Passerellidae,10133,Yes,Forest,Lower
2009-10-10,17.0,MP,Zonotrichia,albicollis,Passerellidae,10133,Yes,Forest,Lower
2009-10-10,17.0,CHI,Zonotrichia,albicollis,Passerellidae,10133,Yes,Forest,Lower
2009-10-10,17.0,MP,Zonotrichia,leucophrys,Passerellidae,1090,Yes,Edge,Lower
2009-10-10,17.0,CHI,Zonotrichia,albicollis,Passerellidae,10133,Yes,Forest,Lower
2009-10-10,17.0,MP,Zonotrichia,leucophrys,Passerellidae,1090,Yes,Edge,Lower
2009-10-10,17.0,CHI,Zonotrichia,albicollis,Passerellidae,10133,Yes,Forest,Lower
2009-10-10,17.0,MP,Zonotrichia,albicollis,Passerellidae,10133,Yes,Forest,Lower
2009-10-10,17.0,MP,Passerculus,sandwichensis,Passerellidae,274,yes,open,Lower	
2009-10-10,17.0,MP,Zonotrichia,albicollis,Passerellidae,10133,Yes,Forest,Lower
2009-10-10,17.0,MP,Zonotrichia,albicollis,Passerellidae,10133,Yes,Forest,Lower
2009-10-10,17.0,CHI,cistothorus,palustris,Troglodytidae,91,No,Open,Lower
2009-10-10,17.0,MP,Zonotrichia,albicollis,Passerellidae,10133,Yes,Forest,Lower
2009-10-10,17.0,MP,Zonotrichia,leucophrys,Passerellidae,1090,Yes,Edge,Lower
2009-10-10,17.0,MP,Zonotrichia,leucophrys,Passerellidae,1090,Yes,Edge,Lower
2009-10-10,17.0,MP,Zonotrichia,leucophrys,Passerellidae,1090,Yes,Edge,Lower
2009-10-10,17.0,CHI,Oreothlypis,celata,Parulidae,227,Yes,Edge,Lower
2009-10-10,17.0,MP,Oreothlypis,celata,Parulidae,227,Yes,Edge,Lower
2009-10-10,17.0,MP,Zonotrichia,leucophrys,Passerellidae,1090,Yes,Edge,Lower
2009-10-10,17.0,CHI,Zonotrichia,albicollis,Passerellidae,10133,Yes,Forest,Lower
2009-10-10,17.0,CHI,Zonotrichia,albicollis,Passerellidae,10133,Yes,Forest,Lower
2009-10-10,17.0,MP,Zonotrichia,leucophrys,Passerellidae,1090,Yes,Edge,Lower
2009-10-10,17.0,CHI,Setophaga,coronata,Parulidae,887,yes,forest,Upper
2009-10-10,17.0,MP,Zonotrichia,leucophrys,Passerellidae,1090,Yes,Edge,Lower
2009-10-10,17.0,CHI,Zonotrichia,leucophrys,Passerellidae,1090,Yes,Edge,Lower
2009-10-10,17.0,MP,Zonotrichia,leucophrys,Passerellidae,1090,Yes,Edge,Lower
2009-10-10,17.0,MP,Zonotrichia,leucophrys,Passerellidae,1090,Yes,Edge,Lower
2009-10-10,17.0,CHI,Setophaga,striata,Parulidae,787,Yes,Forest,Upper
2009-10-10,17.0,CHI,Seiurus,aurocapilla,Parulidae,4580,Yes,Forest,Lower
2009-10-10,17.0,MP,Passerella,iliaca,Passerellidae,2443,Yes,Edge,Lower
2009-10-10,17.0,CHI,Melospiza,lincolnii,Passerellidae,2029,yes,edge,Lower
2009-10-10,17.0,CHI,Regulus,satrapa,Regulidae,1029,Yes,Forest,Upper
2009-10-10,17.0,CHI,Melospiza,lincolnii,Passerellidae,2029,yes,edge,Lower
2009-10-10,17.0,CHI,Regulus,satrapa,Regulidae,1029,Yes,Forest,Upper
2009-10-10,17.0,CHI,Regulus,satrapa,Regulidae,1029,Yes,Forest,Upper
2009-10-10,17.0,CHI,Melospiza,lincolnii,Passerellidae,2029,yes,edge,Lower
2009-10-10,17.0,MP,Melospiza,lincolnii,Passerellidae,2029,yes,edge,Lower
2009-10-10,17.0,CHI,Regulus,calendula,Regulidae,416,No,Forest,Upper
2009-10-10,17.0,CHI,Regulus,calendula,Regulidae,416,No,Forest,Upper
2009-10-10,17.0,CHI,Regulus,satrapa,Regulidae,1029,Yes,Forest,Upper
2009-10-10,17.0,MP,Junco,hyemalis,Passerellidae,6303,Yes,Edge,Lower
2009-10-10,17.0,CHI,Junco,hyemalis,Passerellidae,6303,Yes,Edge,Lower
2009-10-10,17.0,MP,Melospiza,lincolnii,Passerellidae,2029,yes,edge,Lower
2009-10-10,17.0,MP,Melospiza,lincolnii,Passerellidae,2029,yes,edge,Lower
2009-10-11,17.0,CHI,Zonotrichia,albicollis,Passerellidae,10133,Yes,Forest,Lower
2009-10-11,17.0,CHI,Sitta,canadensis,Sittidae,260,Yes,Forest,Upper
2009-10-11,17.0,CHI,Zonotrichia,albicollis,Passerellidae,10133,Yes,Forest,Lower
2009-10-11,17.0,MP,Catharus,minimus,Turdidae,822,Yes,Forest,Lower
2009-10-11,17.0,MP,Setophaga,coronata,Parulidae,887,yes,forest,Upper
2009-10-11,17.0,MP,Geothlypis,trichas,Parulidae,1555,Yes,Open,Lower
2009-10-11,17.0,CHI,Catharus,guttatus,Turdidae,3729,Yes,Forest,Lower
2009-10-11,17.0,CHI,Zonotrichia,albicollis,Passerellidae,10133,Yes,Forest,Lower
2009-10-11,17.0,CHI,Passerella,iliaca,Passerellidae,2443,Yes,Edge,Lower
2009-10-11,17.0,MP,Seiurus,aurocapilla,Parulidae,4580,Yes,Forest,Lower
2009-10-11,17.0,MP,Zonotrichia,albicollis,Passerellidae,10133,Yes,Forest,Lower
2009-10-11,17.0,CHI,Zonotrichia,albicollis,Passerellidae,10133,Yes,Forest,Lower
2009-10-11,17.0,CHI,Zonotrichia,leucophrys,Passerellidae,1090,Yes,Edge,Lower
2009-10-11,17.0,CHI,troglodytes,hiemalis,Troglodytidae,474,No,Forest,Lower
2009-10-11,17.0,CHI,Regulus,satrapa,Regulidae,1029,Yes,Forest,Upper
2009-10-11,17.0,MP,Zonotrichia,albicollis,Passerellidae,10133,Yes,Forest,Lower
2009-10-11,17.0,CHI,Zonotrichia,albicollis,Passerellidae,10133,Yes,Forest,Lower
2009-10-11,17.0,MP,troglodytes,hiemalis,Troglodytidae,474,No,Forest,Lower
2009-10-11,17.0,CHI,Zonotrichia,leucophrys,Passerellidae,1090,Yes,Edge,Lower
2009-10-12,14.0,CHI,Junco,hyemalis,Passerellidae,6303,Yes,Edge,Lower
2009-10-12,14.0,CHI,Regulus,calendula,Regulidae,416,No,Forest,Upper
2009-10-12,14.0,CHI,Melospiza,lincolnii,Passerellidae,2029,yes,edge,Lower
2009-10-12,14.0,CHI,Melospiza,lincolnii,Passerellidae,2029,yes,edge,Lower
2009-10-12,14.0,CHI,Setophaga,palmarum,Parulidae,694,Yes,Edge,Lower
2009-10-12,14.0,CHI,Oreothlypis,ruficapilla,Parulidae,1690,Yes,Forest,Upper
2009-10-12,14.0,CHI,Oreothlypis,celata,Parulidae,227,Yes,Edge,Lower
2009-10-12,14.0,CHI,Oreothlypis,celata,Parulidae,227,Yes,Edge,Lower
2009-10-12,14.0,CHI,Melospiza,lincolnii,Passerellidae,2029,yes,edge,Lower
2009-10-12,14.0,CHI,Catharus,guttatus,Turdidae,3729,Yes,Forest,Lower
2009-10-12,14.0,CHI,Oreothlypis,celata,Parulidae,227,Yes,Edge,Lower
2009-10-12,14.0,CHI,Catharus,guttatus,Turdidae,3729,Yes,Forest,Lower
2009-10-12,14.0,CHI,Zonotrichia,albicollis,Passerellidae,10133,Yes,Forest,Lower
2009-10-12,14.0,CHI,Zonotrichia,albicollis,Passerellidae,10133,Yes,Forest,Lower
2009-10-12,14.0,CHI,Melospiza,lincolnii,Passerellidae,2029,yes,edge,Lower
2009-10-12,14.0,CHI,catharus,ustulatus,Turdidae,2331,Yes,Forest,Lower
2009-10-12,14.0,CHI,troglodytes,hiemalis,Troglodytidae,474,No,Forest,Lower
2009-10-12,14.0,CHI,troglodytes,hiemalis,Troglodytidae,474,No,Forest,Lower
2009-10-12,14.0,CHI,troglodytes,hiemalis,Troglodytidae,474,No,Forest,Lower
2009-10-12,14.0,CHI,Melospiza,melodia,Passerellidae,5124,Yes,Edge,Lower
2009-10-12,14.0,CHI,Zonotrichia,albicollis,Passerellidae,10133,Yes,Forest,Lower
2009-10-12,14.0,CHI,Melospiza,melodia,Passerellidae,5124,Yes,Edge,Lower
2009-10-12,14.0,MP,Zonotrichia,leucophrys,Passerellidae,1090,Yes,Edge,Lower
2009-10-12,14.0,CHI,Zonotrichia,albicollis,Passerellidae,10133,Yes,Forest,Lower
2009-10-12,14.0,CHI,Zonotrichia,albicollis,Passerellidae,10133,Yes,Forest,Lower
2009-10-12,14.0,CHI,Zonotrichia,albicollis,Passerellidae,10133,Yes,Forest,Lower
2009-10-12,14.0,CHI,Zonotrichia,albicollis,Passerellidae,10133,Yes,Forest,Lower
2009-10-12,14.0,CHI,Zonotrichia,albicollis,Passerellidae,10133,Yes,Forest,Lower
2009-10-12,14.0,CHI,Zonotrichia,albicollis,Passerellidae,10133,Yes,Forest,Lower
2009-10-12,14.0,CHI,Sitta,canadensis,Sittidae,260,Yes,Forest,Upper
2009-10-12,14.0,CHI,Melospiza,melodia,Passerellidae,5124,Yes,Edge,Lower
2009-10-13,12.0,CHI,Oreothlypis,peregrina,Parulidae,2515,Yes,Edge,Upper
2009-10-13,12.0,MP,Zonotrichia,albicollis,Passerellidae,10133,Yes,Forest,Lower
2009-10-13,12.0,MP,Zonotrichia,albicollis,Passerellidae,10133,Yes,Forest,Lower
2009-10-13,12.0,CHI,Zonotrichia,albicollis,Passerellidae,10133,Yes,Forest,Lower
2009-10-13,12.0,CHI,Regulus,calendula,Regulidae,416,No,Forest,Upper
2009-10-13,12.0,MP,Zonotrichia,albicollis,Passerellidae,10133,Yes,Forest,Lower
2009-10-13,12.0,CHI,Zonotrichia,albicollis,Passerellidae,10133,Yes,Forest,Lower
2009-10-13,12.0,CHI,catharus,ustulatus,Turdidae,2331,Yes,Forest,Lower
2009-10-13,12.0,MP,Catharus,guttatus,Turdidae,3729,Yes,Forest,Lower
2009-10-13,12.0,CHI,Zonotrichia,albicollis,Passerellidae,10133,Yes,Forest,Lower
2009-10-13,12.0,CHI,Seiurus,aurocapilla,Parulidae,4580,Yes,Forest,Lower
2009-10-13,12.0,MP,Zonotrichia,albicollis,Passerellidae,10133,Yes,Forest,Lower
2009-10-13,12.0,CHI,Zonotrichia,albicollis,Passerellidae,10133,Yes,Forest,Lower
2009-10-13,12.0,CHI,Zonotrichia,albicollis,Passerellidae,10133,Yes,Forest,Lower
2009-10-13,12.0,MP,Zonotrichia,albicollis,Passerellidae,10133,Yes,Forest,Lower
2009-10-13,12.0,MP,Zonotrichia,albicollis,Passerellidae,10133,Yes,Forest,Lower
2009-10-13,12.0,CHI,Setophaga,magnolia,Parulidae,1224,yes,forest,Upper
2009-10-13,12.0,CHI,Zonotrichia,albicollis,Passerellidae,10133,Yes,Forest,Lower
2009-10-14,11.0,CHI,Zonotrichia,albicollis,Passerellidae,10133,Yes,Forest,Lower
2009-10-14,11.0,CHI,Zonotrichia,albicollis,Passerellidae,10133,Yes,Forest,Lower
2009-10-14,11.0,CHI,Zonotrichia,albicollis,Passerellidae,10133,Yes,Forest,Lower
2009-10-14,11.0,CHI,Zonotrichia,albicollis,Passerellidae,10133,Yes,Forest,Lower
2009-10-14,11.0,CHI,Zonotrichia,albicollis,Passerellidae,10133,Yes,Forest,Lower
2009-10-14,11.0,CHI,Zonotrichia,albicollis,Passerellidae,10133,Yes,Forest,Lower
2009-10-14,11.0,CHI,Zonotrichia,albicollis,Passerellidae,10133,Yes,Forest,Lower
2009-10-14,11.0,CHI,Catharus,guttatus,Turdidae,3729,Yes,Forest,Lower
2009-10-14,11.0,CHI,Zonotrichia,albicollis,Passerellidae,10133,Yes,Forest,Lower
2009-10-14,11.0,CHI,Regulus,satrapa,Regulidae,1029,Yes,Forest,Upper
2009-10-14,11.0,CHI,Zonotrichia,albicollis,Passerellidae,10133,Yes,Forest,Lower
2009-10-14,11.0,CHI,Zonotrichia,albicollis,Passerellidae,10133,Yes,Forest,Lower
2009-10-14,11.0,CHI,Zonotrichia,albicollis,Passerellidae,10133,Yes,Forest,Lower
2009-10-14,11.0,CHI,Zonotrichia,albicollis,Passerellidae,10133,Yes,Forest,Lower
2009-10-14,11.0,CHI,Zonotrichia,albicollis,Passerellidae,10133,Yes,Forest,Lower
2009-10-14,11.0,CHI,Zonotrichia,albicollis,Passerellidae,10133,Yes,Forest,Lower
2009-10-14,11.0,CHI,Zonotrichia,albicollis,Passerellidae,10133,Yes,Forest,Lower
2009-10-14,11.0,CHI,Zonotrichia,albicollis,Passerellidae,10133,Yes,Forest,Lower
2009-10-14,11.0,CHI,Zonotrichia,albicollis,Passerellidae,10133,Yes,Forest,Lower
2009-10-14,11.0,CHI,Zonotrichia,albicollis,Passerellidae,10133,Yes,Forest,Lower
2009-10-14,11.0,CHI,Zonotrichia,albicollis,Passerellidae,10133,Yes,Forest,Lower
2009-10-14,11.0,CHI,Zonotrichia,albicollis,Passerellidae,10133,Yes,Forest,Lower
2009-10-14,11.0,CHI,Zonotrichia,albicollis,Passerellidae,10133,Yes,Forest,Lower
2009-10-14,11.0,CHI,Zonotrichia,albicollis,Passerellidae,10133,Yes,Forest,Lower
2009-10-14,11.0,CHI,Zonotrichia,albicollis,Passerellidae,10133,Yes,Forest,Lower
2009-10-14,11.0,CHI,Zonotrichia,albicollis,Passerellidae,10133,Yes,Forest,Lower
2009-10-14,11.0,CHI,Melospiza,lincolnii,Passerellidae,2029,yes,edge,Lower
2009-10-14,11.0,CHI,troglodytes,hiemalis,Troglodytidae,474,No,Forest,Lower
2009-10-14,11.0,CHI,Oreothlypis,ruficapilla,Parulidae,1690,Yes,Forest,Upper
2009-10-14,11.0,CHI,Melospiza,lincolnii,Passerellidae,2029,yes,edge,Lower
2009-10-14,11.0,CHI,Oreothlypis,ruficapilla,Parulidae,1690,Yes,Forest,Upper
2009-10-14,11.0,CHI,Setophaga,palmarum,Parulidae,694,Yes,Edge,Lower
2009-10-14,11.0,CHI,Zonotrichia,leucophrys,Passerellidae,1090,Yes,Edge,Lower
2009-10-14,11.0,CHI,Zonotrichia,leucophrys,Passerellidae,1090,Yes,Edge,Lower
2009-10-14,11.0,CHI,Zonotrichia,albicollis,Passerellidae,10133,Yes,Forest,Lower
2009-10-14,11.0,CHI,troglodytes,hiemalis,Troglodytidae,474,No,Forest,Lower
2009-10-14,11.0,CHI,Zonotrichia,albicollis,Passerellidae,10133,Yes,Forest,Lower
2009-10-14,11.0,CHI,Zonotrichia,albicollis,Passerellidae,10133,Yes,Forest,Lower
2009-10-14,11.0,CHI,Catharus,guttatus,Turdidae,3729,Yes,Forest,Lower
2009-10-14,11.0,CHI,Zonotrichia,albicollis,Passerellidae,10133,Yes,Forest,Lower
2009-10-14,11.0,CHI,Zonotrichia,albicollis,Passerellidae,10133,Yes,Forest,Lower
2009-10-14,11.0,CHI,Regulus,satrapa,Regulidae,1029,Yes,Forest,Upper
2009-10-14,11.0,CHI,Zonotrichia,albicollis,Passerellidae,10133,Yes,Forest,Lower
2009-10-14,11.0,CHI,Zonotrichia,albicollis,Passerellidae,10133,Yes,Forest,Lower
2009-10-14,11.0,CHI,Zonotrichia,albicollis,Passerellidae,10133,Yes,Forest,Lower
2009-10-14,11.0,CHI,Zonotrichia,albicollis,Passerellidae,10133,Yes,Forest,Lower
2009-10-14,11.0,CHI,Zonotrichia,albicollis,Passerellidae,10133,Yes,Forest,Lower
2009-10-14,11.0,CHI,Zonotrichia,albicollis,Passerellidae,10133,Yes,Forest,Lower
2009-10-14,11.0,CHI,Zonotrichia,albicollis,Passerellidae,10133,Yes,Forest,Lower
2009-10-14,11.0,CHI,Zonotrichia,albicollis,Passerellidae,10133,Yes,Forest,Lower
2009-10-14,11.0,CHI,Zonotrichia,albicollis,Passerellidae,10133,Yes,Forest,Lower
2009-10-14,11.0,CHI,Zonotrichia,albicollis,Passerellidae,10133,Yes,Forest,Lower
2009-10-14,11.0,CHI,Catharus,guttatus,Turdidae,3729,Yes,Forest,Lower
2009-10-14,11.0,CHI,Catharus,guttatus,Turdidae,3729,Yes,Forest,Lower
2009-10-14,11.0,CHI,Catharus,guttatus,Turdidae,3729,Yes,Forest,Lower
2009-10-14,11.0,CHI,Catharus,guttatus,Turdidae,3729,Yes,Forest,Lower
2009-10-14,11.0,CHI,Catharus,minimus,Turdidae,822,Yes,Forest,Lower
2009-10-14,11.0,CHI,Catharus,guttatus,Turdidae,3729,Yes,Forest,Lower
2009-10-14,11.0,CHI,Catharus,guttatus,Turdidae,3729,Yes,Forest,Lower
2009-10-14,11.0,CHI,Catharus,guttatus,Turdidae,3729,Yes,Forest,Lower
2009-10-14,11.0,MP,Regulus,calendula,Regulidae,416,No,Forest,Upper
2009-10-14,11.0,CHI,Passerella,iliaca,Passerellidae,2443,Yes,Edge,Lower
2009-10-14,11.0,CHI,Sitta,canadensis,Sittidae,260,Yes,Forest,Upper
2009-10-14,11.0,CHI,Sitta,canadensis,Sittidae,260,Yes,Forest,Upper
2009-10-14,11.0,CHI,Junco,hyemalis,Passerellidae,6303,Yes,Edge,Lower
2009-10-14,11.0,CHI,Junco,hyemalis,Passerellidae,6303,Yes,Edge,Lower
2009-10-14,11.0,CHI,Zonotrichia,albicollis,Passerellidae,10133,Yes,Forest,Lower
2009-10-14,11.0,CHI,Zonotrichia,albicollis,Passerellidae,10133,Yes,Forest,Lower
2009-10-14,11.0,CHI,Melospiza,lincolnii,Passerellidae,2029,yes,edge,Lower
2009-10-14,11.0,CHI,Zonotrichia,albicollis,Passerellidae,10133,Yes,Forest,Lower
2009-10-14,11.0,CHI,Zonotrichia,albicollis,Passerellidae,10133,Yes,Forest,Lower
2009-10-14,11.0,MP,Melospiza,melodia,Passerellidae,5124,Yes,Edge,Lower
2009-10-14,11.0,MP,Melospiza,melodia,Passerellidae,5124,Yes,Edge,Lower
2009-10-14,11.0,CHI,Melospiza,melodia,Passerellidae,5124,Yes,Edge,Lower
2009-10-14,11.0,CHI,Melospiza,melodia,Passerellidae,5124,Yes,Edge,Lower
2009-10-14,11.0,CHI,Regulus,satrapa,Regulidae,1029,Yes,Forest,Upper
2009-10-14,11.0,CHI,Melospiza,melodia,Passerellidae,5124,Yes,Edge,Lower
2009-10-14,11.0,CHI,Melospiza,melodia,Passerellidae,5124,Yes,Edge,Lower
2009-10-14,11.0,CHI,Melospiza,melodia,Passerellidae,5124,Yes,Edge,Lower
2009-10-14,11.0,CHI,Zonotrichia,albicollis,Passerellidae,10133,Yes,Forest,Lower
2009-10-14,11.0,CHI,Zonotrichia,albicollis,Passerellidae,10133,Yes,Forest,Lower
2009-10-14,11.0,CHI,Zonotrichia,albicollis,Passerellidae,10133,Yes,Forest,Lower
2009-10-14,11.0,CHI,Zonotrichia,albicollis,Passerellidae,10133,Yes,Forest,Lower
2009-10-14,11.0,CHI,Zonotrichia,albicollis,Passerellidae,10133,Yes,Forest,Lower
2009-10-14,11.0,CHI,Zonotrichia,albicollis,Passerellidae,10133,Yes,Forest,Lower
2009-10-14,11.0,CHI,Seiurus,aurocapilla,Parulidae,4580,Yes,Forest,Lower
2009-10-14,11.0,CHI,Zonotrichia,albicollis,Passerellidae,10133,Yes,Forest,Lower
2009-10-14,11.0,CHI,Zonotrichia,albicollis,Passerellidae,10133,Yes,Forest,Lower
2009-10-14,11.0,CHI,Zonotrichia,albicollis,Passerellidae,10133,Yes,Forest,Lower
2009-10-14,11.0,CHI,Seiurus,aurocapilla,Parulidae,4580,Yes,Forest,Lower
2009-10-14,11.0,CHI,Zonotrichia,albicollis,Passerellidae,10133,Yes,Forest,Lower
2009-10-14,11.0,CHI,Zonotrichia,albicollis,Passerellidae,10133,Yes,Forest,Lower
2009-10-14,11.0,CHI,Zonotrichia,albicollis,Passerellidae,10133,Yes,Forest,Lower
2009-10-14,11.0,CHI,Zonotrichia,albicollis,Passerellidae,10133,Yes,Forest,Lower
2009-10-14,11.0,CHI,Zonotrichia,albicollis,Passerellidae,10133,Yes,Forest,Lower
2009-10-14,11.0,CHI,Setophaga,coronata,Parulidae,887,yes,forest,Upper
2009-10-15,12.0,CHI,Regulus,satrapa,Regulidae,1029,Yes,Forest,Upper
2009-10-15,12.0,CHI,Melospiza,lincolnii,Passerellidae,2029,yes,edge,Lower
2009-10-15,12.0,CHI,Zonotrichia,leucophrys,Passerellidae,1090,Yes,Edge,Lower
2009-10-15,12.0,CHI,Zonotrichia,albicollis,Passerellidae,10133,Yes,Forest,Lower
2009-10-15,12.0,CHI,Zonotrichia,albicollis,Passerellidae,10133,Yes,Forest,Lower
2009-10-15,12.0,CHI,Zonotrichia,albicollis,Passerellidae,10133,Yes,Forest,Lower
2009-10-15,12.0,CHI,Zonotrichia,albicollis,Passerellidae,10133,Yes,Forest,Lower
2009-10-15,12.0,CHI,Zonotrichia,albicollis,Passerellidae,10133,Yes,Forest,Lower
2009-10-15,12.0,CHI,Zonotrichia,albicollis,Passerellidae,10133,Yes,Forest,Lower
2009-10-15,12.0,CHI,troglodytes,hiemalis,Troglodytidae,474,No,Forest,Lower
2009-10-15,12.0,CHI,Zonotrichia,albicollis,Passerellidae,10133,Yes,Forest,Lower
2009-10-15,12.0,CHI,Zonotrichia,albicollis,Passerellidae,10133,Yes,Forest,Lower
2009-10-15,12.0,CHI,Regulus,satrapa,Regulidae,1029,Yes,Forest,Upper
2009-10-15,12.0,CHI,Catharus,guttatus,Turdidae,3729,Yes,Forest,Lower
2009-10-15,12.0,CHI,Zonotrichia,albicollis,Passerellidae,10133,Yes,Forest,Lower
2009-10-15,12.0,CHI,Zonotrichia,albicollis,Passerellidae,10133,Yes,Forest,Lower
2009-10-15,12.0,CHI,Zonotrichia,albicollis,Passerellidae,10133,Yes,Forest,Lower
2009-10-15,12.0,CHI,Oreothlypis,ruficapilla,Parulidae,1690,Yes,Forest,Upper
2009-10-15,12.0,CHI,Oreothlypis,ruficapilla,Parulidae,1690,Yes,Forest,Upper
2009-10-16,12.0,CHI,Zonotrichia,albicollis,Passerellidae,10133,Yes,Forest,Lower
2009-10-16,12.0,CHI,Regulus,satrapa,Regulidae,1029,Yes,Forest,Upper
2009-10-16,12.0,CHI,Oreothlypis,peregrina,Parulidae,2515,Yes,Edge,Upper
2009-10-16,12.0,CHI,Zonotrichia,albicollis,Passerellidae,10133,Yes,Forest,Lower
2009-10-16,12.0,CHI,Zonotrichia,albicollis,Passerellidae,10133,Yes,Forest,Lower
2009-10-16,12.0,CHI,Zonotrichia,albicollis,Passerellidae,10133,Yes,Forest,Lower
2009-10-16,12.0,CHI,Zonotrichia,albicollis,Passerellidae,10133,Yes,Forest,Lower
2009-10-16,12.0,CHI,Zonotrichia,leucophrys,Passerellidae,1090,Yes,Edge,Lower
2009-10-16,12.0,CHI,Zonotrichia,albicollis,Passerellidae,10133,Yes,Forest,Lower
2009-10-16,12.0,CHI,Zonotrichia,albicollis,Passerellidae,10133,Yes,Forest,Lower
2009-10-16,12.0,CHI,Melospiza,lincolnii,Passerellidae,2029,yes,edge,Lower
2009-10-16,12.0,CHI,Catharus,guttatus,Turdidae,3729,Yes,Forest,Lower
2009-10-16,12.0,MP,Melospiza,melodia,Passerellidae,5124,Yes,Edge,Lower
2009-10-16,12.0,MP,Geothlypis,trichas,Parulidae,1555,Yes,Open,Lower
2009-10-16,12.0,CHI,Zonotrichia,leucophrys,Passerellidae,1090,Yes,Edge,Lower
2009-10-17,10.0,CHI,Catharus,guttatus,Turdidae,3729,Yes,Forest,Lower
2009-10-17,10.0,CHI,Catharus,guttatus,Turdidae,3729,Yes,Forest,Lower
2009-10-17,10.0,MP,Catharus,guttatus,Turdidae,3729,Yes,Forest,Lower
2009-10-17,10.0,CHI,Catharus,guttatus,Turdidae,3729,Yes,Forest,Lower
2009-10-17,10.0,CHI,Catharus,guttatus,Turdidae,3729,Yes,Forest,Lower
2009-10-17,10.0,CHI,Catharus,guttatus,Turdidae,3729,Yes,Forest,Lower
2009-10-17,10.0,CHI,Catharus,guttatus,Turdidae,3729,Yes,Forest,Lower
2009-10-17,10.0,CHI,Catharus,guttatus,Turdidae,3729,Yes,Forest,Lower
2009-10-17,10.0,CHI,Regulus,satrapa,Regulidae,1029,Yes,Forest,Upper
2009-10-17,10.0,CHI,Catharus,guttatus,Turdidae,3729,Yes,Forest,Lower
2009-10-17,10.0,CHI,Zonotrichia,leucophrys,Passerellidae,1090,Yes,Edge,Lower
2009-10-17,10.0,CHI,Catharus,guttatus,Turdidae,3729,Yes,Forest,Lower
2009-10-17,10.0,CHI,Setophaga,magnolia,Parulidae,1224,yes,forest,Upper
2009-10-17,10.0,CHI,Zonotrichia,leucophrys,Passerellidae,1090,Yes,Edge,Lower
2009-10-17,10.0,CHI,Zonotrichia,leucophrys,Passerellidae,1090,Yes,Edge,Lower
2009-10-17,10.0,CHI,Zonotrichia,albicollis,Passerellidae,10133,Yes,Forest,Lower
2009-10-17,10.0,CHI,Zonotrichia,albicollis,Passerellidae,10133,Yes,Forest,Lower
2009-10-17,10.0,CHI,Catharus,guttatus,Turdidae,3729,Yes,Forest,Lower
2009-10-17,10.0,CHI,Catharus,guttatus,Turdidae,3729,Yes,Forest,Lower
2009-10-17,10.0,CHI,Regulus,satrapa,Regulidae,1029,Yes,Forest,Upper
2009-10-17,10.0,CHI,Catharus,guttatus,Turdidae,3729,Yes,Forest,Lower
2009-10-17,10.0,CHI,Regulus,calendula,Regulidae,416,No,Forest,Upper
2009-10-17,10.0,CHI,Regulus,calendula,Regulidae,416,No,Forest,Upper
2009-10-17,10.0,CHI,Regulus,calendula,Regulidae,416,No,Forest,Upper
2009-10-17,10.0,CHI,Setophaga,striata,Parulidae,787,Yes,Forest,Upper
2009-10-17,10.0,CHI,Passerina,cyanea,Cardinalidae,725,yes,edge,Upper
2009-10-17,10.0,CHI,Regulus,satrapa,Regulidae,1029,Yes,Forest,Upper
2009-10-17,10.0,CHI,Regulus,satrapa,Regulidae,1029,Yes,Forest,Upper
2009-10-17,10.0,CHI,Regulus,satrapa,Regulidae,1029,Yes,Forest,Upper
2009-10-17,10.0,CHI,Regulus,satrapa,Regulidae,1029,Yes,Forest,Upper
2009-10-17,10.0,CHI,Regulus,satrapa,Regulidae,1029,Yes,Forest,Upper
2009-10-17,10.0,CHI,Setophaga,coronata,Parulidae,887,yes,forest,Upper
2009-10-17,10.0,CHI,Regulus,satrapa,Regulidae,1029,Yes,Forest,Upper
2009-10-17,10.0,CHI,Regulus,satrapa,Regulidae,1029,Yes,Forest,Upper
2009-10-17,10.0,CHI,Regulus,satrapa,Regulidae,1029,Yes,Forest,Upper
2009-10-17,10.0,CHI,Regulus,satrapa,Regulidae,1029,Yes,Forest,Upper
2009-10-17,10.0,CHI,setophaga,ruticilla,Parulidae,868,Yes,Edge,Upper
2009-10-17,10.0,CHI,Junco,hyemalis,Passerellidae,6303,Yes,Edge,Lower
2009-10-17,10.0,CHI,Catharus,guttatus,Turdidae,3729,Yes,Forest,Lower
2009-10-17,10.0,CHI,Zonotrichia,albicollis,Passerellidae,10133,Yes,Forest,Lower
2009-10-17,10.0,CHI,Regulus,calendula,Regulidae,416,No,Forest,Upper
2009-10-17,10.0,CHI,Melospiza,melodia,Passerellidae,5124,Yes,Edge,Lower
2009-10-17,10.0,CHI,Melospiza,lincolnii,Passerellidae,2029,yes,edge,Lower
2009-10-17,10.0,CHI,Zonotrichia,albicollis,Passerellidae,10133,Yes,Forest,Lower
2009-10-17,10.0,CHI,Melospiza,lincolnii,Passerellidae,2029,yes,edge,Lower
2009-10-17,10.0,CHI,Zonotrichia,albicollis,Passerellidae,10133,Yes,Forest,Lower
2009-10-17,10.0,CHI,Zonotrichia,albicollis,Passerellidae,10133,Yes,Forest,Lower
2009-10-17,10.0,CHI,troglodytes,hiemalis,Troglodytidae,474,No,Forest,Lower
2009-10-17,10.0,CHI,Zonotrichia,albicollis,Passerellidae,10133,Yes,Forest,Lower
2009-10-17,10.0,CHI,troglodytes,hiemalis,Troglodytidae,474,No,Forest,Lower
2009-10-17,10.0,CHI,troglodytes,hiemalis,Troglodytidae,474,No,Forest,Lower
2009-10-17,10.0,CHI,Zonotrichia,albicollis,Passerellidae,10133,Yes,Forest,Lower
2009-10-17,10.0,CHI,Junco,hyemalis,Passerellidae,6303,Yes,Edge,Lower
2009-10-17,10.0,CHI,troglodytes,hiemalis,Troglodytidae,474,No,Forest,Lower
2009-10-17,10.0,CHI,Zonotrichia,albicollis,Passerellidae,10133,Yes,Forest,Lower
2009-10-17,10.0,CHI,Junco,hyemalis,Passerellidae,6303,Yes,Edge,Lower
2009-10-17,10.0,CHI,Junco,hyemalis,Passerellidae,6303,Yes,Edge,Lower
2009-10-17,10.0,CHI,Zonotrichia,albicollis,Passerellidae,10133,Yes,Forest,Lower
2009-10-17,10.0,MP,Zonotrichia,albicollis,Passerellidae,10133,Yes,Forest,Lower
2009-10-17,10.0,CHI,Zonotrichia,albicollis,Passerellidae,10133,Yes,Forest,Lower
2009-10-17,10.0,CHI,troglodytes,hiemalis,Troglodytidae,474,No,Forest,Lower
2009-10-17,10.0,CHI,Junco,hyemalis,Passerellidae,6303,Yes,Edge,Lower
2009-10-18,11.0,CHI,Sitta,canadensis,Sittidae,260,Yes,Forest,Upper
2009-10-18,11.0,CHI,Melospiza,lincolnii,Passerellidae,2029,yes,edge,Lower
2009-10-18,11.0,CHI,Zonotrichia,albicollis,Passerellidae,10133,Yes,Forest,Lower
2009-10-18,11.0,CHI,Zonotrichia,leucophrys,Passerellidae,1090,Yes,Edge,Lower
2009-10-18,11.0,CHI,troglodytes,hiemalis,Troglodytidae,474,No,Forest,Lower
2009-10-18,11.0,CHI,Regulus,satrapa,Regulidae,1029,Yes,Forest,Upper
2009-10-18,11.0,CHI,Geothlypis,trichas,Parulidae,1555,Yes,Open,Lower
2009-10-18,11.0,CHI,troglodytes,hiemalis,Troglodytidae,474,No,Forest,Lower
2009-10-18,11.0,CHI,Zonotrichia,albicollis,Passerellidae,10133,Yes,Forest,Lower
2009-10-18,11.0,MP,troglodytes,hiemalis,Troglodytidae,474,No,Forest,Lower
2009-10-18,11.0,CHI,Sitta,canadensis,Sittidae,260,Yes,Forest,Upper
2009-10-18,11.0,CHI,Zonotrichia,albicollis,Passerellidae,10133,Yes,Forest,Lower
2009-10-18,11.0,CHI,Zonotrichia,albicollis,Passerellidae,10133,Yes,Forest,Lower
2009-10-18,11.0,CHI,Zonotrichia,albicollis,Passerellidae,10133,Yes,Forest,Lower
2009-10-18,11.0,CHI,Zonotrichia,albicollis,Passerellidae,10133,Yes,Forest,Lower
2009-10-18,11.0,CHI,Catharus,guttatus,Turdidae,3729,Yes,Forest,Lower
2009-10-18,11.0,CHI,Regulus,calendula,Regulidae,416,No,Forest,Upper
2009-10-18,11.0,CHI,Catharus,guttatus,Turdidae,3729,Yes,Forest,Lower
2009-10-18,11.0,CHI,Catharus,guttatus,Turdidae,3729,Yes,Forest,Lower
2009-10-18,11.0,CHI,Catharus,guttatus,Turdidae,3729,Yes,Forest,Lower
2009-10-18,11.0,CHI,Catharus,guttatus,Turdidae,3729,Yes,Forest,Lower
2009-10-18,11.0,MP,Catharus,guttatus,Turdidae,3729,Yes,Forest,Lower
2009-10-18,11.0,CHI,Zonotrichia,albicollis,Passerellidae,10133,Yes,Forest,Lower
2009-10-18,11.0,CHI,troglodytes,hiemalis,Troglodytidae,474,No,Forest,Lower
2009-10-18,11.0,CHI,Passerella,iliaca,Passerellidae,2443,Yes,Edge,Lower
2009-10-18,11.0,CHI,Zonotrichia,albicollis,Passerellidae,10133,Yes,Forest,Lower
2009-10-18,11.0,CHI,Regulus,calendula,Regulidae,416,No,Forest,Upper
2009-10-18,11.0,MP,Zonotrichia,leucophrys,Passerellidae,1090,Yes,Edge,Lower
2009-10-18,11.0,CHI,Zonotrichia,albicollis,Passerellidae,10133,Yes,Forest,Lower
2009-10-18,11.0,CHI,troglodytes,hiemalis,Troglodytidae,474,No,Forest,Lower
2009-10-18,11.0,CHI,Zonotrichia,albicollis,Passerellidae,10133,Yes,Forest,Lower
2009-10-18,11.0,CHI,Zonotrichia,albicollis,Passerellidae,10133,Yes,Forest,Lower
2009-10-18,11.0,CHI,Regulus,calendula,Regulidae,416,No,Forest,Upper
2009-10-19,4.0,CHI,Sitta,canadensis,Sittidae,260,Yes,Forest,Upper
2009-10-19,4.0,CHI,Zonotrichia,albicollis,Passerellidae,10133,Yes,Forest,Lower
2009-10-19,4.0,CHI,Regulus,calendula,Regulidae,416,No,Forest,Upper
2009-10-19,4.0,CHI,Zonotrichia,albicollis,Passerellidae,10133,Yes,Forest,Lower
2009-10-19,4.0,CHI,Zonotrichia,albicollis,Passerellidae,10133,Yes,Forest,Lower
2009-10-19,4.0,CHI,Zonotrichia,albicollis,Passerellidae,10133,Yes,Forest,Lower
2009-10-19,4.0,CHI,Zonotrichia,albicollis,Passerellidae,10133,Yes,Forest,Lower
2009-10-19,4.0,CHI,troglodytes,hiemalis,Troglodytidae,474,No,Forest,Lower
2009-10-19,4.0,CHI,Zonotrichia,albicollis,Passerellidae,10133,Yes,Forest,Lower
2009-10-19,4.0,CHI,Zonotrichia,albicollis,Passerellidae,10133,Yes,Forest,Lower
2009-10-19,4.0,CHI,Zonotrichia,albicollis,Passerellidae,10133,Yes,Forest,Lower
2009-10-19,4.0,CHI,Zonotrichia,albicollis,Passerellidae,10133,Yes,Forest,Lower
2009-10-20,4.0,CHI,Setophaga,coronata,Parulidae,887,yes,forest,Upper
2009-10-20,4.0,CHI,Setophaga,coronata,Parulidae,887,yes,forest,Upper
2009-10-20,4.0,CHI,Catharus,guttatus,Turdidae,3729,Yes,Forest,Lower
2009-10-20,4.0,CHI,Catharus,guttatus,Turdidae,3729,Yes,Forest,Lower
2009-10-20,4.0,CHI,Catharus,guttatus,Turdidae,3729,Yes,Forest,Lower
2009-10-20,4.0,CHI,Catharus,guttatus,Turdidae,3729,Yes,Forest,Lower
2009-10-20,4.0,CHI,Passerella,iliaca,Passerellidae,2443,Yes,Edge,Lower
2009-10-20,4.0,CHI,Passerella,iliaca,Passerellidae,2443,Yes,Edge,Lower
2009-10-20,4.0,CHI,Catharus,guttatus,Turdidae,3729,Yes,Forest,Lower
2009-10-20,4.0,CHI,Catharus,guttatus,Turdidae,3729,Yes,Forest,Lower
2009-10-20,4.0,CHI,Catharus,guttatus,Turdidae,3729,Yes,Forest,Lower
2009-10-20,4.0,CHI,Oreothlypis,ruficapilla,Parulidae,1690,Yes,Forest,Upper
2009-10-20,4.0,CHI,Oreothlypis,ruficapilla,Parulidae,1690,Yes,Forest,Upper
2009-10-20,4.0,CHI,Setophaga,palmarum,Parulidae,694,Yes,Edge,Lower
2009-10-20,4.0,CHI,Catharus,guttatus,Turdidae,3729,Yes,Forest,Lower
2009-10-20,4.0,CHI,Oreothlypis,peregrina,Parulidae,2515,Yes,Edge,Upper
2009-10-20,4.0,CHI,Setophaga,coronata,Parulidae,887,yes,forest,Upper
2009-10-20,4.0,CHI,Setophaga,coronata,Parulidae,887,yes,forest,Upper
2009-10-20,4.0,CHI,Passerella,iliaca,Passerellidae,2443,Yes,Edge,Lower
2009-10-20,4.0,CHI,troglodytes,hiemalis,Troglodytidae,474,No,Forest,Lower
2009-10-20,4.0,MP,Zonotrichia,albicollis,Passerellidae,10133,Yes,Forest,Lower
2009-10-20,4.0,MP,Zonotrichia,albicollis,Passerellidae,10133,Yes,Forest,Lower
2009-10-20,4.0,MP,Zonotrichia,albicollis,Passerellidae,10133,Yes,Forest,Lower
2009-10-20,4.0,MP,Zonotrichia,albicollis,Passerellidae,10133,Yes,Forest,Lower
2009-10-20,4.0,CHI,Zonotrichia,albicollis,Passerellidae,10133,Yes,Forest,Lower
2009-10-20,4.0,CHI,Zonotrichia,albicollis,Passerellidae,10133,Yes,Forest,Lower
2009-10-20,4.0,CHI,Zonotrichia,albicollis,Passerellidae,10133,Yes,Forest,Lower
2009-10-20,4.0,CHI,Zonotrichia,albicollis,Passerellidae,10133,Yes,Forest,Lower
2009-10-20,4.0,CHI,Zonotrichia,albicollis,Passerellidae,10133,Yes,Forest,Lower
2009-10-21,4.0,MP,Zonotrichia,albicollis,Passerellidae,10133,Yes,Forest,Lower
2009-10-21,4.0,MP,Passerella,iliaca,Passerellidae,2443,Yes,Edge,Lower
2009-10-21,4.0,CHI,Zonotrichia,albicollis,Passerellidae,10133,Yes,Forest,Lower
2009-10-21,4.0,CHI,Catharus,guttatus,Turdidae,3729,Yes,Forest,Lower
2009-10-21,4.0,CHI,Catharus,guttatus,Turdidae,3729,Yes,Forest,Lower
2009-10-21,4.0,CHI,Catharus,guttatus,Turdidae,3729,Yes,Forest,Lower
2009-10-21,4.0,CHI,Zonotrichia,albicollis,Passerellidae,10133,Yes,Forest,Lower
2009-10-21,4.0,CHI,Troglodytes,aedon,Troglodytidae,104,No,Edge,Lower
2009-10-21,4.0,CHI,Zonotrichia,albicollis,Passerellidae,10133,Yes,Forest,Lower
2009-10-21,4.0,CHI,Passerella,iliaca,Passerellidae,2443,Yes,Edge,Lower
2009-10-21,4.0,MP,Sayornis,phoebe,Tyrannidae,24,No,Edge,Upper
2009-10-22,4.0,CHI,Zonotrichia,albicollis,Passerellidae,10133,Yes,Forest,Lower
2009-10-22,4.0,CHI,troglodytes,hiemalis,Troglodytidae,474,No,Forest,Lower
2009-10-22,4.0,CHI,Zonotrichia,albicollis,Passerellidae,10133,Yes,Forest,Lower
2009-10-22,4.0,CHI,Zonotrichia,albicollis,Passerellidae,10133,Yes,Forest,Lower
2009-10-22,4.0,CHI,Zonotrichia,albicollis,Passerellidae,10133,Yes,Forest,Lower
2009-10-22,4.0,CHI,Zonotrichia,albicollis,Passerellidae,10133,Yes,Forest,Lower
2009-10-22,4.0,CHI,Zonotrichia,albicollis,Passerellidae,10133,Yes,Forest,Lower
2009-10-22,4.0,CHI,Zonotrichia,leucophrys,Passerellidae,1090,Yes,Edge,Lower
2009-10-22,4.0,CHI,Melospiza,melodia,Passerellidae,5124,Yes,Edge,Lower
2009-10-23,4.0,MP,Melospiza,melodia,Passerellidae,5124,Yes,Edge,Lower
2009-10-23,4.0,CHI,Catharus,guttatus,Turdidae,3729,Yes,Forest,Lower
2009-10-23,4.0,CHI,Zonotrichia,albicollis,Passerellidae,10133,Yes,Forest,Lower
2009-10-23,4.0,CHI,Passerella,iliaca,Passerellidae,2443,Yes,Edge,Lower
2009-10-23,4.0,MP,Catharus,guttatus,Turdidae,3729,Yes,Forest,Lower
2009-10-23,4.0,CHI,Catharus,guttatus,Turdidae,3729,Yes,Forest,Lower
2009-10-23,4.0,CHI,Melospiza,lincolnii,Passerellidae,2029,yes,edge,Lower
2009-10-23,4.0,CHI,Catharus,guttatus,Turdidae,3729,Yes,Forest,Lower
2009-10-24,4.0,CHI,Setophaga,coronata,Parulidae,887,yes,forest,Upper
2009-10-24,4.0,CHI,Setophaga,coronata,Parulidae,887,yes,forest,Upper
2009-10-24,4.0,CHI,Zonotrichia,albicollis,Passerellidae,10133,Yes,Forest,Lower
2009-10-24,4.0,CHI,Setophaga,palmarum,Parulidae,694,Yes,Edge,Lower
2009-10-24,4.0,CHI,Catharus,guttatus,Turdidae,3729,Yes,Forest,Lower
2009-10-24,4.0,CHI,Zonotrichia,albicollis,Passerellidae,10133,Yes,Forest,Lower
2009-10-24,4.0,CHI,Zonotrichia,albicollis,Passerellidae,10133,Yes,Forest,Lower
2009-10-24,4.0,CHI,Regulus,satrapa,Regulidae,1029,Yes,Forest,Upper
2009-10-24,4.0,CHI,Zonotrichia,albicollis,Passerellidae,10133,Yes,Forest,Lower
2009-10-24,4.0,CHI,Melospiza,lincolnii,Passerellidae,2029,yes,edge,Lower
2009-10-24,4.0,CHI,Melospiza,lincolnii,Passerellidae,2029,yes,edge,Lower
2009-10-24,4.0,CHI,Setophaga,palmarum,Parulidae,694,Yes,Edge,Lower
2009-10-24,4.0,CHI,Oreothlypis,ruficapilla,Parulidae,1690,Yes,Forest,Upper
2009-10-24,4.0,CHI,Regulus,calendula,Regulidae,416,No,Forest,Upper
2009-10-25,4.0,CHI,Zonotrichia,leucophrys,Passerellidae,1090,Yes,Edge,Lower
2009-10-25,4.0,CHI,Setophaga,coronata,Parulidae,887,yes,forest,Upper
2009-10-25,4.0,CHI,Parkesia,noveboracensis,Parulidae,916,Yes,Forest,Lower
2009-10-25,4.0,CHI,Catharus,guttatus,Turdidae,3729,Yes,Forest,Lower
2009-10-25,4.0,CHI,Catharus,guttatus,Turdidae,3729,Yes,Forest,Lower
2009-10-25,4.0,CHI,Setophaga,coronata,Parulidae,887,yes,forest,Upper
2009-10-25,4.0,CHI,Catharus,guttatus,Turdidae,3729,Yes,Forest,Lower
2009-10-25,4.0,CHI,Catharus,guttatus,Turdidae,3729,Yes,Forest,Lower
2009-10-25,4.0,CHI,Catharus,guttatus,Turdidae,3729,Yes,Forest,Lower
2009-10-25,4.0,CHI,Catharus,guttatus,Turdidae,3729,Yes,Forest,Lower
2009-10-25,4.0,CHI,Catharus,guttatus,Turdidae,3729,Yes,Forest,Lower
2009-10-25,4.0,CHI,Catharus,guttatus,Turdidae,3729,Yes,Forest,Lower
2009-10-25,4.0,CHI,Catharus,guttatus,Turdidae,3729,Yes,Forest,Lower
2009-10-25,4.0,CHI,Catharus,guttatus,Turdidae,3729,Yes,Forest,Lower
2009-10-25,4.0,CHI,Catharus,guttatus,Turdidae,3729,Yes,Forest,Lower
2009-10-25,4.0,CHI,Setophaga,coronata,Parulidae,887,yes,forest,Upper
2009-10-25,4.0,CHI,Catharus,guttatus,Turdidae,3729,Yes,Forest,Lower
2009-10-25,4.0,CHI,Catharus,guttatus,Turdidae,3729,Yes,Forest,Lower
2009-10-25,4.0,CHI,Catharus,guttatus,Turdidae,3729,Yes,Forest,Lower
2009-10-25,4.0,CHI,Catharus,guttatus,Turdidae,3729,Yes,Forest,Lower
2009-10-25,4.0,CHI,Junco,hyemalis,Passerellidae,6303,Yes,Edge,Lower
2009-10-25,4.0,CHI,Oreothlypis,ruficapilla,Parulidae,1690,Yes,Forest,Upper
2009-10-25,4.0,CHI,Oreothlypis,celata,Parulidae,227,Yes,Edge,Lower
2009-10-25,4.0,CHI,Oreothlypis,celata,Parulidae,227,Yes,Edge,Lower
2009-10-25,4.0,CHI,Regulus,satrapa,Regulidae,1029,Yes,Forest,Upper
2009-10-25,4.0,CHI,Regulus,satrapa,Regulidae,1029,Yes,Forest,Upper
2009-10-25,4.0,CHI,Melospiza,melodia,Passerellidae,5124,Yes,Edge,Lower
2009-10-25,4.0,CHI,Oreothlypis,ruficapilla,Parulidae,1690,Yes,Forest,Upper
2009-10-25,4.0,CHI,Junco,hyemalis,Passerellidae,6303,Yes,Edge,Lower
2009-10-25,4.0,CHI,Passerina,cyanea,Cardinalidae,725,yes,edge,Upper
2009-10-25,4.0,CHI,Setophaga,palmarum,Parulidae,694,Yes,Edge,Lower
2009-10-25,4.0,CHI,Spizella,pusilla,Passerellidae,325,Yes,Open,Lower
2009-10-25,4.0,CHI,Setophaga,palmarum,Parulidae,694,Yes,Edge,Lower
2009-10-25,4.0,CHI,Zonotrichia,albicollis,Passerellidae,10133,Yes,Forest,Lower
2009-10-25,4.0,CHI,Junco,hyemalis,Passerellidae,6303,Yes,Edge,Lower
2009-10-25,4.0,CHI,Zonotrichia,albicollis,Passerellidae,10133,Yes,Forest,Lower
2009-10-25,4.0,CHI,Setophaga,palmarum,Parulidae,694,Yes,Edge,Lower
2009-10-25,4.0,CHI,Zonotrichia,albicollis,Passerellidae,10133,Yes,Forest,Lower
2009-10-25,4.0,CHI,Zonotrichia,albicollis,Passerellidae,10133,Yes,Forest,Lower
2009-10-25,4.0,CHI,Setophaga,palmarum,Parulidae,694,Yes,Edge,Lower
2009-10-25,4.0,CHI,Zonotrichia,albicollis,Passerellidae,10133,Yes,Forest,Lower
2009-10-25,4.0,CHI,Zonotrichia,albicollis,Passerellidae,10133,Yes,Forest,Lower
2009-10-25,4.0,CHI,Zonotrichia,albicollis,Passerellidae,10133,Yes,Forest,Lower
2009-10-25,4.0,CHI,Zonotrichia,albicollis,Passerellidae,10133,Yes,Forest,Lower
2009-10-25,4.0,CHI,Oreothlypis,ruficapilla,Parulidae,1690,Yes,Forest,Upper
2009-10-26,7.0,CHI,Catharus,guttatus,Turdidae,3729,Yes,Forest,Lower
2009-10-26,7.0,MP,Catharus,guttatus,Turdidae,3729,Yes,Forest,Lower
2009-10-26,7.0,MP,Catharus,guttatus,Turdidae,3729,Yes,Forest,Lower
2009-10-26,7.0,CHI,Zonotrichia,albicollis,Passerellidae,10133,Yes,Forest,Lower
2009-10-26,7.0,CHI,Zonotrichia,albicollis,Passerellidae,10133,Yes,Forest,Lower
2009-10-26,7.0,CHI,Catharus,guttatus,Turdidae,3729,Yes,Forest,Lower
2009-10-26,7.0,MP,Catharus,guttatus,Turdidae,3729,Yes,Forest,Lower
2009-10-26,7.0,MP,Catharus,guttatus,Turdidae,3729,Yes,Forest,Lower
2009-10-26,7.0,MP,Zonotrichia,albicollis,Passerellidae,10133,Yes,Forest,Lower
2009-10-26,7.0,MP,Zonotrichia,albicollis,Passerellidae,10133,Yes,Forest,Lower
2009-10-26,7.0,MP,Melospiza,melodia,Passerellidae,5124,Yes,Edge,Lower
2009-10-26,7.0,CHI,Oreothlypis,celata,Parulidae,227,Yes,Edge,Lower
2009-10-26,7.0,CHI,Oreothlypis,ruficapilla,Parulidae,1690,Yes,Forest,Upper
2009-10-26,7.0,CHI,Oreothlypis,celata,Parulidae,227,Yes,Edge,Lower
2009-10-26,7.0,MP,Zonotrichia,albicollis,Passerellidae,10133,Yes,Forest,Lower
2009-10-26,7.0,MP,Melospiza,melodia,Passerellidae,5124,Yes,Edge,Lower
2009-10-26,7.0,CHI,Regulus,calendula,Regulidae,416,No,Forest,Upper
2009-10-26,7.0,MP,Zonotrichia,albicollis,Passerellidae,10133,Yes,Forest,Lower
2009-10-26,7.0,MP,Zonotrichia,albicollis,Passerellidae,10133,Yes,Forest,Lower
2009-10-26,7.0,CHI,Zonotrichia,albicollis,Passerellidae,10133,Yes,Forest,Lower
2009-10-26,7.0,CHI,Zonotrichia,albicollis,Passerellidae,10133,Yes,Forest,Lower
2009-10-26,7.0,MP,Zonotrichia,albicollis,Passerellidae,10133,Yes,Forest,Lower
2009-10-27,7.0,CHI,troglodytes,hiemalis,Troglodytidae,474,No,Forest,Lower
2009-10-27,7.0,CHI,Regulus,calendula,Regulidae,416,No,Forest,Upper
2009-10-27,7.0,MP,Catharus,guttatus,Turdidae,3729,Yes,Forest,Lower
2009-10-27,7.0,CHI,Regulus,calendula,Regulidae,416,No,Forest,Upper
2009-10-27,7.0,CHI,troglodytes,hiemalis,Troglodytidae,474,No,Forest,Lower
2009-10-27,7.0,CHI,cistothorus,palustris,Troglodytidae,91,No,Open,Lower
2009-10-27,7.0,CHI,Junco,hyemalis,Passerellidae,6303,Yes,Edge,Lower
2009-10-27,7.0,CHI,Junco,hyemalis,Passerellidae,6303,Yes,Edge,Lower
2009-10-27,7.0,CHI,Junco,hyemalis,Passerellidae,6303,Yes,Edge,Lower
2009-10-27,7.0,CHI,Junco,hyemalis,Passerellidae,6303,Yes,Edge,Lower
2009-10-27,7.0,CHI,Junco,hyemalis,Passerellidae,6303,Yes,Edge,Lower
2009-10-27,7.0,CHI,Junco,hyemalis,Passerellidae,6303,Yes,Edge,Lower
2009-10-27,7.0,CHI,Catharus,guttatus,Turdidae,3729,Yes,Forest,Lower
2009-10-27,7.0,CHI,Oreothlypis,celata,Parulidae,227,Yes,Edge,Lower
2009-10-27,7.0,CHI,Catharus,guttatus,Turdidae,3729,Yes,Forest,Lower
2009-10-27,7.0,CHI,Catharus,guttatus,Turdidae,3729,Yes,Forest,Lower
2009-10-27,7.0,CHI,Catharus,guttatus,Turdidae,3729,Yes,Forest,Lower
2009-10-27,7.0,CHI,Zonotrichia,albicollis,Passerellidae,10133,Yes,Forest,Lower
2009-10-27,7.0,CHI,Zonotrichia,albicollis,Passerellidae,10133,Yes,Forest,Lower
2009-10-27,7.0,CHI,Zonotrichia,albicollis,Passerellidae,10133,Yes,Forest,Lower
2009-10-27,7.0,CHI,Regulus,satrapa,Regulidae,1029,Yes,Forest,Upper
2009-10-27,7.0,CHI,Regulus,satrapa,Regulidae,1029,Yes,Forest,Upper
2009-10-27,7.0,CHI,catharus,ustulatus,Turdidae,2331,Yes,Forest,Lower
2009-10-27,7.0,CHI,Regulus,satrapa,Regulidae,1029,Yes,Forest,Upper
2009-10-27,7.0,CHI,Regulus,satrapa,Regulidae,1029,Yes,Forest,Upper
2009-10-27,7.0,CHI,Regulus,satrapa,Regulidae,1029,Yes,Forest,Upper
2009-10-27,7.0,CHI,Regulus,satrapa,Regulidae,1029,Yes,Forest,Upper
2009-10-27,7.0,CHI,Regulus,satrapa,Regulidae,1029,Yes,Forest,Upper
2009-10-27,7.0,CHI,Regulus,satrapa,Regulidae,1029,Yes,Forest,Upper
2009-10-27,7.0,CHI,Regulus,satrapa,Regulidae,1029,Yes,Forest,Upper
2009-10-27,7.0,CHI,Regulus,satrapa,Regulidae,1029,Yes,Forest,Upper
2009-10-27,7.0,CHI,Zonotrichia,albicollis,Passerellidae,10133,Yes,Forest,Lower
2009-10-27,7.0,CHI,Passerella,iliaca,Passerellidae,2443,Yes,Edge,Lower
2009-10-27,7.0,CHI,Passerella,iliaca,Passerellidae,2443,Yes,Edge,Lower
2009-10-27,7.0,CHI,Zonotrichia,albicollis,Passerellidae,10133,Yes,Forest,Lower
2009-10-27,7.0,CHI,Zonotrichia,albicollis,Passerellidae,10133,Yes,Forest,Lower
2009-10-27,7.0,CHI,Zonotrichia,albicollis,Passerellidae,10133,Yes,Forest,Lower
2009-10-27,7.0,CHI,Zonotrichia,albicollis,Passerellidae,10133,Yes,Forest,Lower
2009-10-27,7.0,CHI,Catharus,guttatus,Turdidae,3729,Yes,Forest,Lower
2009-10-27,7.0,CHI,Catharus,guttatus,Turdidae,3729,Yes,Forest,Lower
2009-10-27,7.0,CHI,Catharus,guttatus,Turdidae,3729,Yes,Forest,Lower
2009-10-27,7.0,CHI,Catharus,guttatus,Turdidae,3729,Yes,Forest,Lower
2009-10-27,7.0,CHI,Catharus,guttatus,Turdidae,3729,Yes,Forest,Lower
2009-10-27,7.0,CHI,Catharus,guttatus,Turdidae,3729,Yes,Forest,Lower
2009-10-27,7.0,CHI,Catharus,guttatus,Turdidae,3729,Yes,Forest,Lower
2009-10-27,7.0,CHI,Catharus,guttatus,Turdidae,3729,Yes,Forest,Lower
2009-10-27,7.0,CHI,Catharus,guttatus,Turdidae,3729,Yes,Forest,Lower
2009-10-27,7.0,CHI,Catharus,guttatus,Turdidae,3729,Yes,Forest,Lower
2009-10-27,7.0,CHI,Catharus,guttatus,Turdidae,3729,Yes,Forest,Lower
2009-10-27,7.0,CHI,Catharus,guttatus,Turdidae,3729,Yes,Forest,Lower
2009-10-27,7.0,CHI,Catharus,guttatus,Turdidae,3729,Yes,Forest,Lower
2009-10-27,7.0,CHI,Catharus,guttatus,Turdidae,3729,Yes,Forest,Lower
2009-10-27,7.0,CHI,Catharus,guttatus,Turdidae,3729,Yes,Forest,Lower
2009-10-27,7.0,CHI,Catharus,guttatus,Turdidae,3729,Yes,Forest,Lower
2009-10-27,7.0,CHI,Catharus,guttatus,Turdidae,3729,Yes,Forest,Lower
2009-10-27,7.0,CHI,Zonotrichia,albicollis,Passerellidae,10133,Yes,Forest,Lower
2009-10-27,7.0,CHI,Catharus,guttatus,Turdidae,3729,Yes,Forest,Lower
2009-10-27,7.0,CHI,Catharus,guttatus,Turdidae,3729,Yes,Forest,Lower
2009-10-27,7.0,CHI,Passerella,iliaca,Passerellidae,2443,Yes,Edge,Lower
2009-10-27,7.0,CHI,Melospiza,lincolnii,Passerellidae,2029,yes,edge,Lower
2009-10-27,7.0,CHI,Melospiza,lincolnii,Passerellidae,2029,yes,edge,Lower
2009-10-27,7.0,CHI,Melospiza,lincolnii,Passerellidae,2029,yes,edge,Lower
2009-10-27,7.0,CHI,Melospiza,melodia,Passerellidae,5124,Yes,Edge,Lower
2009-10-27,7.0,CHI,Pipilo,erythrophthalmus,Passerellidae,82,Rare,Edge,Lower
2009-10-28,4.0,CHI,Zonotrichia,albicollis,Passerellidae,10133,Yes,Forest,Lower
2009-10-28,4.0,CHI,Zonotrichia,albicollis,Passerellidae,10133,Yes,Forest,Lower
2009-10-28,4.0,CHI,Zonotrichia,albicollis,Passerellidae,10133,Yes,Forest,Lower
2009-10-28,4.0,MP,Zonotrichia,albicollis,Passerellidae,10133,Yes,Forest,Lower
2009-10-28,4.0,CHI,Catharus,guttatus,Turdidae,3729,Yes,Forest,Lower
2009-10-28,4.0,CHI,Catharus,guttatus,Turdidae,3729,Yes,Forest,Lower
2009-10-28,4.0,CHI,Catharus,guttatus,Turdidae,3729,Yes,Forest,Lower
2009-10-28,4.0,CHI,Catharus,guttatus,Turdidae,3729,Yes,Forest,Lower
2009-10-28,4.0,CHI,Catharus,guttatus,Turdidae,3729,Yes,Forest,Lower
2009-10-28,4.0,CHI,Catharus,guttatus,Turdidae,3729,Yes,Forest,Lower
2009-10-28,4.0,CHI,Catharus,guttatus,Turdidae,3729,Yes,Forest,Lower
2009-10-28,4.0,MP,Catharus,guttatus,Turdidae,3729,Yes,Forest,Lower
2009-10-28,4.0,MP,Catharus,guttatus,Turdidae,3729,Yes,Forest,Lower
2009-10-28,4.0,CHI,Zonotrichia,albicollis,Passerellidae,10133,Yes,Forest,Lower
2009-10-28,4.0,MP,Catharus,guttatus,Turdidae,3729,Yes,Forest,Lower
2009-10-28,4.0,CHI,troglodytes,hiemalis,Troglodytidae,474,No,Forest,Lower
2009-10-28,4.0,CHI,Zonotrichia,leucophrys,Passerellidae,1090,Yes,Edge,Lower
2009-10-28,4.0,CHI,Zonotrichia,leucophrys,Passerellidae,1090,Yes,Edge,Lower
2009-10-28,4.0,CHI,Zonotrichia,leucophrys,Passerellidae,1090,Yes,Edge,Lower
2009-10-28,4.0,CHI,Zonotrichia,leucophrys,Passerellidae,1090,Yes,Edge,Lower
2009-10-28,4.0,CHI,Setophaga,palmarum,Parulidae,694,Yes,Edge,Lower
2009-10-28,4.0,CHI,Melospiza,lincolnii,Passerellidae,2029,yes,edge,Lower
2009-10-28,4.0,CHI,Catharus,guttatus,Turdidae,3729,Yes,Forest,Lower
2009-10-28,4.0,MP,Zonotrichia,albicollis,Passerellidae,10133,Yes,Forest,Lower
2009-10-28,4.0,CHI,Catharus,guttatus,Turdidae,3729,Yes,Forest,Lower
2009-10-28,4.0,CHI,Oreothlypis,celata,Parulidae,227,Yes,Edge,Lower
2009-10-28,4.0,CHI,Regulus,satrapa,Regulidae,1029,Yes,Forest,Upper
2009-10-28,4.0,MP,Passerella,iliaca,Passerellidae,2443,Yes,Edge,Lower
2009-10-28,4.0,MP,Melospiza,melodia,Passerellidae,5124,Yes,Edge,Lower
2009-10-28,4.0,MP,Melospiza,melodia,Passerellidae,5124,Yes,Edge,Lower
2009-10-28,4.0,CHI,Zonotrichia,albicollis,Passerellidae,10133,Yes,Forest,Lower
2009-10-28,4.0,CHI,Vireo,philadelphicus,Vireonidae,12,No,Forest,Upper
2009-10-28,4.0,CHI,Zonotrichia,albicollis,Passerellidae,10133,Yes,Forest,Lower
2009-10-28,4.0,CHI,Spizella,pusilla,Passerellidae,325,Yes,Open,Lower
2009-10-28,4.0,CHI,Regulus,calendula,Regulidae,416,No,Forest,Upper
2009-10-28,4.0,CHI,Zonotrichia,albicollis,Passerellidae,10133,Yes,Forest,Lower
2009-10-28,4.0,MP,Passerella,iliaca,Passerellidae,2443,Yes,Edge,Lower
2009-10-28,4.0,MP,Passerella,iliaca,Passerellidae,2443,Yes,Edge,Lower
2009-10-28,4.0,CHI,Zonotrichia,albicollis,Passerellidae,10133,Yes,Forest,Lower
2009-10-28,4.0,CHI,Zonotrichia,albicollis,Passerellidae,10133,Yes,Forest,Lower
2009-10-28,4.0,CHI,Oreothlypis,celata,Parulidae,227,Yes,Edge,Lower
2009-10-28,4.0,CHI,Spizelloides,arborea,Passerellidae,1262,Yes,Edge,Lower
2009-10-28,4.0,CHI,Zonotrichia,albicollis,Passerellidae,10133,Yes,Forest,Lower
2009-10-29,3.0,CHI,Zonotrichia,albicollis,Passerellidae,10133,Yes,Forest,Lower
2009-10-29,3.0,CHI,Pipilo,erythrophthalmus,Passerellidae,82,Rare,Edge,Lower
2009-10-29,3.0,CHI,Zonotrichia,albicollis,Passerellidae,10133,Yes,Forest,Lower
2009-10-29,3.0,CHI,Zonotrichia,albicollis,Passerellidae,10133,Yes,Forest,Lower
2009-10-29,3.0,CHI,Zonotrichia,albicollis,Passerellidae,10133,Yes,Forest,Lower
2009-10-29,3.0,CHI,Zonotrichia,albicollis,Passerellidae,10133,Yes,Forest,Lower
2009-10-29,3.0,CHI,Zonotrichia,albicollis,Passerellidae,10133,Yes,Forest,Lower
2009-10-29,3.0,CHI,Zonotrichia,albicollis,Passerellidae,10133,Yes,Forest,Lower
2009-10-29,3.0,CHI,Zonotrichia,albicollis,Passerellidae,10133,Yes,Forest,Lower
2009-10-29,3.0,CHI,Zonotrichia,albicollis,Passerellidae,10133,Yes,Forest,Lower
2009-10-29,3.0,CHI,Zonotrichia,albicollis,Passerellidae,10133,Yes,Forest,Lower
2009-10-29,3.0,CHI,Zonotrichia,albicollis,Passerellidae,10133,Yes,Forest,Lower
2009-10-29,3.0,CHI,Zonotrichia,albicollis,Passerellidae,10133,Yes,Forest,Lower
2009-10-29,3.0,CHI,Zonotrichia,albicollis,Passerellidae,10133,Yes,Forest,Lower
2009-10-29,3.0,CHI,Melospiza,lincolnii,Passerellidae,2029,yes,edge,Lower
2009-10-29,3.0,MP,Melospiza,lincolnii,Passerellidae,2029,yes,edge,Lower
2009-10-29,3.0,CHI,Zonotrichia,albicollis,Passerellidae,10133,Yes,Forest,Lower
2009-10-29,3.0,CHI,Zonotrichia,albicollis,Passerellidae,10133,Yes,Forest,Lower
2009-10-29,3.0,CHI,Zonotrichia,albicollis,Passerellidae,10133,Yes,Forest,Lower
2009-10-29,3.0,CHI,Zonotrichia,albicollis,Passerellidae,10133,Yes,Forest,Lower
2009-10-29,3.0,CHI,Zonotrichia,albicollis,Passerellidae,10133,Yes,Forest,Lower
2009-10-29,3.0,CHI,Zonotrichia,albicollis,Passerellidae,10133,Yes,Forest,Lower
2009-10-29,3.0,CHI,Melospiza,melodia,Passerellidae,5124,Yes,Edge,Lower
2009-10-29,3.0,CHI,Melospiza,melodia,Passerellidae,5124,Yes,Edge,Lower
2009-10-29,3.0,CHI,Melospiza,melodia,Passerellidae,5124,Yes,Edge,Lower
2009-10-29,3.0,CHI,Melospiza,melodia,Passerellidae,5124,Yes,Edge,Lower
2009-10-29,3.0,CHI,Zonotrichia,albicollis,Passerellidae,10133,Yes,Forest,Lower
2009-10-29,3.0,CHI,Zonotrichia,albicollis,Passerellidae,10133,Yes,Forest,Lower
2009-10-29,3.0,CHI,Zonotrichia,albicollis,Passerellidae,10133,Yes,Forest,Lower
2009-10-29,3.0,CHI,Zonotrichia,leucophrys,Passerellidae,1090,Yes,Edge,Lower
2009-10-29,3.0,CHI,Catharus,guttatus,Turdidae,3729,Yes,Forest,Lower
2009-10-29,3.0,CHI,Catharus,guttatus,Turdidae,3729,Yes,Forest,Lower
2009-10-29,3.0,CHI,Catharus,guttatus,Turdidae,3729,Yes,Forest,Lower
2009-10-29,3.0,CHI,Catharus,guttatus,Turdidae,3729,Yes,Forest,Lower
2009-10-29,3.0,CHI,Catharus,guttatus,Turdidae,3729,Yes,Forest,Lower
2009-10-29,3.0,CHI,Catharus,guttatus,Turdidae,3729,Yes,Forest,Lower
2009-10-29,3.0,CHI,Zonotrichia,albicollis,Passerellidae,10133,Yes,Forest,Lower
2009-10-29,3.0,CHI,Catharus,guttatus,Turdidae,3729,Yes,Forest,Lower
2009-10-29,3.0,CHI,Catharus,guttatus,Turdidae,3729,Yes,Forest,Lower
2009-10-29,3.0,CHI,Catharus,guttatus,Turdidae,3729,Yes,Forest,Lower
2009-10-29,3.0,CHI,Catharus,guttatus,Turdidae,3729,Yes,Forest,Lower
2009-10-29,3.0,CHI,Catharus,guttatus,Turdidae,3729,Yes,Forest,Lower
2009-10-29,3.0,CHI,Catharus,guttatus,Turdidae,3729,Yes,Forest,Lower
2009-10-29,3.0,CHI,Regulus,satrapa,Regulidae,1029,Yes,Forest,Upper
2009-10-29,3.0,CHI,Zonotrichia,leucophrys,Passerellidae,1090,Yes,Edge,Lower
2009-10-29,3.0,CHI,Regulus,satrapa,Regulidae,1029,Yes,Forest,Upper
2009-10-29,3.0,CHI,Regulus,satrapa,Regulidae,1029,Yes,Forest,Upper
2009-10-29,3.0,CHI,Regulus,satrapa,Regulidae,1029,Yes,Forest,Upper
2009-10-29,3.0,CHI,Zonotrichia,albicollis,Passerellidae,10133,Yes,Forest,Lower
2009-10-29,3.0,CHI,Zonotrichia,albicollis,Passerellidae,10133,Yes,Forest,Lower
2009-10-29,3.0,CHI,Zonotrichia,albicollis,Passerellidae,10133,Yes,Forest,Lower
2009-10-29,3.0,CHI,Zonotrichia,albicollis,Passerellidae,10133,Yes,Forest,Lower
2009-10-29,3.0,CHI,Zonotrichia,albicollis,Passerellidae,10133,Yes,Forest,Lower
2009-10-29,3.0,CHI,Zonotrichia,albicollis,Passerellidae,10133,Yes,Forest,Lower
2009-10-29,3.0,CHI,Zonotrichia,albicollis,Passerellidae,10133,Yes,Forest,Lower
2009-10-29,3.0,CHI,Zonotrichia,albicollis,Passerellidae,10133,Yes,Forest,Lower
2009-10-29,3.0,MP,Zonotrichia,leucophrys,Passerellidae,1090,Yes,Edge,Lower
2009-10-29,3.0,CHI,Zonotrichia,leucophrys,Passerellidae,1090,Yes,Edge,Lower
2009-10-29,3.0,MP,Zonotrichia,leucophrys,Passerellidae,1090,Yes,Edge,Lower
2009-10-29,3.0,CHI,Zonotrichia,leucophrys,Passerellidae,1090,Yes,Edge,Lower
2009-10-29,3.0,CHI,Zonotrichia,albicollis,Passerellidae,10133,Yes,Forest,Lower
2009-10-29,3.0,CHI,Zonotrichia,albicollis,Passerellidae,10133,Yes,Forest,Lower
2009-10-29,3.0,CHI,Spizella,pusilla,Passerellidae,325,Yes,Open,Lower
2009-10-29,3.0,CHI,Zonotrichia,albicollis,Passerellidae,10133,Yes,Forest,Lower
2009-10-29,3.0,CHI,Junco,hyemalis,Passerellidae,6303,Yes,Edge,Lower
2009-10-29,3.0,CHI,Junco,hyemalis,Passerellidae,6303,Yes,Edge,Lower
2009-10-29,3.0,CHI,Junco,hyemalis,Passerellidae,6303,Yes,Edge,Lower
2009-10-29,3.0,MP,Junco,hyemalis,Passerellidae,6303,Yes,Edge,Lower
2009-10-29,3.0,CHI,vireo,solitarius,Vireonidae,18,No,Forest,Upper
2009-10-29,3.0,CHI,Zonotrichia,albicollis,Passerellidae,10133,Yes,Forest,Lower
2009-10-29,3.0,CHI,Junco,hyemalis,Passerellidae,6303,Yes,Edge,Lower
2009-10-29,3.0,CHI,Zonotrichia,albicollis,Passerellidae,10133,Yes,Forest,Lower
2009-10-29,3.0,CHI,Zonotrichia,albicollis,Passerellidae,10133,Yes,Forest,Lower
2009-10-29,3.0,CHI,Zonotrichia,albicollis,Passerellidae,10133,Yes,Forest,Lower
2009-10-29,3.0,CHI,Zonotrichia,albicollis,Passerellidae,10133,Yes,Forest,Lower
2009-10-29,3.0,CHI,Zonotrichia,albicollis,Passerellidae,10133,Yes,Forest,Lower
2009-10-29,3.0,CHI,Zonotrichia,albicollis,Passerellidae,10133,Yes,Forest,Lower
2009-10-29,3.0,CHI,Zonotrichia,albicollis,Passerellidae,10133,Yes,Forest,Lower
2009-10-29,3.0,CHI,Zonotrichia,albicollis,Passerellidae,10133,Yes,Forest,Lower
2009-10-29,3.0,CHI,Zonotrichia,albicollis,Passerellidae,10133,Yes,Forest,Lower
2009-10-29,3.0,CHI,Zonotrichia,albicollis,Passerellidae,10133,Yes,Forest,Lower
2009-10-29,3.0,CHI,Zonotrichia,albicollis,Passerellidae,10133,Yes,Forest,Lower
2009-10-29,3.0,CHI,Zonotrichia,albicollis,Passerellidae,10133,Yes,Forest,Lower
2009-10-29,3.0,CHI,Zonotrichia,albicollis,Passerellidae,10133,Yes,Forest,Lower
2009-10-31,3.0,CHI,Passerella,iliaca,Passerellidae,2443,Yes,Edge,Lower
2009-10-31,3.0,CHI,Zonotrichia,albicollis,Passerellidae,10133,Yes,Forest,Lower
2009-10-31,3.0,CHI,Zonotrichia,albicollis,Passerellidae,10133,Yes,Forest,Lower
2009-10-31,3.0,CHI,Zonotrichia,albicollis,Passerellidae,10133,Yes,Forest,Lower
2009-10-31,3.0,CHI,Setophaga,coronata,Parulidae,887,yes,forest,Upper
2009-10-31,3.0,CHI,Zonotrichia,albicollis,Passerellidae,10133,Yes,Forest,Lower
2009-10-31,3.0,MP,Zonotrichia,albicollis,Passerellidae,10133,Yes,Forest,Lower
2009-10-31,3.0,CHI,Zonotrichia,albicollis,Passerellidae,10133,Yes,Forest,Lower
2009-10-31,3.0,CHI,Passerella,iliaca,Passerellidae,2443,Yes,Edge,Lower
2009-10-31,3.0,CHI,Zonotrichia,albicollis,Passerellidae,10133,Yes,Forest,Lower
2009-10-31,3.0,CHI,Zonotrichia,albicollis,Passerellidae,10133,Yes,Forest,Lower
2009-10-31,3.0,CHI,Zonotrichia,albicollis,Passerellidae,10133,Yes,Forest,Lower
2009-10-31,3.0,CHI,Zonotrichia,albicollis,Passerellidae,10133,Yes,Forest,Lower
2009-10-31,3.0,CHI,Oreothlypis,ruficapilla,Parulidae,1690,Yes,Forest,Upper
2009-10-31,3.0,CHI,Passerculus,sandwichensis,Passerellidae,274,yes,open,Lower	
2009-10-31,3.0,MP,Zonotrichia,albicollis,Passerellidae,10133,Yes,Forest,Lower
2009-10-31,3.0,MP,Zonotrichia,albicollis,Passerellidae,10133,Yes,Forest,Lower
2009-10-31,3.0,CHI,Setophaga,palmarum,Parulidae,694,Yes,Edge,Lower
2009-10-31,3.0,CHI,Junco,hyemalis,Passerellidae,6303,Yes,Edge,Lower
2009-11-01,3.0,CHI,Passerella,iliaca,Passerellidae,2443,Yes,Edge,Lower
2009-11-01,3.0,CHI,Passerella,iliaca,Passerellidae,2443,Yes,Edge,Lower
2009-11-01,3.0,CHI,Junco,hyemalis,Passerellidae,6303,Yes,Edge,Lower
2009-11-01,3.0,CHI,Passerella,iliaca,Passerellidae,2443,Yes,Edge,Lower
2009-11-01,3.0,CHI,Passerella,iliaca,Passerellidae,2443,Yes,Edge,Lower
2009-11-01,3.0,CHI,Passerella,iliaca,Passerellidae,2443,Yes,Edge,Lower
2009-11-01,3.0,CHI,Junco,hyemalis,Passerellidae,6303,Yes,Edge,Lower
2009-11-01,3.0,CHI,Junco,hyemalis,Passerellidae,6303,Yes,Edge,Lower
2009-11-01,3.0,CHI,Junco,hyemalis,Passerellidae,6303,Yes,Edge,Lower
2009-11-01,3.0,CHI,Junco,hyemalis,Passerellidae,6303,Yes,Edge,Lower
2009-11-01,3.0,CHI,Passerella,iliaca,Passerellidae,2443,Yes,Edge,Lower
2009-11-01,3.0,CHI,Passerella,iliaca,Passerellidae,2443,Yes,Edge,Lower
2009-11-01,3.0,CHI,Junco,hyemalis,Passerellidae,6303,Yes,Edge,Lower
2009-11-01,3.0,CHI,Junco,hyemalis,Passerellidae,6303,Yes,Edge,Lower
2009-11-01,3.0,CHI,Junco,hyemalis,Passerellidae,6303,Yes,Edge,Lower
2009-11-01,3.0,CHI,Junco,hyemalis,Passerellidae,6303,Yes,Edge,Lower
2009-11-01,3.0,CHI,Junco,hyemalis,Passerellidae,6303,Yes,Edge,Lower
2009-11-01,3.0,CHI,Junco,hyemalis,Passerellidae,6303,Yes,Edge,Lower
2009-11-01,3.0,CHI,Junco,hyemalis,Passerellidae,6303,Yes,Edge,Lower
2009-11-01,3.0,CHI,Passerella,iliaca,Passerellidae,2443,Yes,Edge,Lower
2009-11-01,3.0,CHI,Passerella,iliaca,Passerellidae,2443,Yes,Edge,Lower
2009-11-01,3.0,CHI,Passerella,iliaca,Passerellidae,2443,Yes,Edge,Lower
2009-11-01,3.0,CHI,Regulus,satrapa,Regulidae,1029,Yes,Forest,Upper
2009-11-01,3.0,CHI,Regulus,satrapa,Regulidae,1029,Yes,Forest,Upper
2009-11-01,3.0,CHI,Regulus,satrapa,Regulidae,1029,Yes,Forest,Upper
2009-11-01,3.0,CHI,Regulus,satrapa,Regulidae,1029,Yes,Forest,Upper
2009-11-01,3.0,CHI,Passerella,iliaca,Passerellidae,2443,Yes,Edge,Lower
2009-11-01,3.0,CHI,Passerella,iliaca,Passerellidae,2443,Yes,Edge,Lower
2009-11-01,3.0,CHI,Passerella,iliaca,Passerellidae,2443,Yes,Edge,Lower
2009-11-01,3.0,CHI,Passerella,iliaca,Passerellidae,2443,Yes,Edge,Lower
2009-11-01,3.0,CHI,Passerella,iliaca,Passerellidae,2443,Yes,Edge,Lower
2009-11-01,3.0,CHI,Passerella,iliaca,Passerellidae,2443,Yes,Edge,Lower
2009-11-01,3.0,CHI,Passerella,iliaca,Passerellidae,2443,Yes,Edge,Lower
2009-11-01,3.0,CHI,Passerella,iliaca,Passerellidae,2443,Yes,Edge,Lower
2009-11-01,3.0,CHI,Passerella,iliaca,Passerellidae,2443,Yes,Edge,Lower
2009-11-01,3.0,CHI,Passerella,iliaca,Passerellidae,2443,Yes,Edge,Lower
2009-11-01,3.0,CHI,Passerella,iliaca,Passerellidae,2443,Yes,Edge,Lower
2009-11-01,3.0,CHI,Regulus,satrapa,Regulidae,1029,Yes,Forest,Upper
2009-11-01,3.0,CHI,Passerella,iliaca,Passerellidae,2443,Yes,Edge,Lower
2009-11-01,3.0,CHI,Regulus,calendula,Regulidae,416,No,Forest,Upper
2009-11-01,3.0,CHI,Spizelloides,arborea,Passerellidae,1262,Yes,Edge,Lower
2009-11-01,3.0,CHI,Passerella,iliaca,Passerellidae,2443,Yes,Edge,Lower
2009-11-01,3.0,CHI,Passerella,iliaca,Passerellidae,2443,Yes,Edge,Lower
2009-11-01,3.0,CHI,Passerella,iliaca,Passerellidae,2443,Yes,Edge,Lower
2009-11-01,3.0,CHI,Passerella,iliaca,Passerellidae,2443,Yes,Edge,Lower
2009-11-01,3.0,CHI,Passerella,iliaca,Passerellidae,2443,Yes,Edge,Lower
2009-11-01,3.0,CHI,Passerella,iliaca,Passerellidae,2443,Yes,Edge,Lower
2009-11-01,3.0,CHI,Passerella,iliaca,Passerellidae,2443,Yes,Edge,Lower
2009-11-01,3.0,CHI,Passerella,iliaca,Passerellidae,2443,Yes,Edge,Lower
2009-11-01,3.0,CHI,Passerella,iliaca,Passerellidae,2443,Yes,Edge,Lower
2009-11-01,3.0,CHI,Passerella,iliaca,Passerellidae,2443,Yes,Edge,Lower
2009-11-01,3.0,CHI,Passerella,iliaca,Passerellidae,2443,Yes,Edge,Lower
2009-11-01,3.0,CHI,Passerella,iliaca,Passerellidae,2443,Yes,Edge,Lower
2009-11-01,3.0,CHI,Spizelloides,arborea,Passerellidae,1262,Yes,Edge,Lower
2009-11-01,3.0,CHI,Passerella,iliaca,Passerellidae,2443,Yes,Edge,Lower
2009-11-01,3.0,CHI,Regulus,satrapa,Regulidae,1029,Yes,Forest,Upper
2009-11-01,3.0,CHI,Spizelloides,arborea,Passerellidae,1262,Yes,Edge,Lower
2009-11-01,3.0,CHI,Passerella,iliaca,Passerellidae,2443,Yes,Edge,Lower
2009-11-01,3.0,CHI,Passerella,iliaca,Passerellidae,2443,Yes,Edge,Lower
2009-11-01,3.0,CHI,Zonotrichia,albicollis,Passerellidae,10133,Yes,Forest,Lower
2009-11-01,3.0,CHI,Junco,hyemalis,Passerellidae,6303,Yes,Edge,Lower
2009-11-01,3.0,CHI,Catharus,guttatus,Turdidae,3729,Yes,Forest,Lower
2009-11-01,3.0,CHI,Junco,hyemalis,Passerellidae,6303,Yes,Edge,Lower
2009-11-01,3.0,CHI,Junco,hyemalis,Passerellidae,6303,Yes,Edge,Lower
2009-11-01,3.0,CHI,Zonotrichia,albicollis,Passerellidae,10133,Yes,Forest,Lower
2009-11-01,3.0,CHI,Junco,hyemalis,Passerellidae,6303,Yes,Edge,Lower
2009-11-01,3.0,CHI,Melospiza,melodia,Passerellidae,5124,Yes,Edge,Lower
2009-11-01,3.0,CHI,Zonotrichia,albicollis,Passerellidae,10133,Yes,Forest,Lower
2009-11-01,3.0,CHI,Melospiza,melodia,Passerellidae,5124,Yes,Edge,Lower
2009-11-01,3.0,CHI,Catharus,guttatus,Turdidae,3729,Yes,Forest,Lower
2009-11-01,3.0,CHI,Catharus,guttatus,Turdidae,3729,Yes,Forest,Lower
2009-11-01,3.0,CHI,Zonotrichia,albicollis,Passerellidae,10133,Yes,Forest,Lower
2009-11-01,3.0,CHI,Catharus,guttatus,Turdidae,3729,Yes,Forest,Lower
2009-11-01,3.0,CHI,Catharus,guttatus,Turdidae,3729,Yes,Forest,Lower
2009-11-01,3.0,CHI,Melospiza,melodia,Passerellidae,5124,Yes,Edge,Lower
2009-11-01,3.0,CHI,Catharus,guttatus,Turdidae,3729,Yes,Forest,Lower
2009-11-01,3.0,CHI,Zonotrichia,albicollis,Passerellidae,10133,Yes,Forest,Lower
2009-11-01,3.0,CHI,Passerella,iliaca,Passerellidae,2443,Yes,Edge,Lower
2009-11-01,3.0,CHI,Zonotrichia,albicollis,Passerellidae,10133,Yes,Forest,Lower
2009-11-01,3.0,CHI,Zonotrichia,albicollis,Passerellidae,10133,Yes,Forest,Lower
2009-11-01,3.0,CHI,Zonotrichia,albicollis,Passerellidae,10133,Yes,Forest,Lower
2009-11-01,3.0,CHI,Zonotrichia,albicollis,Passerellidae,10133,Yes,Forest,Lower
2009-11-01,3.0,MP,Zonotrichia,albicollis,Passerellidae,10133,Yes,Forest,Lower
2009-11-01,3.0,CHI,Zonotrichia,albicollis,Passerellidae,10133,Yes,Forest,Lower
2009-11-01,3.0,CHI,Zonotrichia,albicollis,Passerellidae,10133,Yes,Forest,Lower
2009-11-01,3.0,CHI,Junco,hyemalis,Passerellidae,6303,Yes,Edge,Lower
2009-11-01,3.0,CHI,Junco,hyemalis,Passerellidae,6303,Yes,Edge,Lower
2009-11-01,3.0,CHI,Junco,hyemalis,Passerellidae,6303,Yes,Edge,Lower
2009-11-01,3.0,CHI,Junco,hyemalis,Passerellidae,6303,Yes,Edge,Lower
2009-11-01,3.0,CHI,Junco,hyemalis,Passerellidae,6303,Yes,Edge,Lower
2009-11-01,3.0,CHI,Junco,hyemalis,Passerellidae,6303,Yes,Edge,Lower
2009-11-01,3.0,CHI,troglodytes,hiemalis,Troglodytidae,474,No,Forest,Lower
2009-11-01,3.0,CHI,troglodytes,hiemalis,Troglodytidae,474,No,Forest,Lower
2009-11-01,3.0,CHI,Junco,hyemalis,Passerellidae,6303,Yes,Edge,Lower
2009-11-01,3.0,CHI,Catharus,guttatus,Turdidae,3729,Yes,Forest,Lower
2009-11-01,3.0,CHI,Catharus,guttatus,Turdidae,3729,Yes,Forest,Lower
2009-11-01,3.0,CHI,Zonotrichia,albicollis,Passerellidae,10133,Yes,Forest,Lower
2009-11-01,3.0,CHI,Catharus,guttatus,Turdidae,3729,Yes,Forest,Lower
2009-11-01,3.0,CHI,Zonotrichia,albicollis,Passerellidae,10133,Yes,Forest,Lower
2009-11-01,3.0,CHI,Zonotrichia,albicollis,Passerellidae,10133,Yes,Forest,Lower
2009-11-01,3.0,CHI,Junco,hyemalis,Passerellidae,6303,Yes,Edge,Lower
2009-11-01,3.0,CHI,Junco,hyemalis,Passerellidae,6303,Yes,Edge,Lower
2009-11-01,3.0,CHI,Zonotrichia,albicollis,Passerellidae,10133,Yes,Forest,Lower
2009-11-01,3.0,CHI,Junco,hyemalis,Passerellidae,6303,Yes,Edge,Lower
2009-11-01,3.0,CHI,Junco,hyemalis,Passerellidae,6303,Yes,Edge,Lower
2009-11-01,3.0,CHI,Zonotrichia,albicollis,Passerellidae,10133,Yes,Forest,Lower
2009-11-01,3.0,CHI,Catharus,guttatus,Turdidae,3729,Yes,Forest,Lower
2009-11-01,3.0,CHI,Junco,hyemalis,Passerellidae,6303,Yes,Edge,Lower
2009-11-01,3.0,CHI,Junco,hyemalis,Passerellidae,6303,Yes,Edge,Lower
2009-11-01,3.0,CHI,Catharus,guttatus,Turdidae,3729,Yes,Forest,Lower
2009-11-01,3.0,CHI,Zonotrichia,albicollis,Passerellidae,10133,Yes,Forest,Lower
2009-11-01,3.0,CHI,Catharus,guttatus,Turdidae,3729,Yes,Forest,Lower
2009-11-01,3.0,CHI,Catharus,guttatus,Turdidae,3729,Yes,Forest,Lower
2009-11-01,3.0,CHI,Setophaga,palmarum,Parulidae,694,Yes,Edge,Lower
2009-11-01,3.0,CHI,Junco,hyemalis,Passerellidae,6303,Yes,Edge,Lower
2009-11-01,3.0,CHI,Junco,hyemalis,Passerellidae,6303,Yes,Edge,Lower
2009-11-01,3.0,CHI,Junco,hyemalis,Passerellidae,6303,Yes,Edge,Lower
2009-11-01,3.0,CHI,Zonotrichia,albicollis,Passerellidae,10133,Yes,Forest,Lower
2009-11-01,3.0,CHI,Setophaga,coronata,Parulidae,887,yes,forest,Upper
2009-11-01,3.0,CHI,Catharus,guttatus,Turdidae,3729,Yes,Forest,Lower
2009-11-01,3.0,CHI,Junco,hyemalis,Passerellidae,6303,Yes,Edge,Lower
2009-11-01,3.0,MP,Melospiza,melodia,Passerellidae,5124,Yes,Edge,Lower
2009-11-01,3.0,CHI,Zonotrichia,albicollis,Passerellidae,10133,Yes,Forest,Lower
2009-11-01,3.0,CHI,Zonotrichia,albicollis,Passerellidae,10133,Yes,Forest,Lower
2009-11-01,3.0,CHI,Zonotrichia,albicollis,Passerellidae,10133,Yes,Forest,Lower
2009-11-01,3.0,CHI,Catharus,guttatus,Turdidae,3729,Yes,Forest,Lower
2009-11-01,3.0,CHI,Catharus,guttatus,Turdidae,3729,Yes,Forest,Lower
2009-11-02,3.0,CHI,Zonotrichia,albicollis,Passerellidae,10133,Yes,Forest,Lower
2009-11-02,3.0,CHI,Junco,hyemalis,Passerellidae,6303,Yes,Edge,Lower
2009-11-02,3.0,CHI,Junco,hyemalis,Passerellidae,6303,Yes,Edge,Lower
2009-11-02,3.0,CHI,Zonotrichia,albicollis,Passerellidae,10133,Yes,Forest,Lower
2009-11-02,3.0,CHI,Junco,hyemalis,Passerellidae,6303,Yes,Edge,Lower
2009-11-02,3.0,CHI,Oreothlypis,ruficapilla,Parulidae,1690,Yes,Forest,Upper
2009-11-02,3.0,CHI,Passerella,iliaca,Passerellidae,2443,Yes,Edge,Lower
2009-11-02,3.0,CHI,Passerella,iliaca,Passerellidae,2443,Yes,Edge,Lower
2009-11-02,3.0,CHI,Zonotrichia,albicollis,Passerellidae,10133,Yes,Forest,Lower
2009-11-02,3.0,CHI,Passerella,iliaca,Passerellidae,2443,Yes,Edge,Lower
2009-11-02,3.0,MP,Passerella,iliaca,Passerellidae,2443,Yes,Edge,Lower
2009-11-02,3.0,CHI,Zonotrichia,albicollis,Passerellidae,10133,Yes,Forest,Lower
2009-11-02,3.0,CHI,Seiurus,aurocapilla,Parulidae,4580,Yes,Forest,Lower
2009-11-02,3.0,CHI,Setophaga,coronata,Parulidae,887,yes,forest,Upper
2009-11-02,3.0,CHI,Regulus,satrapa,Regulidae,1029,Yes,Forest,Upper
2009-11-02,3.0,CHI,Regulus,satrapa,Regulidae,1029,Yes,Forest,Upper
2009-11-02,3.0,CHI,Melospiza,melodia,Passerellidae,5124,Yes,Edge,Lower
2009-11-02,3.0,CHI,Zonotrichia,albicollis,Passerellidae,10133,Yes,Forest,Lower
2009-11-02,3.0,CHI,Melospiza,melodia,Passerellidae,5124,Yes,Edge,Lower
2009-11-03,10.0,CHI,Passerella,iliaca,Passerellidae,2443,Yes,Edge,Lower
2009-11-03,10.0,CHI,Passerella,iliaca,Passerellidae,2443,Yes,Edge,Lower
2009-11-03,10.0,CHI,Spizelloides,arborea,Passerellidae,1262,Yes,Edge,Lower
2009-11-03,10.0,CHI,Spizelloides,arborea,Passerellidae,1262,Yes,Edge,Lower
2009-11-03,10.0,CHI,Catharus,guttatus,Turdidae,3729,Yes,Forest,Lower
2009-11-03,10.0,CHI,Passerculus,sandwichensis,Passerellidae,274,yes,open,Lower	
2009-11-03,10.0,CHI,Spizelloides,arborea,Passerellidae,1262,Yes,Edge,Lower
2009-11-03,10.0,CHI,Catharus,guttatus,Turdidae,3729,Yes,Forest,Lower
2009-11-03,10.0,CHI,Junco,hyemalis,Passerellidae,6303,Yes,Edge,Lower
2009-11-03,10.0,CHI,Regulus,satrapa,Regulidae,1029,Yes,Forest,Upper
2009-11-03,10.0,CHI,Junco,hyemalis,Passerellidae,6303,Yes,Edge,Lower
2009-11-03,10.0,CHI,Junco,hyemalis,Passerellidae,6303,Yes,Edge,Lower
2009-11-03,10.0,CHI,Junco,hyemalis,Passerellidae,6303,Yes,Edge,Lower
2009-11-03,10.0,CHI,Junco,hyemalis,Passerellidae,6303,Yes,Edge,Lower
2009-11-03,10.0,CHI,Junco,hyemalis,Passerellidae,6303,Yes,Edge,Lower
2009-11-03,10.0,MP,Junco,hyemalis,Passerellidae,6303,Yes,Edge,Lower
2009-11-03,10.0,MP,Junco,hyemalis,Passerellidae,6303,Yes,Edge,Lower
2009-11-03,10.0,MP,Junco,hyemalis,Passerellidae,6303,Yes,Edge,Lower
2009-11-03,10.0,MP,Junco,hyemalis,Passerellidae,6303,Yes,Edge,Lower
2009-11-03,10.0,MP,Junco,hyemalis,Passerellidae,6303,Yes,Edge,Lower
2009-11-03,10.0,MP,Junco,hyemalis,Passerellidae,6303,Yes,Edge,Lower
2009-11-03,10.0,MP,Junco,hyemalis,Passerellidae,6303,Yes,Edge,Lower
2009-11-03,10.0,MP,Junco,hyemalis,Passerellidae,6303,Yes,Edge,Lower
2009-11-03,10.0,MP,Junco,hyemalis,Passerellidae,6303,Yes,Edge,Lower
2009-11-03,10.0,CHI,Junco,hyemalis,Passerellidae,6303,Yes,Edge,Lower
2009-11-03,10.0,CHI,Melospiza,melodia,Passerellidae,5124,Yes,Edge,Lower
2009-11-03,10.0,CHI,Melospiza,melodia,Passerellidae,5124,Yes,Edge,Lower
2009-11-03,10.0,CHI,Junco,hyemalis,Passerellidae,6303,Yes,Edge,Lower
2009-11-03,10.0,CHI,Spizelloides,arborea,Passerellidae,1262,Yes,Edge,Lower
2009-11-03,10.0,CHI,Junco,hyemalis,Passerellidae,6303,Yes,Edge,Lower
2009-11-03,10.0,CHI,Junco,hyemalis,Passerellidae,6303,Yes,Edge,Lower
2009-11-03,10.0,CHI,Passerella,iliaca,Passerellidae,2443,Yes,Edge,Lower
2009-11-03,10.0,CHI,Sayornis,phoebe,Tyrannidae,24,No,Edge,Upper
2009-11-03,10.0,CHI,Zonotrichia,albicollis,Passerellidae,10133,Yes,Forest,Lower
2009-11-03,10.0,CHI,Sitta,canadensis,Sittidae,260,Yes,Forest,Upper
2009-11-03,10.0,CHI,Junco,hyemalis,Passerellidae,6303,Yes,Edge,Lower
2009-11-03,10.0,CHI,Junco,hyemalis,Passerellidae,6303,Yes,Edge,Lower
2009-11-03,10.0,CHI,Junco,hyemalis,Passerellidae,6303,Yes,Edge,Lower
2009-11-03,10.0,CHI,Junco,hyemalis,Passerellidae,6303,Yes,Edge,Lower
2009-11-03,10.0,MP,Zonotrichia,albicollis,Passerellidae,10133,Yes,Forest,Lower
2009-11-03,10.0,CHI,Zonotrichia,albicollis,Passerellidae,10133,Yes,Forest,Lower
2009-11-03,10.0,CHI,Zonotrichia,albicollis,Passerellidae,10133,Yes,Forest,Lower
2009-11-03,10.0,CHI,Zonotrichia,albicollis,Passerellidae,10133,Yes,Forest,Lower
2009-11-03,10.0,CHI,Junco,hyemalis,Passerellidae,6303,Yes,Edge,Lower
2009-11-03,10.0,CHI,Zonotrichia,albicollis,Passerellidae,10133,Yes,Forest,Lower
2009-11-03,10.0,CHI,Junco,hyemalis,Passerellidae,6303,Yes,Edge,Lower
2009-11-03,10.0,CHI,Junco,hyemalis,Passerellidae,6303,Yes,Edge,Lower
2009-11-03,10.0,CHI,Junco,hyemalis,Passerellidae,6303,Yes,Edge,Lower
2009-11-03,10.0,CHI,Junco,hyemalis,Passerellidae,6303,Yes,Edge,Lower
2009-11-03,10.0,CHI,Zonotrichia,albicollis,Passerellidae,10133,Yes,Forest,Lower
2009-11-03,10.0,CHI,Zonotrichia,albicollis,Passerellidae,10133,Yes,Forest,Lower
2009-11-03,10.0,CHI,Troglodytes,aedon,Troglodytidae,104,No,Edge,Lower
2009-11-04,3.0,MP,Catharus,guttatus,Turdidae,3729,Yes,Forest,Lower
2009-11-04,3.0,CHI,Junco,hyemalis,Passerellidae,6303,Yes,Edge,Lower
2009-11-04,3.0,MP,Junco,hyemalis,Passerellidae,6303,Yes,Edge,Lower
2009-11-04,3.0,CHI,Passerella,iliaca,Passerellidae,2443,Yes,Edge,Lower
2009-11-04,3.0,MP,Junco,hyemalis,Passerellidae,6303,Yes,Edge,Lower
2009-11-04,3.0,CHI,Junco,hyemalis,Passerellidae,6303,Yes,Edge,Lower
2009-11-04,3.0,CHI,Junco,hyemalis,Passerellidae,6303,Yes,Edge,Lower
2009-11-04,3.0,CHI,Zonotrichia,albicollis,Passerellidae,10133,Yes,Forest,Lower
2009-11-05,17.0,CHI,Passerella,iliaca,Passerellidae,2443,Yes,Edge,Lower
2009-11-05,17.0,CHI,Regulus,satrapa,Regulidae,1029,Yes,Forest,Upper
2009-11-05,17.0,MP,Passerella,iliaca,Passerellidae,2443,Yes,Edge,Lower
2009-11-05,17.0,CHI,Junco,hyemalis,Passerellidae,6303,Yes,Edge,Lower
2009-11-05,17.0,CHI,Zonotrichia,albicollis,Passerellidae,10133,Yes,Forest,Lower
2009-11-05,17.0,MP,Junco,hyemalis,Passerellidae,6303,Yes,Edge,Lower
2009-11-05,17.0,CHI,Junco,hyemalis,Passerellidae,6303,Yes,Edge,Lower
2009-11-05,17.0,CHI,Regulus,satrapa,Regulidae,1029,Yes,Forest,Upper
2009-11-05,17.0,CHI,Zonotrichia,albicollis,Passerellidae,10133,Yes,Forest,Lower
2009-11-05,17.0,CHI,Junco,hyemalis,Passerellidae,6303,Yes,Edge,Lower
2009-11-05,17.0,CHI,Catharus,guttatus,Turdidae,3729,Yes,Forest,Lower
2009-11-05,17.0,MP,Regulus,calendula,Regulidae,416,No,Forest,Upper
2009-11-06,16.0,MP,Spizelloides,arborea,Passerellidae,1262,Yes,Edge,Lower
2009-11-06,16.0,MP,Passerella,iliaca,Passerellidae,2443,Yes,Edge,Lower
2009-11-06,16.0,MP,Junco,hyemalis,Passerellidae,6303,Yes,Edge,Lower
2009-11-06,16.0,MP,Spizelloides,arborea,Passerellidae,1262,Yes,Edge,Lower
2009-11-06,16.0,MP,Melospiza,melodia,Passerellidae,5124,Yes,Edge,Lower
2009-11-07,17.0,CHI,Passerella,iliaca,Passerellidae,2443,Yes,Edge,Lower
2009-11-07,17.0,CHI,Zonotrichia,albicollis,Passerellidae,10133,Yes,Forest,Lower
2009-11-07,17.0,CHI,Oreothlypis,celata,Parulidae,227,Yes,Edge,Lower
2009-11-07,17.0,MP,Junco,hyemalis,Passerellidae,6303,Yes,Edge,Lower
2009-11-08,17.0,CHI,Zonotrichia,albicollis,Passerellidae,10133,Yes,Forest,Lower
2009-11-08,17.0,CHI,Zonotrichia,albicollis,Passerellidae,10133,Yes,Forest,Lower
2009-11-08,17.0,CHI,Zonotrichia,albicollis,Passerellidae,10133,Yes,Forest,Lower
2009-11-08,17.0,CHI,Catharus,guttatus,Turdidae,3729,Yes,Forest,Lower
2009-11-08,17.0,CHI,Zonotrichia,albicollis,Passerellidae,10133,Yes,Forest,Lower
2009-11-08,17.0,CHI,Junco,hyemalis,Passerellidae,6303,Yes,Edge,Lower
2009-11-08,17.0,CHI,Catharus,guttatus,Turdidae,3729,Yes,Forest,Lower
2009-11-08,17.0,CHI,Catharus,guttatus,Turdidae,3729,Yes,Forest,Lower
2009-11-08,17.0,MP,Spizelloides,arborea,Passerellidae,1262,Yes,Edge,Lower
2009-11-08,17.0,CHI,Spizelloides,arborea,Passerellidae,1262,Yes,Edge,Lower
2009-11-08,17.0,CHI,Junco,hyemalis,Passerellidae,6303,Yes,Edge,Lower
2009-11-08,17.0,MP,Junco,hyemalis,Passerellidae,6303,Yes,Edge,Lower
2009-11-08,17.0,CHI,Junco,hyemalis,Passerellidae,6303,Yes,Edge,Lower
2009-11-08,17.0,CHI,Junco,hyemalis,Passerellidae,6303,Yes,Edge,Lower
2009-11-09,17.0,CHI,Junco,hyemalis,Passerellidae,6303,Yes,Edge,Lower
2009-11-09,17.0,MP,Melospiza,melodia,Passerellidae,5124,Yes,Edge,Lower
2009-11-09,17.0,MP,Melospiza,melodia,Passerellidae,5124,Yes,Edge,Lower
2009-11-09,17.0,MP,Junco,hyemalis,Passerellidae,6303,Yes,Edge,Lower
2009-11-09,17.0,CHI,troglodytes,hiemalis,Troglodytidae,474,No,Forest,Lower
2009-11-09,17.0,MP,Junco,hyemalis,Passerellidae,6303,Yes,Edge,Lower
2009-11-09,17.0,CHI,Zonotrichia,albicollis,Passerellidae,10133,Yes,Forest,Lower
2009-11-10,16.0,MP,Junco,hyemalis,Passerellidae,6303,Yes,Edge,Lower
2009-11-10,16.0,MP,Zonotrichia,albicollis,Passerellidae,10133,Yes,Forest,Lower
2009-11-10,16.0,CHI,Junco,hyemalis,Passerellidae,6303,Yes,Edge,Lower
2009-11-10,16.0,MP,Zonotrichia,albicollis,Passerellidae,10133,Yes,Forest,Lower
2009-11-10,16.0,CHI,Junco,hyemalis,Passerellidae,6303,Yes,Edge,Lower
2009-11-10,16.0,CHI,Catharus,guttatus,Turdidae,3729,Yes,Forest,Lower
2009-11-10,16.0,CHI,Junco,hyemalis,Passerellidae,6303,Yes,Edge,Lower
2009-11-11,16.0,CHI,Zonotrichia,albicollis,Passerellidae,10133,Yes,Forest,Lower
2009-11-11,16.0,CHI,Junco,hyemalis,Passerellidae,6303,Yes,Edge,Lower
2009-11-11,16.0,CHI,Junco,hyemalis,Passerellidae,6303,Yes,Edge,Lower
2009-11-11,16.0,CHI,Junco,hyemalis,Passerellidae,6303,Yes,Edge,Lower
2009-11-11,16.0,CHI,Oreothlypis,ruficapilla,Parulidae,1690,Yes,Forest,Upper
2009-11-11,16.0,MP,Junco,hyemalis,Passerellidae,6303,Yes,Edge,Lower
2009-11-11,16.0,CHI,Sitta,canadensis,Sittidae,260,Yes,Forest,Upper
2009-11-13,3.0,CHI,dumetella,carolinensis,Mimidae,599,no,edge,Lower
2009-11-13,3.0,CHI,Setophaga,magnolia,Parulidae,1224,yes,forest,Upper
2009-11-14,3.0,CHI,Spizelloides,arborea,Passerellidae,1262,Yes,Edge,Lower
2009-11-14,3.0,CHI,Spizelloides,arborea,Passerellidae,1262,Yes,Edge,Lower
2009-11-14,3.0,CHI,Zonotrichia,albicollis,Passerellidae,10133,Yes,Forest,Lower
2009-11-14,3.0,CHI,Zonotrichia,albicollis,Passerellidae,10133,Yes,Forest,Lower
2009-11-14,3.0,CHI,Zonotrichia,albicollis,Passerellidae,10133,Yes,Forest,Lower
2009-11-14,3.0,CHI,Zonotrichia,albicollis,Passerellidae,10133,Yes,Forest,Lower
2009-11-14,3.0,CHI,Spizelloides,arborea,Passerellidae,1262,Yes,Edge,Lower
2009-11-14,3.0,CHI,Regulus,calendula,Regulidae,416,No,Forest,Upper
2009-11-15,3.0,CHI,Junco,hyemalis,Passerellidae,6303,Yes,Edge,Lower
2009-11-15,3.0,CHI,Junco,hyemalis,Passerellidae,6303,Yes,Edge,Lower
2009-11-16,3.0,CHI,Zonotrichia,albicollis,Passerellidae,10133,Yes,Forest,Lower
2009-11-16,3.0,CHI,Zonotrichia,albicollis,Passerellidae,10133,Yes,Forest,Lower
2009-11-16,3.0,CHI,Passerella,iliaca,Passerellidae,2443,Yes,Edge,Lower
2009-11-17,5.0,CHI,Catharus,guttatus,Turdidae,3729,Yes,Forest,Lower
2009-11-18,4.0,CHI,Passerina,cyanea,Cardinalidae,725,yes,edge,Upper
2009-11-18,4.0,MP,Junco,hyemalis,Passerellidae,6303,Yes,Edge,Lower
2009-11-20,10.0,MP,Junco,hyemalis,Passerellidae,6303,Yes,Edge,Lower
2009-11-20,10.0,MP,Spizelloides,arborea,Passerellidae,1262,Yes,Edge,Lower
2009-11-20,10.0,MP,Junco,hyemalis,Passerellidae,6303,Yes,Edge,Lower
2009-11-20,10.0,MP,Spizelloides,arborea,Passerellidae,1262,Yes,Edge,Lower
2009-11-20,10.0,MP,Spizelloides,arborea,Passerellidae,1262,Yes,Edge,Lower
2009-11-20,10.0,CHI,Spizelloides,arborea,Passerellidae,1262,Yes,Edge,Lower
2009-11-20,10.0,MP,Spizelloides,arborea,Passerellidae,1262,Yes,Edge,Lower
2010-03-08,13.0,MP,Melospiza,melodia,Passerellidae,5124,Yes,Edge,Lower
2010-03-09,13.0,MP,Spizelloides,arborea,Passerellidae,1262,Yes,Edge,Lower
2010-03-10,15.0,MP,Melospiza,melodia,Passerellidae,5124,Yes,Edge,Lower
2010-03-10,15.0,MP,Melospiza,melodia,Passerellidae,5124,Yes,Edge,Lower
2010-03-10,15.0,MP,Melospiza,melodia,Passerellidae,5124,Yes,Edge,Lower
2010-03-10,15.0,MP,Melospiza,melodia,Passerellidae,5124,Yes,Edge,Lower
2010-03-11,15.0,MP,Melospiza,melodia,Passerellidae,5124,Yes,Edge,Lower
2010-03-11,15.0,MP,Melospiza,melodia,Passerellidae,5124,Yes,Edge,Lower
2010-03-11,15.0,MP,Melospiza,melodia,Passerellidae,5124,Yes,Edge,Lower
2010-03-11,15.0,MP,Melospiza,melodia,Passerellidae,5124,Yes,Edge,Lower
2010-03-11,15.0,MP,Melospiza,melodia,Passerellidae,5124,Yes,Edge,Lower
2010-03-11,15.0,MP,Melospiza,melodia,Passerellidae,5124,Yes,Edge,Lower
2010-03-11,15.0,MP,Junco,hyemalis,Passerellidae,6303,Yes,Edge,Lower
2010-03-11,15.0,MP,Melospiza,melodia,Passerellidae,5124,Yes,Edge,Lower
2010-03-11,15.0,MP,Melospiza,melodia,Passerellidae,5124,Yes,Edge,Lower
2010-03-11,15.0,MP,Melospiza,melodia,Passerellidae,5124,Yes,Edge,Lower
2010-03-11,15.0,MP,Melospiza,melodia,Passerellidae,5124,Yes,Edge,Lower
2010-03-11,15.0,MP,Melospiza,melodia,Passerellidae,5124,Yes,Edge,Lower
2010-03-11,15.0,MP,Passerella,iliaca,Passerellidae,2443,Yes,Edge,Lower
2010-03-11,15.0,MP,Junco,hyemalis,Passerellidae,6303,Yes,Edge,Lower
2010-03-12,14.0,MP,Melospiza,melodia,Passerellidae,5124,Yes,Edge,Lower
2010-03-12,14.0,MP,Melospiza,melodia,Passerellidae,5124,Yes,Edge,Lower
2010-03-12,14.0,MP,Melospiza,melodia,Passerellidae,5124,Yes,Edge,Lower
2010-03-12,14.0,MP,Melospiza,melodia,Passerellidae,5124,Yes,Edge,Lower
2010-03-12,14.0,MP,Melospiza,melodia,Passerellidae,5124,Yes,Edge,Lower
2010-03-12,14.0,MP,Melospiza,melodia,Passerellidae,5124,Yes,Edge,Lower
2010-03-12,14.0,MP,Melospiza,melodia,Passerellidae,5124,Yes,Edge,Lower
2010-03-12,14.0,MP,Melospiza,melodia,Passerellidae,5124,Yes,Edge,Lower
2010-03-12,14.0,MP,Melospiza,melodia,Passerellidae,5124,Yes,Edge,Lower
2010-03-12,14.0,MP,Melospiza,melodia,Passerellidae,5124,Yes,Edge,Lower
2010-03-12,14.0,MP,Melospiza,melodia,Passerellidae,5124,Yes,Edge,Lower
2010-03-12,14.0,MP,Melospiza,melodia,Passerellidae,5124,Yes,Edge,Lower
2010-03-12,14.0,MP,Melospiza,melodia,Passerellidae,5124,Yes,Edge,Lower
2010-03-12,14.0,MP,Spizella,pusilla,Passerellidae,325,Yes,Open,Lower
2010-03-12,14.0,MP,Melospiza,melodia,Passerellidae,5124,Yes,Edge,Lower
2010-03-12,14.0,MP,Melospiza,melodia,Passerellidae,5124,Yes,Edge,Lower
2010-03-13,14.0,MP,Melospiza,melodia,Passerellidae,5124,Yes,Edge,Lower
2010-03-16,14.0,MP,Melospiza,melodia,Passerellidae,5124,Yes,Edge,Lower
2010-03-18,14.0,MP,Melospiza,melodia,Passerellidae,5124,Yes,Edge,Lower
2010-03-18,14.0,MP,Junco,hyemalis,Passerellidae,6303,Yes,Edge,Lower
2010-03-18,14.0,MP,Spizelloides,arborea,Passerellidae,1262,Yes,Edge,Lower
2010-03-19,14.0,MP,Melospiza,melodia,Passerellidae,5124,Yes,Edge,Lower
2010-03-19,14.0,MP,Passerella,iliaca,Passerellidae,2443,Yes,Edge,Lower
2010-03-19,14.0,CHI,Junco,hyemalis,Passerellidae,6303,Yes,Edge,Lower
2010-03-19,14.0,MP,Junco,hyemalis,Passerellidae,6303,Yes,Edge,Lower
2010-03-19,14.0,CHI,Melospiza,melodia,Passerellidae,5124,Yes,Edge,Lower
2010-03-19,14.0,MP,Spizelloides,arborea,Passerellidae,1262,Yes,Edge,Lower
2010-03-19,14.0,MP,Spizelloides,arborea,Passerellidae,1262,Yes,Edge,Lower
2010-03-19,14.0,MP,Melospiza,melodia,Passerellidae,5124,Yes,Edge,Lower
2010-03-19,14.0,MP,Melospiza,melodia,Passerellidae,5124,Yes,Edge,Lower
2010-03-19,14.0,MP,Spizelloides,arborea,Passerellidae,1262,Yes,Edge,Lower
2010-03-23,11.0,CHI,Melospiza,melodia,Passerellidae,5124,Yes,Edge,Lower
2010-03-24,4.0,CHI,Junco,hyemalis,Passerellidae,6303,Yes,Edge,Lower
2010-03-24,4.0,CHI,Passerella,iliaca,Passerellidae,2443,Yes,Edge,Lower
2010-03-24,4.0,CHI,Melospiza,melodia,Passerellidae,5124,Yes,Edge,Lower
2010-03-29,4.0,CHI,Zonotrichia,albicollis,Passerellidae,10133,Yes,Forest,Lower
2010-03-29,4.0,CHI,Junco,hyemalis,Passerellidae,6303,Yes,Edge,Lower
2010-03-30,4.0,CHI,Regulus,satrapa,Regulidae,1029,Yes,Forest,Upper
2010-03-31,4.0,CHI,Regulus,satrapa,Regulidae,1029,Yes,Forest,Upper
2010-03-31,4.0,MP,Junco,hyemalis,Passerellidae,6303,Yes,Edge,Lower
2010-03-31,4.0,CHI,Junco,hyemalis,Passerellidae,6303,Yes,Edge,Lower
2010-03-31,4.0,CHI,Melospiza,melodia,Passerellidae,5124,Yes,Edge,Lower
2010-03-31,4.0,CHI,Regulus,satrapa,Regulidae,1029,Yes,Forest,Upper
2010-03-31,4.0,CHI,Regulus,satrapa,Regulidae,1029,Yes,Forest,Upper
2010-03-31,4.0,CHI,Melospiza,melodia,Passerellidae,5124,Yes,Edge,Lower
2010-03-31,4.0,CHI,Regulus,satrapa,Regulidae,1029,Yes,Forest,Upper
2010-03-31,4.0,MP,Passerella,iliaca,Passerellidae,2443,Yes,Edge,Lower
2010-03-31,4.0,CHI,Melospiza,melodia,Passerellidae,5124,Yes,Edge,Lower
2010-04-01,4.0,MP,Melospiza,melodia,Passerellidae,5124,Yes,Edge,Lower
2010-04-01,4.0,CHI,Junco,hyemalis,Passerellidae,6303,Yes,Edge,Lower
2010-04-01,4.0,CHI,Junco,hyemalis,Passerellidae,6303,Yes,Edge,Lower
2010-04-01,4.0,CHI,Junco,hyemalis,Passerellidae,6303,Yes,Edge,Lower
2010-04-01,4.0,CHI,Melospiza,melodia,Passerellidae,5124,Yes,Edge,Lower
2010-04-01,4.0,CHI,Passerella,iliaca,Passerellidae,2443,Yes,Edge,Lower
2010-04-01,4.0,CHI,Melospiza,melodia,Passerellidae,5124,Yes,Edge,Lower
2010-04-01,4.0,CHI,Passerella,iliaca,Passerellidae,2443,Yes,Edge,Lower
2010-04-01,4.0,CHI,Melospiza,melodia,Passerellidae,5124,Yes,Edge,Lower
2010-04-02,4.0,CHI,Toxostoma,rufum,Mimidae,166,No,Edge,Lower
2010-04-02,4.0,CHI,Junco,hyemalis,Passerellidae,6303,Yes,Edge,Lower
2010-04-02,4.0,CHI,Passerella,iliaca,Passerellidae,2443,Yes,Edge,Lower
2010-04-02,4.0,CHI,Junco,hyemalis,Passerellidae,6303,Yes,Edge,Lower
2010-04-02,4.0,CHI,Junco,hyemalis,Passerellidae,6303,Yes,Edge,Lower
2010-04-02,4.0,CHI,Regulus,satrapa,Regulidae,1029,Yes,Forest,Upper
2010-04-02,4.0,CHI,Spizella,pusilla,Passerellidae,325,Yes,Open,Lower
2010-04-03,4.0,CHI,Regulus,satrapa,Regulidae,1029,Yes,Forest,Upper
2010-04-03,4.0,CHI,Junco,hyemalis,Passerellidae,6303,Yes,Edge,Lower
2010-04-03,4.0,CHI,Passerella,iliaca,Passerellidae,2443,Yes,Edge,Lower
2010-04-03,4.0,CHI,Passerella,iliaca,Passerellidae,2443,Yes,Edge,Lower
2010-04-03,4.0,CHI,Passerella,iliaca,Passerellidae,2443,Yes,Edge,Lower
2010-04-03,4.0,CHI,Passerella,iliaca,Passerellidae,2443,Yes,Edge,Lower
2010-04-03,4.0,CHI,Passerella,iliaca,Passerellidae,2443,Yes,Edge,Lower
2010-04-03,4.0,CHI,Junco,hyemalis,Passerellidae,6303,Yes,Edge,Lower
2010-04-03,4.0,CHI,Passerella,iliaca,Passerellidae,2443,Yes,Edge,Lower
2010-04-03,4.0,CHI,Zonotrichia,albicollis,Passerellidae,10133,Yes,Forest,Lower
2010-04-03,4.0,CHI,Junco,hyemalis,Passerellidae,6303,Yes,Edge,Lower
2010-04-04,4.0,CHI,Zonotrichia,albicollis,Passerellidae,10133,Yes,Forest,Lower
2010-04-04,4.0,CHI,Junco,hyemalis,Passerellidae,6303,Yes,Edge,Lower
2010-04-04,4.0,CHI,Oreothlypis,peregrina,Parulidae,2515,Yes,Edge,Upper
2010-04-04,4.0,CHI,Mniotilta,varia,Parulidae,620,Yes,Forest,Upper
2010-04-04,4.0,CHI,Junco,hyemalis,Passerellidae,6303,Yes,Edge,Lower
2010-04-05,4.0,CHI,Junco,hyemalis,Passerellidae,6303,Yes,Edge,Lower
2010-04-05,4.0,CHI,Regulus,satrapa,Regulidae,1029,Yes,Forest,Upper
2010-04-05,4.0,CHI,Toxostoma,rufum,Mimidae,166,No,Edge,Lower
2010-04-05,4.0,CHI,Junco,hyemalis,Passerellidae,6303,Yes,Edge,Lower
2010-04-05,4.0,CHI,Passerella,iliaca,Passerellidae,2443,Yes,Edge,Lower
2010-04-06,4.0,CHI,Regulus,satrapa,Regulidae,1029,Yes,Forest,Upper
2010-04-06,4.0,CHI,Catharus,guttatus,Turdidae,3729,Yes,Forest,Lower
2010-04-06,4.0,CHI,Junco,hyemalis,Passerellidae,6303,Yes,Edge,Lower
2010-04-06,4.0,CHI,Passerella,iliaca,Passerellidae,2443,Yes,Edge,Lower
2010-04-06,4.0,CHI,Catharus,guttatus,Turdidae,3729,Yes,Forest,Lower
2010-04-06,4.0,CHI,Regulus,satrapa,Regulidae,1029,Yes,Forest,Upper
2010-04-06,4.0,CHI,Junco,hyemalis,Passerellidae,6303,Yes,Edge,Lower
2010-04-06,4.0,CHI,Catharus,guttatus,Turdidae,3729,Yes,Forest,Lower
2010-04-06,4.0,CHI,Regulus,satrapa,Regulidae,1029,Yes,Forest,Upper
2010-04-06,4.0,CHI,Catharus,guttatus,Turdidae,3729,Yes,Forest,Lower
2010-04-06,4.0,CHI,Catharus,guttatus,Turdidae,3729,Yes,Forest,Lower
2010-04-06,4.0,CHI,Catharus,guttatus,Turdidae,3729,Yes,Forest,Lower
2010-04-06,4.0,CHI,Melospiza,melodia,Passerellidae,5124,Yes,Edge,Lower
2010-04-06,4.0,CHI,Junco,hyemalis,Passerellidae,6303,Yes,Edge,Lower
2010-04-07,4.0,CHI,Melospiza,melodia,Passerellidae,5124,Yes,Edge,Lower
2010-04-07,4.0,CHI,Melospiza,melodia,Passerellidae,5124,Yes,Edge,Lower
2010-04-07,4.0,CHI,Catharus,guttatus,Turdidae,3729,Yes,Forest,Lower
2010-04-07,4.0,CHI,Catharus,guttatus,Turdidae,3729,Yes,Forest,Lower
2010-04-07,4.0,MP,Junco,hyemalis,Passerellidae,6303,Yes,Edge,Lower
2010-04-07,4.0,MP,Passerella,iliaca,Passerellidae,2443,Yes,Edge,Lower
2010-04-07,4.0,CHI,Catharus,guttatus,Turdidae,3729,Yes,Forest,Lower
2010-04-07,4.0,CHI,Catharus,guttatus,Turdidae,3729,Yes,Forest,Lower
2010-04-08,4.0,CHI,Catharus,guttatus,Turdidae,3729,Yes,Forest,Lower
2010-04-08,4.0,MP,Melospiza,melodia,Passerellidae,5124,Yes,Edge,Lower
2010-04-09,4.0,CHI,Junco,hyemalis,Passerellidae,6303,Yes,Edge,Lower
2010-04-09,4.0,MP,Regulus,satrapa,Regulidae,1029,Yes,Forest,Upper
2010-04-10,4.0,MP,Catharus,guttatus,Turdidae,3729,Yes,Forest,Lower
2010-04-10,4.0,CHI,Junco,hyemalis,Passerellidae,6303,Yes,Edge,Lower
2010-04-10,4.0,CHI,Regulus,satrapa,Regulidae,1029,Yes,Forest,Upper
2010-04-10,4.0,CHI,Regulus,satrapa,Regulidae,1029,Yes,Forest,Upper
2010-04-10,4.0,CHI,Melospiza,melodia,Passerellidae,5124,Yes,Edge,Lower
2010-04-10,4.0,CHI,Junco,hyemalis,Passerellidae,6303,Yes,Edge,Lower
2010-04-12,4.0,CHI,Junco,hyemalis,Passerellidae,6303,Yes,Edge,Lower
2010-04-12,4.0,CHI,Junco,hyemalis,Passerellidae,6303,Yes,Edge,Lower
2010-04-12,4.0,CHI,Pipilo,erythrophthalmus,Passerellidae,82,Rare,Edge,Lower
2010-04-12,4.0,CHI,Junco,hyemalis,Passerellidae,6303,Yes,Edge,Lower
2010-04-12,4.0,CHI,Catharus,guttatus,Turdidae,3729,Yes,Forest,Lower
2010-04-12,4.0,CHI,Catharus,guttatus,Turdidae,3729,Yes,Forest,Lower
2010-04-12,4.0,CHI,Catharus,guttatus,Turdidae,3729,Yes,Forest,Lower
2010-04-12,4.0,CHI,Junco,hyemalis,Passerellidae,6303,Yes,Edge,Lower
2010-04-12,4.0,CHI,Regulus,calendula,Regulidae,416,No,Forest,Upper
2010-04-12,4.0,CHI,Spizella,pusilla,Passerellidae,325,Yes,Open,Lower
2010-04-13,4.0,CHI,Spizelloides,arborea,Passerellidae,1262,Yes,Edge,Lower
2010-04-13,4.0,CHI,Toxostoma,rufum,Mimidae,166,No,Edge,Lower
2010-04-13,4.0,CHI,Junco,hyemalis,Passerellidae,6303,Yes,Edge,Lower
2010-04-13,4.0,CHI,Catharus,guttatus,Turdidae,3729,Yes,Forest,Lower
2010-04-13,4.0,CHI,Regulus,satrapa,Regulidae,1029,Yes,Forest,Upper
2010-04-13,4.0,CHI,Regulus,calendula,Regulidae,416,No,Forest,Upper
2010-04-13,4.0,CHI,Catharus,guttatus,Turdidae,3729,Yes,Forest,Lower
2010-04-13,4.0,CHI,Junco,hyemalis,Passerellidae,6303,Yes,Edge,Lower
2010-04-13,4.0,CHI,Catharus,guttatus,Turdidae,3729,Yes,Forest,Lower
2010-04-13,4.0,CHI,Junco,hyemalis,Passerellidae,6303,Yes,Edge,Lower
2010-04-13,4.0,CHI,Spizella,pusilla,Passerellidae,325,Yes,Open,Lower
2010-04-13,4.0,CHI,Junco,hyemalis,Passerellidae,6303,Yes,Edge,Lower
2010-04-13,4.0,CHI,Junco,hyemalis,Passerellidae,6303,Yes,Edge,Lower
2010-04-14,4.0,CHI,Junco,hyemalis,Passerellidae,6303,Yes,Edge,Lower
2010-04-14,4.0,CHI,Passerella,iliaca,Passerellidae,2443,Yes,Edge,Lower
2010-04-14,4.0,CHI,Catharus,guttatus,Turdidae,3729,Yes,Forest,Lower
2010-04-14,4.0,CHI,Toxostoma,rufum,Mimidae,166,No,Edge,Lower
2010-04-16,16.0,CHI,Zonotrichia,albicollis,Passerellidae,10133,Yes,Forest,Lower
2010-04-16,16.0,CHI,Zonotrichia,albicollis,Passerellidae,10133,Yes,Forest,Lower
2010-04-16,16.0,CHI,Zonotrichia,albicollis,Passerellidae,10133,Yes,Forest,Lower
2010-04-16,16.0,MP,Zonotrichia,albicollis,Passerellidae,10133,Yes,Forest,Lower
2010-04-16,16.0,CHI,Zonotrichia,albicollis,Passerellidae,10133,Yes,Forest,Lower
2010-04-16,16.0,CHI,Regulus,calendula,Regulidae,416,No,Forest,Upper
2010-04-16,16.0,CHI,Polioptila,caerulea,Polioptilidae,6,No,Forest,Upper
2010-04-16,16.0,CHI,Catharus,guttatus,Turdidae,3729,Yes,Forest,Lower
2010-04-16,16.0,MP,Catharus,guttatus,Turdidae,3729,Yes,Forest,Lower
2010-04-16,16.0,CHI,Regulus,calendula,Regulidae,416,No,Forest,Upper
2010-04-16,16.0,MP,Catharus,guttatus,Turdidae,3729,Yes,Forest,Lower
2010-04-16,16.0,MP,Setophaga,coronata,Parulidae,887,yes,forest,Upper
2010-04-16,16.0,MP,Catharus,guttatus,Turdidae,3729,Yes,Forest,Lower
2010-04-16,16.0,CHI,Catharus,guttatus,Turdidae,3729,Yes,Forest,Lower
2010-04-16,16.0,CHI,Catharus,guttatus,Turdidae,3729,Yes,Forest,Lower
2010-04-16,16.0,MP,Catharus,guttatus,Turdidae,3729,Yes,Forest,Lower
2010-04-17,16.0,MP,Junco,hyemalis,Passerellidae,6303,Yes,Edge,Lower
2010-04-17,16.0,CHI,Junco,hyemalis,Passerellidae,6303,Yes,Edge,Lower
2010-04-17,16.0,CHI,Zonotrichia,albicollis,Passerellidae,10133,Yes,Forest,Lower
2010-04-17,16.0,CHI,Zonotrichia,albicollis,Passerellidae,10133,Yes,Forest,Lower
2010-04-17,16.0,CHI,Zonotrichia,albicollis,Passerellidae,10133,Yes,Forest,Lower
2010-04-19,14.0,CHI,Regulus,calendula,Regulidae,416,No,Forest,Upper
2010-04-19,14.0,CHI,Zonotrichia,albicollis,Passerellidae,10133,Yes,Forest,Lower
2010-04-20,4.0,CHI,Spizella,passerina,Passerellidae,68,Yes,Edge,Lower
2010-04-20,4.0,CHI,Catharus,guttatus,Turdidae,3729,Yes,Forest,Lower
2010-04-20,4.0,CHI,Regulus,calendula,Regulidae,416,No,Forest,Upper
2010-04-20,4.0,CHI,Regulus,calendula,Regulidae,416,No,Forest,Upper
2010-04-20,4.0,MP,Catharus,guttatus,Turdidae,3729,Yes,Forest,Lower
2010-04-20,4.0,CHI,Catharus,guttatus,Turdidae,3729,Yes,Forest,Lower
2010-04-20,4.0,CHI,Catharus,guttatus,Turdidae,3729,Yes,Forest,Lower
2010-04-21,4.0,CHI,Catharus,guttatus,Turdidae,3729,Yes,Forest,Lower
2010-04-21,4.0,CHI,Zonotrichia,albicollis,Passerellidae,10133,Yes,Forest,Lower
2010-04-21,4.0,CHI,Catharus,guttatus,Turdidae,3729,Yes,Forest,Lower
2010-04-21,4.0,CHI,Toxostoma,rufum,Mimidae,166,No,Edge,Lower
2010-04-21,4.0,CHI,Zonotrichia,albicollis,Passerellidae,10133,Yes,Forest,Lower
2010-04-21,4.0,CHI,Regulus,calendula,Regulidae,416,No,Forest,Upper
2010-04-21,4.0,CHI,Catharus,guttatus,Turdidae,3729,Yes,Forest,Lower
2010-04-21,4.0,CHI,Catharus,guttatus,Turdidae,3729,Yes,Forest,Lower
2010-04-21,4.0,CHI,Troglodytes,aedon,Troglodytidae,104,No,Edge,Lower
2010-04-22,4.0,CHI,Catharus,guttatus,Turdidae,3729,Yes,Forest,Lower
2010-04-22,4.0,CHI,Zonotrichia,albicollis,Passerellidae,10133,Yes,Forest,Lower
2010-04-22,4.0,CHI,troglodytes,hiemalis,Troglodytidae,474,No,Forest,Lower
2010-04-24,17.0,CHI,Zonotrichia,albicollis,Passerellidae,10133,Yes,Forest,Lower
2010-04-24,17.0,MP,Zonotrichia,albicollis,Passerellidae,10133,Yes,Forest,Lower
2010-04-24,17.0,CHI,Zonotrichia,albicollis,Passerellidae,10133,Yes,Forest,Lower
2010-04-24,17.0,MP,Zonotrichia,albicollis,Passerellidae,10133,Yes,Forest,Lower
2010-04-24,17.0,CHI,Zonotrichia,albicollis,Passerellidae,10133,Yes,Forest,Lower
2010-04-24,17.0,CHI,Zonotrichia,albicollis,Passerellidae,10133,Yes,Forest,Lower
2010-04-24,17.0,CHI,Zonotrichia,albicollis,Passerellidae,10133,Yes,Forest,Lower
2010-04-24,17.0,CHI,Zonotrichia,albicollis,Passerellidae,10133,Yes,Forest,Lower
2010-04-24,17.0,MP,Zonotrichia,albicollis,Passerellidae,10133,Yes,Forest,Lower
2010-04-24,17.0,CHI,Zonotrichia,albicollis,Passerellidae,10133,Yes,Forest,Lower
2010-04-24,17.0,MP,Catharus,guttatus,Turdidae,3729,Yes,Forest,Lower
2010-04-24,17.0,CHI,Zonotrichia,albicollis,Passerellidae,10133,Yes,Forest,Lower
2010-04-24,17.0,CHI,Zonotrichia,albicollis,Passerellidae,10133,Yes,Forest,Lower
2010-04-24,17.0,CHI,Zonotrichia,albicollis,Passerellidae,10133,Yes,Forest,Lower
2010-04-24,17.0,CHI,Catharus,guttatus,Turdidae,3729,Yes,Forest,Lower
2010-04-24,17.0,CHI,Zonotrichia,albicollis,Passerellidae,10133,Yes,Forest,Lower
2010-04-24,17.0,CHI,Zonotrichia,albicollis,Passerellidae,10133,Yes,Forest,Lower
2010-04-24,17.0,CHI,Catharus,guttatus,Turdidae,3729,Yes,Forest,Lower
2010-04-24,17.0,CHI,Zonotrichia,albicollis,Passerellidae,10133,Yes,Forest,Lower
2010-04-25,17.0,CHI,Zonotrichia,albicollis,Passerellidae,10133,Yes,Forest,Lower
2010-04-25,17.0,CHI,Zonotrichia,albicollis,Passerellidae,10133,Yes,Forest,Lower
2010-04-25,17.0,CHI,Zonotrichia,albicollis,Passerellidae,10133,Yes,Forest,Lower
2010-04-25,17.0,CHI,Zonotrichia,albicollis,Passerellidae,10133,Yes,Forest,Lower
2010-04-25,17.0,CHI,Zonotrichia,albicollis,Passerellidae,10133,Yes,Forest,Lower
2010-04-25,17.0,CHI,Zonotrichia,albicollis,Passerellidae,10133,Yes,Forest,Lower
2010-04-25,17.0,CHI,Zonotrichia,albicollis,Passerellidae,10133,Yes,Forest,Lower
2010-04-25,17.0,CHI,Zonotrichia,albicollis,Passerellidae,10133,Yes,Forest,Lower
2010-04-25,17.0,CHI,Zonotrichia,albicollis,Passerellidae,10133,Yes,Forest,Lower
2010-04-25,17.0,CHI,Zonotrichia,albicollis,Passerellidae,10133,Yes,Forest,Lower
2010-04-25,17.0,CHI,Zonotrichia,albicollis,Passerellidae,10133,Yes,Forest,Lower
2010-04-25,17.0,CHI,Zonotrichia,albicollis,Passerellidae,10133,Yes,Forest,Lower
2010-04-25,17.0,CHI,Zonotrichia,albicollis,Passerellidae,10133,Yes,Forest,Lower
2010-04-25,17.0,CHI,Zonotrichia,albicollis,Passerellidae,10133,Yes,Forest,Lower
2010-04-25,17.0,CHI,Zonotrichia,albicollis,Passerellidae,10133,Yes,Forest,Lower
2010-04-25,17.0,CHI,Zonotrichia,albicollis,Passerellidae,10133,Yes,Forest,Lower
2010-04-25,17.0,CHI,Zonotrichia,albicollis,Passerellidae,10133,Yes,Forest,Lower
2010-04-25,17.0,MP,Zonotrichia,albicollis,Passerellidae,10133,Yes,Forest,Lower
2010-04-25,17.0,CHI,Hylocichla,mustelina,Turdidae,500,Yes,Forest,Lower
2010-04-25,17.0,CHI,Catharus,guttatus,Turdidae,3729,Yes,Forest,Lower
2010-04-25,17.0,MP,Zonotrichia,albicollis,Passerellidae,10133,Yes,Forest,Lower
2010-04-25,17.0,MP,Zonotrichia,albicollis,Passerellidae,10133,Yes,Forest,Lower
2010-04-25,17.0,MP,Zonotrichia,albicollis,Passerellidae,10133,Yes,Forest,Lower
2010-04-25,17.0,MP,Zonotrichia,albicollis,Passerellidae,10133,Yes,Forest,Lower
2010-04-25,17.0,MP,Catharus,guttatus,Turdidae,3729,Yes,Forest,Lower
2010-04-25,17.0,CHI,Spizella,pusilla,Passerellidae,325,Yes,Open,Lower
2010-04-25,17.0,CHI,Catharus,guttatus,Turdidae,3729,Yes,Forest,Lower
2010-04-25,17.0,MP,Toxostoma,rufum,Mimidae,166,No,Edge,Lower
2010-04-25,17.0,CHI,Passerella,iliaca,Passerellidae,2443,Yes,Edge,Lower
2010-04-25,17.0,MP,Zonotrichia,albicollis,Passerellidae,10133,Yes,Forest,Lower
2010-04-25,17.0,MP,Zonotrichia,albicollis,Passerellidae,10133,Yes,Forest,Lower
2010-04-25,17.0,CHI,Toxostoma,rufum,Mimidae,166,No,Edge,Lower
2010-04-25,17.0,CHI,Zonotrichia,albicollis,Passerellidae,10133,Yes,Forest,Lower
2010-04-25,17.0,MP,Melospiza,melodia,Passerellidae,5124,Yes,Edge,Lower
2010-04-25,17.0,CHI,Zonotrichia,albicollis,Passerellidae,10133,Yes,Forest,Lower
2010-04-25,17.0,CHI,Catharus,guttatus,Turdidae,3729,Yes,Forest,Lower
2010-04-25,17.0,MP,Zonotrichia,albicollis,Passerellidae,10133,Yes,Forest,Lower
2010-04-25,17.0,MP,Zonotrichia,albicollis,Passerellidae,10133,Yes,Forest,Lower
2010-04-25,17.0,CHI,Zonotrichia,albicollis,Passerellidae,10133,Yes,Forest,Lower
2010-04-25,17.0,CHI,Zonotrichia,albicollis,Passerellidae,10133,Yes,Forest,Lower
2010-04-25,17.0,CHI,Zonotrichia,albicollis,Passerellidae,10133,Yes,Forest,Lower
2010-04-25,17.0,CHI,Zonotrichia,albicollis,Passerellidae,10133,Yes,Forest,Lower
2010-04-25,17.0,CHI,Zonotrichia,albicollis,Passerellidae,10133,Yes,Forest,Lower
2010-04-25,17.0,CHI,Catharus,guttatus,Turdidae,3729,Yes,Forest,Lower
2010-04-25,17.0,CHI,Sitta,canadensis,Sittidae,260,Yes,Forest,Upper
2010-04-25,17.0,CHI,Zonotrichia,albicollis,Passerellidae,10133,Yes,Forest,Lower
2010-04-25,17.0,CHI,Zonotrichia,albicollis,Passerellidae,10133,Yes,Forest,Lower
2010-04-25,17.0,CHI,Zonotrichia,albicollis,Passerellidae,10133,Yes,Forest,Lower
2010-04-25,17.0,CHI,Zonotrichia,albicollis,Passerellidae,10133,Yes,Forest,Lower
2010-04-26,17.0,MP,Catharus,guttatus,Turdidae,3729,Yes,Forest,Lower
2010-04-26,17.0,CHI,Zonotrichia,albicollis,Passerellidae,10133,Yes,Forest,Lower
2010-04-26,17.0,CHI,Spizella,pusilla,Passerellidae,325,Yes,Open,Lower
2010-04-26,17.0,CHI,Zonotrichia,albicollis,Passerellidae,10133,Yes,Forest,Lower
2010-04-26,17.0,CHI,Zonotrichia,albicollis,Passerellidae,10133,Yes,Forest,Lower
2010-04-26,17.0,CHI,Zonotrichia,albicollis,Passerellidae,10133,Yes,Forest,Lower
2010-04-27,17.0,CHI,Zonotrichia,albicollis,Passerellidae,10133,Yes,Forest,Lower
2010-04-27,17.0,CHI,Catharus,guttatus,Turdidae,3729,Yes,Forest,Lower
2010-04-27,17.0,CHI,Catharus,guttatus,Turdidae,3729,Yes,Forest,Lower
2010-04-27,17.0,CHI,Zonotrichia,albicollis,Passerellidae,10133,Yes,Forest,Lower
2010-04-28,17.0,MP,Zonotrichia,albicollis,Passerellidae,10133,Yes,Forest,Lower
2010-04-28,17.0,CHI,Zonotrichia,albicollis,Passerellidae,10133,Yes,Forest,Lower
2010-04-29,17.0,MP,Parkesia,noveboracensis,Parulidae,916,Yes,Forest,Lower
2010-04-29,17.0,CHI,Spizella,passerina,Passerellidae,68,Yes,Edge,Lower
2010-04-29,17.0,CHI,Zonotrichia,albicollis,Passerellidae,10133,Yes,Forest,Lower
2010-04-29,17.0,CHI,Zonotrichia,albicollis,Passerellidae,10133,Yes,Forest,Lower
2010-04-29,17.0,CHI,Zonotrichia,albicollis,Passerellidae,10133,Yes,Forest,Lower
2010-04-29,17.0,MP,Zonotrichia,albicollis,Passerellidae,10133,Yes,Forest,Lower
2010-04-29,17.0,CHI,Zonotrichia,albicollis,Passerellidae,10133,Yes,Forest,Lower
2010-04-29,17.0,CHI,Zonotrichia,albicollis,Passerellidae,10133,Yes,Forest,Lower
2010-04-29,17.0,CHI,Zonotrichia,albicollis,Passerellidae,10133,Yes,Forest,Lower
2010-04-29,17.0,MP,Pipilo,erythrophthalmus,Passerellidae,82,Rare,Edge,Lower
2010-04-29,17.0,MP,Pipilo,erythrophthalmus,Passerellidae,82,Rare,Edge,Lower
2010-04-29,17.0,CHI,Zonotrichia,albicollis,Passerellidae,10133,Yes,Forest,Lower
2010-04-29,17.0,MP,Zonotrichia,albicollis,Passerellidae,10133,Yes,Forest,Lower
2010-04-29,17.0,MP,Zonotrichia,albicollis,Passerellidae,10133,Yes,Forest,Lower
2010-04-29,17.0,MP,Zonotrichia,albicollis,Passerellidae,10133,Yes,Forest,Lower
2010-04-29,17.0,MP,Zonotrichia,albicollis,Passerellidae,10133,Yes,Forest,Lower
2010-04-29,17.0,CHI,Oreothlypis,ruficapilla,Parulidae,1690,Yes,Forest,Upper
2010-04-29,17.0,MP,Parkesia,noveboracensis,Parulidae,916,Yes,Forest,Lower
2010-04-29,17.0,CHI,Regulus,calendula,Regulidae,416,No,Forest,Upper
2010-04-29,17.0,MP,Catharus,guttatus,Turdidae,3729,Yes,Forest,Lower
2010-04-29,17.0,CHI,Setophaga,palmarum,Parulidae,694,Yes,Edge,Lower
2010-04-29,17.0,CHI,Seiurus,aurocapilla,Parulidae,4580,Yes,Forest,Lower
2010-04-29,17.0,CHI,Junco,hyemalis,Passerellidae,6303,Yes,Edge,Lower
2010-04-29,17.0,CHI,Catharus,guttatus,Turdidae,3729,Yes,Forest,Lower
2010-04-29,17.0,MP,Catharus,minimus,Turdidae,822,Yes,Forest,Lower
2010-04-30,4.0,CHI,Zonotrichia,albicollis,Passerellidae,10133,Yes,Forest,Lower
2010-04-30,4.0,CHI,Zonotrichia,albicollis,Passerellidae,10133,Yes,Forest,Lower
2010-04-30,4.0,CHI,Zonotrichia,albicollis,Passerellidae,10133,Yes,Forest,Lower
2010-04-30,4.0,CHI,Zonotrichia,albicollis,Passerellidae,10133,Yes,Forest,Lower
2010-04-30,4.0,CHI,Zonotrichia,albicollis,Passerellidae,10133,Yes,Forest,Lower
2010-04-30,4.0,CHI,Setophaga,fusca,Parulidae,201,Yes,Forest,Upper
2010-04-30,4.0,CHI,Zonotrichia,albicollis,Passerellidae,10133,Yes,Forest,Lower
2010-04-30,4.0,CHI,Zonotrichia,albicollis,Passerellidae,10133,Yes,Forest,Lower
2010-04-30,4.0,CHI,Zonotrichia,albicollis,Passerellidae,10133,Yes,Forest,Lower
2010-04-30,4.0,CHI,Zonotrichia,albicollis,Passerellidae,10133,Yes,Forest,Lower
2010-04-30,4.0,MP,Melospiza,lincolnii,Passerellidae,2029,yes,edge,Lower
2010-04-30,4.0,MP,Melospiza,lincolnii,Passerellidae,2029,yes,edge,Lower
2010-04-30,4.0,CHI,Zonotrichia,albicollis,Passerellidae,10133,Yes,Forest,Lower
2010-04-30,4.0,CHI,Zonotrichia,albicollis,Passerellidae,10133,Yes,Forest,Lower
2010-04-30,4.0,CHI,Zonotrichia,albicollis,Passerellidae,10133,Yes,Forest,Lower
2010-04-30,4.0,CHI,Zonotrichia,albicollis,Passerellidae,10133,Yes,Forest,Lower
2010-04-30,4.0,MP,Hylocichla,mustelina,Turdidae,500,Yes,Forest,Lower
2010-04-30,4.0,CHI,Zonotrichia,albicollis,Passerellidae,10133,Yes,Forest,Lower
2010-04-30,4.0,CHI,Zonotrichia,albicollis,Passerellidae,10133,Yes,Forest,Lower
2010-04-30,4.0,CHI,Zonotrichia,albicollis,Passerellidae,10133,Yes,Forest,Lower
2010-04-30,4.0,CHI,Zonotrichia,albicollis,Passerellidae,10133,Yes,Forest,Lower
2010-04-30,4.0,CHI,Zonotrichia,albicollis,Passerellidae,10133,Yes,Forest,Lower
2010-04-30,4.0,MP,Zonotrichia,albicollis,Passerellidae,10133,Yes,Forest,Lower
2010-04-30,4.0,CHI,Zonotrichia,albicollis,Passerellidae,10133,Yes,Forest,Lower
2010-04-30,4.0,CHI,Zonotrichia,albicollis,Passerellidae,10133,Yes,Forest,Lower
2010-04-30,4.0,CHI,Zonotrichia,albicollis,Passerellidae,10133,Yes,Forest,Lower
2010-04-30,4.0,MP,Zonotrichia,albicollis,Passerellidae,10133,Yes,Forest,Lower
2010-05-01,4.0,CHI,Zonotrichia,albicollis,Passerellidae,10133,Yes,Forest,Lower
2010-05-01,4.0,CHI,Zonotrichia,leucophrys,Passerellidae,1090,Yes,Edge,Lower
2010-05-01,4.0,CHI,Seiurus,aurocapilla,Parulidae,4580,Yes,Forest,Lower
2010-05-01,4.0,CHI,Zonotrichia,albicollis,Passerellidae,10133,Yes,Forest,Lower
2010-05-01,4.0,MP,Zonotrichia,albicollis,Passerellidae,10133,Yes,Forest,Lower
2010-05-01,4.0,CHI,cistothorus,palustris,Troglodytidae,91,No,Open,Lower
2010-05-01,4.0,CHI,dumetella,carolinensis,Mimidae,599,no,edge,Lower
2010-05-01,4.0,MP,dumetella,carolinensis,Mimidae,599,no,edge,Lower
2010-05-01,4.0,CHI,Melospiza,lincolnii,Passerellidae,2029,yes,edge,Lower
2010-05-01,4.0,CHI,Hylocichla,mustelina,Turdidae,500,Yes,Forest,Lower
2010-05-01,4.0,CHI,Zonotrichia,albicollis,Passerellidae,10133,Yes,Forest,Lower
2010-05-01,4.0,CHI,Seiurus,aurocapilla,Parulidae,4580,Yes,Forest,Lower
2010-05-01,4.0,MP,Zonotrichia,albicollis,Passerellidae,10133,Yes,Forest,Lower
2010-05-01,4.0,CHI,Seiurus,aurocapilla,Parulidae,4580,Yes,Forest,Lower
2010-05-01,4.0,CHI,Melospiza,lincolnii,Passerellidae,2029,yes,edge,Lower
2010-05-01,4.0,CHI,Hylocichla,mustelina,Turdidae,500,Yes,Forest,Lower
2010-05-01,4.0,CHI,Zonotrichia,albicollis,Passerellidae,10133,Yes,Forest,Lower
2010-05-02,4.0,CHI,Seiurus,aurocapilla,Parulidae,4580,Yes,Forest,Lower
2010-05-02,4.0,CHI,Geothlypis,trichas,Parulidae,1555,Yes,Open,Lower
2010-05-02,4.0,CHI,Zonotrichia,albicollis,Passerellidae,10133,Yes,Forest,Lower
2010-05-02,4.0,CHI,dumetella,carolinensis,Mimidae,599,no,edge,Lower
2010-05-02,4.0,CHI,Zonotrichia,albicollis,Passerellidae,10133,Yes,Forest,Lower
2010-05-02,4.0,CHI,Zonotrichia,albicollis,Passerellidae,10133,Yes,Forest,Lower
2010-05-02,4.0,CHI,Zonotrichia,albicollis,Passerellidae,10133,Yes,Forest,Lower
2010-05-02,4.0,MP,Zonotrichia,albicollis,Passerellidae,10133,Yes,Forest,Lower
2010-05-02,4.0,CHI,Zonotrichia,albicollis,Passerellidae,10133,Yes,Forest,Lower
2010-05-02,4.0,CHI,Zonotrichia,albicollis,Passerellidae,10133,Yes,Forest,Lower
2010-05-02,4.0,CHI,Parkesia,noveboracensis,Parulidae,916,Yes,Forest,Lower
2010-05-02,4.0,CHI,Zonotrichia,albicollis,Passerellidae,10133,Yes,Forest,Lower
2010-05-02,4.0,CHI,Zonotrichia,albicollis,Passerellidae,10133,Yes,Forest,Lower
2010-05-02,4.0,CHI,Geothlypis,trichas,Parulidae,1555,Yes,Open,Lower
2010-05-02,4.0,CHI,Zonotrichia,albicollis,Passerellidae,10133,Yes,Forest,Lower
2010-05-02,4.0,CHI,catharus,ustulatus,Turdidae,2331,Yes,Forest,Lower
2010-05-02,4.0,CHI,Zonotrichia,albicollis,Passerellidae,10133,Yes,Forest,Lower
2010-05-02,4.0,CHI,Seiurus,aurocapilla,Parulidae,4580,Yes,Forest,Lower
2010-05-02,4.0,CHI,icteria,virens,Icteriidae,15,no,edge,Lower
2010-05-02,4.0,CHI,dumetella,carolinensis,Mimidae,599,no,edge,Lower
2010-05-03,4.0,CHI,Pheucticus,ludovicianus,Cardinalidae,397,Yes,Forest,Upper
2010-05-03,4.0,CHI,dumetella,carolinensis,Mimidae,599,no,edge,Lower
2010-05-03,4.0,CHI,Seiurus,aurocapilla,Parulidae,4580,Yes,Forest,Lower
2010-05-03,4.0,CHI,Passerina,cyanea,Cardinalidae,725,yes,edge,Upper
2010-05-03,4.0,CHI,Hylocichla,mustelina,Turdidae,500,Yes,Forest,Lower
2010-05-03,4.0,CHI,Zonotrichia,albicollis,Passerellidae,10133,Yes,Forest,Lower
2010-05-03,4.0,CHI,Zonotrichia,albicollis,Passerellidae,10133,Yes,Forest,Lower
2010-05-03,4.0,CHI,Zonotrichia,albicollis,Passerellidae,10133,Yes,Forest,Lower
2010-05-03,4.0,CHI,Zonotrichia,albicollis,Passerellidae,10133,Yes,Forest,Lower
2010-05-03,4.0,CHI,Oreothlypis,ruficapilla,Parulidae,1690,Yes,Forest,Upper
2010-05-04,6.0,CHI,Passerina,cyanea,Cardinalidae,725,yes,edge,Upper
2010-05-04,6.0,CHI,Seiurus,aurocapilla,Parulidae,4580,Yes,Forest,Lower
2010-05-04,6.0,CHI,Oreothlypis,ruficapilla,Parulidae,1690,Yes,Forest,Upper
2010-05-04,6.0,CHI,Seiurus,aurocapilla,Parulidae,4580,Yes,Forest,Lower
2010-05-04,6.0,CHI,Oreothlypis,ruficapilla,Parulidae,1690,Yes,Forest,Upper
2010-05-04,6.0,CHI,dumetella,carolinensis,Mimidae,599,no,edge,Lower
2010-05-04,6.0,CHI,Zonotrichia,leucophrys,Passerellidae,1090,Yes,Edge,Lower
2010-05-05,6.0,CHI,Melospiza,lincolnii,Passerellidae,2029,yes,edge,Lower
2010-05-05,6.0,CHI,Melospiza,lincolnii,Passerellidae,2029,yes,edge,Lower
2010-05-05,6.0,CHI,Regulus,calendula,Regulidae,416,No,Forest,Upper
2010-05-05,6.0,CHI,Pheucticus,ludovicianus,Cardinalidae,397,Yes,Forest,Upper
2010-05-05,6.0,CHI,Pheucticus,ludovicianus,Cardinalidae,397,Yes,Forest,Upper
2010-05-05,6.0,CHI,Pheucticus,ludovicianus,Cardinalidae,397,Yes,Forest,Upper
2010-05-05,6.0,CHI,Zonotrichia,albicollis,Passerellidae,10133,Yes,Forest,Lower
2010-05-05,6.0,CHI,Zonotrichia,albicollis,Passerellidae,10133,Yes,Forest,Lower
2010-05-05,6.0,CHI,Melospiza,lincolnii,Passerellidae,2029,yes,edge,Lower
2010-05-05,6.0,CHI,Zonotrichia,albicollis,Passerellidae,10133,Yes,Forest,Lower
2010-05-05,6.0,CHI,Seiurus,aurocapilla,Parulidae,4580,Yes,Forest,Lower
2010-05-05,6.0,CHI,Zonotrichia,albicollis,Passerellidae,10133,Yes,Forest,Lower
2010-05-05,6.0,CHI,Catharus,fuscescens,Turdidae,727,Yes,Forest,Lower
2010-05-05,6.0,CHI,Pheucticus,ludovicianus,Cardinalidae,397,Yes,Forest,Upper
2010-05-05,6.0,CHI,Pheucticus,ludovicianus,Cardinalidae,397,Yes,Forest,Upper
2010-05-05,6.0,CHI,Seiurus,aurocapilla,Parulidae,4580,Yes,Forest,Lower
2010-05-05,6.0,CHI,Seiurus,aurocapilla,Parulidae,4580,Yes,Forest,Lower
2010-05-05,6.0,CHI,Zonotrichia,albicollis,Passerellidae,10133,Yes,Forest,Lower
2010-05-05,6.0,CHI,Seiurus,aurocapilla,Parulidae,4580,Yes,Forest,Lower
2010-05-05,6.0,CHI,Seiurus,aurocapilla,Parulidae,4580,Yes,Forest,Lower
2010-05-05,6.0,CHI,Seiurus,aurocapilla,Parulidae,4580,Yes,Forest,Lower
2010-05-05,6.0,CHI,Pheucticus,ludovicianus,Cardinalidae,397,Yes,Forest,Upper
2010-05-05,6.0,CHI,Seiurus,aurocapilla,Parulidae,4580,Yes,Forest,Lower
2010-05-05,6.0,CHI,Seiurus,aurocapilla,Parulidae,4580,Yes,Forest,Lower
2010-05-05,6.0,CHI,Seiurus,aurocapilla,Parulidae,4580,Yes,Forest,Lower
2010-05-05,6.0,CHI,Seiurus,aurocapilla,Parulidae,4580,Yes,Forest,Lower
2010-05-05,6.0,MP,Seiurus,aurocapilla,Parulidae,4580,Yes,Forest,Lower
2010-05-05,6.0,CHI,Seiurus,aurocapilla,Parulidae,4580,Yes,Forest,Lower
2010-05-05,6.0,CHI,Seiurus,aurocapilla,Parulidae,4580,Yes,Forest,Lower
2010-05-05,6.0,CHI,Seiurus,aurocapilla,Parulidae,4580,Yes,Forest,Lower
2010-05-05,6.0,CHI,Seiurus,aurocapilla,Parulidae,4580,Yes,Forest,Lower
2010-05-05,6.0,CHI,Seiurus,aurocapilla,Parulidae,4580,Yes,Forest,Lower
2010-05-05,6.0,CHI,Seiurus,aurocapilla,Parulidae,4580,Yes,Forest,Lower
2010-05-05,6.0,CHI,Zonotrichia,albicollis,Passerellidae,10133,Yes,Forest,Lower
2010-05-05,6.0,CHI,Zonotrichia,albicollis,Passerellidae,10133,Yes,Forest,Lower
2010-05-05,6.0,CHI,Zonotrichia,albicollis,Passerellidae,10133,Yes,Forest,Lower
2010-05-05,6.0,CHI,Pheucticus,ludovicianus,Cardinalidae,397,Yes,Forest,Upper
2010-05-05,6.0,CHI,Setophaga,petechia,Parulidae,77,Yes,Edge,Upper
2010-05-05,6.0,CHI,Catharus,minimus,Turdidae,822,Yes,Forest,Lower
2010-05-05,6.0,CHI,Passerina,cyanea,Cardinalidae,725,yes,edge,Upper
2010-05-05,6.0,CHI,Empidonax,minimus,Tyrannidae,96,No,Edge,Upper
2010-05-05,6.0,CHI,dumetella,carolinensis,Mimidae,599,no,edge,Lower
2010-05-05,6.0,CHI,Zonotrichia,albicollis,Passerellidae,10133,Yes,Forest,Lower
2010-05-05,6.0,CHI,Zonotrichia,albicollis,Passerellidae,10133,Yes,Forest,Lower
2010-05-05,6.0,MP,Zonotrichia,albicollis,Passerellidae,10133,Yes,Forest,Lower
2010-05-05,6.0,CHI,Zonotrichia,albicollis,Passerellidae,10133,Yes,Forest,Lower
2010-05-05,6.0,CHI,Seiurus,aurocapilla,Parulidae,4580,Yes,Forest,Lower
2010-05-05,6.0,MP,Zonotrichia,albicollis,Passerellidae,10133,Yes,Forest,Lower
2010-05-05,6.0,CHI,Melospiza,lincolnii,Passerellidae,2029,yes,edge,Lower
2010-05-05,6.0,MP,Melospiza,lincolnii,Passerellidae,2029,yes,edge,Lower
2010-05-05,6.0,CHI,Catharus,minimus,Turdidae,822,Yes,Forest,Lower
2010-05-05,6.0,CHI,Catharus,minimus,Turdidae,822,Yes,Forest,Lower
2010-05-05,6.0,CHI,Setophaga,virens,Parulidae,223,Yes,Forest,Upper
2010-05-05,6.0,CHI,Oreothlypis,ruficapilla,Parulidae,1690,Yes,Forest,Upper
2010-05-05,6.0,CHI,Zonotrichia,albicollis,Passerellidae,10133,Yes,Forest,Lower
2010-05-05,6.0,CHI,Piranga,rubra,Cardinalidae,9,Yes,Forest,Upper
2010-05-05,6.0,CHI,Parkesia,noveboracensis,Parulidae,916,Yes,Forest,Lower
2010-05-05,6.0,CHI,Zonotrichia,albicollis,Passerellidae,10133,Yes,Forest,Lower
2010-05-05,6.0,MP,Zonotrichia,albicollis,Passerellidae,10133,Yes,Forest,Lower
2010-05-05,6.0,CHI,Pheucticus,ludovicianus,Cardinalidae,397,Yes,Forest,Upper
2010-05-05,6.0,CHI,Catharus,guttatus,Turdidae,3729,Yes,Forest,Lower
2010-05-05,6.0,CHI,Zonotrichia,albicollis,Passerellidae,10133,Yes,Forest,Lower
2010-05-05,6.0,CHI,Zonotrichia,albicollis,Passerellidae,10133,Yes,Forest,Lower
2010-05-05,6.0,CHI,Zonotrichia,albicollis,Passerellidae,10133,Yes,Forest,Lower
2010-05-05,6.0,CHI,Hylocichla,mustelina,Turdidae,500,Yes,Forest,Lower
2010-05-05,6.0,CHI,Zonotrichia,albicollis,Passerellidae,10133,Yes,Forest,Lower
2010-05-05,6.0,CHI,Zonotrichia,albicollis,Passerellidae,10133,Yes,Forest,Lower
2010-05-05,6.0,CHI,Zonotrichia,albicollis,Passerellidae,10133,Yes,Forest,Lower
2010-05-05,6.0,CHI,Zonotrichia,albicollis,Passerellidae,10133,Yes,Forest,Lower
2010-05-05,6.0,CHI,Hylocichla,mustelina,Turdidae,500,Yes,Forest,Lower
2010-05-05,6.0,CHI,Zonotrichia,albicollis,Passerellidae,10133,Yes,Forest,Lower
2010-05-05,6.0,CHI,Zonotrichia,albicollis,Passerellidae,10133,Yes,Forest,Lower
2010-05-05,6.0,CHI,Zonotrichia,albicollis,Passerellidae,10133,Yes,Forest,Lower
2010-05-05,6.0,CHI,Mniotilta,varia,Parulidae,620,Yes,Forest,Upper
2010-05-05,6.0,CHI,Catharus,guttatus,Turdidae,3729,Yes,Forest,Lower
2010-05-05,6.0,CHI,Zonotrichia,albicollis,Passerellidae,10133,Yes,Forest,Lower
2010-05-05,6.0,CHI,Mniotilta,varia,Parulidae,620,Yes,Forest,Upper
2010-05-05,6.0,CHI,Zonotrichia,albicollis,Passerellidae,10133,Yes,Forest,Lower
2010-05-05,6.0,CHI,Zonotrichia,albicollis,Passerellidae,10133,Yes,Forest,Lower
2010-05-05,6.0,MP,Zonotrichia,albicollis,Passerellidae,10133,Yes,Forest,Lower
2010-05-05,6.0,CHI,Zonotrichia,albicollis,Passerellidae,10133,Yes,Forest,Lower
2010-05-05,6.0,CHI,Zonotrichia,albicollis,Passerellidae,10133,Yes,Forest,Lower
2010-05-05,6.0,CHI,Zonotrichia,albicollis,Passerellidae,10133,Yes,Forest,Lower
2010-05-05,6.0,CHI,Zonotrichia,albicollis,Passerellidae,10133,Yes,Forest,Lower
2010-05-05,6.0,CHI,Zonotrichia,albicollis,Passerellidae,10133,Yes,Forest,Lower
2010-05-05,6.0,CHI,Zonotrichia,albicollis,Passerellidae,10133,Yes,Forest,Lower
2010-05-05,6.0,CHI,Zonotrichia,albicollis,Passerellidae,10133,Yes,Forest,Lower
2010-05-05,6.0,CHI,Zonotrichia,albicollis,Passerellidae,10133,Yes,Forest,Lower
2010-05-05,6.0,MP,Zonotrichia,albicollis,Passerellidae,10133,Yes,Forest,Lower
2010-05-05,6.0,CHI,Zonotrichia,albicollis,Passerellidae,10133,Yes,Forest,Lower
2010-05-05,6.0,CHI,Zonotrichia,albicollis,Passerellidae,10133,Yes,Forest,Lower
2010-05-05,6.0,CHI,Zonotrichia,albicollis,Passerellidae,10133,Yes,Forest,Lower
2010-05-05,6.0,CHI,Zonotrichia,albicollis,Passerellidae,10133,Yes,Forest,Lower
2010-05-05,6.0,CHI,Catharus,guttatus,Turdidae,3729,Yes,Forest,Lower
2010-05-05,6.0,CHI,Mniotilta,varia,Parulidae,620,Yes,Forest,Upper
2010-05-05,6.0,CHI,Zonotrichia,albicollis,Passerellidae,10133,Yes,Forest,Lower
2010-05-05,6.0,CHI,Mniotilta,varia,Parulidae,620,Yes,Forest,Upper
2010-05-05,6.0,CHI,Zonotrichia,albicollis,Passerellidae,10133,Yes,Forest,Lower
2010-05-05,6.0,CHI,Zonotrichia,albicollis,Passerellidae,10133,Yes,Forest,Lower
2010-05-05,6.0,CHI,Zonotrichia,albicollis,Passerellidae,10133,Yes,Forest,Lower
2010-05-05,6.0,CHI,Zonotrichia,albicollis,Passerellidae,10133,Yes,Forest,Lower
2010-05-05,6.0,CHI,Zonotrichia,albicollis,Passerellidae,10133,Yes,Forest,Lower
2010-05-05,6.0,CHI,Zonotrichia,albicollis,Passerellidae,10133,Yes,Forest,Lower
2010-05-05,6.0,CHI,Zonotrichia,albicollis,Passerellidae,10133,Yes,Forest,Lower
2010-05-05,6.0,CHI,setophaga,ruticilla,Parulidae,868,Yes,Edge,Upper
2010-05-05,6.0,CHI,Sitta,canadensis,Sittidae,260,Yes,Forest,Upper
2010-05-05,6.0,CHI,Zonotrichia,albicollis,Passerellidae,10133,Yes,Forest,Lower
2010-05-05,6.0,CHI,Zonotrichia,albicollis,Passerellidae,10133,Yes,Forest,Lower
2010-05-05,6.0,CHI,Geothlypis,trichas,Parulidae,1555,Yes,Open,Lower
2010-05-05,6.0,CHI,Zonotrichia,albicollis,Passerellidae,10133,Yes,Forest,Lower
2010-05-05,6.0,CHI,Zonotrichia,albicollis,Passerellidae,10133,Yes,Forest,Lower
2010-05-05,6.0,CHI,Zonotrichia,albicollis,Passerellidae,10133,Yes,Forest,Lower
2010-05-05,6.0,CHI,Zonotrichia,albicollis,Passerellidae,10133,Yes,Forest,Lower
2010-05-05,6.0,CHI,Zonotrichia,albicollis,Passerellidae,10133,Yes,Forest,Lower
2010-05-05,6.0,CHI,Zonotrichia,albicollis,Passerellidae,10133,Yes,Forest,Lower
2010-05-05,6.0,CHI,Mniotilta,varia,Parulidae,620,Yes,Forest,Upper
2010-05-05,6.0,CHI,Zonotrichia,albicollis,Passerellidae,10133,Yes,Forest,Lower
2010-05-05,6.0,CHI,Zonotrichia,albicollis,Passerellidae,10133,Yes,Forest,Lower
2010-05-05,6.0,CHI,Hylocichla,mustelina,Turdidae,500,Yes,Forest,Lower
2010-05-05,6.0,CHI,Hylocichla,mustelina,Turdidae,500,Yes,Forest,Lower
2010-05-05,6.0,CHI,Zonotrichia,albicollis,Passerellidae,10133,Yes,Forest,Lower
2010-05-05,6.0,CHI,Mniotilta,varia,Parulidae,620,Yes,Forest,Upper
2010-05-05,6.0,CHI,Zonotrichia,albicollis,Passerellidae,10133,Yes,Forest,Lower
2010-05-05,6.0,CHI,Zonotrichia,albicollis,Passerellidae,10133,Yes,Forest,Lower
2010-05-05,6.0,CHI,Zonotrichia,albicollis,Passerellidae,10133,Yes,Forest,Lower
2010-05-05,6.0,CHI,Zonotrichia,albicollis,Passerellidae,10133,Yes,Forest,Lower
2010-05-05,6.0,CHI,Zonotrichia,albicollis,Passerellidae,10133,Yes,Forest,Lower
2010-05-05,6.0,CHI,Zonotrichia,albicollis,Passerellidae,10133,Yes,Forest,Lower
2010-05-05,6.0,CHI,Zonotrichia,albicollis,Passerellidae,10133,Yes,Forest,Lower
2010-05-05,6.0,CHI,Zonotrichia,albicollis,Passerellidae,10133,Yes,Forest,Lower
2010-05-05,6.0,CHI,Zonotrichia,albicollis,Passerellidae,10133,Yes,Forest,Lower
2010-05-05,6.0,CHI,Zonotrichia,albicollis,Passerellidae,10133,Yes,Forest,Lower
2010-05-05,6.0,CHI,Piranga,olivacea,Cardinalidae,127,Yes,Forest,Upper
2010-05-05,6.0,CHI,Zonotrichia,albicollis,Passerellidae,10133,Yes,Forest,Lower
2010-05-05,6.0,MP,Zonotrichia,albicollis,Passerellidae,10133,Yes,Forest,Lower
2010-05-05,6.0,CHI,Zonotrichia,albicollis,Passerellidae,10133,Yes,Forest,Lower
2010-05-05,6.0,CHI,Geothlypis,trichas,Parulidae,1555,Yes,Open,Lower
2010-05-05,6.0,CHI,Zonotrichia,albicollis,Passerellidae,10133,Yes,Forest,Lower
2010-05-05,6.0,CHI,Geothlypis,trichas,Parulidae,1555,Yes,Open,Lower
2010-05-05,6.0,CHI,Zonotrichia,albicollis,Passerellidae,10133,Yes,Forest,Lower
2010-05-05,6.0,CHI,Zonotrichia,albicollis,Passerellidae,10133,Yes,Forest,Lower
2010-05-05,6.0,CHI,Oreothlypis,peregrina,Parulidae,2515,Yes,Edge,Upper
2010-05-05,6.0,CHI,Zonotrichia,leucophrys,Passerellidae,1090,Yes,Edge,Lower
2010-05-05,6.0,CHI,Zonotrichia,albicollis,Passerellidae,10133,Yes,Forest,Lower
2010-05-05,6.0,CHI,Zonotrichia,albicollis,Passerellidae,10133,Yes,Forest,Lower
2010-05-05,6.0,CHI,Zonotrichia,albicollis,Passerellidae,10133,Yes,Forest,Lower
2010-05-05,6.0,CHI,Geothlypis,trichas,Parulidae,1555,Yes,Open,Lower
2010-05-05,6.0,CHI,Zonotrichia,albicollis,Passerellidae,10133,Yes,Forest,Lower
2010-05-05,6.0,CHI,Zonotrichia,albicollis,Passerellidae,10133,Yes,Forest,Lower
2010-05-05,6.0,CHI,Zonotrichia,albicollis,Passerellidae,10133,Yes,Forest,Lower
2010-05-05,6.0,CHI,Zonotrichia,albicollis,Passerellidae,10133,Yes,Forest,Lower
2010-05-05,6.0,CHI,Zonotrichia,albicollis,Passerellidae,10133,Yes,Forest,Lower
2010-05-05,6.0,CHI,Zonotrichia,albicollis,Passerellidae,10133,Yes,Forest,Lower
2010-05-05,6.0,MP,Zonotrichia,albicollis,Passerellidae,10133,Yes,Forest,Lower
2010-05-05,6.0,CHI,Zonotrichia,albicollis,Passerellidae,10133,Yes,Forest,Lower
2010-05-05,6.0,CHI,Zonotrichia,albicollis,Passerellidae,10133,Yes,Forest,Lower
2010-05-05,6.0,CHI,Zonotrichia,albicollis,Passerellidae,10133,Yes,Forest,Lower
2010-05-05,6.0,CHI,Zonotrichia,albicollis,Passerellidae,10133,Yes,Forest,Lower
2010-05-05,6.0,CHI,Zonotrichia,albicollis,Passerellidae,10133,Yes,Forest,Lower
2010-05-05,6.0,CHI,Zonotrichia,albicollis,Passerellidae,10133,Yes,Forest,Lower
2010-05-05,6.0,CHI,Geothlypis,trichas,Parulidae,1555,Yes,Open,Lower
2010-05-05,6.0,CHI,Zonotrichia,albicollis,Passerellidae,10133,Yes,Forest,Lower
2010-05-05,6.0,CHI,Zonotrichia,albicollis,Passerellidae,10133,Yes,Forest,Lower
2010-05-05,6.0,CHI,Zonotrichia,albicollis,Passerellidae,10133,Yes,Forest,Lower
2010-05-05,6.0,CHI,Zonotrichia,albicollis,Passerellidae,10133,Yes,Forest,Lower
2010-05-05,6.0,CHI,Zonotrichia,albicollis,Passerellidae,10133,Yes,Forest,Lower
2010-05-05,6.0,CHI,Zonotrichia,albicollis,Passerellidae,10133,Yes,Forest,Lower
2010-05-05,6.0,CHI,Zonotrichia,albicollis,Passerellidae,10133,Yes,Forest,Lower
2010-05-05,6.0,CHI,Geothlypis,trichas,Parulidae,1555,Yes,Open,Lower
2010-05-05,6.0,CHI,Geothlypis,trichas,Parulidae,1555,Yes,Open,Lower
2010-05-05,6.0,MP,Zonotrichia,albicollis,Passerellidae,10133,Yes,Forest,Lower
2010-05-05,6.0,CHI,Zonotrichia,albicollis,Passerellidae,10133,Yes,Forest,Lower
2010-05-05,6.0,CHI,Zonotrichia,leucophrys,Passerellidae,1090,Yes,Edge,Lower
2010-05-05,6.0,CHI,Zonotrichia,albicollis,Passerellidae,10133,Yes,Forest,Lower
2010-05-06,4.0,CHI,Seiurus,aurocapilla,Parulidae,4580,Yes,Forest,Lower
2010-05-06,4.0,CHI,Seiurus,aurocapilla,Parulidae,4580,Yes,Forest,Lower
2010-05-06,4.0,MP,Catharus,minimus,Turdidae,822,Yes,Forest,Lower
2010-05-06,4.0,CHI,Zonotrichia,albicollis,Passerellidae,10133,Yes,Forest,Lower
2010-05-06,4.0,CHI,Seiurus,aurocapilla,Parulidae,4580,Yes,Forest,Lower
2010-05-06,4.0,CHI,Zonotrichia,albicollis,Passerellidae,10133,Yes,Forest,Lower
2010-05-06,4.0,CHI,Seiurus,aurocapilla,Parulidae,4580,Yes,Forest,Lower
2010-05-06,4.0,CHI,Seiurus,aurocapilla,Parulidae,4580,Yes,Forest,Lower
2010-05-06,4.0,CHI,Zonotrichia,albicollis,Passerellidae,10133,Yes,Forest,Lower
2010-05-06,4.0,CHI,Oreothlypis,ruficapilla,Parulidae,1690,Yes,Forest,Upper
2010-05-06,4.0,CHI,Passerina,cyanea,Cardinalidae,725,yes,edge,Upper
2010-05-06,4.0,CHI,Zonotrichia,albicollis,Passerellidae,10133,Yes,Forest,Lower
2010-05-06,4.0,CHI,Hylocichla,mustelina,Turdidae,500,Yes,Forest,Lower
2010-05-06,4.0,CHI,Seiurus,aurocapilla,Parulidae,4580,Yes,Forest,Lower
2010-05-06,4.0,CHI,Zonotrichia,albicollis,Passerellidae,10133,Yes,Forest,Lower
2010-05-06,4.0,MP,Zonotrichia,albicollis,Passerellidae,10133,Yes,Forest,Lower
2010-05-06,4.0,CHI,Seiurus,aurocapilla,Parulidae,4580,Yes,Forest,Lower
2010-05-06,4.0,MP,Zonotrichia,albicollis,Passerellidae,10133,Yes,Forest,Lower
2010-05-06,4.0,CHI,Zonotrichia,albicollis,Passerellidae,10133,Yes,Forest,Lower
2010-05-06,4.0,CHI,Zonotrichia,leucophrys,Passerellidae,1090,Yes,Edge,Lower
2010-05-06,4.0,CHI,Zonotrichia,leucophrys,Passerellidae,1090,Yes,Edge,Lower
2010-05-06,4.0,CHI,Seiurus,aurocapilla,Parulidae,4580,Yes,Forest,Lower
2010-05-06,4.0,MP,Zonotrichia,albicollis,Passerellidae,10133,Yes,Forest,Lower
2010-05-06,4.0,CHI,Seiurus,aurocapilla,Parulidae,4580,Yes,Forest,Lower
2010-05-06,4.0,CHI,Zonotrichia,albicollis,Passerellidae,10133,Yes,Forest,Lower
2010-05-07,4.0,CHI,Zonotrichia,albicollis,Passerellidae,10133,Yes,Forest,Lower
2010-05-07,4.0,CHI,Hylocichla,mustelina,Turdidae,500,Yes,Forest,Lower
2010-05-07,4.0,CHI,Zonotrichia,albicollis,Passerellidae,10133,Yes,Forest,Lower
2010-05-07,4.0,CHI,Oreothlypis,peregrina,Parulidae,2515,Yes,Edge,Upper
2010-05-07,4.0,CHI,Seiurus,aurocapilla,Parulidae,4580,Yes,Forest,Lower
2010-05-07,4.0,CHI,Seiurus,aurocapilla,Parulidae,4580,Yes,Forest,Lower
2010-05-07,4.0,CHI,Geothlypis,trichas,Parulidae,1555,Yes,Open,Lower
2010-05-08,4.0,CHI,Zonotrichia,albicollis,Passerellidae,10133,Yes,Forest,Lower
2010-05-08,4.0,CHI,Pheucticus,ludovicianus,Cardinalidae,397,Yes,Forest,Upper
2010-05-08,4.0,CHI,Zonotrichia,albicollis,Passerellidae,10133,Yes,Forest,Lower
2010-05-08,4.0,CHI,Zonotrichia,albicollis,Passerellidae,10133,Yes,Forest,Lower
2010-05-08,4.0,CHI,Geothlypis,trichas,Parulidae,1555,Yes,Open,Lower
2010-05-08,4.0,CHI,Oreothlypis,ruficapilla,Parulidae,1690,Yes,Forest,Upper
2010-05-08,4.0,CHI,Zonotrichia,albicollis,Passerellidae,10133,Yes,Forest,Lower
2010-05-08,4.0,CHI,Seiurus,aurocapilla,Parulidae,4580,Yes,Forest,Lower
2010-05-08,4.0,CHI,Pheucticus,ludovicianus,Cardinalidae,397,Yes,Forest,Upper
2010-05-08,4.0,CHI,Zonotrichia,albicollis,Passerellidae,10133,Yes,Forest,Lower
2010-05-09,4.0,CHI,Geothlypis,trichas,Parulidae,1555,Yes,Open,Lower
2010-05-09,4.0,CHI,Seiurus,aurocapilla,Parulidae,4580,Yes,Forest,Lower
2010-05-09,4.0,CHI,Hylocichla,mustelina,Turdidae,500,Yes,Forest,Lower
2010-05-09,4.0,CHI,Zonotrichia,albicollis,Passerellidae,10133,Yes,Forest,Lower
2010-05-09,4.0,CHI,Zonotrichia,albicollis,Passerellidae,10133,Yes,Forest,Lower
2010-05-10,4.0,CHI,Seiurus,aurocapilla,Parulidae,4580,Yes,Forest,Lower
2010-05-10,4.0,CHI,Zonotrichia,albicollis,Passerellidae,10133,Yes,Forest,Lower
2010-05-10,4.0,CHI,Seiurus,aurocapilla,Parulidae,4580,Yes,Forest,Lower
2010-05-10,4.0,CHI,Oreothlypis,ruficapilla,Parulidae,1690,Yes,Forest,Upper
2010-05-10,4.0,CHI,Oreothlypis,ruficapilla,Parulidae,1690,Yes,Forest,Upper
2010-05-10,4.0,CHI,Zonotrichia,albicollis,Passerellidae,10133,Yes,Forest,Lower
2010-05-10,4.0,CHI,Zonotrichia,albicollis,Passerellidae,10133,Yes,Forest,Lower
2010-05-10,4.0,CHI,Zonotrichia,albicollis,Passerellidae,10133,Yes,Forest,Lower
2010-05-10,4.0,CHI,Icterus,galbula,Icteridae,83,Yes,Edge,Upper
2010-05-10,4.0,CHI,Hylocichla,mustelina,Turdidae,500,Yes,Forest,Lower
2010-05-10,4.0,CHI,Hylocichla,mustelina,Turdidae,500,Yes,Forest,Lower
2010-05-11,14.0,CHI,Cistothorus,platensis,Troglodytidae,60,no,open,Lower
2010-05-11,14.0,CHI,Vermivora,chrysoptera,Parulidae,53,Yes,Edge,Upper
2010-05-11,14.0,CHI,Setophaga,petechia,Parulidae,77,Yes,Edge,Upper
2010-05-11,14.0,CHI,Oreothlypis,ruficapilla,Parulidae,1690,Yes,Forest,Upper
2010-05-11,14.0,MP,Catharus,fuscescens,Turdidae,727,Yes,Forest,Lower
2010-05-11,14.0,CHI,Zonotrichia,albicollis,Passerellidae,10133,Yes,Forest,Lower
2010-05-11,14.0,CHI,Piranga,olivacea,Cardinalidae,127,Yes,Forest,Upper
2010-05-12,14.0,CHI,Parkesia,noveboracensis,Parulidae,916,Yes,Forest,Lower
2010-05-12,14.0,CHI,Seiurus,aurocapilla,Parulidae,4580,Yes,Forest,Lower
2010-05-12,14.0,CHI,Oreothlypis,ruficapilla,Parulidae,1690,Yes,Forest,Upper
2010-05-12,14.0,CHI,Oreothlypis,ruficapilla,Parulidae,1690,Yes,Forest,Upper
2010-05-12,14.0,CHI,Seiurus,aurocapilla,Parulidae,4580,Yes,Forest,Lower
2010-05-12,14.0,CHI,Seiurus,aurocapilla,Parulidae,4580,Yes,Forest,Lower
2010-05-12,14.0,CHI,Zonotrichia,albicollis,Passerellidae,10133,Yes,Forest,Lower
2010-05-12,14.0,CHI,Pheucticus,ludovicianus,Cardinalidae,397,Yes,Forest,Upper
2010-05-13,17.0,CHI,Zonotrichia,leucophrys,Passerellidae,1090,Yes,Edge,Lower
2010-05-13,17.0,CHI,Seiurus,aurocapilla,Parulidae,4580,Yes,Forest,Lower
2010-05-13,17.0,CHI,Seiurus,aurocapilla,Parulidae,4580,Yes,Forest,Lower
2010-05-13,17.0,CHI,Geothlypis,trichas,Parulidae,1555,Yes,Open,Lower
2010-05-14,17.0,MP,Hylocichla,mustelina,Turdidae,500,Yes,Forest,Lower
2010-05-14,17.0,CHI,Catharus,guttatus,Turdidae,3729,Yes,Forest,Lower
2010-05-14,17.0,CHI,Hylocichla,mustelina,Turdidae,500,Yes,Forest,Lower
2010-05-14,17.0,CHI,Mniotilta,varia,Parulidae,620,Yes,Forest,Upper
2010-05-14,17.0,CHI,Seiurus,aurocapilla,Parulidae,4580,Yes,Forest,Lower
2010-05-14,17.0,CHI,Seiurus,aurocapilla,Parulidae,4580,Yes,Forest,Lower
2010-05-14,17.0,CHI,Zonotrichia,leucophrys,Passerellidae,1090,Yes,Edge,Lower
2010-05-14,17.0,CHI,Zonotrichia,leucophrys,Passerellidae,1090,Yes,Edge,Lower
2010-05-14,17.0,MP,Oreothlypis,ruficapilla,Parulidae,1690,Yes,Forest,Upper
2010-05-14,17.0,CHI,Troglodytes,aedon,Troglodytidae,104,No,Edge,Lower
2010-05-14,17.0,CHI,Seiurus,aurocapilla,Parulidae,4580,Yes,Forest,Lower
2010-05-14,17.0,CHI,dumetella,carolinensis,Mimidae,599,no,edge,Lower
2010-05-14,17.0,CHI,Seiurus,aurocapilla,Parulidae,4580,Yes,Forest,Lower
2010-05-14,17.0,CHI,dumetella,carolinensis,Mimidae,599,no,edge,Lower
2010-05-14,17.0,CHI,Seiurus,aurocapilla,Parulidae,4580,Yes,Forest,Lower
2010-05-14,17.0,CHI,Passerina,cyanea,Cardinalidae,725,yes,edge,Upper
2010-05-14,17.0,CHI,Seiurus,aurocapilla,Parulidae,4580,Yes,Forest,Lower
2010-05-14,17.0,CHI,Parkesia,noveboracensis,Parulidae,916,Yes,Forest,Lower
2010-05-14,17.0,CHI,Seiurus,aurocapilla,Parulidae,4580,Yes,Forest,Lower
2010-05-14,17.0,CHI,Passerina,cyanea,Cardinalidae,725,yes,edge,Upper
2010-05-14,17.0,CHI,Seiurus,aurocapilla,Parulidae,4580,Yes,Forest,Lower
2010-05-14,17.0,CHI,Zonotrichia,leucophrys,Passerellidae,1090,Yes,Edge,Lower
2010-05-14,17.0,CHI,Parkesia,noveboracensis,Parulidae,916,Yes,Forest,Lower
2010-05-14,17.0,CHI,Seiurus,aurocapilla,Parulidae,4580,Yes,Forest,Lower
2010-05-14,17.0,CHI,Seiurus,aurocapilla,Parulidae,4580,Yes,Forest,Lower
2010-05-14,17.0,CHI,Zonotrichia,albicollis,Passerellidae,10133,Yes,Forest,Lower
2010-05-14,17.0,CHI,Seiurus,aurocapilla,Parulidae,4580,Yes,Forest,Lower
2010-05-14,17.0,CHI,Pheucticus,ludovicianus,Cardinalidae,397,Yes,Forest,Upper
2010-05-14,17.0,CHI,Seiurus,aurocapilla,Parulidae,4580,Yes,Forest,Lower
2010-05-14,17.0,CHI,Pheucticus,ludovicianus,Cardinalidae,397,Yes,Forest,Upper
2010-05-14,17.0,CHI,Catharus,fuscescens,Turdidae,727,Yes,Forest,Lower
2010-05-14,17.0,MP,Catharus,fuscescens,Turdidae,727,Yes,Forest,Lower
2010-05-14,17.0,CHI,Seiurus,aurocapilla,Parulidae,4580,Yes,Forest,Lower
2010-05-14,17.0,MP,Melospiza,lincolnii,Passerellidae,2029,yes,edge,Lower
2010-05-14,17.0,MP,Geothlypis,trichas,Parulidae,1555,Yes,Open,Lower
2010-05-14,17.0,MP,Seiurus,aurocapilla,Parulidae,4580,Yes,Forest,Lower
2010-05-14,17.0,MP,Seiurus,aurocapilla,Parulidae,4580,Yes,Forest,Lower
2010-05-14,17.0,CHI,Seiurus,aurocapilla,Parulidae,4580,Yes,Forest,Lower
2010-05-14,17.0,CHI,Seiurus,aurocapilla,Parulidae,4580,Yes,Forest,Lower
2010-05-14,17.0,CHI,Seiurus,aurocapilla,Parulidae,4580,Yes,Forest,Lower
2010-05-14,17.0,CHI,Seiurus,aurocapilla,Parulidae,4580,Yes,Forest,Lower
2010-05-15,17.0,CHI,Seiurus,aurocapilla,Parulidae,4580,Yes,Forest,Lower
2010-05-15,17.0,CHI,Seiurus,aurocapilla,Parulidae,4580,Yes,Forest,Lower
2010-05-15,17.0,CHI,Mniotilta,varia,Parulidae,620,Yes,Forest,Upper
2010-05-15,17.0,CHI,Piranga,olivacea,Cardinalidae,127,Yes,Forest,Upper
2010-05-15,17.0,MP,Seiurus,aurocapilla,Parulidae,4580,Yes,Forest,Lower
2010-05-15,17.0,CHI,Seiurus,aurocapilla,Parulidae,4580,Yes,Forest,Lower
2010-05-15,17.0,CHI,Seiurus,aurocapilla,Parulidae,4580,Yes,Forest,Lower
2010-05-15,17.0,CHI,Troglodytes,aedon,Troglodytidae,104,No,Edge,Lower
2010-05-15,17.0,MP,Zonotrichia,albicollis,Passerellidae,10133,Yes,Forest,Lower
2010-05-15,17.0,CHI,Zonotrichia,albicollis,Passerellidae,10133,Yes,Forest,Lower
2010-05-15,17.0,CHI,Zonotrichia,albicollis,Passerellidae,10133,Yes,Forest,Lower
2010-05-15,17.0,CHI,Melospiza,lincolnii,Passerellidae,2029,yes,edge,Lower
2010-05-15,17.0,CHI,Zonotrichia,albicollis,Passerellidae,10133,Yes,Forest,Lower
2010-05-15,17.0,CHI,Icterus,galbula,Icteridae,83,Yes,Edge,Upper
2010-05-15,17.0,CHI,Setophaga,virens,Parulidae,223,Yes,Forest,Upper
2010-05-15,17.0,CHI,Zonotrichia,albicollis,Passerellidae,10133,Yes,Forest,Lower
2010-05-15,17.0,CHI,Zonotrichia,leucophrys,Passerellidae,1090,Yes,Edge,Lower
2010-05-15,17.0,MP,Catharus,fuscescens,Turdidae,727,Yes,Forest,Lower
2010-05-15,17.0,CHI,Piranga,rubra,Cardinalidae,9,Yes,Forest,Upper
2010-05-15,17.0,CHI,Pheucticus,ludovicianus,Cardinalidae,397,Yes,Forest,Upper
2010-05-15,17.0,CHI,Zonotrichia,leucophrys,Passerellidae,1090,Yes,Edge,Lower
2010-05-15,17.0,CHI,Zonotrichia,leucophrys,Passerellidae,1090,Yes,Edge,Lower
2010-05-15,17.0,CHI,Oreothlypis,ruficapilla,Parulidae,1690,Yes,Forest,Upper
2010-05-15,17.0,CHI,Setophaga,magnolia,Parulidae,1224,yes,forest,Upper
2010-05-15,17.0,CHI,Setophaga,palmarum,Parulidae,694,Yes,Edge,Lower
2010-05-15,17.0,CHI,Zonotrichia,leucophrys,Passerellidae,1090,Yes,Edge,Lower
2010-05-15,17.0,CHI,Seiurus,aurocapilla,Parulidae,4580,Yes,Forest,Lower
2010-05-15,17.0,CHI,Seiurus,aurocapilla,Parulidae,4580,Yes,Forest,Lower
2010-05-15,17.0,CHI,Seiurus,aurocapilla,Parulidae,4580,Yes,Forest,Lower
2010-05-16,17.0,CHI,Seiurus,aurocapilla,Parulidae,4580,Yes,Forest,Lower
2010-05-16,17.0,CHI,Zonotrichia,albicollis,Passerellidae,10133,Yes,Forest,Lower
2010-05-16,17.0,CHI,Zonotrichia,albicollis,Passerellidae,10133,Yes,Forest,Lower
2010-05-16,17.0,CHI,Setophaga,tigrina,Parulidae,182,Yes,Forest,Upper
2010-05-16,17.0,CHI,Setophaga,tigrina,Parulidae,182,Yes,Forest,Upper
2010-05-16,17.0,CHI,Pheucticus,ludovicianus,Cardinalidae,397,Yes,Forest,Upper
2010-05-16,17.0,CHI,Pheucticus,ludovicianus,Cardinalidae,397,Yes,Forest,Upper
2010-05-16,17.0,CHI,Seiurus,aurocapilla,Parulidae,4580,Yes,Forest,Lower
2010-05-16,17.0,CHI,Setophaga,fusca,Parulidae,201,Yes,Forest,Upper
2010-05-16,17.0,CHI,cistothorus,palustris,Troglodytidae,91,No,Open,Lower
2010-05-16,17.0,CHI,Catharus,fuscescens,Turdidae,727,Yes,Forest,Lower
2010-05-17,17.0,CHI,Hylocichla,mustelina,Turdidae,500,Yes,Forest,Lower
2010-05-17,17.0,CHI,Pheucticus,ludovicianus,Cardinalidae,397,Yes,Forest,Upper
2010-05-17,17.0,CHI,Seiurus,aurocapilla,Parulidae,4580,Yes,Forest,Lower
2010-05-17,17.0,CHI,Hylocichla,mustelina,Turdidae,500,Yes,Forest,Lower
2010-05-20,4.0,CHI,Setophaga,fusca,Parulidae,201,Yes,Forest,Upper
2010-05-20,4.0,CHI,Passerina,cyanea,Cardinalidae,725,yes,edge,Upper
2010-05-20,4.0,CHI,cistothorus,palustris,Troglodytidae,91,No,Open,Lower
2010-05-20,4.0,CHI,setophaga,ruticilla,Parulidae,868,Yes,Edge,Upper
2010-05-20,4.0,CHI,dumetella,carolinensis,Mimidae,599,no,edge,Lower
2010-05-20,4.0,CHI,Seiurus,aurocapilla,Parulidae,4580,Yes,Forest,Lower
2010-05-20,4.0,CHI,Seiurus,aurocapilla,Parulidae,4580,Yes,Forest,Lower
2010-05-20,4.0,CHI,Pheucticus,ludovicianus,Cardinalidae,397,Yes,Forest,Upper
2010-05-20,4.0,CHI,Geothlypis,trichas,Parulidae,1555,Yes,Open,Lower
2010-05-20,4.0,CHI,Geothlypis,trichas,Parulidae,1555,Yes,Open,Lower
2010-05-20,4.0,CHI,Seiurus,aurocapilla,Parulidae,4580,Yes,Forest,Lower
2010-05-20,4.0,CHI,Setophaga,tigrina,Parulidae,182,Yes,Forest,Upper
2010-05-21,4.0,CHI,Seiurus,aurocapilla,Parulidae,4580,Yes,Forest,Lower
2010-05-21,4.0,CHI,Setophaga,fusca,Parulidae,201,Yes,Forest,Upper
2010-05-22,4.0,CHI,Seiurus,aurocapilla,Parulidae,4580,Yes,Forest,Lower
2010-05-22,4.0,CHI,Seiurus,aurocapilla,Parulidae,4580,Yes,Forest,Lower
2010-05-22,4.0,CHI,Zonotrichia,albicollis,Passerellidae,10133,Yes,Forest,Lower
2010-05-22,4.0,CHI,Seiurus,aurocapilla,Parulidae,4580,Yes,Forest,Lower
2010-05-22,4.0,CHI,Parkesia,noveboracensis,Parulidae,916,Yes,Forest,Lower
2010-05-22,4.0,CHI,Seiurus,aurocapilla,Parulidae,4580,Yes,Forest,Lower
2010-05-22,4.0,CHI,Zonotrichia,albicollis,Passerellidae,10133,Yes,Forest,Lower
2010-05-22,4.0,CHI,Seiurus,aurocapilla,Parulidae,4580,Yes,Forest,Lower
2010-05-22,4.0,CHI,Piranga,olivacea,Cardinalidae,127,Yes,Forest,Upper
2010-05-22,4.0,CHI,Geothlypis,trichas,Parulidae,1555,Yes,Open,Lower
2010-05-22,4.0,CHI,Setophaga,magnolia,Parulidae,1224,yes,forest,Upper
2010-05-22,4.0,CHI,Mniotilta,varia,Parulidae,620,Yes,Forest,Upper
2010-05-22,4.0,CHI,Seiurus,aurocapilla,Parulidae,4580,Yes,Forest,Lower
2010-05-22,4.0,CHI,Seiurus,aurocapilla,Parulidae,4580,Yes,Forest,Lower
2010-05-22,4.0,CHI,Seiurus,aurocapilla,Parulidae,4580,Yes,Forest,Lower
2010-05-22,4.0,CHI,Seiurus,aurocapilla,Parulidae,4580,Yes,Forest,Lower
2010-05-23,4.0,CHI,Passerina,cyanea,Cardinalidae,725,yes,edge,Upper
2010-05-23,4.0,CHI,Passerina,cyanea,Cardinalidae,725,yes,edge,Upper
2010-05-23,4.0,CHI,catharus,ustulatus,Turdidae,2331,Yes,Forest,Lower
2010-05-23,4.0,CHI,geothlypis,philadelphia,Parulidae,430,Yes,Edge,Lower
2010-05-23,4.0,CHI,Passerina,cyanea,Cardinalidae,725,yes,edge,Upper
2010-05-23,4.0,MP,catharus,ustulatus,Turdidae,2331,Yes,Forest,Lower
2010-05-23,4.0,CHI,Oporornis,agilis,Parulidae,365,Yes,Forest,Lower
2010-05-23,4.0,CHI,Oreothlypis,peregrina,Parulidae,2515,Yes,Edge,Upper
2010-05-23,4.0,CHI,Setophaga,pensylvanica,Parulidae,303,Yes,Edge,Upper
2010-05-23,4.0,CHI,Geothlypis,trichas,Parulidae,1555,Yes,Open,Lower
2010-05-23,4.0,CHI,Vireo,olivaceus,Vireonidae,133,No,Forest,Upper
2010-05-23,4.0,CHI,Mniotilta,varia,Parulidae,620,Yes,Forest,Upper
2010-05-23,4.0,CHI,Hylocichla,mustelina,Turdidae,500,Yes,Forest,Lower
2010-05-23,4.0,CHI,Setophaga,striata,Parulidae,787,Yes,Forest,Upper
2010-05-24,4.0,CHI,Piranga,rubra,Cardinalidae,9,Yes,Forest,Upper
2010-05-24,4.0,CHI,Oreothlypis,peregrina,Parulidae,2515,Yes,Edge,Upper
2010-05-24,4.0,CHI,Setophaga,fusca,Parulidae,201,Yes,Forest,Upper
2010-05-24,4.0,CHI,Seiurus,aurocapilla,Parulidae,4580,Yes,Forest,Lower
2010-05-24,4.0,CHI,Seiurus,aurocapilla,Parulidae,4580,Yes,Forest,Lower
2010-05-24,4.0,CHI,Contopus,virens,Tyrannidae,70,No,Forest,Upper
2010-05-24,4.0,CHI,Passerina,cyanea,Cardinalidae,725,yes,edge,Upper
2010-08-23,4.0,CHI,Seiurus,aurocapilla,Parulidae,4580,Yes,Forest,Lower
2010-08-23,4.0,CHI,Oreothlypis,peregrina,Parulidae,2515,Yes,Edge,Upper
2010-08-23,4.0,CHI,geothlypis,philadelphia,Parulidae,430,Yes,Edge,Lower
2010-08-23,4.0,CHI,Mniotilta,varia,Parulidae,620,Yes,Forest,Upper
2010-08-23,4.0,CHI,Melospiza,melodia,Passerellidae,5124,Yes,Edge,Lower
2010-08-25,4.0,CHI,geothlypis,philadelphia,Parulidae,430,Yes,Edge,Lower
2010-08-25,4.0,CHI,Oreothlypis,peregrina,Parulidae,2515,Yes,Edge,Upper
2010-08-25,4.0,CHI,Oreothlypis,peregrina,Parulidae,2515,Yes,Edge,Upper
2010-08-25,4.0,CHI,Spizella,passerina,Passerellidae,68,Yes,Edge,Lower
2010-08-25,4.0,CHI,catharus,ustulatus,Turdidae,2331,Yes,Forest,Lower
2010-08-25,4.0,CHI,Oreothlypis,ruficapilla,Parulidae,1690,Yes,Forest,Upper
2010-08-25,4.0,CHI,Oreothlypis,peregrina,Parulidae,2515,Yes,Edge,Upper
2010-08-26,4.0,CHI,Seiurus,aurocapilla,Parulidae,4580,Yes,Forest,Lower
2010-08-26,4.0,CHI,Seiurus,aurocapilla,Parulidae,4580,Yes,Forest,Lower
2010-08-26,4.0,CHI,Parkesia,noveboracensis,Parulidae,916,Yes,Forest,Lower
2010-08-26,4.0,CHI,catharus,ustulatus,Turdidae,2331,Yes,Forest,Lower
2010-08-26,4.0,CHI,catharus,ustulatus,Turdidae,2331,Yes,Forest,Lower
2010-08-26,4.0,MP,catharus,ustulatus,Turdidae,2331,Yes,Forest,Lower
2010-08-27,4.0,CHI,catharus,ustulatus,Turdidae,2331,Yes,Forest,Lower
2010-08-27,4.0,CHI,Setophaga,magnolia,Parulidae,1224,yes,forest,Upper
2010-08-28,4.0,MP,catharus,ustulatus,Turdidae,2331,Yes,Forest,Lower
2010-08-28,4.0,MP,Oreothlypis,ruficapilla,Parulidae,1690,Yes,Forest,Upper
2010-08-29,4.0,CHI,catharus,ustulatus,Turdidae,2331,Yes,Forest,Lower
2010-08-29,4.0,CHI,Oreothlypis,peregrina,Parulidae,2515,Yes,Edge,Upper
2010-08-29,4.0,CHI,Hylocichla,mustelina,Turdidae,500,Yes,Forest,Lower
2010-08-30,4.0,CHI,Seiurus,aurocapilla,Parulidae,4580,Yes,Forest,Lower
2010-08-30,4.0,CHI,Vireo,olivaceus,Vireonidae,133,No,Forest,Upper
2010-08-31,17.0,CHI,setophaga,ruticilla,Parulidae,868,Yes,Edge,Upper
2010-08-31,17.0,MP,Setophaga,striata,Parulidae,787,Yes,Forest,Upper
2010-09-01,17.0,CHI,Seiurus,aurocapilla,Parulidae,4580,Yes,Forest,Lower
2010-09-01,17.0,CHI,Oreothlypis,peregrina,Parulidae,2515,Yes,Edge,Upper
2010-09-02,14.0,CHI,Oreothlypis,peregrina,Parulidae,2515,Yes,Edge,Upper
2010-09-02,14.0,CHI,Mniotilta,varia,Parulidae,620,Yes,Forest,Upper
2010-09-02,14.0,CHI,Mniotilta,varia,Parulidae,620,Yes,Forest,Upper
2010-09-02,14.0,CHI,Oreothlypis,peregrina,Parulidae,2515,Yes,Edge,Upper
2010-09-02,14.0,CHI,Oreothlypis,peregrina,Parulidae,2515,Yes,Edge,Upper
2010-09-02,14.0,CHI,Oreothlypis,peregrina,Parulidae,2515,Yes,Edge,Upper
2010-09-02,14.0,CHI,Oreothlypis,peregrina,Parulidae,2515,Yes,Edge,Upper
2010-09-02,14.0,CHI,Mniotilta,varia,Parulidae,620,Yes,Forest,Upper
2010-09-02,14.0,CHI,Mniotilta,varia,Parulidae,620,Yes,Forest,Upper
2010-09-02,14.0,CHI,Oreothlypis,peregrina,Parulidae,2515,Yes,Edge,Upper
2010-09-02,14.0,CHI,Oreothlypis,peregrina,Parulidae,2515,Yes,Edge,Upper
2010-09-02,14.0,CHI,Oreothlypis,peregrina,Parulidae,2515,Yes,Edge,Upper
2010-09-02,14.0,CHI,Oreothlypis,peregrina,Parulidae,2515,Yes,Edge,Upper
2010-09-02,14.0,CHI,Oreothlypis,peregrina,Parulidae,2515,Yes,Edge,Upper
2010-09-02,14.0,CHI,Oreothlypis,peregrina,Parulidae,2515,Yes,Edge,Upper
2010-09-02,14.0,CHI,Oreothlypis,peregrina,Parulidae,2515,Yes,Edge,Upper
2010-09-02,14.0,MP,Oreothlypis,peregrina,Parulidae,2515,Yes,Edge,Upper
2010-09-02,14.0,MP,Oreothlypis,peregrina,Parulidae,2515,Yes,Edge,Upper
2010-09-02,14.0,CHI,Oreothlypis,peregrina,Parulidae,2515,Yes,Edge,Upper
2010-09-02,14.0,CHI,Setophaga,tigrina,Parulidae,182,Yes,Forest,Upper
2010-09-02,14.0,CHI,Oreothlypis,peregrina,Parulidae,2515,Yes,Edge,Upper
2010-09-02,14.0,CHI,Oreothlypis,peregrina,Parulidae,2515,Yes,Edge,Upper
2010-09-02,14.0,CHI,Oreothlypis,peregrina,Parulidae,2515,Yes,Edge,Upper
2010-09-02,14.0,CHI,Catharus,fuscescens,Turdidae,727,Yes,Forest,Lower
2010-09-02,14.0,CHI,setophaga,ruticilla,Parulidae,868,Yes,Edge,Upper
2010-09-02,14.0,CHI,Seiurus,aurocapilla,Parulidae,4580,Yes,Forest,Lower
2010-09-02,14.0,CHI,Seiurus,aurocapilla,Parulidae,4580,Yes,Forest,Lower
2010-09-02,14.0,CHI,Seiurus,aurocapilla,Parulidae,4580,Yes,Forest,Lower
2010-09-02,14.0,CHI,Seiurus,aurocapilla,Parulidae,4580,Yes,Forest,Lower
2010-09-02,14.0,CHI,Seiurus,aurocapilla,Parulidae,4580,Yes,Forest,Lower
2010-09-02,14.0,CHI,Seiurus,aurocapilla,Parulidae,4580,Yes,Forest,Lower
2010-09-02,14.0,CHI,setophaga,ruticilla,Parulidae,868,Yes,Edge,Upper
2010-09-02,14.0,CHI,setophaga,ruticilla,Parulidae,868,Yes,Edge,Upper
2010-09-02,14.0,CHI,Oreothlypis,peregrina,Parulidae,2515,Yes,Edge,Upper
2010-09-02,14.0,CHI,Setophaga,magnolia,Parulidae,1224,yes,forest,Upper
2010-09-02,14.0,CHI,Setophaga,magnolia,Parulidae,1224,yes,forest,Upper
2010-09-02,14.0,MP,Seiurus,aurocapilla,Parulidae,4580,Yes,Forest,Lower
2010-09-02,14.0,MP,Seiurus,aurocapilla,Parulidae,4580,Yes,Forest,Lower
2010-09-02,14.0,CHI,Seiurus,aurocapilla,Parulidae,4580,Yes,Forest,Lower
2010-09-02,14.0,CHI,Setophaga,pensylvanica,Parulidae,303,Yes,Edge,Upper
2010-09-02,14.0,CHI,catharus,ustulatus,Turdidae,2331,Yes,Forest,Lower
2010-09-02,14.0,MP,Catharus,fuscescens,Turdidae,727,Yes,Forest,Lower
2010-09-02,14.0,MP,setophaga,ruticilla,Parulidae,868,Yes,Edge,Upper
2010-09-02,14.0,CHI,catharus,ustulatus,Turdidae,2331,Yes,Forest,Lower
2010-09-02,14.0,CHI,catharus,ustulatus,Turdidae,2331,Yes,Forest,Lower
2010-09-02,14.0,CHI,catharus,ustulatus,Turdidae,2331,Yes,Forest,Lower
2010-09-02,14.0,MP,catharus,ustulatus,Turdidae,2331,Yes,Forest,Lower
2010-09-02,14.0,CHI,catharus,ustulatus,Turdidae,2331,Yes,Forest,Lower
2010-09-02,14.0,CHI,catharus,ustulatus,Turdidae,2331,Yes,Forest,Lower
2010-09-02,14.0,MP,Setophaga,striata,Parulidae,787,Yes,Forest,Upper
2010-09-02,14.0,CHI,setophaga,ruticilla,Parulidae,868,Yes,Edge,Upper
2010-09-02,14.0,MP,Setophaga,striata,Parulidae,787,Yes,Forest,Upper
2010-09-02,14.0,CHI,catharus,ustulatus,Turdidae,2331,Yes,Forest,Lower
2010-09-02,14.0,CHI,catharus,ustulatus,Turdidae,2331,Yes,Forest,Lower
2010-09-02,14.0,CHI,catharus,ustulatus,Turdidae,2331,Yes,Forest,Lower
2010-09-02,14.0,CHI,catharus,ustulatus,Turdidae,2331,Yes,Forest,Lower
2010-09-02,14.0,CHI,catharus,ustulatus,Turdidae,2331,Yes,Forest,Lower
2010-09-02,14.0,CHI,catharus,ustulatus,Turdidae,2331,Yes,Forest,Lower
2010-09-02,14.0,CHI,catharus,ustulatus,Turdidae,2331,Yes,Forest,Lower
2010-09-02,14.0,CHI,Setophaga,striata,Parulidae,787,Yes,Forest,Upper
2010-09-03,17.0,CHI,Seiurus,aurocapilla,Parulidae,4580,Yes,Forest,Lower
2010-09-03,17.0,CHI,setophaga,ruticilla,Parulidae,868,Yes,Edge,Upper
2010-09-03,17.0,CHI,Seiurus,aurocapilla,Parulidae,4580,Yes,Forest,Lower
2010-09-03,17.0,MP,Catharus,fuscescens,Turdidae,727,Yes,Forest,Lower
2010-09-03,17.0,CHI,Seiurus,aurocapilla,Parulidae,4580,Yes,Forest,Lower
2010-09-03,17.0,CHI,Setophaga,tigrina,Parulidae,182,Yes,Forest,Upper
2010-09-03,17.0,CHI,Seiurus,aurocapilla,Parulidae,4580,Yes,Forest,Lower
2010-09-03,17.0,CHI,Seiurus,aurocapilla,Parulidae,4580,Yes,Forest,Lower
2010-09-03,17.0,MP,Catharus,fuscescens,Turdidae,727,Yes,Forest,Lower
2010-09-03,17.0,MP,Catharus,fuscescens,Turdidae,727,Yes,Forest,Lower
2010-09-03,17.0,CHI,Seiurus,aurocapilla,Parulidae,4580,Yes,Forest,Lower
2010-09-03,17.0,MP,Seiurus,aurocapilla,Parulidae,4580,Yes,Forest,Lower
2010-09-03,17.0,MP,Seiurus,aurocapilla,Parulidae,4580,Yes,Forest,Lower
2010-09-03,17.0,MP,Catharus,fuscescens,Turdidae,727,Yes,Forest,Lower
2010-09-03,17.0,CHI,Setophaga,magnolia,Parulidae,1224,yes,forest,Upper
2010-09-03,17.0,MP,Catharus,fuscescens,Turdidae,727,Yes,Forest,Lower
2010-09-03,17.0,CHI,Catharus,fuscescens,Turdidae,727,Yes,Forest,Lower
2010-09-03,17.0,CHI,Catharus,fuscescens,Turdidae,727,Yes,Forest,Lower
2010-09-03,17.0,MP,Catharus,fuscescens,Turdidae,727,Yes,Forest,Lower
2010-09-03,17.0,CHI,setophaga,ruticilla,Parulidae,868,Yes,Edge,Upper
2010-09-03,17.0,MP,Catharus,fuscescens,Turdidae,727,Yes,Forest,Lower
2010-09-03,17.0,CHI,catharus,ustulatus,Turdidae,2331,Yes,Forest,Lower
2010-09-03,17.0,CHI,catharus,ustulatus,Turdidae,2331,Yes,Forest,Lower
2010-09-03,17.0,CHI,catharus,ustulatus,Turdidae,2331,Yes,Forest,Lower
2010-09-03,17.0,CHI,catharus,ustulatus,Turdidae,2331,Yes,Forest,Lower
2010-09-03,17.0,CHI,Cardellina,pusilla,Parulidae,185,Yes,Edge,Lower
2010-09-03,17.0,MP,catharus,ustulatus,Turdidae,2331,Yes,Forest,Lower
2010-09-03,17.0,MP,Oreothlypis,peregrina,Parulidae,2515,Yes,Edge,Upper
2010-09-03,17.0,CHI,Oreothlypis,peregrina,Parulidae,2515,Yes,Edge,Upper
2010-09-03,17.0,CHI,Parkesia,noveboracensis,Parulidae,916,Yes,Forest,Lower
2010-09-03,17.0,CHI,catharus,ustulatus,Turdidae,2331,Yes,Forest,Lower
2010-09-03,17.0,CHI,Oreothlypis,peregrina,Parulidae,2515,Yes,Edge,Upper
2010-09-03,17.0,CHI,Oreothlypis,peregrina,Parulidae,2515,Yes,Edge,Upper
2010-09-03,17.0,CHI,Hylocichla,mustelina,Turdidae,500,Yes,Forest,Lower
2010-09-03,17.0,CHI,Catharus,minimus,Turdidae,822,Yes,Forest,Lower
2010-09-03,17.0,CHI,Oporornis,agilis,Parulidae,365,Yes,Forest,Lower
2010-09-03,17.0,CHI,Cardellina,canadensis,Parulidae,241,Yes,Forest,Lower
2010-09-04,14.0,CHI,setophaga,ruticilla,Parulidae,868,Yes,Edge,Upper
2010-09-04,14.0,CHI,Setophaga,striata,Parulidae,787,Yes,Forest,Upper
2010-09-04,14.0,CHI,setophaga,ruticilla,Parulidae,868,Yes,Edge,Upper
2010-09-04,14.0,CHI,setophaga,ruticilla,Parulidae,868,Yes,Edge,Upper
2010-09-04,14.0,CHI,Catharus,fuscescens,Turdidae,727,Yes,Forest,Lower
2010-09-04,14.0,CHI,Setophaga,magnolia,Parulidae,1224,yes,forest,Upper
2010-09-04,14.0,CHI,catharus,ustulatus,Turdidae,2331,Yes,Forest,Lower
2010-09-04,14.0,CHI,catharus,ustulatus,Turdidae,2331,Yes,Forest,Lower
2010-09-04,14.0,CHI,catharus,ustulatus,Turdidae,2331,Yes,Forest,Lower
2010-09-04,14.0,MP,Oporornis,agilis,Parulidae,365,Yes,Forest,Lower
2010-09-04,14.0,MP,Parkesia,noveboracensis,Parulidae,916,Yes,Forest,Lower
2010-09-04,14.0,CHI,Setophaga,magnolia,Parulidae,1224,yes,forest,Upper
2010-09-04,14.0,CHI,Setophaga,magnolia,Parulidae,1224,yes,forest,Upper
2010-09-04,14.0,CHI,Setophaga,magnolia,Parulidae,1224,yes,forest,Upper
2010-09-04,14.0,MP,catharus,ustulatus,Turdidae,2331,Yes,Forest,Lower
2010-09-04,14.0,CHI,Mniotilta,varia,Parulidae,620,Yes,Forest,Upper
2010-09-04,14.0,MP,setophaga,ruticilla,Parulidae,868,Yes,Edge,Upper
2010-09-04,14.0,MP,Oreothlypis,peregrina,Parulidae,2515,Yes,Edge,Upper
2010-09-04,14.0,CHI,Catharus,minimus,Turdidae,822,Yes,Forest,Lower
2010-09-04,14.0,CHI,Seiurus,aurocapilla,Parulidae,4580,Yes,Forest,Lower
2010-09-04,14.0,CHI,Oreothlypis,peregrina,Parulidae,2515,Yes,Edge,Upper
2010-09-04,14.0,MP,Seiurus,aurocapilla,Parulidae,4580,Yes,Forest,Lower
2010-09-04,14.0,MP,Seiurus,aurocapilla,Parulidae,4580,Yes,Forest,Lower
2010-09-04,14.0,MP,Seiurus,aurocapilla,Parulidae,4580,Yes,Forest,Lower
2010-09-04,14.0,CHI,Seiurus,aurocapilla,Parulidae,4580,Yes,Forest,Lower
2010-09-04,14.0,MP,Oreothlypis,peregrina,Parulidae,2515,Yes,Edge,Upper
2010-09-04,14.0,MP,Seiurus,aurocapilla,Parulidae,4580,Yes,Forest,Lower
2010-09-04,14.0,CHI,Seiurus,aurocapilla,Parulidae,4580,Yes,Forest,Lower
2010-09-04,14.0,CHI,Seiurus,aurocapilla,Parulidae,4580,Yes,Forest,Lower
2010-09-04,14.0,CHI,Seiurus,aurocapilla,Parulidae,4580,Yes,Forest,Lower
2010-09-04,14.0,CHI,Seiurus,aurocapilla,Parulidae,4580,Yes,Forest,Lower
2010-09-04,14.0,CHI,Oreothlypis,peregrina,Parulidae,2515,Yes,Edge,Upper
2010-09-04,14.0,MP,Setophaga,striata,Parulidae,787,Yes,Forest,Upper
2010-09-04,14.0,MP,Setophaga,striata,Parulidae,787,Yes,Forest,Upper
2010-09-04,14.0,MP,Oreothlypis,peregrina,Parulidae,2515,Yes,Edge,Upper
2010-09-04,14.0,MP,Setophaga,striata,Parulidae,787,Yes,Forest,Upper
2010-09-05,14.0,MP,Parkesia,noveboracensis,Parulidae,916,Yes,Forest,Lower
2010-09-05,14.0,CHI,Vireo,olivaceus,Vireonidae,133,No,Forest,Upper
2010-09-05,14.0,CHI,Setophaga,magnolia,Parulidae,1224,yes,forest,Upper
2010-09-05,14.0,MP,catharus,ustulatus,Turdidae,2331,Yes,Forest,Lower
2010-09-05,14.0,MP,catharus,ustulatus,Turdidae,2331,Yes,Forest,Lower
2010-09-05,14.0,MP,catharus,ustulatus,Turdidae,2331,Yes,Forest,Lower
2010-09-05,14.0,CHI,catharus,ustulatus,Turdidae,2331,Yes,Forest,Lower
2010-09-05,14.0,CHI,catharus,ustulatus,Turdidae,2331,Yes,Forest,Lower
2010-09-05,14.0,CHI,catharus,ustulatus,Turdidae,2331,Yes,Forest,Lower
2010-09-05,14.0,MP,Parkesia,noveboracensis,Parulidae,916,Yes,Forest,Lower
2010-09-05,14.0,CHI,Setophaga,magnolia,Parulidae,1224,yes,forest,Upper
2010-09-05,14.0,CHI,Cardellina,pusilla,Parulidae,185,Yes,Edge,Lower
2010-09-05,14.0,CHI,Parkesia,noveboracensis,Parulidae,916,Yes,Forest,Lower
2010-09-05,14.0,MP,Seiurus,aurocapilla,Parulidae,4580,Yes,Forest,Lower
2010-09-05,14.0,CHI,Seiurus,aurocapilla,Parulidae,4580,Yes,Forest,Lower
2010-09-05,14.0,CHI,Seiurus,aurocapilla,Parulidae,4580,Yes,Forest,Lower
2010-09-05,14.0,CHI,Seiurus,aurocapilla,Parulidae,4580,Yes,Forest,Lower
2010-09-05,14.0,CHI,Seiurus,aurocapilla,Parulidae,4580,Yes,Forest,Lower
2010-09-05,14.0,CHI,Seiurus,aurocapilla,Parulidae,4580,Yes,Forest,Lower
2010-09-05,14.0,CHI,Seiurus,aurocapilla,Parulidae,4580,Yes,Forest,Lower
2010-09-05,14.0,MP,Oporornis,agilis,Parulidae,365,Yes,Forest,Lower
2010-09-05,14.0,MP,Parkesia,noveboracensis,Parulidae,916,Yes,Forest,Lower
2010-09-05,14.0,CHI,Oreothlypis,peregrina,Parulidae,2515,Yes,Edge,Upper
2010-09-05,14.0,CHI,Oreothlypis,peregrina,Parulidae,2515,Yes,Edge,Upper
2010-09-05,14.0,CHI,Oreothlypis,peregrina,Parulidae,2515,Yes,Edge,Upper
2010-09-05,14.0,CHI,Melospiza,lincolnii,Passerellidae,2029,yes,edge,Lower
2010-09-05,14.0,CHI,Hylocichla,mustelina,Turdidae,500,Yes,Forest,Lower
2010-09-05,14.0,CHI,Parkesia,noveboracensis,Parulidae,916,Yes,Forest,Lower
2010-09-05,14.0,CHI,catharus,ustulatus,Turdidae,2331,Yes,Forest,Lower
2010-09-05,14.0,CHI,Cardellina,pusilla,Parulidae,185,Yes,Edge,Lower
2010-09-05,14.0,CHI,Cardellina,pusilla,Parulidae,185,Yes,Edge,Lower
2010-09-05,14.0,CHI,Oreothlypis,peregrina,Parulidae,2515,Yes,Edge,Upper
2010-09-05,14.0,CHI,Setophaga,magnolia,Parulidae,1224,yes,forest,Upper
2010-09-05,14.0,CHI,Seiurus,aurocapilla,Parulidae,4580,Yes,Forest,Lower
2010-09-05,14.0,CHI,Setophaga,striata,Parulidae,787,Yes,Forest,Upper
2010-09-05,14.0,CHI,Catharus,minimus,Turdidae,822,Yes,Forest,Lower
2010-09-05,14.0,CHI,catharus,ustulatus,Turdidae,2331,Yes,Forest,Lower
2010-09-05,14.0,CHI,catharus,ustulatus,Turdidae,2331,Yes,Forest,Lower
2010-09-05,14.0,CHI,catharus,ustulatus,Turdidae,2331,Yes,Forest,Lower
2010-09-05,14.0,CHI,Setophaga,striata,Parulidae,787,Yes,Forest,Upper
2010-09-05,14.0,CHI,Mniotilta,varia,Parulidae,620,Yes,Forest,Upper
2010-09-05,14.0,CHI,Catharus,minimus,Turdidae,822,Yes,Forest,Lower
2010-09-05,14.0,CHI,catharus,ustulatus,Turdidae,2331,Yes,Forest,Lower
2010-09-05,14.0,CHI,Setophaga,pinus,Parulidae,49,Yes,Forest,Upper
2010-09-05,14.0,CHI,Catharus,minimus,Turdidae,822,Yes,Forest,Lower
2010-09-05,14.0,CHI,Catharus,fuscescens,Turdidae,727,Yes,Forest,Lower
2010-09-06,14.0,CHI,Geothlypis,trichas,Parulidae,1555,Yes,Open,Lower
2010-09-06,14.0,CHI,Oreothlypis,peregrina,Parulidae,2515,Yes,Edge,Upper
2010-09-06,14.0,CHI,Oreothlypis,peregrina,Parulidae,2515,Yes,Edge,Upper
2010-09-06,14.0,CHI,Catharus,minimus,Turdidae,822,Yes,Forest,Lower
2010-09-06,14.0,CHI,Setophaga,magnolia,Parulidae,1224,yes,forest,Upper
2010-09-06,14.0,CHI,Setophaga,pensylvanica,Parulidae,303,Yes,Edge,Upper
2010-09-06,14.0,CHI,Seiurus,aurocapilla,Parulidae,4580,Yes,Forest,Lower
2010-09-06,14.0,CHI,Setophaga,magnolia,Parulidae,1224,yes,forest,Upper
2010-09-06,14.0,MP,Catharus,fuscescens,Turdidae,727,Yes,Forest,Lower
2010-09-06,14.0,MP,catharus,ustulatus,Turdidae,2331,Yes,Forest,Lower
2010-09-06,14.0,CHI,catharus,ustulatus,Turdidae,2331,Yes,Forest,Lower
2010-09-06,14.0,CHI,catharus,ustulatus,Turdidae,2331,Yes,Forest,Lower
2010-09-06,14.0,MP,Setophaga,striata,Parulidae,787,Yes,Forest,Upper
2010-09-06,14.0,CHI,catharus,ustulatus,Turdidae,2331,Yes,Forest,Lower
2010-09-08,14.0,CHI,setophaga,ruticilla,Parulidae,868,Yes,Edge,Upper
2010-09-08,14.0,CHI,Setophaga,striata,Parulidae,787,Yes,Forest,Upper
2010-09-08,14.0,CHI,catharus,ustulatus,Turdidae,2331,Yes,Forest,Lower
2010-09-08,14.0,CHI,Setophaga,magnolia,Parulidae,1224,yes,forest,Upper
2010-09-08,14.0,CHI,Seiurus,aurocapilla,Parulidae,4580,Yes,Forest,Lower
2010-09-08,14.0,MP,Setophaga,striata,Parulidae,787,Yes,Forest,Upper
2010-09-08,14.0,CHI,catharus,ustulatus,Turdidae,2331,Yes,Forest,Lower
2010-09-08,14.0,CHI,Setophaga,caerulescens,Parulidae,183,Yes,Forest,Upper
2010-09-08,14.0,MP,catharus,ustulatus,Turdidae,2331,Yes,Forest,Lower
2010-09-08,14.0,CHI,Setophaga,magnolia,Parulidae,1224,yes,forest,Upper
2010-09-08,14.0,CHI,Setophaga,magnolia,Parulidae,1224,yes,forest,Upper
2010-09-08,14.0,CHI,Pheucticus,ludovicianus,Cardinalidae,397,Yes,Forest,Upper
2010-09-08,14.0,CHI,Seiurus,aurocapilla,Parulidae,4580,Yes,Forest,Lower
2010-09-08,14.0,CHI,Seiurus,aurocapilla,Parulidae,4580,Yes,Forest,Lower
2010-09-08,14.0,CHI,catharus,ustulatus,Turdidae,2331,Yes,Forest,Lower
2010-09-08,14.0,CHI,Catharus,fuscescens,Turdidae,727,Yes,Forest,Lower
2010-09-08,14.0,CHI,setophaga,ruticilla,Parulidae,868,Yes,Edge,Upper
2010-09-08,14.0,CHI,Seiurus,aurocapilla,Parulidae,4580,Yes,Forest,Lower
2010-09-09,14.0,CHI,catharus,ustulatus,Turdidae,2331,Yes,Forest,Lower
2010-09-09,14.0,CHI,Seiurus,aurocapilla,Parulidae,4580,Yes,Forest,Lower
2010-09-09,14.0,CHI,catharus,ustulatus,Turdidae,2331,Yes,Forest,Lower
2010-09-09,14.0,CHI,Sitta,canadensis,Sittidae,260,Yes,Forest,Upper
2010-09-09,14.0,CHI,Seiurus,aurocapilla,Parulidae,4580,Yes,Forest,Lower
2010-09-09,14.0,CHI,Setophaga,magnolia,Parulidae,1224,yes,forest,Upper
2010-09-09,14.0,CHI,Setophaga,magnolia,Parulidae,1224,yes,forest,Upper
2010-09-09,14.0,CHI,Seiurus,aurocapilla,Parulidae,4580,Yes,Forest,Lower
2010-09-09,14.0,CHI,Setophaga,magnolia,Parulidae,1224,yes,forest,Upper
2010-09-09,14.0,CHI,catharus,ustulatus,Turdidae,2331,Yes,Forest,Lower
2010-09-09,14.0,CHI,Melospiza,lincolnii,Passerellidae,2029,yes,edge,Lower
2010-09-09,14.0,CHI,Seiurus,aurocapilla,Parulidae,4580,Yes,Forest,Lower
2010-09-09,14.0,CHI,geothlypis,philadelphia,Parulidae,430,Yes,Edge,Lower
2010-09-09,14.0,CHI,setophaga,ruticilla,Parulidae,868,Yes,Edge,Upper
2010-09-09,14.0,CHI,catharus,ustulatus,Turdidae,2331,Yes,Forest,Lower
2010-09-09,14.0,CHI,Setophaga,palmarum,Parulidae,694,Yes,Edge,Lower
2010-09-09,14.0,MP,Setophaga,striata,Parulidae,787,Yes,Forest,Upper
2010-09-09,14.0,CHI,Setophaga,striata,Parulidae,787,Yes,Forest,Upper
2010-09-09,14.0,CHI,Setophaga,striata,Parulidae,787,Yes,Forest,Upper
2010-09-09,14.0,CHI,setophaga,ruticilla,Parulidae,868,Yes,Edge,Upper
2010-09-09,14.0,CHI,Zonotrichia,albicollis,Passerellidae,10133,Yes,Forest,Lower
2010-09-09,14.0,CHI,Setophaga,striata,Parulidae,787,Yes,Forest,Upper
2010-09-09,14.0,CHI,Setophaga,pinus,Parulidae,49,Yes,Forest,Upper
2010-09-09,14.0,CHI,Setophaga,striata,Parulidae,787,Yes,Forest,Upper
2010-09-09,14.0,CHI,Setophaga,virens,Parulidae,223,Yes,Forest,Upper
2010-09-09,14.0,CHI,catharus,ustulatus,Turdidae,2331,Yes,Forest,Lower
2010-09-09,14.0,CHI,Zonotrichia,albicollis,Passerellidae,10133,Yes,Forest,Lower
2010-09-09,14.0,CHI,catharus,ustulatus,Turdidae,2331,Yes,Forest,Lower
2010-09-09,14.0,CHI,catharus,ustulatus,Turdidae,2331,Yes,Forest,Lower
2010-09-09,14.0,CHI,Zonotrichia,albicollis,Passerellidae,10133,Yes,Forest,Lower
2010-09-09,14.0,CHI,Melospiza,lincolnii,Passerellidae,2029,yes,edge,Lower
2010-09-09,14.0,CHI,catharus,ustulatus,Turdidae,2331,Yes,Forest,Lower
2010-09-09,14.0,CHI,Pheucticus,ludovicianus,Cardinalidae,397,Yes,Forest,Upper
2010-09-10,14.0,CHI,Setophaga,caerulescens,Parulidae,183,Yes,Forest,Upper
2010-09-10,14.0,CHI,Melospiza,lincolnii,Passerellidae,2029,yes,edge,Lower
2010-09-10,14.0,MP,Melospiza,lincolnii,Passerellidae,2029,yes,edge,Lower
2010-09-10,14.0,CHI,Catharus,fuscescens,Turdidae,727,Yes,Forest,Lower
2010-09-10,14.0,MP,Oreothlypis,ruficapilla,Parulidae,1690,Yes,Forest,Upper
2010-09-10,14.0,MP,Oreothlypis,ruficapilla,Parulidae,1690,Yes,Forest,Upper
2010-09-10,14.0,CHI,catharus,ustulatus,Turdidae,2331,Yes,Forest,Lower
2010-09-10,14.0,CHI,dumetella,carolinensis,Mimidae,599,no,edge,Lower
2010-09-10,14.0,MP,catharus,ustulatus,Turdidae,2331,Yes,Forest,Lower
2010-09-10,14.0,CHI,Oreothlypis,ruficapilla,Parulidae,1690,Yes,Forest,Upper
2010-09-10,14.0,CHI,catharus,ustulatus,Turdidae,2331,Yes,Forest,Lower
2010-09-11,14.0,CHI,Oreothlypis,ruficapilla,Parulidae,1690,Yes,Forest,Upper
2010-09-11,14.0,MP,Empidonax,flaviventris,Tyrannidae,68,No,Forest,Upper
2010-09-11,14.0,MP,Pheucticus,ludovicianus,Cardinalidae,397,Yes,Forest,Upper
2010-09-11,14.0,CHI,Oreothlypis,peregrina,Parulidae,2515,Yes,Edge,Upper
2010-09-11,14.0,CHI,Melospiza,lincolnii,Passerellidae,2029,yes,edge,Lower
2010-09-11,14.0,CHI,setophaga,ruticilla,Parulidae,868,Yes,Edge,Upper
2010-09-11,14.0,CHI,Oreothlypis,ruficapilla,Parulidae,1690,Yes,Forest,Upper
2010-09-11,14.0,CHI,Oreothlypis,ruficapilla,Parulidae,1690,Yes,Forest,Upper
2010-09-11,14.0,CHI,Contopus,cooperi,Tyrannidae,4,No,Edge,Upper
2010-09-11,14.0,CHI,Oreothlypis,ruficapilla,Parulidae,1690,Yes,Forest,Upper
2010-09-11,14.0,CHI,Melospiza,lincolnii,Passerellidae,2029,yes,edge,Lower
2010-09-11,14.0,CHI,Oreothlypis,ruficapilla,Parulidae,1690,Yes,Forest,Upper
2010-09-13,17.0,CHI,Setophaga,virens,Parulidae,223,Yes,Forest,Upper
2010-09-13,17.0,CHI,Setophaga,striata,Parulidae,787,Yes,Forest,Upper
2010-09-13,17.0,CHI,setophaga,ruticilla,Parulidae,868,Yes,Edge,Upper
2010-09-13,17.0,MP,Oreothlypis,ruficapilla,Parulidae,1690,Yes,Forest,Upper
2010-09-13,17.0,MP,Seiurus,aurocapilla,Parulidae,4580,Yes,Forest,Lower
2010-09-13,17.0,CHI,catharus,ustulatus,Turdidae,2331,Yes,Forest,Lower
2010-09-13,17.0,CHI,catharus,ustulatus,Turdidae,2331,Yes,Forest,Lower
2010-09-13,17.0,CHI,Mniotilta,varia,Parulidae,620,Yes,Forest,Upper
2010-09-13,17.0,CHI,catharus,ustulatus,Turdidae,2331,Yes,Forest,Lower
2010-09-13,17.0,MP,Mniotilta,varia,Parulidae,620,Yes,Forest,Upper
2010-09-13,17.0,CHI,Mniotilta,varia,Parulidae,620,Yes,Forest,Upper
2010-09-13,17.0,MP,Seiurus,aurocapilla,Parulidae,4580,Yes,Forest,Lower
2010-09-13,17.0,MP,Empidonax,minimus,Tyrannidae,96,No,Edge,Upper
2010-09-13,17.0,CHI,Setophaga,fusca,Parulidae,201,Yes,Forest,Upper
2010-09-13,17.0,CHI,setophaga,ruticilla,Parulidae,868,Yes,Edge,Upper
2010-09-13,17.0,CHI,Seiurus,aurocapilla,Parulidae,4580,Yes,Forest,Lower
2010-09-13,17.0,CHI,Vireo,philadelphicus,Vireonidae,12,No,Forest,Upper
2010-09-13,17.0,CHI,setophaga,ruticilla,Parulidae,868,Yes,Edge,Upper
2010-09-13,17.0,MP,Parkesia,noveboracensis,Parulidae,916,Yes,Forest,Lower
2010-09-13,17.0,MP,Parkesia,noveboracensis,Parulidae,916,Yes,Forest,Lower
2010-09-13,17.0,CHI,Seiurus,aurocapilla,Parulidae,4580,Yes,Forest,Lower
2010-09-13,17.0,CHI,Seiurus,aurocapilla,Parulidae,4580,Yes,Forest,Lower
2010-09-13,17.0,CHI,Seiurus,aurocapilla,Parulidae,4580,Yes,Forest,Lower
2010-09-13,17.0,CHI,Parkesia,noveboracensis,Parulidae,916,Yes,Forest,Lower
2010-09-13,17.0,CHI,Setophaga,americana,Parulidae,59,Yes,Forest,Upper
2010-09-13,17.0,CHI,Parkesia,noveboracensis,Parulidae,916,Yes,Forest,Lower
2010-09-13,17.0,CHI,catharus,ustulatus,Turdidae,2331,Yes,Forest,Lower
2010-09-13,17.0,CHI,Sitta,canadensis,Sittidae,260,Yes,Forest,Upper
2010-09-13,17.0,CHI,Setophaga,fusca,Parulidae,201,Yes,Forest,Upper
2010-09-13,17.0,MP,setophaga,ruticilla,Parulidae,868,Yes,Edge,Upper
2010-09-13,17.0,CHI,Zonotrichia,albicollis,Passerellidae,10133,Yes,Forest,Lower
2010-09-13,17.0,MP,Setophaga,caerulescens,Parulidae,183,Yes,Forest,Upper
2010-09-13,17.0,MP,Seiurus,aurocapilla,Parulidae,4580,Yes,Forest,Lower
2010-09-13,17.0,CHI,Sitta,canadensis,Sittidae,260,Yes,Forest,Upper
2010-09-13,17.0,CHI,Seiurus,aurocapilla,Parulidae,4580,Yes,Forest,Lower
2010-09-13,17.0,MP,Seiurus,aurocapilla,Parulidae,4580,Yes,Forest,Lower
2010-09-13,17.0,CHI,catharus,ustulatus,Turdidae,2331,Yes,Forest,Lower
2010-09-13,17.0,CHI,catharus,ustulatus,Turdidae,2331,Yes,Forest,Lower
2010-09-13,17.0,CHI,Setophaga,palmarum,Parulidae,694,Yes,Edge,Lower
2010-09-13,17.0,CHI,Setophaga,magnolia,Parulidae,1224,yes,forest,Upper
2010-09-13,17.0,MP,Oreothlypis,peregrina,Parulidae,2515,Yes,Edge,Upper
2010-09-13,17.0,CHI,Oreothlypis,peregrina,Parulidae,2515,Yes,Edge,Upper
2010-09-13,17.0,CHI,Catharus,minimus,Turdidae,822,Yes,Forest,Lower
2010-09-13,17.0,CHI,Setophaga,magnolia,Parulidae,1224,yes,forest,Upper
2010-09-13,17.0,CHI,Setophaga,magnolia,Parulidae,1224,yes,forest,Upper
2010-09-13,17.0,CHI,Setophaga,magnolia,Parulidae,1224,yes,forest,Upper
2010-09-13,17.0,CHI,Catharus,minimus,Turdidae,822,Yes,Forest,Lower
2010-09-13,17.0,CHI,Oreothlypis,peregrina,Parulidae,2515,Yes,Edge,Upper
2010-09-13,17.0,CHI,Catharus,minimus,Turdidae,822,Yes,Forest,Lower
2010-09-13,17.0,MP,Oreothlypis,peregrina,Parulidae,2515,Yes,Edge,Upper
2010-09-13,17.0,MP,Setophaga,magnolia,Parulidae,1224,yes,forest,Upper
2010-09-13,17.0,CHI,Setophaga,magnolia,Parulidae,1224,yes,forest,Upper
2010-09-13,17.0,CHI,Seiurus,aurocapilla,Parulidae,4580,Yes,Forest,Lower
2010-09-13,17.0,MP,Setophaga,magnolia,Parulidae,1224,yes,forest,Upper
2010-09-13,17.0,CHI,Catharus,minimus,Turdidae,822,Yes,Forest,Lower
2010-09-13,17.0,CHI,Catharus,minimus,Turdidae,822,Yes,Forest,Lower
2010-09-13,17.0,MP,Oreothlypis,peregrina,Parulidae,2515,Yes,Edge,Upper
2010-09-13,17.0,MP,Melospiza,lincolnii,Passerellidae,2029,yes,edge,Lower
2010-09-13,17.0,MP,Geothlypis,trichas,Parulidae,1555,Yes,Open,Lower
2010-09-13,17.0,CHI,Geothlypis,trichas,Parulidae,1555,Yes,Open,Lower
2010-09-13,17.0,MP,Oporornis,agilis,Parulidae,365,Yes,Forest,Lower
2010-09-13,17.0,CHI,Oreothlypis,peregrina,Parulidae,2515,Yes,Edge,Upper
2010-09-13,17.0,CHI,Catharus,fuscescens,Turdidae,727,Yes,Forest,Lower
2010-09-13,17.0,CHI,Oreothlypis,peregrina,Parulidae,2515,Yes,Edge,Upper
2010-09-13,17.0,CHI,Setophaga,tigrina,Parulidae,182,Yes,Forest,Upper
2010-09-13,17.0,CHI,Catharus,minimus,Turdidae,822,Yes,Forest,Lower
2010-09-14,16.0,MP,Zonotrichia,albicollis,Passerellidae,10133,Yes,Forest,Lower
2010-09-14,16.0,CHI,Zonotrichia,albicollis,Passerellidae,10133,Yes,Forest,Lower
2010-09-14,16.0,CHI,Zonotrichia,albicollis,Passerellidae,10133,Yes,Forest,Lower
2010-09-14,16.0,CHI,Junco,hyemalis,Passerellidae,6303,Yes,Edge,Lower
2010-09-14,16.0,MP,Oreothlypis,peregrina,Parulidae,2515,Yes,Edge,Upper
2010-09-14,16.0,CHI,Zonotrichia,albicollis,Passerellidae,10133,Yes,Forest,Lower
2010-09-14,16.0,CHI,Zonotrichia,albicollis,Passerellidae,10133,Yes,Forest,Lower
2010-09-14,16.0,CHI,Setophaga,tigrina,Parulidae,182,Yes,Forest,Upper
2010-09-14,16.0,CHI,Zonotrichia,albicollis,Passerellidae,10133,Yes,Forest,Lower
2010-09-14,16.0,CHI,Setophaga,striata,Parulidae,787,Yes,Forest,Upper
2010-09-14,16.0,CHI,Setophaga,striata,Parulidae,787,Yes,Forest,Upper
2010-09-14,16.0,CHI,Zonotrichia,albicollis,Passerellidae,10133,Yes,Forest,Lower
2010-09-14,16.0,MP,Parkesia,noveboracensis,Parulidae,916,Yes,Forest,Lower
2010-09-14,16.0,MP,Zonotrichia,albicollis,Passerellidae,10133,Yes,Forest,Lower
2010-09-14,16.0,CHI,Zonotrichia,albicollis,Passerellidae,10133,Yes,Forest,Lower
2010-09-14,16.0,CHI,Setophaga,pensylvanica,Parulidae,303,Yes,Edge,Upper
2010-09-14,16.0,CHI,Zonotrichia,albicollis,Passerellidae,10133,Yes,Forest,Lower
2010-09-14,16.0,CHI,setophaga,ruticilla,Parulidae,868,Yes,Edge,Upper
2010-09-14,16.0,CHI,Zonotrichia,albicollis,Passerellidae,10133,Yes,Forest,Lower
2010-09-14,16.0,CHI,Oreothlypis,ruficapilla,Parulidae,1690,Yes,Forest,Upper
2010-09-14,16.0,CHI,Oreothlypis,ruficapilla,Parulidae,1690,Yes,Forest,Upper
2010-09-14,16.0,MP,Oreothlypis,peregrina,Parulidae,2515,Yes,Edge,Upper
2010-09-14,16.0,CHI,Oreothlypis,peregrina,Parulidae,2515,Yes,Edge,Upper
2010-09-14,16.0,CHI,Hylocichla,mustelina,Turdidae,500,Yes,Forest,Lower
2010-09-14,16.0,CHI,Sitta,canadensis,Sittidae,260,Yes,Forest,Upper
2010-09-14,16.0,MP,Seiurus,aurocapilla,Parulidae,4580,Yes,Forest,Lower
2010-09-14,16.0,CHI,Seiurus,aurocapilla,Parulidae,4580,Yes,Forest,Lower
2010-09-14,16.0,CHI,Seiurus,aurocapilla,Parulidae,4580,Yes,Forest,Lower
2010-09-14,16.0,CHI,Seiurus,aurocapilla,Parulidae,4580,Yes,Forest,Lower
2010-09-14,16.0,CHI,Seiurus,aurocapilla,Parulidae,4580,Yes,Forest,Lower
2010-09-14,16.0,MP,Melospiza,lincolnii,Passerellidae,2029,yes,edge,Lower
2010-09-14,16.0,CHI,catharus,ustulatus,Turdidae,2331,Yes,Forest,Lower
2010-09-14,16.0,CHI,Setophaga,magnolia,Parulidae,1224,yes,forest,Upper
2010-09-14,16.0,CHI,Setophaga,fusca,Parulidae,201,Yes,Forest,Upper
2010-09-14,16.0,CHI,catharus,ustulatus,Turdidae,2331,Yes,Forest,Lower
2010-09-14,16.0,MP,catharus,ustulatus,Turdidae,2331,Yes,Forest,Lower
2010-09-14,16.0,CHI,Oreothlypis,peregrina,Parulidae,2515,Yes,Edge,Upper
2010-09-14,16.0,CHI,catharus,ustulatus,Turdidae,2331,Yes,Forest,Lower
2010-09-14,16.0,CHI,Setophaga,magnolia,Parulidae,1224,yes,forest,Upper
2010-09-14,16.0,CHI,catharus,ustulatus,Turdidae,2331,Yes,Forest,Lower
2010-09-14,16.0,CHI,catharus,ustulatus,Turdidae,2331,Yes,Forest,Lower
2010-09-14,16.0,CHI,Catharus,minimus,Turdidae,822,Yes,Forest,Lower
2010-09-14,16.0,MP,catharus,ustulatus,Turdidae,2331,Yes,Forest,Lower
2010-09-14,16.0,CHI,catharus,ustulatus,Turdidae,2331,Yes,Forest,Lower
2010-09-14,16.0,CHI,Setophaga,magnolia,Parulidae,1224,yes,forest,Upper
2010-09-15,16.0,CHI,Sitta,canadensis,Sittidae,260,Yes,Forest,Upper
2010-09-15,16.0,CHI,Setophaga,striata,Parulidae,787,Yes,Forest,Upper
2010-09-15,16.0,CHI,Setophaga,striata,Parulidae,787,Yes,Forest,Upper
2010-09-15,16.0,CHI,dumetella,carolinensis,Mimidae,599,no,edge,Lower
2010-09-15,16.0,CHI,Catharus,minimus,Turdidae,822,Yes,Forest,Lower
2010-09-15,16.0,MP,Melospiza,lincolnii,Passerellidae,2029,yes,edge,Lower
2010-09-15,16.0,CHI,Cistothorus,platensis,Troglodytidae,60,no,open,Lower
2010-09-15,16.0,CHI,Oreothlypis,ruficapilla,Parulidae,1690,Yes,Forest,Upper
2010-09-15,16.0,MP,Zonotrichia,albicollis,Passerellidae,10133,Yes,Forest,Lower
2010-09-15,16.0,CHI,Catharus,minimus,Turdidae,822,Yes,Forest,Lower
2010-09-15,16.0,CHI,Catharus,minimus,Turdidae,822,Yes,Forest,Lower
2010-09-15,16.0,CHI,Catharus,minimus,Turdidae,822,Yes,Forest,Lower
2010-09-15,16.0,CHI,Setophaga,palmarum,Parulidae,694,Yes,Edge,Lower
2010-09-15,16.0,CHI,Catharus,guttatus,Turdidae,3729,Yes,Forest,Lower
2010-09-15,16.0,CHI,Regulus,calendula,Regulidae,416,No,Forest,Upper
2010-09-15,16.0,CHI,Oreothlypis,peregrina,Parulidae,2515,Yes,Edge,Upper
2010-09-15,16.0,CHI,Setophaga,palmarum,Parulidae,694,Yes,Edge,Lower
2010-09-15,16.0,CHI,Catharus,minimus,Turdidae,822,Yes,Forest,Lower
2010-09-15,16.0,CHI,Setophaga,castanea,Parulidae,287,Yes,Forest,Upper
2010-09-15,16.0,MP,Oreothlypis,ruficapilla,Parulidae,1690,Yes,Forest,Upper
2010-09-15,16.0,CHI,Oreothlypis,ruficapilla,Parulidae,1690,Yes,Forest,Upper
2010-09-15,16.0,CHI,Mniotilta,varia,Parulidae,620,Yes,Forest,Upper
2010-09-15,16.0,CHI,Catharus,minimus,Turdidae,822,Yes,Forest,Lower
2010-09-15,16.0,CHI,Zonotrichia,albicollis,Passerellidae,10133,Yes,Forest,Lower
2010-09-15,16.0,CHI,Oreothlypis,peregrina,Parulidae,2515,Yes,Edge,Upper
2010-09-15,16.0,CHI,Oreothlypis,ruficapilla,Parulidae,1690,Yes,Forest,Upper
2010-09-16,17.0,CHI,Oreothlypis,ruficapilla,Parulidae,1690,Yes,Forest,Upper
2010-09-16,17.0,CHI,Geothlypis,trichas,Parulidae,1555,Yes,Open,Lower
2010-09-16,17.0,MP,Melospiza,lincolnii,Passerellidae,2029,yes,edge,Lower
2010-09-16,17.0,CHI,Oreothlypis,ruficapilla,Parulidae,1690,Yes,Forest,Upper
2010-09-16,17.0,CHI,Oreothlypis,ruficapilla,Parulidae,1690,Yes,Forest,Upper
2010-09-16,17.0,MP,Melospiza,lincolnii,Passerellidae,2029,yes,edge,Lower
2010-09-16,17.0,CHI,Seiurus,aurocapilla,Parulidae,4580,Yes,Forest,Lower
2010-09-16,17.0,CHI,Oreothlypis,peregrina,Parulidae,2515,Yes,Edge,Upper
2010-09-16,17.0,CHI,Cardellina,pusilla,Parulidae,185,Yes,Edge,Lower
2010-09-16,17.0,CHI,catharus,ustulatus,Turdidae,2331,Yes,Forest,Lower
2010-09-17,17.0,CHI,Hylocichla,mustelina,Turdidae,500,Yes,Forest,Lower
2010-09-17,17.0,MP,catharus,ustulatus,Turdidae,2331,Yes,Forest,Lower
2010-09-17,17.0,CHI,catharus,ustulatus,Turdidae,2331,Yes,Forest,Lower
2010-09-17,17.0,CHI,Seiurus,aurocapilla,Parulidae,4580,Yes,Forest,Lower
2010-09-17,17.0,MP,Setophaga,striata,Parulidae,787,Yes,Forest,Upper
2010-09-17,17.0,CHI,Seiurus,aurocapilla,Parulidae,4580,Yes,Forest,Lower
2010-09-17,17.0,CHI,Seiurus,aurocapilla,Parulidae,4580,Yes,Forest,Lower
2010-09-17,17.0,CHI,Setophaga,striata,Parulidae,787,Yes,Forest,Upper
2010-09-18,17.0,CHI,Zonotrichia,albicollis,Passerellidae,10133,Yes,Forest,Lower
2010-09-18,17.0,MP,Oreothlypis,peregrina,Parulidae,2515,Yes,Edge,Upper
2010-09-18,17.0,MP,Melospiza,lincolnii,Passerellidae,2029,yes,edge,Lower
2010-09-18,17.0,MP,Zonotrichia,albicollis,Passerellidae,10133,Yes,Forest,Lower
2010-09-18,17.0,MP,Oreothlypis,peregrina,Parulidae,2515,Yes,Edge,Upper
2010-09-18,17.0,CHI,catharus,ustulatus,Turdidae,2331,Yes,Forest,Lower
2010-09-18,17.0,CHI,Cardellina,pusilla,Parulidae,185,Yes,Edge,Lower
2010-09-18,17.0,CHI,catharus,ustulatus,Turdidae,2331,Yes,Forest,Lower
2010-09-18,17.0,CHI,Oreothlypis,ruficapilla,Parulidae,1690,Yes,Forest,Upper
2010-09-18,17.0,CHI,Oreothlypis,ruficapilla,Parulidae,1690,Yes,Forest,Upper
2010-09-18,17.0,CHI,Oreothlypis,peregrina,Parulidae,2515,Yes,Edge,Upper
2010-09-18,17.0,CHI,Oreothlypis,ruficapilla,Parulidae,1690,Yes,Forest,Upper
2010-09-18,17.0,CHI,Oreothlypis,ruficapilla,Parulidae,1690,Yes,Forest,Upper
2010-09-18,17.0,CHI,Cardellina,pusilla,Parulidae,185,Yes,Edge,Lower
2010-09-18,17.0,CHI,Cardellina,pusilla,Parulidae,185,Yes,Edge,Lower
2010-09-19,17.0,CHI,Vireo,olivaceus,Vireonidae,133,No,Forest,Upper
2010-09-19,17.0,CHI,Melospiza,lincolnii,Passerellidae,2029,yes,edge,Lower
2010-09-19,17.0,CHI,Melospiza,lincolnii,Passerellidae,2029,yes,edge,Lower
2010-09-19,17.0,CHI,Melospiza,lincolnii,Passerellidae,2029,yes,edge,Lower
2010-09-19,17.0,CHI,Melospiza,lincolnii,Passerellidae,2029,yes,edge,Lower
2010-09-19,17.0,CHI,Melospiza,lincolnii,Passerellidae,2029,yes,edge,Lower
2010-09-19,17.0,CHI,Setophaga,striata,Parulidae,787,Yes,Forest,Upper
2010-09-19,17.0,CHI,Setophaga,magnolia,Parulidae,1224,yes,forest,Upper
2010-09-19,17.0,CHI,Melospiza,lincolnii,Passerellidae,2029,yes,edge,Lower
2010-09-19,17.0,CHI,Setophaga,magnolia,Parulidae,1224,yes,forest,Upper
2010-09-19,17.0,MP,Geothlypis,trichas,Parulidae,1555,Yes,Open,Lower
2010-09-19,17.0,CHI,Setophaga,striata,Parulidae,787,Yes,Forest,Upper
2010-09-19,17.0,CHI,Setophaga,striata,Parulidae,787,Yes,Forest,Upper
2010-09-19,17.0,CHI,Setophaga,caerulescens,Parulidae,183,Yes,Forest,Upper
2010-09-19,17.0,CHI,Setophaga,striata,Parulidae,787,Yes,Forest,Upper
2010-09-19,17.0,CHI,Melospiza,lincolnii,Passerellidae,2029,yes,edge,Lower
2010-09-19,17.0,CHI,Regulus,calendula,Regulidae,416,No,Forest,Upper
2010-09-19,17.0,CHI,Zonotrichia,albicollis,Passerellidae,10133,Yes,Forest,Lower
2010-09-19,17.0,CHI,Zonotrichia,albicollis,Passerellidae,10133,Yes,Forest,Lower
2010-09-19,17.0,CHI,Mniotilta,varia,Parulidae,620,Yes,Forest,Upper
2010-09-19,17.0,CHI,Seiurus,aurocapilla,Parulidae,4580,Yes,Forest,Lower
2010-09-19,17.0,CHI,Zonotrichia,albicollis,Passerellidae,10133,Yes,Forest,Lower
2010-09-19,17.0,CHI,Catharus,minimus,Turdidae,822,Yes,Forest,Lower
2010-09-19,17.0,CHI,Catharus,minimus,Turdidae,822,Yes,Forest,Lower
2010-09-19,17.0,CHI,Catharus,minimus,Turdidae,822,Yes,Forest,Lower
2010-09-19,17.0,CHI,Catharus,minimus,Turdidae,822,Yes,Forest,Lower
2010-09-19,17.0,CHI,Zonotrichia,albicollis,Passerellidae,10133,Yes,Forest,Lower
2010-09-19,17.0,CHI,Zonotrichia,albicollis,Passerellidae,10133,Yes,Forest,Lower
2010-09-19,17.0,CHI,Zonotrichia,albicollis,Passerellidae,10133,Yes,Forest,Lower
2010-09-19,17.0,CHI,Catharus,minimus,Turdidae,822,Yes,Forest,Lower
2010-09-19,17.0,CHI,Zonotrichia,albicollis,Passerellidae,10133,Yes,Forest,Lower
2010-09-19,17.0,MP,Oreothlypis,ruficapilla,Parulidae,1690,Yes,Forest,Upper
2010-09-19,17.0,CHI,Oreothlypis,ruficapilla,Parulidae,1690,Yes,Forest,Upper
2010-09-19,17.0,CHI,Oreothlypis,ruficapilla,Parulidae,1690,Yes,Forest,Upper
2010-09-19,17.0,CHI,Zonotrichia,albicollis,Passerellidae,10133,Yes,Forest,Lower
2010-09-19,17.0,CHI,Zonotrichia,albicollis,Passerellidae,10133,Yes,Forest,Lower
2010-09-19,17.0,MP,Zonotrichia,albicollis,Passerellidae,10133,Yes,Forest,Lower
2010-09-19,17.0,MP,Zonotrichia,albicollis,Passerellidae,10133,Yes,Forest,Lower
2010-09-19,17.0,CHI,Catharus,minimus,Turdidae,822,Yes,Forest,Lower
2010-09-19,17.0,CHI,Zonotrichia,albicollis,Passerellidae,10133,Yes,Forest,Lower
2010-09-19,17.0,CHI,Zonotrichia,albicollis,Passerellidae,10133,Yes,Forest,Lower
2010-09-19,17.0,CHI,Catharus,minimus,Turdidae,822,Yes,Forest,Lower
2010-09-19,17.0,CHI,Cardellina,pusilla,Parulidae,185,Yes,Edge,Lower
2010-09-19,17.0,CHI,catharus,ustulatus,Turdidae,2331,Yes,Forest,Lower
2010-09-19,17.0,CHI,catharus,ustulatus,Turdidae,2331,Yes,Forest,Lower
2010-09-19,17.0,CHI,catharus,ustulatus,Turdidae,2331,Yes,Forest,Lower
2010-09-19,17.0,CHI,Zonotrichia,albicollis,Passerellidae,10133,Yes,Forest,Lower
2010-09-19,17.0,CHI,catharus,ustulatus,Turdidae,2331,Yes,Forest,Lower
2010-09-19,17.0,CHI,Setophaga,palmarum,Parulidae,694,Yes,Edge,Lower
2010-09-19,17.0,CHI,Cardellina,pusilla,Parulidae,185,Yes,Edge,Lower
2010-09-19,17.0,CHI,Regulus,satrapa,Regulidae,1029,Yes,Forest,Upper
2010-09-19,17.0,CHI,Oreothlypis,peregrina,Parulidae,2515,Yes,Edge,Upper
2010-09-19,17.0,CHI,setophaga,ruticilla,Parulidae,868,Yes,Edge,Upper
2010-09-19,17.0,CHI,Zonotrichia,albicollis,Passerellidae,10133,Yes,Forest,Lower
2010-09-19,17.0,CHI,Setophaga,pensylvanica,Parulidae,303,Yes,Edge,Upper
2010-09-19,17.0,CHI,Zonotrichia,albicollis,Passerellidae,10133,Yes,Forest,Lower
2010-09-19,17.0,CHI,Sitta,canadensis,Sittidae,260,Yes,Forest,Upper
2010-09-19,17.0,CHI,Regulus,calendula,Regulidae,416,No,Forest,Upper
2010-09-19,17.0,CHI,troglodytes,hiemalis,Troglodytidae,474,No,Forest,Lower
2010-09-20,17.0,CHI,Passerella,iliaca,Passerellidae,2443,Yes,Edge,Lower
2010-09-20,17.0,CHI,Geothlypis,trichas,Parulidae,1555,Yes,Open,Lower
2010-09-20,17.0,MP,dumetella,carolinensis,Mimidae,599,no,edge,Lower
2010-09-20,17.0,CHI,Seiurus,aurocapilla,Parulidae,4580,Yes,Forest,Lower
2010-09-20,17.0,CHI,Melospiza,lincolnii,Passerellidae,2029,yes,edge,Lower
2010-09-20,17.0,MP,Melospiza,lincolnii,Passerellidae,2029,yes,edge,Lower
2010-09-20,17.0,CHI,Catharus,minimus,Turdidae,822,Yes,Forest,Lower
2010-09-20,17.0,CHI,Setophaga,striata,Parulidae,787,Yes,Forest,Upper
2010-09-20,17.0,CHI,Catharus,minimus,Turdidae,822,Yes,Forest,Lower
2010-09-20,17.0,CHI,Setophaga,striata,Parulidae,787,Yes,Forest,Upper
2010-09-20,17.0,CHI,Zonotrichia,albicollis,Passerellidae,10133,Yes,Forest,Lower
2010-09-20,17.0,CHI,Catharus,guttatus,Turdidae,3729,Yes,Forest,Lower
2010-09-20,17.0,CHI,Zonotrichia,albicollis,Passerellidae,10133,Yes,Forest,Lower
2010-09-20,17.0,CHI,Zonotrichia,albicollis,Passerellidae,10133,Yes,Forest,Lower
2010-09-20,17.0,CHI,Zonotrichia,albicollis,Passerellidae,10133,Yes,Forest,Lower
2010-09-20,17.0,CHI,Zonotrichia,albicollis,Passerellidae,10133,Yes,Forest,Lower
2010-09-20,17.0,CHI,Zonotrichia,albicollis,Passerellidae,10133,Yes,Forest,Lower
2010-09-20,17.0,CHI,Junco,hyemalis,Passerellidae,6303,Yes,Edge,Lower
2010-09-20,17.0,MP,Zonotrichia,albicollis,Passerellidae,10133,Yes,Forest,Lower
2010-09-20,17.0,CHI,Zonotrichia,albicollis,Passerellidae,10133,Yes,Forest,Lower
2010-09-21,17.0,CHI,Zonotrichia,albicollis,Passerellidae,10133,Yes,Forest,Lower
2010-09-21,17.0,CHI,Seiurus,aurocapilla,Parulidae,4580,Yes,Forest,Lower
2010-09-21,17.0,CHI,Seiurus,aurocapilla,Parulidae,4580,Yes,Forest,Lower
2010-09-21,17.0,CHI,Seiurus,aurocapilla,Parulidae,4580,Yes,Forest,Lower
2010-09-21,17.0,CHI,catharus,ustulatus,Turdidae,2331,Yes,Forest,Lower
2010-09-21,17.0,CHI,catharus,ustulatus,Turdidae,2331,Yes,Forest,Lower
2010-09-21,17.0,MP,Seiurus,aurocapilla,Parulidae,4580,Yes,Forest,Lower
2010-09-21,17.0,MP,Geothlypis,trichas,Parulidae,1555,Yes,Open,Lower
2010-09-21,17.0,CHI,Melospiza,lincolnii,Passerellidae,2029,yes,edge,Lower
2010-09-22,17.0,CHI,Catharus,minimus,Turdidae,822,Yes,Forest,Lower
2010-09-22,17.0,MP,Setophaga,palmarum,Parulidae,694,Yes,Edge,Lower
2010-09-22,17.0,CHI,Oreothlypis,ruficapilla,Parulidae,1690,Yes,Forest,Upper
2010-09-22,17.0,CHI,Zonotrichia,albicollis,Passerellidae,10133,Yes,Forest,Lower
2010-09-22,17.0,MP,Catharus,minimus,Turdidae,822,Yes,Forest,Lower
2010-09-22,17.0,CHI,Setophaga,caerulescens,Parulidae,183,Yes,Forest,Upper
2010-09-22,17.0,CHI,Melospiza,lincolnii,Passerellidae,2029,yes,edge,Lower
2010-09-22,17.0,CHI,Setophaga,magnolia,Parulidae,1224,yes,forest,Upper
2010-09-22,17.0,CHI,Setophaga,magnolia,Parulidae,1224,yes,forest,Upper
2010-09-22,17.0,CHI,Oreothlypis,peregrina,Parulidae,2515,Yes,Edge,Upper
2010-09-22,17.0,MP,Melospiza,lincolnii,Passerellidae,2029,yes,edge,Lower
2010-09-22,17.0,MP,Passerculus,sandwichensis,Passerellidae,274,yes,open,Lower	
2010-09-22,17.0,CHI,Setophaga,magnolia,Parulidae,1224,yes,forest,Upper
2010-09-22,17.0,CHI,Catharus,minimus,Turdidae,822,Yes,Forest,Lower
2010-09-22,17.0,CHI,Setophaga,magnolia,Parulidae,1224,yes,forest,Upper
2010-09-22,17.0,CHI,Catharus,minimus,Turdidae,822,Yes,Forest,Lower
2010-09-22,17.0,CHI,Geothlypis,trichas,Parulidae,1555,Yes,Open,Lower
2010-09-22,17.0,MP,catharus,ustulatus,Turdidae,2331,Yes,Forest,Lower
2010-09-22,17.0,MP,Oreothlypis,peregrina,Parulidae,2515,Yes,Edge,Upper
2010-09-22,17.0,CHI,catharus,ustulatus,Turdidae,2331,Yes,Forest,Lower
2010-09-22,17.0,CHI,Seiurus,aurocapilla,Parulidae,4580,Yes,Forest,Lower
2010-09-22,17.0,CHI,Setophaga,pinus,Parulidae,49,Yes,Forest,Upper
2010-09-22,17.0,CHI,Seiurus,aurocapilla,Parulidae,4580,Yes,Forest,Lower
2010-09-22,17.0,CHI,Seiurus,aurocapilla,Parulidae,4580,Yes,Forest,Lower
2010-09-22,17.0,MP,Seiurus,aurocapilla,Parulidae,4580,Yes,Forest,Lower
2010-09-22,17.0,MP,catharus,ustulatus,Turdidae,2331,Yes,Forest,Lower
2010-09-22,17.0,CHI,Seiurus,aurocapilla,Parulidae,4580,Yes,Forest,Lower
2010-09-22,17.0,CHI,Catharus,guttatus,Turdidae,3729,Yes,Forest,Lower
2010-09-22,17.0,CHI,Seiurus,aurocapilla,Parulidae,4580,Yes,Forest,Lower
2010-09-22,17.0,MP,Junco,hyemalis,Passerellidae,6303,Yes,Edge,Lower
2010-09-22,17.0,CHI,Catharus,fuscescens,Turdidae,727,Yes,Forest,Lower
2010-09-22,17.0,CHI,Oreothlypis,ruficapilla,Parulidae,1690,Yes,Forest,Upper
2010-09-22,17.0,MP,Oreothlypis,peregrina,Parulidae,2515,Yes,Edge,Upper
2010-09-22,17.0,CHI,catharus,ustulatus,Turdidae,2331,Yes,Forest,Lower
2010-09-22,17.0,CHI,catharus,ustulatus,Turdidae,2331,Yes,Forest,Lower
2010-09-22,17.0,CHI,Zonotrichia,albicollis,Passerellidae,10133,Yes,Forest,Lower
2010-09-22,17.0,CHI,Catharus,minimus,Turdidae,822,Yes,Forest,Lower
2010-09-22,17.0,CHI,catharus,ustulatus,Turdidae,2331,Yes,Forest,Lower
2010-09-22,17.0,CHI,Regulus,satrapa,Regulidae,1029,Yes,Forest,Upper
2010-09-22,17.0,MP,Setophaga,striata,Parulidae,787,Yes,Forest,Upper
2010-09-23,14.0,CHI,Melospiza,lincolnii,Passerellidae,2029,yes,edge,Lower
2010-09-23,14.0,CHI,Melospiza,lincolnii,Passerellidae,2029,yes,edge,Lower
2010-09-23,14.0,CHI,Melospiza,lincolnii,Passerellidae,2029,yes,edge,Lower
2010-09-23,14.0,CHI,Melospiza,lincolnii,Passerellidae,2029,yes,edge,Lower
2010-09-23,14.0,CHI,Setophaga,virens,Parulidae,223,Yes,Forest,Upper
2010-09-23,14.0,CHI,Zonotrichia,albicollis,Passerellidae,10133,Yes,Forest,Lower
2010-09-23,14.0,MP,Oreothlypis,peregrina,Parulidae,2515,Yes,Edge,Upper
2010-09-23,14.0,CHI,Seiurus,aurocapilla,Parulidae,4580,Yes,Forest,Lower
2010-09-23,14.0,CHI,Oreothlypis,peregrina,Parulidae,2515,Yes,Edge,Upper
2010-09-23,14.0,CHI,dumetella,carolinensis,Mimidae,599,no,edge,Lower
2010-09-23,14.0,CHI,Oreothlypis,celata,Parulidae,227,Yes,Edge,Lower
2010-09-23,14.0,CHI,Seiurus,aurocapilla,Parulidae,4580,Yes,Forest,Lower
2010-09-23,14.0,CHI,Seiurus,aurocapilla,Parulidae,4580,Yes,Forest,Lower
2010-09-23,14.0,CHI,Seiurus,aurocapilla,Parulidae,4580,Yes,Forest,Lower
2010-09-23,14.0,CHI,Oreothlypis,peregrina,Parulidae,2515,Yes,Edge,Upper
2010-09-23,14.0,CHI,Seiurus,aurocapilla,Parulidae,4580,Yes,Forest,Lower
2010-09-23,14.0,CHI,Oreothlypis,ruficapilla,Parulidae,1690,Yes,Forest,Upper
2010-09-23,14.0,CHI,Oreothlypis,ruficapilla,Parulidae,1690,Yes,Forest,Upper
2010-09-23,14.0,CHI,Seiurus,aurocapilla,Parulidae,4580,Yes,Forest,Lower
2010-09-23,14.0,CHI,Oreothlypis,ruficapilla,Parulidae,1690,Yes,Forest,Upper
2010-09-23,14.0,CHI,Zonotrichia,albicollis,Passerellidae,10133,Yes,Forest,Lower
2010-09-23,14.0,CHI,Zonotrichia,albicollis,Passerellidae,10133,Yes,Forest,Lower
2010-09-23,14.0,CHI,catharus,ustulatus,Turdidae,2331,Yes,Forest,Lower
2010-09-23,14.0,CHI,catharus,ustulatus,Turdidae,2331,Yes,Forest,Lower
2010-09-23,14.0,CHI,Oreothlypis,ruficapilla,Parulidae,1690,Yes,Forest,Upper
2010-09-23,14.0,CHI,catharus,ustulatus,Turdidae,2331,Yes,Forest,Lower
2010-09-23,14.0,CHI,Setophaga,magnolia,Parulidae,1224,yes,forest,Upper
2010-09-24,14.0,CHI,Catharus,minimus,Turdidae,822,Yes,Forest,Lower
2010-09-24,14.0,CHI,Zonotrichia,albicollis,Passerellidae,10133,Yes,Forest,Lower
2010-09-24,14.0,CHI,Oreothlypis,celata,Parulidae,227,Yes,Edge,Lower
2010-09-24,14.0,CHI,Zonotrichia,albicollis,Passerellidae,10133,Yes,Forest,Lower
2010-09-24,14.0,CHI,Regulus,satrapa,Regulidae,1029,Yes,Forest,Upper
2010-09-24,14.0,CHI,Oreothlypis,ruficapilla,Parulidae,1690,Yes,Forest,Upper
2010-09-24,14.0,CHI,Cardellina,pusilla,Parulidae,185,Yes,Edge,Lower
2010-09-24,14.0,CHI,Cardellina,pusilla,Parulidae,185,Yes,Edge,Lower
2010-09-24,14.0,CHI,Zonotrichia,albicollis,Passerellidae,10133,Yes,Forest,Lower
2010-09-24,14.0,MP,Pheucticus,ludovicianus,Cardinalidae,397,Yes,Forest,Upper
2010-09-24,14.0,CHI,catharus,ustulatus,Turdidae,2331,Yes,Forest,Lower
2010-09-24,14.0,MP,Zonotrichia,albicollis,Passerellidae,10133,Yes,Forest,Lower
2010-09-24,14.0,MP,Seiurus,aurocapilla,Parulidae,4580,Yes,Forest,Lower
2010-09-25,6.0,CHI,Oreothlypis,peregrina,Parulidae,2515,Yes,Edge,Upper
2010-09-25,6.0,CHI,Seiurus,aurocapilla,Parulidae,4580,Yes,Forest,Lower
2010-09-25,6.0,CHI,Geothlypis,trichas,Parulidae,1555,Yes,Open,Lower
2010-09-25,6.0,CHI,catharus,ustulatus,Turdidae,2331,Yes,Forest,Lower
2010-09-25,6.0,CHI,catharus,ustulatus,Turdidae,2331,Yes,Forest,Lower
2010-09-25,6.0,CHI,Melospiza,melodia,Passerellidae,5124,Yes,Edge,Lower
2010-09-25,6.0,CHI,Catharus,minimus,Turdidae,822,Yes,Forest,Lower
2010-09-25,6.0,CHI,Catharus,minimus,Turdidae,822,Yes,Forest,Lower
2010-09-25,6.0,CHI,catharus,ustulatus,Turdidae,2331,Yes,Forest,Lower
2010-09-25,6.0,CHI,Setophaga,magnolia,Parulidae,1224,yes,forest,Upper
2010-09-25,6.0,CHI,Regulus,satrapa,Regulidae,1029,Yes,Forest,Upper
2010-09-25,6.0,CHI,Zonotrichia,albicollis,Passerellidae,10133,Yes,Forest,Lower
2010-09-25,6.0,CHI,Hylocichla,mustelina,Turdidae,500,Yes,Forest,Lower
2010-09-25,6.0,CHI,dumetella,carolinensis,Mimidae,599,no,edge,Lower
2010-09-25,6.0,CHI,dumetella,carolinensis,Mimidae,599,no,edge,Lower
2010-09-25,6.0,CHI,dumetella,carolinensis,Mimidae,599,no,edge,Lower
2010-09-25,6.0,CHI,Hylocichla,mustelina,Turdidae,500,Yes,Forest,Lower
2010-09-25,6.0,CHI,Seiurus,aurocapilla,Parulidae,4580,Yes,Forest,Lower
2010-09-25,6.0,CHI,Seiurus,aurocapilla,Parulidae,4580,Yes,Forest,Lower
2010-09-25,6.0,CHI,troglodytes,hiemalis,Troglodytidae,474,No,Forest,Lower
2010-09-25,6.0,CHI,Seiurus,aurocapilla,Parulidae,4580,Yes,Forest,Lower
2010-09-25,6.0,CHI,Seiurus,aurocapilla,Parulidae,4580,Yes,Forest,Lower
2010-09-25,6.0,CHI,Seiurus,aurocapilla,Parulidae,4580,Yes,Forest,Lower
2010-09-25,6.0,CHI,Seiurus,aurocapilla,Parulidae,4580,Yes,Forest,Lower
2010-09-25,6.0,CHI,Seiurus,aurocapilla,Parulidae,4580,Yes,Forest,Lower
2010-09-25,6.0,CHI,dumetella,carolinensis,Mimidae,599,no,edge,Lower
2010-09-25,6.0,CHI,Zonotrichia,albicollis,Passerellidae,10133,Yes,Forest,Lower
2010-09-25,6.0,CHI,Seiurus,aurocapilla,Parulidae,4580,Yes,Forest,Lower
2010-09-25,6.0,CHI,Vermivora,chrysoptera,Parulidae,53,Yes,Edge,Upper
2010-09-25,6.0,CHI,Oreothlypis,peregrina,Parulidae,2515,Yes,Edge,Upper
2010-09-25,6.0,CHI,Setophaga,americana,Parulidae,59,Yes,Forest,Upper
2010-09-25,6.0,CHI,Catharus,guttatus,Turdidae,3729,Yes,Forest,Lower
2010-09-25,6.0,CHI,Catharus,guttatus,Turdidae,3729,Yes,Forest,Lower
2010-09-25,6.0,CHI,Catharus,guttatus,Turdidae,3729,Yes,Forest,Lower
2010-09-25,6.0,CHI,Catharus,guttatus,Turdidae,3729,Yes,Forest,Lower
2010-09-25,6.0,CHI,Pheucticus,ludovicianus,Cardinalidae,397,Yes,Forest,Upper
2010-09-25,6.0,CHI,Pheucticus,ludovicianus,Cardinalidae,397,Yes,Forest,Upper
2010-09-25,6.0,CHI,Catharus,guttatus,Turdidae,3729,Yes,Forest,Lower
2010-09-25,6.0,CHI,Setophaga,striata,Parulidae,787,Yes,Forest,Upper
2010-09-26,4.0,CHI,Oreothlypis,ruficapilla,Parulidae,1690,Yes,Forest,Upper
2010-09-26,4.0,CHI,Oreothlypis,ruficapilla,Parulidae,1690,Yes,Forest,Upper
2010-09-26,4.0,CHI,Oreothlypis,ruficapilla,Parulidae,1690,Yes,Forest,Upper
2010-09-26,4.0,CHI,Oreothlypis,ruficapilla,Parulidae,1690,Yes,Forest,Upper
2010-09-26,4.0,CHI,Oreothlypis,ruficapilla,Parulidae,1690,Yes,Forest,Upper
2010-09-26,4.0,CHI,Zonotrichia,albicollis,Passerellidae,10133,Yes,Forest,Lower
2010-09-26,4.0,CHI,Zonotrichia,albicollis,Passerellidae,10133,Yes,Forest,Lower
2010-09-26,4.0,CHI,Zonotrichia,albicollis,Passerellidae,10133,Yes,Forest,Lower
2010-09-26,4.0,CHI,Oreothlypis,ruficapilla,Parulidae,1690,Yes,Forest,Upper
2010-09-26,4.0,CHI,Zonotrichia,albicollis,Passerellidae,10133,Yes,Forest,Lower
2010-09-26,4.0,CHI,Oreothlypis,ruficapilla,Parulidae,1690,Yes,Forest,Upper
2010-09-26,4.0,CHI,Oreothlypis,ruficapilla,Parulidae,1690,Yes,Forest,Upper
2010-09-26,4.0,CHI,Oreothlypis,ruficapilla,Parulidae,1690,Yes,Forest,Upper
2010-09-26,4.0,CHI,Oreothlypis,ruficapilla,Parulidae,1690,Yes,Forest,Upper
2010-09-26,4.0,CHI,Zonotrichia,albicollis,Passerellidae,10133,Yes,Forest,Lower
2010-09-26,4.0,CHI,Zonotrichia,albicollis,Passerellidae,10133,Yes,Forest,Lower
2010-09-26,4.0,CHI,Zonotrichia,albicollis,Passerellidae,10133,Yes,Forest,Lower
2010-09-26,4.0,CHI,Zonotrichia,albicollis,Passerellidae,10133,Yes,Forest,Lower
2010-09-26,4.0,CHI,Zonotrichia,albicollis,Passerellidae,10133,Yes,Forest,Lower
2010-09-26,4.0,CHI,Zonotrichia,albicollis,Passerellidae,10133,Yes,Forest,Lower
2010-09-26,4.0,CHI,Zonotrichia,albicollis,Passerellidae,10133,Yes,Forest,Lower
2010-09-26,4.0,CHI,Zonotrichia,albicollis,Passerellidae,10133,Yes,Forest,Lower
2010-09-26,4.0,CHI,Zonotrichia,albicollis,Passerellidae,10133,Yes,Forest,Lower
2010-09-26,4.0,CHI,Oreothlypis,ruficapilla,Parulidae,1690,Yes,Forest,Upper
2010-09-26,4.0,CHI,Zonotrichia,albicollis,Passerellidae,10133,Yes,Forest,Lower
2010-09-26,4.0,CHI,Zonotrichia,albicollis,Passerellidae,10133,Yes,Forest,Lower
2010-09-26,4.0,CHI,Zonotrichia,albicollis,Passerellidae,10133,Yes,Forest,Lower
2010-09-26,4.0,CHI,Zonotrichia,albicollis,Passerellidae,10133,Yes,Forest,Lower
2010-09-26,4.0,CHI,Zonotrichia,albicollis,Passerellidae,10133,Yes,Forest,Lower
2010-09-26,4.0,CHI,Zonotrichia,albicollis,Passerellidae,10133,Yes,Forest,Lower
2010-09-26,4.0,CHI,Zonotrichia,albicollis,Passerellidae,10133,Yes,Forest,Lower
2010-09-26,4.0,CHI,Zonotrichia,albicollis,Passerellidae,10133,Yes,Forest,Lower
2010-09-26,4.0,CHI,Zonotrichia,albicollis,Passerellidae,10133,Yes,Forest,Lower
2010-09-26,4.0,CHI,Zonotrichia,albicollis,Passerellidae,10133,Yes,Forest,Lower
2010-09-26,4.0,CHI,Zonotrichia,albicollis,Passerellidae,10133,Yes,Forest,Lower
2010-09-26,4.0,CHI,Zonotrichia,albicollis,Passerellidae,10133,Yes,Forest,Lower
2010-09-26,4.0,CHI,Zonotrichia,albicollis,Passerellidae,10133,Yes,Forest,Lower
2010-09-26,4.0,CHI,Oreothlypis,ruficapilla,Parulidae,1690,Yes,Forest,Upper
2010-09-26,4.0,CHI,Oreothlypis,ruficapilla,Parulidae,1690,Yes,Forest,Upper
2010-09-26,4.0,CHI,Zonotrichia,albicollis,Passerellidae,10133,Yes,Forest,Lower
2010-09-26,4.0,CHI,Oreothlypis,ruficapilla,Parulidae,1690,Yes,Forest,Upper
2010-09-26,4.0,CHI,Oreothlypis,ruficapilla,Parulidae,1690,Yes,Forest,Upper
2010-09-26,4.0,CHI,Oreothlypis,ruficapilla,Parulidae,1690,Yes,Forest,Upper
2010-09-26,4.0,CHI,Zonotrichia,albicollis,Passerellidae,10133,Yes,Forest,Lower
2010-09-26,4.0,CHI,Zonotrichia,albicollis,Passerellidae,10133,Yes,Forest,Lower
2010-09-26,4.0,CHI,Zonotrichia,albicollis,Passerellidae,10133,Yes,Forest,Lower
2010-09-26,4.0,CHI,Zonotrichia,albicollis,Passerellidae,10133,Yes,Forest,Lower
2010-09-26,4.0,CHI,Zonotrichia,albicollis,Passerellidae,10133,Yes,Forest,Lower
2010-09-26,4.0,CHI,Zonotrichia,albicollis,Passerellidae,10133,Yes,Forest,Lower
2010-09-26,4.0,CHI,Oreothlypis,ruficapilla,Parulidae,1690,Yes,Forest,Upper
2010-09-26,4.0,CHI,Zonotrichia,albicollis,Passerellidae,10133,Yes,Forest,Lower
2010-09-26,4.0,CHI,Oreothlypis,ruficapilla,Parulidae,1690,Yes,Forest,Upper
2010-09-26,4.0,CHI,Zonotrichia,albicollis,Passerellidae,10133,Yes,Forest,Lower
2010-09-26,4.0,CHI,Zonotrichia,albicollis,Passerellidae,10133,Yes,Forest,Lower
2010-09-26,4.0,CHI,Zonotrichia,albicollis,Passerellidae,10133,Yes,Forest,Lower
2010-09-26,4.0,CHI,Zonotrichia,albicollis,Passerellidae,10133,Yes,Forest,Lower
2010-09-26,4.0,CHI,Oreothlypis,ruficapilla,Parulidae,1690,Yes,Forest,Upper
2010-09-26,4.0,CHI,Zonotrichia,albicollis,Passerellidae,10133,Yes,Forest,Lower
2010-09-26,4.0,CHI,Zonotrichia,albicollis,Passerellidae,10133,Yes,Forest,Lower
2010-09-26,4.0,CHI,Zonotrichia,albicollis,Passerellidae,10133,Yes,Forest,Lower
2010-09-26,4.0,CHI,Zonotrichia,albicollis,Passerellidae,10133,Yes,Forest,Lower
2010-09-26,4.0,CHI,Zonotrichia,albicollis,Passerellidae,10133,Yes,Forest,Lower
2010-09-26,4.0,CHI,Zonotrichia,albicollis,Passerellidae,10133,Yes,Forest,Lower
2010-09-26,4.0,CHI,Zonotrichia,albicollis,Passerellidae,10133,Yes,Forest,Lower
2010-09-26,4.0,CHI,Oreothlypis,ruficapilla,Parulidae,1690,Yes,Forest,Upper
2010-09-26,4.0,CHI,Oreothlypis,ruficapilla,Parulidae,1690,Yes,Forest,Upper
2010-09-26,4.0,CHI,Oreothlypis,ruficapilla,Parulidae,1690,Yes,Forest,Upper
2010-09-26,4.0,CHI,Zonotrichia,albicollis,Passerellidae,10133,Yes,Forest,Lower
2010-09-26,4.0,CHI,Oreothlypis,ruficapilla,Parulidae,1690,Yes,Forest,Upper
2010-09-26,4.0,CHI,Zonotrichia,albicollis,Passerellidae,10133,Yes,Forest,Lower
2010-09-26,4.0,CHI,Zonotrichia,albicollis,Passerellidae,10133,Yes,Forest,Lower
2010-09-26,4.0,CHI,Zonotrichia,albicollis,Passerellidae,10133,Yes,Forest,Lower
2010-09-26,4.0,CHI,Zonotrichia,albicollis,Passerellidae,10133,Yes,Forest,Lower
2010-09-26,4.0,CHI,Zonotrichia,albicollis,Passerellidae,10133,Yes,Forest,Lower
2010-09-26,4.0,CHI,Zonotrichia,albicollis,Passerellidae,10133,Yes,Forest,Lower
2010-09-26,4.0,CHI,Zonotrichia,albicollis,Passerellidae,10133,Yes,Forest,Lower
2010-09-26,4.0,CHI,Zonotrichia,albicollis,Passerellidae,10133,Yes,Forest,Lower
2010-09-26,4.0,CHI,Oreothlypis,ruficapilla,Parulidae,1690,Yes,Forest,Upper
2010-09-26,4.0,CHI,Zonotrichia,albicollis,Passerellidae,10133,Yes,Forest,Lower
2010-09-26,4.0,CHI,Zonotrichia,albicollis,Passerellidae,10133,Yes,Forest,Lower
2010-09-26,4.0,CHI,Zonotrichia,albicollis,Passerellidae,10133,Yes,Forest,Lower
2010-09-26,4.0,CHI,Zonotrichia,albicollis,Passerellidae,10133,Yes,Forest,Lower
2010-09-26,4.0,CHI,Zonotrichia,albicollis,Passerellidae,10133,Yes,Forest,Lower
2010-09-26,4.0,CHI,Zonotrichia,albicollis,Passerellidae,10133,Yes,Forest,Lower
2010-09-26,4.0,CHI,Zonotrichia,albicollis,Passerellidae,10133,Yes,Forest,Lower
2010-09-26,4.0,CHI,Zonotrichia,albicollis,Passerellidae,10133,Yes,Forest,Lower
2010-09-26,4.0,CHI,Zonotrichia,albicollis,Passerellidae,10133,Yes,Forest,Lower
2010-09-26,4.0,CHI,Zonotrichia,albicollis,Passerellidae,10133,Yes,Forest,Lower
2010-09-26,4.0,CHI,Zonotrichia,albicollis,Passerellidae,10133,Yes,Forest,Lower
2010-09-26,4.0,CHI,Zonotrichia,albicollis,Passerellidae,10133,Yes,Forest,Lower
2010-09-26,4.0,CHI,Zonotrichia,albicollis,Passerellidae,10133,Yes,Forest,Lower
2010-09-26,4.0,CHI,Zonotrichia,albicollis,Passerellidae,10133,Yes,Forest,Lower
2010-09-26,4.0,CHI,Zonotrichia,albicollis,Passerellidae,10133,Yes,Forest,Lower
2010-09-26,4.0,CHI,Zonotrichia,albicollis,Passerellidae,10133,Yes,Forest,Lower
2010-09-26,4.0,CHI,Zonotrichia,albicollis,Passerellidae,10133,Yes,Forest,Lower
2010-09-26,4.0,CHI,Zonotrichia,albicollis,Passerellidae,10133,Yes,Forest,Lower
2010-09-26,4.0,CHI,Zonotrichia,albicollis,Passerellidae,10133,Yes,Forest,Lower
2010-09-26,4.0,CHI,Zonotrichia,albicollis,Passerellidae,10133,Yes,Forest,Lower
2010-09-26,4.0,CHI,Zonotrichia,albicollis,Passerellidae,10133,Yes,Forest,Lower
2010-09-26,4.0,CHI,Zonotrichia,albicollis,Passerellidae,10133,Yes,Forest,Lower
2010-09-26,4.0,CHI,Zonotrichia,albicollis,Passerellidae,10133,Yes,Forest,Lower
2010-09-26,4.0,CHI,Zonotrichia,albicollis,Passerellidae,10133,Yes,Forest,Lower
2010-09-26,4.0,CHI,Zonotrichia,albicollis,Passerellidae,10133,Yes,Forest,Lower
2010-09-26,4.0,CHI,Zonotrichia,albicollis,Passerellidae,10133,Yes,Forest,Lower
2010-09-26,4.0,CHI,Cardellina,pusilla,Parulidae,185,Yes,Edge,Lower
2010-09-26,4.0,CHI,Cardellina,pusilla,Parulidae,185,Yes,Edge,Lower
2010-09-26,4.0,CHI,Melospiza,lincolnii,Passerellidae,2029,yes,edge,Lower
2010-09-26,4.0,CHI,Melospiza,lincolnii,Passerellidae,2029,yes,edge,Lower
2010-09-26,4.0,CHI,Melospiza,lincolnii,Passerellidae,2029,yes,edge,Lower
2010-09-26,4.0,CHI,Melospiza,lincolnii,Passerellidae,2029,yes,edge,Lower
2010-09-26,4.0,CHI,Zonotrichia,albicollis,Passerellidae,10133,Yes,Forest,Lower
2010-09-26,4.0,CHI,Melospiza,lincolnii,Passerellidae,2029,yes,edge,Lower
2010-09-26,4.0,CHI,Melospiza,lincolnii,Passerellidae,2029,yes,edge,Lower
2010-09-26,4.0,CHI,Melospiza,lincolnii,Passerellidae,2029,yes,edge,Lower
2010-09-26,4.0,CHI,Melospiza,lincolnii,Passerellidae,2029,yes,edge,Lower
2010-09-26,4.0,CHI,Melospiza,lincolnii,Passerellidae,2029,yes,edge,Lower
2010-09-26,4.0,CHI,Melospiza,lincolnii,Passerellidae,2029,yes,edge,Lower
2010-09-26,4.0,CHI,Melospiza,lincolnii,Passerellidae,2029,yes,edge,Lower
2010-09-26,4.0,CHI,Melospiza,lincolnii,Passerellidae,2029,yes,edge,Lower
2010-09-26,4.0,CHI,Zonotrichia,albicollis,Passerellidae,10133,Yes,Forest,Lower
2010-09-26,4.0,CHI,Zonotrichia,albicollis,Passerellidae,10133,Yes,Forest,Lower
2010-09-26,4.0,CHI,Zonotrichia,albicollis,Passerellidae,10133,Yes,Forest,Lower
2010-09-26,4.0,CHI,Zonotrichia,albicollis,Passerellidae,10133,Yes,Forest,Lower
2010-09-26,4.0,CHI,Melospiza,lincolnii,Passerellidae,2029,yes,edge,Lower
2010-09-26,4.0,CHI,Zonotrichia,albicollis,Passerellidae,10133,Yes,Forest,Lower
2010-09-26,4.0,CHI,Zonotrichia,albicollis,Passerellidae,10133,Yes,Forest,Lower
2010-09-26,4.0,CHI,Passerella,iliaca,Passerellidae,2443,Yes,Edge,Lower
2010-09-26,4.0,CHI,Oreothlypis,ruficapilla,Parulidae,1690,Yes,Forest,Upper
2010-09-26,4.0,CHI,Zonotrichia,albicollis,Passerellidae,10133,Yes,Forest,Lower
2010-09-26,4.0,CHI,Zonotrichia,albicollis,Passerellidae,10133,Yes,Forest,Lower
2010-09-26,4.0,CHI,Zonotrichia,albicollis,Passerellidae,10133,Yes,Forest,Lower
2010-09-26,4.0,CHI,Zonotrichia,albicollis,Passerellidae,10133,Yes,Forest,Lower
2010-09-26,4.0,MP,Melospiza,lincolnii,Passerellidae,2029,yes,edge,Lower
2010-09-26,4.0,CHI,Melospiza,lincolnii,Passerellidae,2029,yes,edge,Lower
2010-09-26,4.0,CHI,Melospiza,lincolnii,Passerellidae,2029,yes,edge,Lower
2010-09-26,4.0,CHI,Zonotrichia,albicollis,Passerellidae,10133,Yes,Forest,Lower
2010-09-26,4.0,CHI,Zonotrichia,albicollis,Passerellidae,10133,Yes,Forest,Lower
2010-09-26,4.0,CHI,Zonotrichia,albicollis,Passerellidae,10133,Yes,Forest,Lower
2010-09-26,4.0,CHI,Zonotrichia,albicollis,Passerellidae,10133,Yes,Forest,Lower
2010-09-26,4.0,CHI,Melospiza,lincolnii,Passerellidae,2029,yes,edge,Lower
2010-09-26,4.0,CHI,Melospiza,lincolnii,Passerellidae,2029,yes,edge,Lower
2010-09-26,4.0,CHI,Melospiza,lincolnii,Passerellidae,2029,yes,edge,Lower
2010-09-26,4.0,CHI,Melospiza,lincolnii,Passerellidae,2029,yes,edge,Lower
2010-09-26,4.0,CHI,Melospiza,lincolnii,Passerellidae,2029,yes,edge,Lower
2010-09-26,4.0,CHI,Melospiza,lincolnii,Passerellidae,2029,yes,edge,Lower
2010-09-26,4.0,CHI,Melospiza,lincolnii,Passerellidae,2029,yes,edge,Lower
2010-09-26,4.0,CHI,Melospiza,lincolnii,Passerellidae,2029,yes,edge,Lower
2010-09-26,4.0,CHI,Zonotrichia,albicollis,Passerellidae,10133,Yes,Forest,Lower
2010-09-26,4.0,CHI,Catharus,guttatus,Turdidae,3729,Yes,Forest,Lower
2010-09-26,4.0,CHI,Regulus,satrapa,Regulidae,1029,Yes,Forest,Upper
2010-09-26,4.0,CHI,Hylocichla,mustelina,Turdidae,500,Yes,Forest,Lower
2010-09-26,4.0,CHI,Hylocichla,mustelina,Turdidae,500,Yes,Forest,Lower
2010-09-26,4.0,CHI,Regulus,satrapa,Regulidae,1029,Yes,Forest,Upper
2010-09-26,4.0,CHI,Regulus,satrapa,Regulidae,1029,Yes,Forest,Upper
2010-09-26,4.0,CHI,Regulus,satrapa,Regulidae,1029,Yes,Forest,Upper
2010-09-26,4.0,CHI,Regulus,satrapa,Regulidae,1029,Yes,Forest,Upper
2010-09-26,4.0,CHI,Regulus,satrapa,Regulidae,1029,Yes,Forest,Upper
2010-09-26,4.0,CHI,Regulus,satrapa,Regulidae,1029,Yes,Forest,Upper
2010-09-26,4.0,CHI,Regulus,satrapa,Regulidae,1029,Yes,Forest,Upper
2010-09-26,4.0,CHI,Regulus,satrapa,Regulidae,1029,Yes,Forest,Upper
2010-09-26,4.0,CHI,Regulus,satrapa,Regulidae,1029,Yes,Forest,Upper
2010-09-26,4.0,CHI,Regulus,satrapa,Regulidae,1029,Yes,Forest,Upper
2010-09-26,4.0,CHI,Regulus,satrapa,Regulidae,1029,Yes,Forest,Upper
2010-09-26,4.0,CHI,Setophaga,magnolia,Parulidae,1224,yes,forest,Upper
2010-09-26,4.0,CHI,Regulus,satrapa,Regulidae,1029,Yes,Forest,Upper
2010-09-26,4.0,CHI,Regulus,satrapa,Regulidae,1029,Yes,Forest,Upper
2010-09-26,4.0,CHI,Regulus,satrapa,Regulidae,1029,Yes,Forest,Upper
2010-09-26,4.0,CHI,Setophaga,coronata,Parulidae,887,yes,forest,Upper
2010-09-26,4.0,CHI,Setophaga,coronata,Parulidae,887,yes,forest,Upper
2010-09-26,4.0,CHI,Setophaga,coronata,Parulidae,887,yes,forest,Upper
2010-09-26,4.0,CHI,Setophaga,coronata,Parulidae,887,yes,forest,Upper
2010-09-26,4.0,CHI,Oreothlypis,peregrina,Parulidae,2515,Yes,Edge,Upper
2010-09-26,4.0,CHI,geothlypis,philadelphia,Parulidae,430,Yes,Edge,Lower
2010-09-26,4.0,CHI,Seiurus,aurocapilla,Parulidae,4580,Yes,Forest,Lower
2010-09-26,4.0,CHI,Seiurus,aurocapilla,Parulidae,4580,Yes,Forest,Lower
2010-09-26,4.0,CHI,Hylocichla,mustelina,Turdidae,500,Yes,Forest,Lower
2010-09-26,4.0,CHI,Hylocichla,mustelina,Turdidae,500,Yes,Forest,Lower
2010-09-26,4.0,CHI,Regulus,satrapa,Regulidae,1029,Yes,Forest,Upper
2010-09-26,4.0,CHI,Regulus,satrapa,Regulidae,1029,Yes,Forest,Upper
2010-09-26,4.0,CHI,troglodytes,hiemalis,Troglodytidae,474,No,Forest,Lower
2010-09-26,4.0,CHI,troglodytes,hiemalis,Troglodytidae,474,No,Forest,Lower
2010-09-26,4.0,CHI,troglodytes,hiemalis,Troglodytidae,474,No,Forest,Lower
2010-09-26,4.0,CHI,Seiurus,aurocapilla,Parulidae,4580,Yes,Forest,Lower
2010-09-26,4.0,CHI,Geothlypis,trichas,Parulidae,1555,Yes,Open,Lower
2010-09-26,4.0,CHI,Geothlypis,trichas,Parulidae,1555,Yes,Open,Lower
2010-09-26,4.0,CHI,Geothlypis,trichas,Parulidae,1555,Yes,Open,Lower
2010-09-26,4.0,CHI,Geothlypis,trichas,Parulidae,1555,Yes,Open,Lower
2010-09-26,4.0,CHI,Geothlypis,trichas,Parulidae,1555,Yes,Open,Lower
2010-09-26,4.0,CHI,Seiurus,aurocapilla,Parulidae,4580,Yes,Forest,Lower
2010-09-26,4.0,CHI,Seiurus,aurocapilla,Parulidae,4580,Yes,Forest,Lower
2010-09-26,4.0,CHI,Regulus,satrapa,Regulidae,1029,Yes,Forest,Upper
2010-09-26,4.0,CHI,Seiurus,aurocapilla,Parulidae,4580,Yes,Forest,Lower
2010-09-26,4.0,CHI,Regulus,satrapa,Regulidae,1029,Yes,Forest,Upper
2010-09-26,4.0,CHI,Regulus,satrapa,Regulidae,1029,Yes,Forest,Upper
2010-09-26,4.0,CHI,Regulus,satrapa,Regulidae,1029,Yes,Forest,Upper
2010-09-26,4.0,CHI,Regulus,satrapa,Regulidae,1029,Yes,Forest,Upper
2010-09-26,4.0,CHI,Regulus,satrapa,Regulidae,1029,Yes,Forest,Upper
2010-09-26,4.0,CHI,Regulus,satrapa,Regulidae,1029,Yes,Forest,Upper
2010-09-26,4.0,CHI,Regulus,satrapa,Regulidae,1029,Yes,Forest,Upper
2010-09-26,4.0,CHI,Regulus,satrapa,Regulidae,1029,Yes,Forest,Upper
2010-09-26,4.0,CHI,Regulus,satrapa,Regulidae,1029,Yes,Forest,Upper
2010-09-26,4.0,CHI,Regulus,satrapa,Regulidae,1029,Yes,Forest,Upper
2010-09-26,4.0,CHI,Regulus,satrapa,Regulidae,1029,Yes,Forest,Upper
2010-09-26,4.0,CHI,Regulus,satrapa,Regulidae,1029,Yes,Forest,Upper
2010-09-26,4.0,CHI,Regulus,satrapa,Regulidae,1029,Yes,Forest,Upper
2010-09-26,4.0,CHI,Regulus,satrapa,Regulidae,1029,Yes,Forest,Upper
2010-09-26,4.0,CHI,Parkesia,noveboracensis,Parulidae,916,Yes,Forest,Lower
2010-09-26,4.0,CHI,Setophaga,magnolia,Parulidae,1224,yes,forest,Upper
2010-09-26,4.0,CHI,Regulus,calendula,Regulidae,416,No,Forest,Upper
2010-09-26,4.0,CHI,Setophaga,pinus,Parulidae,49,Yes,Forest,Upper
2010-09-26,4.0,CHI,dumetella,carolinensis,Mimidae,599,no,edge,Lower
2010-09-26,4.0,CHI,Setophaga,striata,Parulidae,787,Yes,Forest,Upper
2010-09-26,4.0,CHI,Setophaga,striata,Parulidae,787,Yes,Forest,Upper
2010-09-26,4.0,CHI,Setophaga,caerulescens,Parulidae,183,Yes,Forest,Upper
2010-09-26,4.0,CHI,Setophaga,caerulescens,Parulidae,183,Yes,Forest,Upper
2010-09-26,4.0,CHI,Sitta,canadensis,Sittidae,260,Yes,Forest,Upper
2010-09-26,4.0,CHI,Sitta,canadensis,Sittidae,260,Yes,Forest,Upper
2010-09-26,4.0,CHI,Sitta,canadensis,Sittidae,260,Yes,Forest,Upper
2010-09-26,4.0,CHI,catharus,ustulatus,Turdidae,2331,Yes,Forest,Lower
2010-09-26,4.0,CHI,Passerina,cyanea,Cardinalidae,725,yes,edge,Upper
2010-09-26,4.0,CHI,Setophaga,americana,Parulidae,59,Yes,Forest,Upper
2010-09-26,4.0,CHI,Junco,hyemalis,Passerellidae,6303,Yes,Edge,Lower
2010-09-26,4.0,CHI,Junco,hyemalis,Passerellidae,6303,Yes,Edge,Lower
2010-09-26,4.0,CHI,Junco,hyemalis,Passerellidae,6303,Yes,Edge,Lower
2010-09-26,4.0,CHI,Junco,hyemalis,Passerellidae,6303,Yes,Edge,Lower
2010-09-26,4.0,CHI,Oreothlypis,celata,Parulidae,227,Yes,Edge,Lower
2010-09-26,4.0,CHI,Oreothlypis,celata,Parulidae,227,Yes,Edge,Lower
2010-09-26,4.0,CHI,Catharus,guttatus,Turdidae,3729,Yes,Forest,Lower
2010-09-26,4.0,CHI,Catharus,guttatus,Turdidae,3729,Yes,Forest,Lower
2010-09-26,4.0,CHI,Cistothorus,platensis,Troglodytidae,60,no,open,Lower
2010-09-26,4.0,CHI,catharus,ustulatus,Turdidae,2331,Yes,Forest,Lower
2010-09-26,4.0,CHI,Junco,hyemalis,Passerellidae,6303,Yes,Edge,Lower
2010-09-26,4.0,CHI,catharus,ustulatus,Turdidae,2331,Yes,Forest,Lower
2010-09-26,4.0,CHI,Regulus,calendula,Regulidae,416,No,Forest,Upper
2010-09-26,4.0,CHI,catharus,ustulatus,Turdidae,2331,Yes,Forest,Lower
2010-09-26,4.0,CHI,Regulus,calendula,Regulidae,416,No,Forest,Upper
2010-09-27,4.0,CHI,Zonotrichia,albicollis,Passerellidae,10133,Yes,Forest,Lower
2010-09-27,4.0,CHI,Zonotrichia,albicollis,Passerellidae,10133,Yes,Forest,Lower
2010-09-27,4.0,CHI,Zonotrichia,albicollis,Passerellidae,10133,Yes,Forest,Lower
2010-09-27,4.0,CHI,Zonotrichia,albicollis,Passerellidae,10133,Yes,Forest,Lower
2010-09-27,4.0,CHI,Setophaga,striata,Parulidae,787,Yes,Forest,Upper
2010-09-27,4.0,CHI,Zonotrichia,albicollis,Passerellidae,10133,Yes,Forest,Lower
2010-09-27,4.0,MP,Zonotrichia,albicollis,Passerellidae,10133,Yes,Forest,Lower
2010-09-27,4.0,CHI,troglodytes,hiemalis,Troglodytidae,474,No,Forest,Lower
2010-09-27,4.0,CHI,Sitta,canadensis,Sittidae,260,Yes,Forest,Upper
2010-09-27,4.0,CHI,troglodytes,hiemalis,Troglodytidae,474,No,Forest,Lower
2010-09-27,4.0,CHI,Oreothlypis,ruficapilla,Parulidae,1690,Yes,Forest,Upper
2010-09-27,4.0,CHI,Oreothlypis,ruficapilla,Parulidae,1690,Yes,Forest,Upper
2010-09-27,4.0,CHI,Oreothlypis,ruficapilla,Parulidae,1690,Yes,Forest,Upper
2010-09-27,4.0,CHI,Oreothlypis,ruficapilla,Parulidae,1690,Yes,Forest,Upper
2010-09-27,4.0,CHI,Sitta,canadensis,Sittidae,260,Yes,Forest,Upper
2010-09-27,4.0,CHI,Zonotrichia,albicollis,Passerellidae,10133,Yes,Forest,Lower
2010-09-27,4.0,CHI,Zonotrichia,albicollis,Passerellidae,10133,Yes,Forest,Lower
2010-09-27,4.0,CHI,Zonotrichia,albicollis,Passerellidae,10133,Yes,Forest,Lower
2010-09-27,4.0,CHI,Melospiza,lincolnii,Passerellidae,2029,yes,edge,Lower
2010-09-27,4.0,CHI,Melospiza,lincolnii,Passerellidae,2029,yes,edge,Lower
2010-09-27,4.0,CHI,Melospiza,lincolnii,Passerellidae,2029,yes,edge,Lower
2010-09-27,4.0,CHI,Melospiza,lincolnii,Passerellidae,2029,yes,edge,Lower
2010-09-27,4.0,CHI,Melospiza,lincolnii,Passerellidae,2029,yes,edge,Lower
2010-09-27,4.0,CHI,Melospiza,lincolnii,Passerellidae,2029,yes,edge,Lower
2010-09-27,4.0,CHI,Melospiza,lincolnii,Passerellidae,2029,yes,edge,Lower
2010-09-27,4.0,CHI,Melospiza,lincolnii,Passerellidae,2029,yes,edge,Lower
2010-09-27,4.0,CHI,Oreothlypis,ruficapilla,Parulidae,1690,Yes,Forest,Upper
2010-09-27,4.0,CHI,Regulus,calendula,Regulidae,416,No,Forest,Upper
2010-09-27,4.0,CHI,Melospiza,lincolnii,Passerellidae,2029,yes,edge,Lower
2010-09-27,4.0,CHI,Zonotrichia,albicollis,Passerellidae,10133,Yes,Forest,Lower
2010-09-27,4.0,CHI,Geothlypis,trichas,Parulidae,1555,Yes,Open,Lower
2010-09-27,4.0,CHI,Geothlypis,trichas,Parulidae,1555,Yes,Open,Lower
2010-09-27,4.0,CHI,Zonotrichia,albicollis,Passerellidae,10133,Yes,Forest,Lower
2010-09-27,4.0,CHI,Catharus,minimus,Turdidae,822,Yes,Forest,Lower
2010-09-27,4.0,CHI,Geothlypis,trichas,Parulidae,1555,Yes,Open,Lower
2010-09-27,4.0,CHI,Geothlypis,trichas,Parulidae,1555,Yes,Open,Lower
2010-09-27,4.0,CHI,Melospiza,lincolnii,Passerellidae,2029,yes,edge,Lower
2010-09-27,4.0,MP,Zonotrichia,albicollis,Passerellidae,10133,Yes,Forest,Lower
2010-09-27,4.0,CHI,Oreothlypis,ruficapilla,Parulidae,1690,Yes,Forest,Upper
2010-09-27,4.0,CHI,Melospiza,lincolnii,Passerellidae,2029,yes,edge,Lower
2010-09-27,4.0,CHI,Zonotrichia,albicollis,Passerellidae,10133,Yes,Forest,Lower
2010-09-27,4.0,CHI,Zonotrichia,albicollis,Passerellidae,10133,Yes,Forest,Lower
2010-09-27,4.0,CHI,Zonotrichia,albicollis,Passerellidae,10133,Yes,Forest,Lower
2010-09-27,4.0,CHI,Zonotrichia,albicollis,Passerellidae,10133,Yes,Forest,Lower
2010-09-27,4.0,CHI,Zonotrichia,albicollis,Passerellidae,10133,Yes,Forest,Lower
2010-09-27,4.0,CHI,Zonotrichia,albicollis,Passerellidae,10133,Yes,Forest,Lower
2010-09-27,4.0,CHI,Zonotrichia,albicollis,Passerellidae,10133,Yes,Forest,Lower
2010-09-27,4.0,CHI,Zonotrichia,albicollis,Passerellidae,10133,Yes,Forest,Lower
2010-09-27,4.0,CHI,Zonotrichia,albicollis,Passerellidae,10133,Yes,Forest,Lower
2010-09-27,4.0,CHI,Seiurus,aurocapilla,Parulidae,4580,Yes,Forest,Lower
2010-09-27,4.0,CHI,Zonotrichia,albicollis,Passerellidae,10133,Yes,Forest,Lower
2010-09-27,4.0,CHI,geothlypis,philadelphia,Parulidae,430,Yes,Edge,Lower
2010-09-27,4.0,CHI,Zonotrichia,albicollis,Passerellidae,10133,Yes,Forest,Lower
2010-09-27,4.0,CHI,Zonotrichia,albicollis,Passerellidae,10133,Yes,Forest,Lower
2010-09-27,4.0,CHI,Zonotrichia,albicollis,Passerellidae,10133,Yes,Forest,Lower
2010-09-27,4.0,CHI,Zonotrichia,albicollis,Passerellidae,10133,Yes,Forest,Lower
2010-09-27,4.0,CHI,Zonotrichia,albicollis,Passerellidae,10133,Yes,Forest,Lower
2010-09-27,4.0,CHI,Oreothlypis,ruficapilla,Parulidae,1690,Yes,Forest,Upper
2010-09-27,4.0,CHI,Zonotrichia,albicollis,Passerellidae,10133,Yes,Forest,Lower
2010-09-27,4.0,CHI,Passerina,cyanea,Cardinalidae,725,yes,edge,Upper
2010-09-27,4.0,CHI,Oreothlypis,ruficapilla,Parulidae,1690,Yes,Forest,Upper
2010-09-27,4.0,CHI,Oreothlypis,ruficapilla,Parulidae,1690,Yes,Forest,Upper
2010-09-27,4.0,CHI,Oreothlypis,ruficapilla,Parulidae,1690,Yes,Forest,Upper
2010-09-27,4.0,CHI,Oreothlypis,ruficapilla,Parulidae,1690,Yes,Forest,Upper
2010-09-27,4.0,CHI,Setophaga,striata,Parulidae,787,Yes,Forest,Upper
2010-09-27,4.0,CHI,Oreothlypis,peregrina,Parulidae,2515,Yes,Edge,Upper
2010-09-27,4.0,CHI,Zonotrichia,albicollis,Passerellidae,10133,Yes,Forest,Lower
2010-09-27,4.0,CHI,Zonotrichia,albicollis,Passerellidae,10133,Yes,Forest,Lower
2010-09-27,4.0,MP,Zonotrichia,albicollis,Passerellidae,10133,Yes,Forest,Lower
2010-09-27,4.0,CHI,Zonotrichia,albicollis,Passerellidae,10133,Yes,Forest,Lower
2010-09-27,4.0,CHI,Zonotrichia,albicollis,Passerellidae,10133,Yes,Forest,Lower
2010-09-27,4.0,CHI,Zonotrichia,albicollis,Passerellidae,10133,Yes,Forest,Lower
2010-09-27,4.0,CHI,Zonotrichia,albicollis,Passerellidae,10133,Yes,Forest,Lower
2010-09-27,4.0,CHI,Zonotrichia,albicollis,Passerellidae,10133,Yes,Forest,Lower
2010-09-27,4.0,CHI,Zonotrichia,albicollis,Passerellidae,10133,Yes,Forest,Lower
2010-09-27,4.0,CHI,Zonotrichia,albicollis,Passerellidae,10133,Yes,Forest,Lower
2010-09-27,4.0,CHI,Oreothlypis,peregrina,Parulidae,2515,Yes,Edge,Upper
2010-09-27,4.0,CHI,Melospiza,lincolnii,Passerellidae,2029,yes,edge,Lower
2010-09-27,4.0,CHI,Zonotrichia,albicollis,Passerellidae,10133,Yes,Forest,Lower
2010-09-27,4.0,CHI,Melospiza,lincolnii,Passerellidae,2029,yes,edge,Lower
2010-09-27,4.0,CHI,Regulus,satrapa,Regulidae,1029,Yes,Forest,Upper
2010-09-27,4.0,CHI,Melospiza,lincolnii,Passerellidae,2029,yes,edge,Lower
2010-09-27,4.0,CHI,catharus,ustulatus,Turdidae,2331,Yes,Forest,Lower
2010-09-27,4.0,CHI,Regulus,satrapa,Regulidae,1029,Yes,Forest,Upper
2010-09-27,4.0,CHI,Vireo,philadelphicus,Vireonidae,12,No,Forest,Upper
2010-09-27,4.0,CHI,catharus,ustulatus,Turdidae,2331,Yes,Forest,Lower
2010-09-27,4.0,CHI,Zonotrichia,albicollis,Passerellidae,10133,Yes,Forest,Lower
2010-09-27,4.0,CHI,Regulus,satrapa,Regulidae,1029,Yes,Forest,Upper
2010-09-27,4.0,CHI,Zonotrichia,albicollis,Passerellidae,10133,Yes,Forest,Lower
2010-09-27,4.0,CHI,Zonotrichia,albicollis,Passerellidae,10133,Yes,Forest,Lower
2010-09-27,4.0,CHI,Regulus,satrapa,Regulidae,1029,Yes,Forest,Upper
2010-09-27,4.0,CHI,Oreothlypis,celata,Parulidae,227,Yes,Edge,Lower
2010-09-27,4.0,CHI,Hylocichla,mustelina,Turdidae,500,Yes,Forest,Lower
2010-09-27,4.0,CHI,Oreothlypis,celata,Parulidae,227,Yes,Edge,Lower
2010-09-27,4.0,CHI,Regulus,satrapa,Regulidae,1029,Yes,Forest,Upper
2010-09-27,4.0,CHI,Regulus,satrapa,Regulidae,1029,Yes,Forest,Upper
2010-09-27,4.0,CHI,Zonotrichia,albicollis,Passerellidae,10133,Yes,Forest,Lower
2010-09-27,4.0,CHI,Regulus,satrapa,Regulidae,1029,Yes,Forest,Upper
2010-09-27,4.0,CHI,Regulus,satrapa,Regulidae,1029,Yes,Forest,Upper
2010-09-27,4.0,CHI,Regulus,satrapa,Regulidae,1029,Yes,Forest,Upper
2010-09-27,4.0,CHI,Zonotrichia,albicollis,Passerellidae,10133,Yes,Forest,Lower
2010-09-27,4.0,CHI,Melospiza,lincolnii,Passerellidae,2029,yes,edge,Lower
2010-09-27,4.0,CHI,Melospiza,lincolnii,Passerellidae,2029,yes,edge,Lower
2010-09-27,4.0,CHI,Zonotrichia,albicollis,Passerellidae,10133,Yes,Forest,Lower
2010-09-27,4.0,CHI,Regulus,satrapa,Regulidae,1029,Yes,Forest,Upper
2010-09-27,4.0,CHI,Regulus,satrapa,Regulidae,1029,Yes,Forest,Upper
2010-09-27,4.0,CHI,Vireo,olivaceus,Vireonidae,133,No,Forest,Upper
2010-09-27,4.0,CHI,Regulus,satrapa,Regulidae,1029,Yes,Forest,Upper
2010-09-27,4.0,CHI,Regulus,satrapa,Regulidae,1029,Yes,Forest,Upper
2010-09-27,4.0,CHI,Regulus,satrapa,Regulidae,1029,Yes,Forest,Upper
2010-09-27,4.0,CHI,Zonotrichia,albicollis,Passerellidae,10133,Yes,Forest,Lower
2010-09-27,4.0,CHI,catharus,ustulatus,Turdidae,2331,Yes,Forest,Lower
2010-09-27,4.0,CHI,Pheucticus,ludovicianus,Cardinalidae,397,Yes,Forest,Upper
2010-09-28,4.0,CHI,Setophaga,striata,Parulidae,787,Yes,Forest,Upper
2010-09-28,4.0,CHI,Zonotrichia,albicollis,Passerellidae,10133,Yes,Forest,Lower
2010-09-28,4.0,CHI,Zonotrichia,albicollis,Passerellidae,10133,Yes,Forest,Lower
2010-09-28,4.0,CHI,Oreothlypis,ruficapilla,Parulidae,1690,Yes,Forest,Upper
2010-09-28,4.0,CHI,Oreothlypis,ruficapilla,Parulidae,1690,Yes,Forest,Upper
2010-09-28,4.0,CHI,Zonotrichia,albicollis,Passerellidae,10133,Yes,Forest,Lower
2010-09-28,4.0,CHI,Setophaga,striata,Parulidae,787,Yes,Forest,Upper
2010-09-28,4.0,CHI,Zonotrichia,albicollis,Passerellidae,10133,Yes,Forest,Lower
2010-09-28,4.0,CHI,Zonotrichia,albicollis,Passerellidae,10133,Yes,Forest,Lower
2010-09-28,4.0,CHI,Zonotrichia,albicollis,Passerellidae,10133,Yes,Forest,Lower
2010-09-28,4.0,CHI,Sitta,canadensis,Sittidae,260,Yes,Forest,Upper
2010-09-28,4.0,CHI,Geothlypis,trichas,Parulidae,1555,Yes,Open,Lower
2010-09-28,4.0,CHI,Zonotrichia,albicollis,Passerellidae,10133,Yes,Forest,Lower
2010-09-28,4.0,CHI,Zonotrichia,albicollis,Passerellidae,10133,Yes,Forest,Lower
2010-09-28,4.0,CHI,catharus,ustulatus,Turdidae,2331,Yes,Forest,Lower
2010-09-28,4.0,CHI,Oreothlypis,ruficapilla,Parulidae,1690,Yes,Forest,Upper
2010-09-28,4.0,CHI,Oreothlypis,ruficapilla,Parulidae,1690,Yes,Forest,Upper
2010-09-28,4.0,CHI,Zonotrichia,albicollis,Passerellidae,10133,Yes,Forest,Lower
2010-09-28,4.0,CHI,Zonotrichia,albicollis,Passerellidae,10133,Yes,Forest,Lower
2010-09-28,4.0,CHI,Zonotrichia,albicollis,Passerellidae,10133,Yes,Forest,Lower
2010-09-28,4.0,CHI,Hylocichla,mustelina,Turdidae,500,Yes,Forest,Lower
2010-09-28,4.0,CHI,Zonotrichia,albicollis,Passerellidae,10133,Yes,Forest,Lower
2010-09-28,4.0,CHI,Zonotrichia,albicollis,Passerellidae,10133,Yes,Forest,Lower
2010-09-28,4.0,CHI,troglodytes,hiemalis,Troglodytidae,474,No,Forest,Lower
2010-09-28,4.0,CHI,Zonotrichia,albicollis,Passerellidae,10133,Yes,Forest,Lower
2010-09-28,4.0,MP,Zonotrichia,albicollis,Passerellidae,10133,Yes,Forest,Lower
2010-09-28,4.0,CHI,Catharus,minimus,Turdidae,822,Yes,Forest,Lower
2010-09-28,4.0,CHI,Zonotrichia,albicollis,Passerellidae,10133,Yes,Forest,Lower
2010-09-28,4.0,CHI,Zonotrichia,albicollis,Passerellidae,10133,Yes,Forest,Lower
2010-09-28,4.0,CHI,Zonotrichia,albicollis,Passerellidae,10133,Yes,Forest,Lower
2010-09-28,4.0,CHI,Zonotrichia,albicollis,Passerellidae,10133,Yes,Forest,Lower
2010-09-28,4.0,CHI,Regulus,satrapa,Regulidae,1029,Yes,Forest,Upper
2010-09-28,4.0,CHI,Zonotrichia,albicollis,Passerellidae,10133,Yes,Forest,Lower
2010-09-28,4.0,CHI,Zonotrichia,albicollis,Passerellidae,10133,Yes,Forest,Lower
2010-09-28,4.0,CHI,Zonotrichia,albicollis,Passerellidae,10133,Yes,Forest,Lower
2010-09-28,4.0,MP,Zonotrichia,albicollis,Passerellidae,10133,Yes,Forest,Lower
2010-09-28,4.0,CHI,Regulus,satrapa,Regulidae,1029,Yes,Forest,Upper
2010-09-28,4.0,CHI,Melospiza,lincolnii,Passerellidae,2029,yes,edge,Lower
2010-09-28,4.0,CHI,Melospiza,lincolnii,Passerellidae,2029,yes,edge,Lower
2010-09-28,4.0,CHI,Melospiza,lincolnii,Passerellidae,2029,yes,edge,Lower
2010-09-28,4.0,CHI,Melospiza,melodia,Passerellidae,5124,Yes,Edge,Lower
2010-09-28,4.0,CHI,Zonotrichia,albicollis,Passerellidae,10133,Yes,Forest,Lower
2010-09-28,4.0,CHI,Zonotrichia,albicollis,Passerellidae,10133,Yes,Forest,Lower
2010-09-28,4.0,CHI,Zonotrichia,albicollis,Passerellidae,10133,Yes,Forest,Lower
2010-09-28,4.0,CHI,Zonotrichia,albicollis,Passerellidae,10133,Yes,Forest,Lower
2010-09-29,4.0,MP,Seiurus,aurocapilla,Parulidae,4580,Yes,Forest,Lower
2010-09-29,4.0,CHI,Oreothlypis,ruficapilla,Parulidae,1690,Yes,Forest,Upper
2010-09-29,4.0,CHI,Setophaga,magnolia,Parulidae,1224,yes,forest,Upper
2010-09-29,4.0,CHI,Zonotrichia,albicollis,Passerellidae,10133,Yes,Forest,Lower
2010-09-29,4.0,CHI,Regulus,satrapa,Regulidae,1029,Yes,Forest,Upper
2010-09-29,4.0,CHI,Parkesia,noveboracensis,Parulidae,916,Yes,Forest,Lower
2010-09-29,4.0,CHI,Setophaga,castanea,Parulidae,287,Yes,Forest,Upper
2010-09-29,4.0,CHI,Zonotrichia,albicollis,Passerellidae,10133,Yes,Forest,Lower
2010-09-29,4.0,CHI,Melospiza,melodia,Passerellidae,5124,Yes,Edge,Lower
2010-09-29,4.0,CHI,Junco,hyemalis,Passerellidae,6303,Yes,Edge,Lower
2010-09-29,4.0,CHI,Catharus,minimus,Turdidae,822,Yes,Forest,Lower
2010-09-29,4.0,CHI,setophaga,ruticilla,Parulidae,868,Yes,Edge,Upper
2010-09-29,4.0,MP,Melospiza,lincolnii,Passerellidae,2029,yes,edge,Lower
2010-09-29,4.0,CHI,Zonotrichia,albicollis,Passerellidae,10133,Yes,Forest,Lower
2010-09-29,4.0,CHI,Zonotrichia,albicollis,Passerellidae,10133,Yes,Forest,Lower
2010-09-29,4.0,CHI,Zonotrichia,albicollis,Passerellidae,10133,Yes,Forest,Lower
2010-09-29,4.0,CHI,Zonotrichia,albicollis,Passerellidae,10133,Yes,Forest,Lower
2010-09-29,4.0,CHI,Zonotrichia,albicollis,Passerellidae,10133,Yes,Forest,Lower
2010-09-29,4.0,CHI,Zonotrichia,albicollis,Passerellidae,10133,Yes,Forest,Lower
2010-09-29,4.0,CHI,Regulus,satrapa,Regulidae,1029,Yes,Forest,Upper
2010-09-29,4.0,CHI,Zonotrichia,albicollis,Passerellidae,10133,Yes,Forest,Lower
2010-09-29,4.0,CHI,Zonotrichia,albicollis,Passerellidae,10133,Yes,Forest,Lower
2010-09-29,4.0,CHI,catharus,ustulatus,Turdidae,2331,Yes,Forest,Lower
2010-09-29,4.0,CHI,Zonotrichia,albicollis,Passerellidae,10133,Yes,Forest,Lower
2010-09-29,4.0,CHI,Melospiza,lincolnii,Passerellidae,2029,yes,edge,Lower
2010-09-29,4.0,CHI,Melospiza,lincolnii,Passerellidae,2029,yes,edge,Lower
2010-09-29,4.0,CHI,Melospiza,lincolnii,Passerellidae,2029,yes,edge,Lower
2010-09-29,4.0,MP,Oreothlypis,celata,Parulidae,227,Yes,Edge,Lower
2010-09-29,4.0,CHI,Melospiza,melodia,Passerellidae,5124,Yes,Edge,Lower
2010-09-29,4.0,CHI,Zonotrichia,albicollis,Passerellidae,10133,Yes,Forest,Lower
2010-09-29,4.0,CHI,Zonotrichia,albicollis,Passerellidae,10133,Yes,Forest,Lower
2010-09-29,4.0,MP,Zonotrichia,albicollis,Passerellidae,10133,Yes,Forest,Lower
2010-09-29,4.0,MP,Zonotrichia,albicollis,Passerellidae,10133,Yes,Forest,Lower
2010-09-29,4.0,CHI,Zonotrichia,albicollis,Passerellidae,10133,Yes,Forest,Lower
2010-09-29,4.0,MP,Zonotrichia,albicollis,Passerellidae,10133,Yes,Forest,Lower
2010-09-29,4.0,CHI,Zonotrichia,albicollis,Passerellidae,10133,Yes,Forest,Lower
2010-09-29,4.0,CHI,Oporornis,agilis,Parulidae,365,Yes,Forest,Lower
2010-09-29,4.0,CHI,Zonotrichia,albicollis,Passerellidae,10133,Yes,Forest,Lower
2010-09-29,4.0,CHI,Sitta,canadensis,Sittidae,260,Yes,Forest,Upper
2010-09-29,4.0,MP,Setophaga,striata,Parulidae,787,Yes,Forest,Upper
2010-09-29,4.0,CHI,Catharus,minimus,Turdidae,822,Yes,Forest,Lower
2010-09-29,4.0,CHI,Zonotrichia,albicollis,Passerellidae,10133,Yes,Forest,Lower
2010-09-29,4.0,CHI,Zonotrichia,albicollis,Passerellidae,10133,Yes,Forest,Lower
2010-09-29,4.0,MP,Setophaga,striata,Parulidae,787,Yes,Forest,Upper
2010-09-29,4.0,CHI,Zonotrichia,albicollis,Passerellidae,10133,Yes,Forest,Lower
2010-09-29,4.0,CHI,Zonotrichia,albicollis,Passerellidae,10133,Yes,Forest,Lower
2010-09-29,4.0,CHI,Zonotrichia,albicollis,Passerellidae,10133,Yes,Forest,Lower
2010-09-29,4.0,CHI,Zonotrichia,albicollis,Passerellidae,10133,Yes,Forest,Lower
2010-09-30,4.0,CHI,Cistothorus,platensis,Troglodytidae,60,no,open,Lower
2010-09-30,4.0,CHI,Regulus,satrapa,Regulidae,1029,Yes,Forest,Upper
2010-09-30,4.0,MP,Zonotrichia,albicollis,Passerellidae,10133,Yes,Forest,Lower
2010-09-30,4.0,CHI,Zonotrichia,albicollis,Passerellidae,10133,Yes,Forest,Lower
2010-09-30,4.0,CHI,Setophaga,castanea,Parulidae,287,Yes,Forest,Upper
2010-09-30,4.0,CHI,Catharus,guttatus,Turdidae,3729,Yes,Forest,Lower
2010-09-30,4.0,CHI,Catharus,guttatus,Turdidae,3729,Yes,Forest,Lower
2010-09-30,4.0,CHI,Catharus,guttatus,Turdidae,3729,Yes,Forest,Lower
2010-09-30,4.0,CHI,Catharus,guttatus,Turdidae,3729,Yes,Forest,Lower
2010-09-30,4.0,CHI,Catharus,guttatus,Turdidae,3729,Yes,Forest,Lower
2010-09-30,4.0,CHI,Seiurus,aurocapilla,Parulidae,4580,Yes,Forest,Lower
2010-09-30,4.0,CHI,Zonotrichia,albicollis,Passerellidae,10133,Yes,Forest,Lower
2010-09-30,4.0,CHI,Regulus,satrapa,Regulidae,1029,Yes,Forest,Upper
2010-09-30,4.0,CHI,Setophaga,striata,Parulidae,787,Yes,Forest,Upper
2010-09-30,4.0,CHI,Junco,hyemalis,Passerellidae,6303,Yes,Edge,Lower
2010-09-30,4.0,CHI,Junco,hyemalis,Passerellidae,6303,Yes,Edge,Lower
2010-09-30,4.0,CHI,Catharus,minimus,Turdidae,822,Yes,Forest,Lower
2010-09-30,4.0,CHI,Zonotrichia,albicollis,Passerellidae,10133,Yes,Forest,Lower
2010-09-30,4.0,CHI,Passerella,iliaca,Passerellidae,2443,Yes,Edge,Lower
2010-09-30,4.0,CHI,Junco,hyemalis,Passerellidae,6303,Yes,Edge,Lower
2010-09-30,4.0,MP,Zonotrichia,albicollis,Passerellidae,10133,Yes,Forest,Lower
2010-09-30,4.0,CHI,Regulus,satrapa,Regulidae,1029,Yes,Forest,Upper
2010-09-30,4.0,MP,Catharus,guttatus,Turdidae,3729,Yes,Forest,Lower
2010-09-30,4.0,CHI,Catharus,minimus,Turdidae,822,Yes,Forest,Lower
2010-09-30,4.0,MP,catharus,ustulatus,Turdidae,2331,Yes,Forest,Lower
2010-09-30,4.0,CHI,Catharus,guttatus,Turdidae,3729,Yes,Forest,Lower
2010-09-30,4.0,CHI,Catharus,guttatus,Turdidae,3729,Yes,Forest,Lower
2010-09-30,4.0,MP,Catharus,guttatus,Turdidae,3729,Yes,Forest,Lower
2010-09-30,4.0,CHI,Catharus,guttatus,Turdidae,3729,Yes,Forest,Lower
2010-09-30,4.0,CHI,Junco,hyemalis,Passerellidae,6303,Yes,Edge,Lower
2010-09-30,4.0,CHI,Junco,hyemalis,Passerellidae,6303,Yes,Edge,Lower
2010-09-30,4.0,CHI,Toxostoma,rufum,Mimidae,166,No,Edge,Lower
2010-09-30,4.0,CHI,Regulus,calendula,Regulidae,416,No,Forest,Upper
2010-10-01,4.0,CHI,Oreothlypis,ruficapilla,Parulidae,1690,Yes,Forest,Upper
2010-10-01,4.0,CHI,Oreothlypis,ruficapilla,Parulidae,1690,Yes,Forest,Upper
2010-10-01,4.0,CHI,Regulus,calendula,Regulidae,416,No,Forest,Upper
2010-10-01,4.0,CHI,Zonotrichia,albicollis,Passerellidae,10133,Yes,Forest,Lower
2010-10-01,4.0,CHI,Catharus,guttatus,Turdidae,3729,Yes,Forest,Lower
2010-10-01,4.0,CHI,Catharus,guttatus,Turdidae,3729,Yes,Forest,Lower
2010-10-01,4.0,CHI,Zonotrichia,albicollis,Passerellidae,10133,Yes,Forest,Lower
2010-10-01,4.0,CHI,Geothlypis,trichas,Parulidae,1555,Yes,Open,Lower
2010-10-01,4.0,CHI,Catharus,minimus,Turdidae,822,Yes,Forest,Lower
2010-10-01,4.0,CHI,Catharus,minimus,Turdidae,822,Yes,Forest,Lower
2010-10-01,4.0,CHI,Zonotrichia,albicollis,Passerellidae,10133,Yes,Forest,Lower
2010-10-01,4.0,CHI,Zonotrichia,albicollis,Passerellidae,10133,Yes,Forest,Lower
2010-10-01,4.0,CHI,Catharus,guttatus,Turdidae,3729,Yes,Forest,Lower
2010-10-01,4.0,MP,Seiurus,aurocapilla,Parulidae,4580,Yes,Forest,Lower
2010-10-01,4.0,CHI,Zonotrichia,albicollis,Passerellidae,10133,Yes,Forest,Lower
2010-10-01,4.0,CHI,Catharus,guttatus,Turdidae,3729,Yes,Forest,Lower
2010-10-01,4.0,CHI,Catharus,guttatus,Turdidae,3729,Yes,Forest,Lower
2010-10-01,4.0,CHI,Zonotrichia,albicollis,Passerellidae,10133,Yes,Forest,Lower
2010-10-01,4.0,CHI,Catharus,guttatus,Turdidae,3729,Yes,Forest,Lower
2010-10-01,4.0,CHI,Zonotrichia,albicollis,Passerellidae,10133,Yes,Forest,Lower
2010-10-01,4.0,CHI,Zonotrichia,albicollis,Passerellidae,10133,Yes,Forest,Lower
2010-10-01,4.0,CHI,Sitta,canadensis,Sittidae,260,Yes,Forest,Upper
2010-10-01,4.0,CHI,Setophaga,coronata,Parulidae,887,yes,forest,Upper
2010-10-01,4.0,CHI,Catharus,guttatus,Turdidae,3729,Yes,Forest,Lower
2010-10-01,4.0,CHI,Oreothlypis,peregrina,Parulidae,2515,Yes,Edge,Upper
2010-10-01,4.0,CHI,catharus,ustulatus,Turdidae,2331,Yes,Forest,Lower
2010-10-01,4.0,CHI,Passerella,iliaca,Passerellidae,2443,Yes,Edge,Lower
2010-10-01,4.0,CHI,Setophaga,caerulescens,Parulidae,183,Yes,Forest,Upper
2010-10-01,4.0,CHI,Regulus,satrapa,Regulidae,1029,Yes,Forest,Upper
2010-10-01,4.0,CHI,Melospiza,lincolnii,Passerellidae,2029,yes,edge,Lower
2010-10-02,4.0,CHI,Passerella,iliaca,Passerellidae,2443,Yes,Edge,Lower
2010-10-02,4.0,MP,Seiurus,aurocapilla,Parulidae,4580,Yes,Forest,Lower
2010-10-02,4.0,CHI,Seiurus,aurocapilla,Parulidae,4580,Yes,Forest,Lower
2010-10-02,4.0,CHI,Regulus,satrapa,Regulidae,1029,Yes,Forest,Upper
2010-10-02,4.0,MP,Passerculus,sandwichensis,Passerellidae,274,yes,open,Lower	
2010-10-02,4.0,CHI,Zonotrichia,albicollis,Passerellidae,10133,Yes,Forest,Lower
2010-10-02,4.0,CHI,Catharus,guttatus,Turdidae,3729,Yes,Forest,Lower
2010-10-02,4.0,CHI,Regulus,satrapa,Regulidae,1029,Yes,Forest,Upper
2010-10-02,4.0,CHI,Parkesia,noveboracensis,Parulidae,916,Yes,Forest,Lower
2010-10-02,4.0,MP,Zonotrichia,albicollis,Passerellidae,10133,Yes,Forest,Lower
2010-10-02,4.0,CHI,Vireo,olivaceus,Vireonidae,133,No,Forest,Upper
2010-10-02,4.0,MP,Zonotrichia,albicollis,Passerellidae,10133,Yes,Forest,Lower
2010-10-02,4.0,CHI,Junco,hyemalis,Passerellidae,6303,Yes,Edge,Lower
2010-10-02,4.0,CHI,Toxostoma,rufum,Mimidae,166,No,Edge,Lower
2010-10-03,4.0,CHI,Zonotrichia,albicollis,Passerellidae,10133,Yes,Forest,Lower
2010-10-03,4.0,CHI,Zonotrichia,albicollis,Passerellidae,10133,Yes,Forest,Lower
2010-10-03,4.0,CHI,Zonotrichia,albicollis,Passerellidae,10133,Yes,Forest,Lower
2010-10-03,4.0,CHI,Oreothlypis,ruficapilla,Parulidae,1690,Yes,Forest,Upper
2010-10-03,4.0,CHI,Zonotrichia,albicollis,Passerellidae,10133,Yes,Forest,Lower
2010-10-03,4.0,CHI,Oreothlypis,ruficapilla,Parulidae,1690,Yes,Forest,Upper
2010-10-03,4.0,CHI,Zonotrichia,albicollis,Passerellidae,10133,Yes,Forest,Lower
2010-10-03,4.0,CHI,Zonotrichia,albicollis,Passerellidae,10133,Yes,Forest,Lower
2010-10-03,4.0,CHI,Melospiza,lincolnii,Passerellidae,2029,yes,edge,Lower
2010-10-03,4.0,CHI,Melospiza,lincolnii,Passerellidae,2029,yes,edge,Lower
2010-10-03,4.0,CHI,Zonotrichia,albicollis,Passerellidae,10133,Yes,Forest,Lower
2010-10-03,4.0,CHI,Zonotrichia,albicollis,Passerellidae,10133,Yes,Forest,Lower
2010-10-03,4.0,CHI,Zonotrichia,albicollis,Passerellidae,10133,Yes,Forest,Lower
2010-10-03,4.0,CHI,Zonotrichia,albicollis,Passerellidae,10133,Yes,Forest,Lower
2010-10-03,4.0,CHI,Junco,hyemalis,Passerellidae,6303,Yes,Edge,Lower
2010-10-03,4.0,CHI,Zonotrichia,albicollis,Passerellidae,10133,Yes,Forest,Lower
2010-10-03,4.0,CHI,Zonotrichia,albicollis,Passerellidae,10133,Yes,Forest,Lower
2010-10-03,4.0,CHI,Zonotrichia,albicollis,Passerellidae,10133,Yes,Forest,Lower
2010-10-03,4.0,CHI,Zonotrichia,albicollis,Passerellidae,10133,Yes,Forest,Lower
2010-10-03,4.0,CHI,Melospiza,lincolnii,Passerellidae,2029,yes,edge,Lower
2010-10-03,4.0,CHI,Zonotrichia,albicollis,Passerellidae,10133,Yes,Forest,Lower
2010-10-03,4.0,CHI,Zonotrichia,albicollis,Passerellidae,10133,Yes,Forest,Lower
2010-10-03,4.0,CHI,Zonotrichia,albicollis,Passerellidae,10133,Yes,Forest,Lower
2010-10-03,4.0,MP,Catharus,guttatus,Turdidae,3729,Yes,Forest,Lower
2010-10-03,4.0,CHI,Zonotrichia,albicollis,Passerellidae,10133,Yes,Forest,Lower
2010-10-03,4.0,CHI,Zonotrichia,albicollis,Passerellidae,10133,Yes,Forest,Lower
2010-10-03,4.0,CHI,Zonotrichia,albicollis,Passerellidae,10133,Yes,Forest,Lower
2010-10-03,4.0,CHI,Zonotrichia,albicollis,Passerellidae,10133,Yes,Forest,Lower
2010-10-03,4.0,CHI,Setophaga,striata,Parulidae,787,Yes,Forest,Upper
2010-10-03,4.0,CHI,Catharus,minimus,Turdidae,822,Yes,Forest,Lower
2010-10-03,4.0,CHI,Melospiza,melodia,Passerellidae,5124,Yes,Edge,Lower
2010-10-03,4.0,CHI,Setophaga,palmarum,Parulidae,694,Yes,Edge,Lower
2010-10-03,4.0,CHI,Zonotrichia,albicollis,Passerellidae,10133,Yes,Forest,Lower
2010-10-03,4.0,CHI,Zonotrichia,albicollis,Passerellidae,10133,Yes,Forest,Lower
2010-10-03,4.0,CHI,troglodytes,hiemalis,Troglodytidae,474,No,Forest,Lower
2010-10-03,4.0,CHI,Regulus,satrapa,Regulidae,1029,Yes,Forest,Upper
2010-10-03,4.0,CHI,Regulus,satrapa,Regulidae,1029,Yes,Forest,Upper
2010-10-03,4.0,CHI,Regulus,satrapa,Regulidae,1029,Yes,Forest,Upper
2010-10-03,4.0,CHI,troglodytes,hiemalis,Troglodytidae,474,No,Forest,Lower
2010-10-03,4.0,CHI,Regulus,satrapa,Regulidae,1029,Yes,Forest,Upper
2010-10-03,4.0,CHI,Regulus,satrapa,Regulidae,1029,Yes,Forest,Upper
2010-10-03,4.0,CHI,Regulus,satrapa,Regulidae,1029,Yes,Forest,Upper
2010-10-03,4.0,CHI,Regulus,satrapa,Regulidae,1029,Yes,Forest,Upper
2010-10-03,4.0,CHI,Catharus,guttatus,Turdidae,3729,Yes,Forest,Lower
2010-10-03,4.0,CHI,Regulus,satrapa,Regulidae,1029,Yes,Forest,Upper
2010-10-03,4.0,CHI,Passerina,cyanea,Cardinalidae,725,yes,edge,Upper
2010-10-03,4.0,CHI,Passerella,iliaca,Passerellidae,2443,Yes,Edge,Lower
2010-10-03,4.0,CHI,Regulus,satrapa,Regulidae,1029,Yes,Forest,Upper
2010-10-03,4.0,CHI,Zonotrichia,albicollis,Passerellidae,10133,Yes,Forest,Lower
2010-10-03,4.0,MP,Zonotrichia,albicollis,Passerellidae,10133,Yes,Forest,Lower
2010-10-03,4.0,CHI,Setophaga,coronata,Parulidae,887,yes,forest,Upper
2010-10-03,4.0,CHI,Regulus,calendula,Regulidae,416,No,Forest,Upper
2010-10-03,4.0,MP,Zonotrichia,leucophrys,Passerellidae,1090,Yes,Edge,Lower
2010-10-03,4.0,CHI,Parkesia,noveboracensis,Parulidae,916,Yes,Forest,Lower
2010-10-03,4.0,CHI,Zonotrichia,albicollis,Passerellidae,10133,Yes,Forest,Lower
2010-10-03,4.0,CHI,Parkesia,noveboracensis,Parulidae,916,Yes,Forest,Lower
2010-10-03,4.0,CHI,Zonotrichia,albicollis,Passerellidae,10133,Yes,Forest,Lower
2010-10-03,4.0,CHI,troglodytes,hiemalis,Troglodytidae,474,No,Forest,Lower
2010-10-03,4.0,CHI,Zonotrichia,albicollis,Passerellidae,10133,Yes,Forest,Lower
2010-10-03,4.0,CHI,Zonotrichia,albicollis,Passerellidae,10133,Yes,Forest,Lower
2010-10-03,4.0,CHI,Zonotrichia,albicollis,Passerellidae,10133,Yes,Forest,Lower
2010-10-03,4.0,CHI,Zonotrichia,albicollis,Passerellidae,10133,Yes,Forest,Lower
2010-10-03,4.0,CHI,Zonotrichia,albicollis,Passerellidae,10133,Yes,Forest,Lower
2010-10-03,4.0,CHI,Zonotrichia,albicollis,Passerellidae,10133,Yes,Forest,Lower
2010-10-03,4.0,CHI,Zonotrichia,albicollis,Passerellidae,10133,Yes,Forest,Lower
2010-10-03,4.0,CHI,Zonotrichia,albicollis,Passerellidae,10133,Yes,Forest,Lower
2010-10-03,4.0,CHI,Zonotrichia,albicollis,Passerellidae,10133,Yes,Forest,Lower
2010-10-04,4.0,CHI,Regulus,satrapa,Regulidae,1029,Yes,Forest,Upper
2010-10-04,4.0,CHI,Regulus,satrapa,Regulidae,1029,Yes,Forest,Upper
2010-10-04,4.0,MP,troglodytes,hiemalis,Troglodytidae,474,No,Forest,Lower
2010-10-04,4.0,CHI,Melospiza,melodia,Passerellidae,5124,Yes,Edge,Lower
2010-10-04,4.0,CHI,troglodytes,hiemalis,Troglodytidae,474,No,Forest,Lower
2010-10-04,4.0,CHI,Regulus,satrapa,Regulidae,1029,Yes,Forest,Upper
2010-10-04,4.0,CHI,Regulus,satrapa,Regulidae,1029,Yes,Forest,Upper
2010-10-04,4.0,CHI,Regulus,satrapa,Regulidae,1029,Yes,Forest,Upper
2010-10-04,4.0,CHI,Oreothlypis,ruficapilla,Parulidae,1690,Yes,Forest,Upper
2010-10-04,4.0,CHI,troglodytes,hiemalis,Troglodytidae,474,No,Forest,Lower
2010-10-04,4.0,MP,Oreothlypis,ruficapilla,Parulidae,1690,Yes,Forest,Upper
2010-10-04,4.0,CHI,Oreothlypis,ruficapilla,Parulidae,1690,Yes,Forest,Upper
2010-10-04,4.0,CHI,Oreothlypis,ruficapilla,Parulidae,1690,Yes,Forest,Upper
2010-10-04,4.0,CHI,Oreothlypis,ruficapilla,Parulidae,1690,Yes,Forest,Upper
2010-10-04,4.0,CHI,Melospiza,lincolnii,Passerellidae,2029,yes,edge,Lower
2010-10-04,4.0,CHI,Regulus,satrapa,Regulidae,1029,Yes,Forest,Upper
2010-10-04,4.0,CHI,Oreothlypis,ruficapilla,Parulidae,1690,Yes,Forest,Upper
2010-10-04,4.0,CHI,Zonotrichia,albicollis,Passerellidae,10133,Yes,Forest,Lower
2010-10-04,4.0,CHI,Geothlypis,trichas,Parulidae,1555,Yes,Open,Lower
2010-10-04,4.0,CHI,Zonotrichia,albicollis,Passerellidae,10133,Yes,Forest,Lower
2010-10-04,4.0,CHI,Setophaga,palmarum,Parulidae,694,Yes,Edge,Lower
2010-10-04,4.0,CHI,Zonotrichia,albicollis,Passerellidae,10133,Yes,Forest,Lower
2010-10-04,4.0,CHI,Zonotrichia,albicollis,Passerellidae,10133,Yes,Forest,Lower
2010-10-04,4.0,CHI,Zonotrichia,albicollis,Passerellidae,10133,Yes,Forest,Lower
2010-10-04,4.0,CHI,Zonotrichia,albicollis,Passerellidae,10133,Yes,Forest,Lower
2010-10-04,4.0,CHI,Zonotrichia,albicollis,Passerellidae,10133,Yes,Forest,Lower
2010-10-04,4.0,CHI,Zonotrichia,albicollis,Passerellidae,10133,Yes,Forest,Lower
2010-10-04,4.0,CHI,Zonotrichia,albicollis,Passerellidae,10133,Yes,Forest,Lower
2010-10-04,4.0,MP,Zonotrichia,albicollis,Passerellidae,10133,Yes,Forest,Lower
2010-10-04,4.0,MP,Zonotrichia,albicollis,Passerellidae,10133,Yes,Forest,Lower
2010-10-04,4.0,MP,Zonotrichia,albicollis,Passerellidae,10133,Yes,Forest,Lower
2010-10-04,4.0,CHI,Regulus,calendula,Regulidae,416,No,Forest,Upper
2010-10-04,4.0,MP,Zonotrichia,albicollis,Passerellidae,10133,Yes,Forest,Lower
2010-10-04,4.0,CHI,Zonotrichia,albicollis,Passerellidae,10133,Yes,Forest,Lower
2010-10-04,4.0,CHI,Zonotrichia,albicollis,Passerellidae,10133,Yes,Forest,Lower
2010-10-04,4.0,CHI,Sitta,canadensis,Sittidae,260,Yes,Forest,Upper
2010-10-04,4.0,CHI,Zonotrichia,albicollis,Passerellidae,10133,Yes,Forest,Lower
2010-10-04,4.0,CHI,Zonotrichia,albicollis,Passerellidae,10133,Yes,Forest,Lower
2010-10-04,4.0,CHI,Zonotrichia,albicollis,Passerellidae,10133,Yes,Forest,Lower
2010-10-04,4.0,CHI,Zonotrichia,albicollis,Passerellidae,10133,Yes,Forest,Lower
2010-10-04,4.0,CHI,Zonotrichia,albicollis,Passerellidae,10133,Yes,Forest,Lower
2010-10-04,4.0,CHI,Zonotrichia,albicollis,Passerellidae,10133,Yes,Forest,Lower
2010-10-04,4.0,CHI,Zonotrichia,albicollis,Passerellidae,10133,Yes,Forest,Lower
2010-10-04,4.0,CHI,Zonotrichia,albicollis,Passerellidae,10133,Yes,Forest,Lower
2010-10-04,4.0,CHI,Zonotrichia,albicollis,Passerellidae,10133,Yes,Forest,Lower
2010-10-04,4.0,CHI,Zonotrichia,albicollis,Passerellidae,10133,Yes,Forest,Lower
2010-10-05,14.0,CHI,Zonotrichia,albicollis,Passerellidae,10133,Yes,Forest,Lower
2010-10-05,14.0,CHI,Regulus,satrapa,Regulidae,1029,Yes,Forest,Upper
2010-10-05,14.0,CHI,Geothlypis,trichas,Parulidae,1555,Yes,Open,Lower
2010-10-05,14.0,MP,Zonotrichia,leucophrys,Passerellidae,1090,Yes,Edge,Lower
2010-10-05,14.0,CHI,Regulus,calendula,Regulidae,416,No,Forest,Upper
2010-10-05,14.0,CHI,Zonotrichia,albicollis,Passerellidae,10133,Yes,Forest,Lower
2010-10-05,14.0,MP,Zonotrichia,albicollis,Passerellidae,10133,Yes,Forest,Lower
2010-10-05,14.0,CHI,Regulus,satrapa,Regulidae,1029,Yes,Forest,Upper
2010-10-05,14.0,CHI,Setophaga,palmarum,Parulidae,694,Yes,Edge,Lower
2010-10-06,16.0,CHI,Melospiza,lincolnii,Passerellidae,2029,yes,edge,Lower
2010-10-06,16.0,MP,Melospiza,lincolnii,Passerellidae,2029,yes,edge,Lower
2010-10-06,16.0,CHI,Regulus,satrapa,Regulidae,1029,Yes,Forest,Upper
2010-10-06,16.0,CHI,Regulus,satrapa,Regulidae,1029,Yes,Forest,Upper
2010-10-06,16.0,CHI,Oreothlypis,ruficapilla,Parulidae,1690,Yes,Forest,Upper
2010-10-06,16.0,CHI,Sitta,canadensis,Sittidae,260,Yes,Forest,Upper
2010-10-06,16.0,CHI,Setophaga,striata,Parulidae,787,Yes,Forest,Upper
2010-10-06,16.0,CHI,Sitta,canadensis,Sittidae,260,Yes,Forest,Upper
2010-10-06,16.0,CHI,Passerella,iliaca,Passerellidae,2443,Yes,Edge,Lower
2010-10-06,16.0,CHI,Seiurus,aurocapilla,Parulidae,4580,Yes,Forest,Lower
2010-10-06,16.0,CHI,Regulus,satrapa,Regulidae,1029,Yes,Forest,Upper
2010-10-06,16.0,CHI,Zonotrichia,albicollis,Passerellidae,10133,Yes,Forest,Lower
2010-10-06,16.0,CHI,Regulus,calendula,Regulidae,416,No,Forest,Upper
2010-10-06,16.0,CHI,Junco,hyemalis,Passerellidae,6303,Yes,Edge,Lower
2010-10-06,16.0,CHI,Junco,hyemalis,Passerellidae,6303,Yes,Edge,Lower
2010-10-06,16.0,CHI,Zonotrichia,albicollis,Passerellidae,10133,Yes,Forest,Lower
2010-10-06,16.0,CHI,Zonotrichia,albicollis,Passerellidae,10133,Yes,Forest,Lower
2010-10-06,16.0,MP,Zonotrichia,albicollis,Passerellidae,10133,Yes,Forest,Lower
2010-10-06,16.0,CHI,Setophaga,magnolia,Parulidae,1224,yes,forest,Upper
2010-10-06,16.0,CHI,Zonotrichia,albicollis,Passerellidae,10133,Yes,Forest,Lower
2010-10-06,16.0,CHI,troglodytes,hiemalis,Troglodytidae,474,No,Forest,Lower
2010-10-06,16.0,CHI,Sitta,canadensis,Sittidae,260,Yes,Forest,Upper
2010-10-06,16.0,CHI,Catharus,guttatus,Turdidae,3729,Yes,Forest,Lower
2010-10-06,16.0,MP,Melospiza,lincolnii,Passerellidae,2029,yes,edge,Lower
2010-10-06,16.0,CHI,Catharus,guttatus,Turdidae,3729,Yes,Forest,Lower
2010-10-06,16.0,CHI,Zonotrichia,albicollis,Passerellidae,10133,Yes,Forest,Lower
2010-10-07,12.0,CHI,Junco,hyemalis,Passerellidae,6303,Yes,Edge,Lower
2010-10-07,12.0,CHI,Junco,hyemalis,Passerellidae,6303,Yes,Edge,Lower
2010-10-07,12.0,CHI,Junco,hyemalis,Passerellidae,6303,Yes,Edge,Lower
2010-10-07,12.0,CHI,Junco,hyemalis,Passerellidae,6303,Yes,Edge,Lower
2010-10-07,12.0,CHI,Junco,hyemalis,Passerellidae,6303,Yes,Edge,Lower
2010-10-07,12.0,CHI,Junco,hyemalis,Passerellidae,6303,Yes,Edge,Lower
2010-10-07,12.0,CHI,Junco,hyemalis,Passerellidae,6303,Yes,Edge,Lower
2010-10-07,12.0,CHI,Junco,hyemalis,Passerellidae,6303,Yes,Edge,Lower
2010-10-07,12.0,CHI,Junco,hyemalis,Passerellidae,6303,Yes,Edge,Lower
2010-10-07,12.0,CHI,Junco,hyemalis,Passerellidae,6303,Yes,Edge,Lower
2010-10-07,12.0,CHI,Junco,hyemalis,Passerellidae,6303,Yes,Edge,Lower
2010-10-07,12.0,CHI,Zonotrichia,albicollis,Passerellidae,10133,Yes,Forest,Lower
2010-10-07,12.0,CHI,Spizelloides,arborea,Passerellidae,1262,Yes,Edge,Lower
2010-10-07,12.0,MP,Junco,hyemalis,Passerellidae,6303,Yes,Edge,Lower
2010-10-07,12.0,CHI,Zonotrichia,albicollis,Passerellidae,10133,Yes,Forest,Lower
2010-10-07,12.0,CHI,Zonotrichia,albicollis,Passerellidae,10133,Yes,Forest,Lower
2010-10-07,12.0,CHI,Zonotrichia,albicollis,Passerellidae,10133,Yes,Forest,Lower
2010-10-07,12.0,MP,Zonotrichia,leucophrys,Passerellidae,1090,Yes,Edge,Lower
2010-10-07,12.0,CHI,Junco,hyemalis,Passerellidae,6303,Yes,Edge,Lower
2010-10-07,12.0,CHI,Zonotrichia,albicollis,Passerellidae,10133,Yes,Forest,Lower
2010-10-07,12.0,CHI,Junco,hyemalis,Passerellidae,6303,Yes,Edge,Lower
2010-10-07,12.0,CHI,Zonotrichia,albicollis,Passerellidae,10133,Yes,Forest,Lower
2010-10-07,12.0,CHI,Zonotrichia,albicollis,Passerellidae,10133,Yes,Forest,Lower
2010-10-07,12.0,CHI,Zonotrichia,albicollis,Passerellidae,10133,Yes,Forest,Lower
2010-10-07,12.0,CHI,Zonotrichia,albicollis,Passerellidae,10133,Yes,Forest,Lower
2010-10-07,12.0,CHI,Zonotrichia,albicollis,Passerellidae,10133,Yes,Forest,Lower
2010-10-07,12.0,CHI,Zonotrichia,albicollis,Passerellidae,10133,Yes,Forest,Lower
2010-10-07,12.0,CHI,Zonotrichia,albicollis,Passerellidae,10133,Yes,Forest,Lower
2010-10-07,12.0,CHI,Zonotrichia,albicollis,Passerellidae,10133,Yes,Forest,Lower
2010-10-07,12.0,CHI,Junco,hyemalis,Passerellidae,6303,Yes,Edge,Lower
2010-10-07,12.0,CHI,Seiurus,aurocapilla,Parulidae,4580,Yes,Forest,Lower
2010-10-07,12.0,CHI,Junco,hyemalis,Passerellidae,6303,Yes,Edge,Lower
2010-10-07,12.0,CHI,Passerella,iliaca,Passerellidae,2443,Yes,Edge,Lower
2010-10-07,12.0,CHI,catharus,ustulatus,Turdidae,2331,Yes,Forest,Lower
2010-10-07,12.0,CHI,Passerella,iliaca,Passerellidae,2443,Yes,Edge,Lower
2010-10-07,12.0,CHI,Passerella,iliaca,Passerellidae,2443,Yes,Edge,Lower
2010-10-07,12.0,CHI,Oreothlypis,celata,Parulidae,227,Yes,Edge,Lower
2010-10-07,12.0,CHI,Passerella,iliaca,Passerellidae,2443,Yes,Edge,Lower
2010-10-07,12.0,CHI,Passerella,iliaca,Passerellidae,2443,Yes,Edge,Lower
2010-10-07,12.0,CHI,Passerella,iliaca,Passerellidae,2443,Yes,Edge,Lower
2010-10-07,12.0,CHI,Parkesia,noveboracensis,Parulidae,916,Yes,Forest,Lower
2010-10-07,12.0,CHI,Passerella,iliaca,Passerellidae,2443,Yes,Edge,Lower
2010-10-07,12.0,CHI,Passerella,iliaca,Passerellidae,2443,Yes,Edge,Lower
2010-10-07,12.0,MP,Passerella,iliaca,Passerellidae,2443,Yes,Edge,Lower
2010-10-07,12.0,CHI,Passerella,iliaca,Passerellidae,2443,Yes,Edge,Lower
2010-10-07,12.0,CHI,Setophaga,palmarum,Parulidae,694,Yes,Edge,Lower
2010-10-07,12.0,CHI,Passerella,iliaca,Passerellidae,2443,Yes,Edge,Lower
2010-10-07,12.0,MP,Passerella,iliaca,Passerellidae,2443,Yes,Edge,Lower
2010-10-07,12.0,CHI,Mniotilta,varia,Parulidae,620,Yes,Forest,Upper
2010-10-07,12.0,MP,Passerella,iliaca,Passerellidae,2443,Yes,Edge,Lower
2010-10-07,12.0,CHI,Passerella,iliaca,Passerellidae,2443,Yes,Edge,Lower
2010-10-07,12.0,CHI,troglodytes,hiemalis,Troglodytidae,474,No,Forest,Lower
2010-10-07,12.0,MP,Melospiza,lincolnii,Passerellidae,2029,yes,edge,Lower
2010-10-07,12.0,CHI,Zonotrichia,albicollis,Passerellidae,10133,Yes,Forest,Lower
2010-10-07,12.0,CHI,Junco,hyemalis,Passerellidae,6303,Yes,Edge,Lower
2010-10-07,12.0,CHI,Junco,hyemalis,Passerellidae,6303,Yes,Edge,Lower
2010-10-07,12.0,CHI,Zonotrichia,albicollis,Passerellidae,10133,Yes,Forest,Lower
2010-10-07,12.0,CHI,Zonotrichia,albicollis,Passerellidae,10133,Yes,Forest,Lower
2010-10-07,12.0,CHI,Zonotrichia,albicollis,Passerellidae,10133,Yes,Forest,Lower
2010-10-07,12.0,CHI,Junco,hyemalis,Passerellidae,6303,Yes,Edge,Lower
2010-10-07,12.0,CHI,Junco,hyemalis,Passerellidae,6303,Yes,Edge,Lower
2010-10-07,12.0,CHI,Junco,hyemalis,Passerellidae,6303,Yes,Edge,Lower
2010-10-07,12.0,CHI,Seiurus,aurocapilla,Parulidae,4580,Yes,Forest,Lower
2010-10-07,12.0,CHI,Zonotrichia,albicollis,Passerellidae,10133,Yes,Forest,Lower
2010-10-07,12.0,MP,Zonotrichia,albicollis,Passerellidae,10133,Yes,Forest,Lower
2010-10-07,12.0,MP,Passerella,iliaca,Passerellidae,2443,Yes,Edge,Lower
2010-10-07,12.0,CHI,Zonotrichia,albicollis,Passerellidae,10133,Yes,Forest,Lower
2010-10-07,12.0,CHI,Junco,hyemalis,Passerellidae,6303,Yes,Edge,Lower
2010-10-07,12.0,CHI,Junco,hyemalis,Passerellidae,6303,Yes,Edge,Lower
2010-10-07,12.0,CHI,Passerella,iliaca,Passerellidae,2443,Yes,Edge,Lower
2010-10-07,12.0,CHI,Setophaga,striata,Parulidae,787,Yes,Forest,Upper
2010-10-07,12.0,CHI,Zonotrichia,albicollis,Passerellidae,10133,Yes,Forest,Lower
2010-10-07,12.0,CHI,Melospiza,lincolnii,Passerellidae,2029,yes,edge,Lower
2010-10-07,12.0,CHI,Melospiza,lincolnii,Passerellidae,2029,yes,edge,Lower
2010-10-07,12.0,CHI,troglodytes,hiemalis,Troglodytidae,474,No,Forest,Lower
2010-10-07,12.0,CHI,Catharus,guttatus,Turdidae,3729,Yes,Forest,Lower
2010-10-07,12.0,CHI,Catharus,guttatus,Turdidae,3729,Yes,Forest,Lower
2010-10-07,12.0,CHI,Catharus,guttatus,Turdidae,3729,Yes,Forest,Lower
2010-10-07,12.0,CHI,Catharus,guttatus,Turdidae,3729,Yes,Forest,Lower
2010-10-07,12.0,CHI,Catharus,guttatus,Turdidae,3729,Yes,Forest,Lower
2010-10-07,12.0,CHI,Catharus,guttatus,Turdidae,3729,Yes,Forest,Lower
2010-10-07,12.0,CHI,Catharus,guttatus,Turdidae,3729,Yes,Forest,Lower
2010-10-07,12.0,CHI,Catharus,guttatus,Turdidae,3729,Yes,Forest,Lower
2010-10-07,12.0,CHI,Catharus,guttatus,Turdidae,3729,Yes,Forest,Lower
2010-10-07,12.0,CHI,Catharus,guttatus,Turdidae,3729,Yes,Forest,Lower
2010-10-07,12.0,CHI,Regulus,satrapa,Regulidae,1029,Yes,Forest,Upper
2010-10-07,12.0,CHI,Regulus,calendula,Regulidae,416,No,Forest,Upper
2010-10-07,12.0,CHI,Catharus,guttatus,Turdidae,3729,Yes,Forest,Lower
2010-10-07,12.0,CHI,Sitta,canadensis,Sittidae,260,Yes,Forest,Upper
2010-10-07,12.0,CHI,Sitta,canadensis,Sittidae,260,Yes,Forest,Upper
2010-10-07,12.0,CHI,Sitta,canadensis,Sittidae,260,Yes,Forest,Upper
2010-10-07,12.0,CHI,Catharus,guttatus,Turdidae,3729,Yes,Forest,Lower
2010-10-07,12.0,CHI,Setophaga,coronata,Parulidae,887,yes,forest,Upper
2010-10-07,12.0,CHI,Catharus,guttatus,Turdidae,3729,Yes,Forest,Lower
2010-10-07,12.0,CHI,Catharus,guttatus,Turdidae,3729,Yes,Forest,Lower
2010-10-07,12.0,CHI,Catharus,guttatus,Turdidae,3729,Yes,Forest,Lower
2010-10-07,12.0,MP,Catharus,guttatus,Turdidae,3729,Yes,Forest,Lower
2010-10-07,12.0,CHI,Regulus,satrapa,Regulidae,1029,Yes,Forest,Upper
2010-10-07,12.0,CHI,Catharus,guttatus,Turdidae,3729,Yes,Forest,Lower
2010-10-07,12.0,CHI,Regulus,satrapa,Regulidae,1029,Yes,Forest,Upper
2010-10-07,12.0,CHI,Catharus,guttatus,Turdidae,3729,Yes,Forest,Lower
2010-10-07,12.0,CHI,Catharus,guttatus,Turdidae,3729,Yes,Forest,Lower
2010-10-07,12.0,CHI,Regulus,satrapa,Regulidae,1029,Yes,Forest,Upper
2010-10-07,12.0,CHI,Catharus,guttatus,Turdidae,3729,Yes,Forest,Lower
2010-10-07,12.0,CHI,Catharus,guttatus,Turdidae,3729,Yes,Forest,Lower
2010-10-07,12.0,CHI,Catharus,guttatus,Turdidae,3729,Yes,Forest,Lower
2010-10-07,12.0,CHI,Catharus,guttatus,Turdidae,3729,Yes,Forest,Lower
2010-10-07,12.0,CHI,Regulus,satrapa,Regulidae,1029,Yes,Forest,Upper
2010-10-07,12.0,CHI,Catharus,guttatus,Turdidae,3729,Yes,Forest,Lower
2010-10-07,12.0,CHI,Catharus,guttatus,Turdidae,3729,Yes,Forest,Lower
2010-10-07,12.0,CHI,Catharus,guttatus,Turdidae,3729,Yes,Forest,Lower
2010-10-07,12.0,CHI,Catharus,guttatus,Turdidae,3729,Yes,Forest,Lower
2010-10-07,12.0,CHI,Regulus,satrapa,Regulidae,1029,Yes,Forest,Upper
2010-10-07,12.0,CHI,Catharus,guttatus,Turdidae,3729,Yes,Forest,Lower
2010-10-08,12.0,CHI,Zonotrichia,albicollis,Passerellidae,10133,Yes,Forest,Lower
2010-10-08,12.0,MP,Junco,hyemalis,Passerellidae,6303,Yes,Edge,Lower
2010-10-08,12.0,CHI,Catharus,guttatus,Turdidae,3729,Yes,Forest,Lower
2010-10-08,12.0,CHI,Geothlypis,trichas,Parulidae,1555,Yes,Open,Lower
2010-10-08,12.0,CHI,Junco,hyemalis,Passerellidae,6303,Yes,Edge,Lower
2010-10-08,12.0,CHI,Zonotrichia,albicollis,Passerellidae,10133,Yes,Forest,Lower
2010-10-08,12.0,MP,Junco,hyemalis,Passerellidae,6303,Yes,Edge,Lower
2010-10-08,12.0,CHI,Passerella,iliaca,Passerellidae,2443,Yes,Edge,Lower
2010-10-08,12.0,CHI,Catharus,guttatus,Turdidae,3729,Yes,Forest,Lower
2010-10-08,12.0,CHI,troglodytes,hiemalis,Troglodytidae,474,No,Forest,Lower
2010-10-08,12.0,CHI,Zonotrichia,albicollis,Passerellidae,10133,Yes,Forest,Lower
2010-10-08,12.0,MP,Zonotrichia,albicollis,Passerellidae,10133,Yes,Forest,Lower
2010-10-08,12.0,MP,Junco,hyemalis,Passerellidae,6303,Yes,Edge,Lower
2010-10-08,12.0,CHI,troglodytes,hiemalis,Troglodytidae,474,No,Forest,Lower
2010-10-08,12.0,CHI,Catharus,guttatus,Turdidae,3729,Yes,Forest,Lower
2010-10-09,10.0,CHI,Junco,hyemalis,Passerellidae,6303,Yes,Edge,Lower
2010-10-09,10.0,CHI,Junco,hyemalis,Passerellidae,6303,Yes,Edge,Lower
2010-10-09,10.0,CHI,Junco,hyemalis,Passerellidae,6303,Yes,Edge,Lower
2010-10-09,10.0,CHI,Passerella,iliaca,Passerellidae,2443,Yes,Edge,Lower
2010-10-09,10.0,CHI,Junco,hyemalis,Passerellidae,6303,Yes,Edge,Lower
2010-10-09,10.0,CHI,dumetella,carolinensis,Mimidae,599,no,edge,Lower
2010-10-09,10.0,CHI,Sitta,canadensis,Sittidae,260,Yes,Forest,Upper
2010-10-09,10.0,CHI,Zonotrichia,albicollis,Passerellidae,10133,Yes,Forest,Lower
2010-10-09,10.0,CHI,Catharus,guttatus,Turdidae,3729,Yes,Forest,Lower
2010-10-09,10.0,CHI,Zonotrichia,albicollis,Passerellidae,10133,Yes,Forest,Lower
2010-10-09,10.0,CHI,Melospiza,lincolnii,Passerellidae,2029,yes,edge,Lower
2010-10-09,10.0,CHI,Catharus,guttatus,Turdidae,3729,Yes,Forest,Lower
2010-10-09,10.0,CHI,Regulus,satrapa,Regulidae,1029,Yes,Forest,Upper
2010-10-09,10.0,CHI,Catharus,guttatus,Turdidae,3729,Yes,Forest,Lower
2010-10-09,10.0,CHI,Zonotrichia,albicollis,Passerellidae,10133,Yes,Forest,Lower
2010-10-09,10.0,CHI,Sitta,canadensis,Sittidae,260,Yes,Forest,Upper
2010-10-09,10.0,CHI,Catharus,guttatus,Turdidae,3729,Yes,Forest,Lower
2010-10-09,10.0,CHI,Catharus,guttatus,Turdidae,3729,Yes,Forest,Lower
2010-10-10,6.0,CHI,Zonotrichia,albicollis,Passerellidae,10133,Yes,Forest,Lower
2010-10-10,6.0,CHI,Zonotrichia,leucophrys,Passerellidae,1090,Yes,Edge,Lower
2010-10-10,6.0,CHI,Zonotrichia,leucophrys,Passerellidae,1090,Yes,Edge,Lower
2010-10-10,6.0,CHI,Zonotrichia,leucophrys,Passerellidae,1090,Yes,Edge,Lower
2010-10-10,6.0,CHI,Zonotrichia,albicollis,Passerellidae,10133,Yes,Forest,Lower
2010-10-10,6.0,CHI,Zonotrichia,leucophrys,Passerellidae,1090,Yes,Edge,Lower
2010-10-10,6.0,CHI,Oreothlypis,ruficapilla,Parulidae,1690,Yes,Forest,Upper
2010-10-10,6.0,CHI,Oreothlypis,ruficapilla,Parulidae,1690,Yes,Forest,Upper
2010-10-10,6.0,CHI,Oreothlypis,ruficapilla,Parulidae,1690,Yes,Forest,Upper
2010-10-10,6.0,CHI,Zonotrichia,albicollis,Passerellidae,10133,Yes,Forest,Lower
2010-10-10,6.0,CHI,Junco,hyemalis,Passerellidae,6303,Yes,Edge,Lower
2010-10-10,6.0,CHI,Zonotrichia,leucophrys,Passerellidae,1090,Yes,Edge,Lower
2010-10-10,6.0,CHI,Melospiza,lincolnii,Passerellidae,2029,yes,edge,Lower
2010-10-10,6.0,CHI,Catharus,guttatus,Turdidae,3729,Yes,Forest,Lower
2010-10-10,6.0,CHI,Melospiza,lincolnii,Passerellidae,2029,yes,edge,Lower
2010-10-10,6.0,CHI,Zonotrichia,leucophrys,Passerellidae,1090,Yes,Edge,Lower
2010-10-10,6.0,CHI,Zonotrichia,albicollis,Passerellidae,10133,Yes,Forest,Lower
2010-10-10,6.0,CHI,Sitta,canadensis,Sittidae,260,Yes,Forest,Upper
2010-10-10,6.0,CHI,Seiurus,aurocapilla,Parulidae,4580,Yes,Forest,Lower
2010-10-10,6.0,CHI,Setophaga,caerulescens,Parulidae,183,Yes,Forest,Upper
2010-10-10,6.0,CHI,Sitta,canadensis,Sittidae,260,Yes,Forest,Upper
2010-10-10,6.0,CHI,Zonotrichia,albicollis,Passerellidae,10133,Yes,Forest,Lower
2010-10-10,6.0,CHI,Zonotrichia,albicollis,Passerellidae,10133,Yes,Forest,Lower
2010-10-10,6.0,CHI,Zonotrichia,albicollis,Passerellidae,10133,Yes,Forest,Lower
2010-10-10,6.0,CHI,Melospiza,lincolnii,Passerellidae,2029,yes,edge,Lower
2010-10-10,6.0,CHI,Zonotrichia,albicollis,Passerellidae,10133,Yes,Forest,Lower
2010-10-10,6.0,CHI,Catharus,guttatus,Turdidae,3729,Yes,Forest,Lower
2010-10-10,6.0,CHI,Zonotrichia,leucophrys,Passerellidae,1090,Yes,Edge,Lower
2010-10-10,6.0,CHI,Oreothlypis,celata,Parulidae,227,Yes,Edge,Lower
2010-10-10,6.0,CHI,Zonotrichia,albicollis,Passerellidae,10133,Yes,Forest,Lower
2010-10-10,6.0,CHI,Zonotrichia,albicollis,Passerellidae,10133,Yes,Forest,Lower
2010-10-10,6.0,CHI,Oreothlypis,celata,Parulidae,227,Yes,Edge,Lower
2010-10-10,6.0,CHI,Oreothlypis,celata,Parulidae,227,Yes,Edge,Lower
2010-10-10,6.0,CHI,Oreothlypis,celata,Parulidae,227,Yes,Edge,Lower
2010-10-10,6.0,CHI,Zonotrichia,albicollis,Passerellidae,10133,Yes,Forest,Lower
2010-10-10,6.0,CHI,Zonotrichia,albicollis,Passerellidae,10133,Yes,Forest,Lower
2010-10-10,6.0,CHI,Zonotrichia,albicollis,Passerellidae,10133,Yes,Forest,Lower
2010-10-10,6.0,CHI,Oreothlypis,celata,Parulidae,227,Yes,Edge,Lower
2010-10-10,6.0,CHI,Zonotrichia,albicollis,Passerellidae,10133,Yes,Forest,Lower
2010-10-10,6.0,CHI,Zonotrichia,albicollis,Passerellidae,10133,Yes,Forest,Lower
2010-10-10,6.0,CHI,Zonotrichia,albicollis,Passerellidae,10133,Yes,Forest,Lower
2010-10-10,6.0,CHI,Zonotrichia,albicollis,Passerellidae,10133,Yes,Forest,Lower
2010-10-10,6.0,CHI,Zonotrichia,albicollis,Passerellidae,10133,Yes,Forest,Lower
2010-10-10,6.0,CHI,Regulus,calendula,Regulidae,416,No,Forest,Upper
2010-10-10,6.0,CHI,Regulus,calendula,Regulidae,416,No,Forest,Upper
2010-10-10,6.0,CHI,Oreothlypis,celata,Parulidae,227,Yes,Edge,Lower
2010-10-10,6.0,CHI,Setophaga,fusca,Parulidae,201,Yes,Forest,Upper
2010-10-10,6.0,CHI,Catharus,guttatus,Turdidae,3729,Yes,Forest,Lower
2010-10-10,6.0,CHI,Catharus,guttatus,Turdidae,3729,Yes,Forest,Lower
2010-10-10,6.0,CHI,Catharus,guttatus,Turdidae,3729,Yes,Forest,Lower
2010-10-10,6.0,CHI,Seiurus,aurocapilla,Parulidae,4580,Yes,Forest,Lower
2010-10-10,6.0,CHI,Zonotrichia,albicollis,Passerellidae,10133,Yes,Forest,Lower
2010-10-10,6.0,CHI,Junco,hyemalis,Passerellidae,6303,Yes,Edge,Lower
2010-10-10,6.0,CHI,Junco,hyemalis,Passerellidae,6303,Yes,Edge,Lower
2010-10-10,6.0,CHI,Zonotrichia,albicollis,Passerellidae,10133,Yes,Forest,Lower
2010-10-10,6.0,CHI,Catharus,guttatus,Turdidae,3729,Yes,Forest,Lower
2010-10-11,6.0,CHI,Zonotrichia,albicollis,Passerellidae,10133,Yes,Forest,Lower
2010-10-11,6.0,CHI,Zonotrichia,albicollis,Passerellidae,10133,Yes,Forest,Lower
2010-10-11,6.0,CHI,Zonotrichia,albicollis,Passerellidae,10133,Yes,Forest,Lower
2010-10-11,6.0,CHI,Zonotrichia,albicollis,Passerellidae,10133,Yes,Forest,Lower
2010-10-11,6.0,CHI,Zonotrichia,albicollis,Passerellidae,10133,Yes,Forest,Lower
2010-10-11,6.0,CHI,Zonotrichia,albicollis,Passerellidae,10133,Yes,Forest,Lower
2010-10-11,6.0,MP,dumetella,carolinensis,Mimidae,599,no,edge,Lower
2010-10-11,6.0,CHI,Zonotrichia,albicollis,Passerellidae,10133,Yes,Forest,Lower
2010-10-11,6.0,CHI,Zonotrichia,albicollis,Passerellidae,10133,Yes,Forest,Lower
2010-10-11,6.0,CHI,Zonotrichia,albicollis,Passerellidae,10133,Yes,Forest,Lower
2010-10-11,6.0,CHI,Zonotrichia,albicollis,Passerellidae,10133,Yes,Forest,Lower
2010-10-11,6.0,CHI,Zonotrichia,albicollis,Passerellidae,10133,Yes,Forest,Lower
2010-10-11,6.0,CHI,Zonotrichia,albicollis,Passerellidae,10133,Yes,Forest,Lower
2010-10-11,6.0,CHI,Zonotrichia,albicollis,Passerellidae,10133,Yes,Forest,Lower
2010-10-11,6.0,CHI,Junco,hyemalis,Passerellidae,6303,Yes,Edge,Lower
2010-10-11,6.0,CHI,Zonotrichia,albicollis,Passerellidae,10133,Yes,Forest,Lower
2010-10-11,6.0,CHI,Zonotrichia,albicollis,Passerellidae,10133,Yes,Forest,Lower
2010-10-11,6.0,CHI,Catharus,guttatus,Turdidae,3729,Yes,Forest,Lower
2010-10-11,6.0,CHI,Catharus,guttatus,Turdidae,3729,Yes,Forest,Lower
2010-10-11,6.0,CHI,Regulus,calendula,Regulidae,416,No,Forest,Upper
2010-10-11,6.0,CHI,Regulus,calendula,Regulidae,416,No,Forest,Upper
2010-10-11,6.0,CHI,Junco,hyemalis,Passerellidae,6303,Yes,Edge,Lower
2010-10-11,6.0,CHI,Junco,hyemalis,Passerellidae,6303,Yes,Edge,Lower
2010-10-11,6.0,CHI,Oreothlypis,celata,Parulidae,227,Yes,Edge,Lower
2010-10-11,6.0,CHI,Catharus,guttatus,Turdidae,3729,Yes,Forest,Lower
2010-10-11,6.0,CHI,Oreothlypis,celata,Parulidae,227,Yes,Edge,Lower
2010-10-11,6.0,CHI,Catharus,guttatus,Turdidae,3729,Yes,Forest,Lower
2010-10-11,6.0,CHI,Catharus,guttatus,Turdidae,3729,Yes,Forest,Lower
2010-10-11,6.0,CHI,Zonotrichia,albicollis,Passerellidae,10133,Yes,Forest,Lower
2010-10-11,6.0,CHI,Zonotrichia,albicollis,Passerellidae,10133,Yes,Forest,Lower
2010-10-11,6.0,CHI,Zonotrichia,albicollis,Passerellidae,10133,Yes,Forest,Lower
2010-10-11,6.0,CHI,Zonotrichia,albicollis,Passerellidae,10133,Yes,Forest,Lower
2010-10-11,6.0,CHI,Melospiza,melodia,Passerellidae,5124,Yes,Edge,Lower
2010-10-11,6.0,MP,Oreothlypis,celata,Parulidae,227,Yes,Edge,Lower
2010-10-11,6.0,CHI,Zonotrichia,albicollis,Passerellidae,10133,Yes,Forest,Lower
2010-10-11,6.0,CHI,Melospiza,lincolnii,Passerellidae,2029,yes,edge,Lower
2010-10-11,6.0,CHI,Catharus,guttatus,Turdidae,3729,Yes,Forest,Lower
2010-10-11,6.0,CHI,Junco,hyemalis,Passerellidae,6303,Yes,Edge,Lower
2010-10-11,6.0,CHI,Regulus,satrapa,Regulidae,1029,Yes,Forest,Upper
2010-10-11,6.0,CHI,Regulus,satrapa,Regulidae,1029,Yes,Forest,Upper
2010-10-11,6.0,CHI,Catharus,guttatus,Turdidae,3729,Yes,Forest,Lower
2010-10-11,6.0,CHI,Catharus,guttatus,Turdidae,3729,Yes,Forest,Lower
2010-10-11,6.0,CHI,Catharus,guttatus,Turdidae,3729,Yes,Forest,Lower
2010-10-11,6.0,MP,Zonotrichia,leucophrys,Passerellidae,1090,Yes,Edge,Lower
2010-10-11,6.0,MP,Zonotrichia,leucophrys,Passerellidae,1090,Yes,Edge,Lower
2010-10-11,6.0,CHI,Catharus,guttatus,Turdidae,3729,Yes,Forest,Lower
2010-10-11,6.0,CHI,Passerella,iliaca,Passerellidae,2443,Yes,Edge,Lower
2010-10-11,6.0,CHI,cistothorus,palustris,Troglodytidae,91,No,Open,Lower
2010-10-11,6.0,CHI,Passerella,iliaca,Passerellidae,2443,Yes,Edge,Lower
2010-10-11,6.0,CHI,Spizella,pusilla,Passerellidae,325,Yes,Open,Lower
2010-10-11,6.0,CHI,Passerella,iliaca,Passerellidae,2443,Yes,Edge,Lower
2010-10-11,6.0,CHI,Zonotrichia,albicollis,Passerellidae,10133,Yes,Forest,Lower
2010-10-11,6.0,CHI,Zonotrichia,albicollis,Passerellidae,10133,Yes,Forest,Lower
2010-10-11,6.0,CHI,Regulus,satrapa,Regulidae,1029,Yes,Forest,Upper
2010-10-11,6.0,MP,Zonotrichia,albicollis,Passerellidae,10133,Yes,Forest,Lower
2010-10-11,6.0,CHI,Melospiza,lincolnii,Passerellidae,2029,yes,edge,Lower
2010-10-11,6.0,CHI,Regulus,satrapa,Regulidae,1029,Yes,Forest,Upper
2010-10-11,6.0,CHI,Setophaga,caerulescens,Parulidae,183,Yes,Forest,Upper
2010-10-11,6.0,MP,Zonotrichia,albicollis,Passerellidae,10133,Yes,Forest,Lower
2010-10-11,6.0,CHI,Zonotrichia,leucophrys,Passerellidae,1090,Yes,Edge,Lower
2010-10-11,6.0,CHI,Zonotrichia,leucophrys,Passerellidae,1090,Yes,Edge,Lower
2010-10-11,6.0,CHI,catharus,ustulatus,Turdidae,2331,Yes,Forest,Lower
2010-10-11,6.0,CHI,Zonotrichia,leucophrys,Passerellidae,1090,Yes,Edge,Lower
2010-10-11,6.0,MP,Zonotrichia,leucophrys,Passerellidae,1090,Yes,Edge,Lower
2010-10-11,6.0,CHI,Zonotrichia,albicollis,Passerellidae,10133,Yes,Forest,Lower
2010-10-12,4.0,CHI,Zonotrichia,albicollis,Passerellidae,10133,Yes,Forest,Lower
2010-10-12,4.0,CHI,Zonotrichia,albicollis,Passerellidae,10133,Yes,Forest,Lower
2010-10-12,4.0,CHI,Setophaga,palmarum,Parulidae,694,Yes,Edge,Lower
2010-10-12,4.0,CHI,Zonotrichia,albicollis,Passerellidae,10133,Yes,Forest,Lower
2010-10-12,4.0,CHI,Zonotrichia,albicollis,Passerellidae,10133,Yes,Forest,Lower
2010-10-12,4.0,CHI,Zonotrichia,albicollis,Passerellidae,10133,Yes,Forest,Lower
2010-10-12,4.0,CHI,Zonotrichia,albicollis,Passerellidae,10133,Yes,Forest,Lower
2010-10-12,4.0,CHI,Zonotrichia,albicollis,Passerellidae,10133,Yes,Forest,Lower
2010-10-12,4.0,CHI,Zonotrichia,albicollis,Passerellidae,10133,Yes,Forest,Lower
2010-10-12,4.0,CHI,Zonotrichia,albicollis,Passerellidae,10133,Yes,Forest,Lower
2010-10-12,4.0,CHI,Zonotrichia,albicollis,Passerellidae,10133,Yes,Forest,Lower
2010-10-12,4.0,CHI,Zonotrichia,albicollis,Passerellidae,10133,Yes,Forest,Lower
2010-10-12,4.0,CHI,Oreothlypis,ruficapilla,Parulidae,1690,Yes,Forest,Upper
2010-10-12,4.0,CHI,Zonotrichia,albicollis,Passerellidae,10133,Yes,Forest,Lower
2010-10-12,4.0,CHI,Zonotrichia,albicollis,Passerellidae,10133,Yes,Forest,Lower
2010-10-12,4.0,CHI,Zonotrichia,albicollis,Passerellidae,10133,Yes,Forest,Lower
2010-10-12,4.0,CHI,Zonotrichia,albicollis,Passerellidae,10133,Yes,Forest,Lower
2010-10-12,4.0,CHI,Zonotrichia,albicollis,Passerellidae,10133,Yes,Forest,Lower
2010-10-12,4.0,CHI,Zonotrichia,albicollis,Passerellidae,10133,Yes,Forest,Lower
2010-10-12,4.0,CHI,Zonotrichia,albicollis,Passerellidae,10133,Yes,Forest,Lower
2010-10-12,4.0,CHI,Zonotrichia,albicollis,Passerellidae,10133,Yes,Forest,Lower
2010-10-12,4.0,CHI,Zonotrichia,albicollis,Passerellidae,10133,Yes,Forest,Lower
2010-10-12,4.0,CHI,Zonotrichia,albicollis,Passerellidae,10133,Yes,Forest,Lower
2010-10-12,4.0,CHI,Zonotrichia,leucophrys,Passerellidae,1090,Yes,Edge,Lower
2010-10-12,4.0,CHI,Zonotrichia,leucophrys,Passerellidae,1090,Yes,Edge,Lower
2010-10-12,4.0,CHI,Zonotrichia,albicollis,Passerellidae,10133,Yes,Forest,Lower
2010-10-12,4.0,CHI,Zonotrichia,albicollis,Passerellidae,10133,Yes,Forest,Lower
2010-10-12,4.0,CHI,Zonotrichia,albicollis,Passerellidae,10133,Yes,Forest,Lower
2010-10-12,4.0,CHI,Zonotrichia,albicollis,Passerellidae,10133,Yes,Forest,Lower
2010-10-12,4.0,CHI,Zonotrichia,albicollis,Passerellidae,10133,Yes,Forest,Lower
2010-10-12,4.0,CHI,Zonotrichia,albicollis,Passerellidae,10133,Yes,Forest,Lower
2010-10-12,4.0,MP,Zonotrichia,albicollis,Passerellidae,10133,Yes,Forest,Lower
2010-10-12,4.0,CHI,Oreothlypis,ruficapilla,Parulidae,1690,Yes,Forest,Upper
2010-10-12,4.0,CHI,Zonotrichia,albicollis,Passerellidae,10133,Yes,Forest,Lower
2010-10-12,4.0,CHI,Zonotrichia,albicollis,Passerellidae,10133,Yes,Forest,Lower
2010-10-12,4.0,CHI,Junco,hyemalis,Passerellidae,6303,Yes,Edge,Lower
2010-10-12,4.0,CHI,Regulus,satrapa,Regulidae,1029,Yes,Forest,Upper
2010-10-12,4.0,CHI,Zonotrichia,albicollis,Passerellidae,10133,Yes,Forest,Lower
2010-10-12,4.0,CHI,Regulus,satrapa,Regulidae,1029,Yes,Forest,Upper
2010-10-12,4.0,CHI,Zonotrichia,albicollis,Passerellidae,10133,Yes,Forest,Lower
2010-10-12,4.0,CHI,Zonotrichia,albicollis,Passerellidae,10133,Yes,Forest,Lower
2010-10-12,4.0,CHI,Zonotrichia,albicollis,Passerellidae,10133,Yes,Forest,Lower
2010-10-12,4.0,CHI,Regulus,satrapa,Regulidae,1029,Yes,Forest,Upper
2010-10-12,4.0,CHI,Zonotrichia,albicollis,Passerellidae,10133,Yes,Forest,Lower
2010-10-12,4.0,CHI,Zonotrichia,albicollis,Passerellidae,10133,Yes,Forest,Lower
2010-10-12,4.0,CHI,Zonotrichia,albicollis,Passerellidae,10133,Yes,Forest,Lower
2010-10-12,4.0,CHI,Zonotrichia,albicollis,Passerellidae,10133,Yes,Forest,Lower
2010-10-12,4.0,CHI,Zonotrichia,albicollis,Passerellidae,10133,Yes,Forest,Lower
2010-10-12,4.0,CHI,Zonotrichia,albicollis,Passerellidae,10133,Yes,Forest,Lower
2010-10-12,4.0,CHI,Zonotrichia,albicollis,Passerellidae,10133,Yes,Forest,Lower
2010-10-12,4.0,CHI,Zonotrichia,albicollis,Passerellidae,10133,Yes,Forest,Lower
2010-10-12,4.0,CHI,Zonotrichia,albicollis,Passerellidae,10133,Yes,Forest,Lower
2010-10-12,4.0,CHI,Regulus,satrapa,Regulidae,1029,Yes,Forest,Upper
2010-10-12,4.0,CHI,Regulus,satrapa,Regulidae,1029,Yes,Forest,Upper
2010-10-12,4.0,CHI,Zonotrichia,albicollis,Passerellidae,10133,Yes,Forest,Lower
2010-10-12,4.0,CHI,Sitta,canadensis,Sittidae,260,Yes,Forest,Upper
2010-10-12,4.0,CHI,Zonotrichia,albicollis,Passerellidae,10133,Yes,Forest,Lower
2010-10-12,4.0,CHI,Zonotrichia,albicollis,Passerellidae,10133,Yes,Forest,Lower
2010-10-12,4.0,CHI,Zonotrichia,albicollis,Passerellidae,10133,Yes,Forest,Lower
2010-10-12,4.0,CHI,Junco,hyemalis,Passerellidae,6303,Yes,Edge,Lower
2010-10-12,4.0,CHI,Regulus,satrapa,Regulidae,1029,Yes,Forest,Upper
2010-10-12,4.0,CHI,Junco,hyemalis,Passerellidae,6303,Yes,Edge,Lower
2010-10-12,4.0,CHI,Regulus,satrapa,Regulidae,1029,Yes,Forest,Upper
2010-10-12,4.0,CHI,Junco,hyemalis,Passerellidae,6303,Yes,Edge,Lower
2010-10-12,4.0,CHI,Regulus,satrapa,Regulidae,1029,Yes,Forest,Upper
2010-10-12,4.0,CHI,Zonotrichia,albicollis,Passerellidae,10133,Yes,Forest,Lower
2010-10-12,4.0,CHI,Junco,hyemalis,Passerellidae,6303,Yes,Edge,Lower
2010-10-12,4.0,CHI,Regulus,satrapa,Regulidae,1029,Yes,Forest,Upper
2010-10-12,4.0,CHI,Zonotrichia,albicollis,Passerellidae,10133,Yes,Forest,Lower
2010-10-12,4.0,CHI,Zonotrichia,albicollis,Passerellidae,10133,Yes,Forest,Lower
2010-10-12,4.0,CHI,Zonotrichia,albicollis,Passerellidae,10133,Yes,Forest,Lower
2010-10-12,4.0,CHI,Zonotrichia,albicollis,Passerellidae,10133,Yes,Forest,Lower
2010-10-12,4.0,CHI,Zonotrichia,albicollis,Passerellidae,10133,Yes,Forest,Lower
2010-10-12,4.0,CHI,Zonotrichia,albicollis,Passerellidae,10133,Yes,Forest,Lower
2010-10-12,4.0,CHI,Zonotrichia,albicollis,Passerellidae,10133,Yes,Forest,Lower
2010-10-12,4.0,CHI,Junco,hyemalis,Passerellidae,6303,Yes,Edge,Lower
2010-10-12,4.0,CHI,Zonotrichia,albicollis,Passerellidae,10133,Yes,Forest,Lower
2010-10-12,4.0,CHI,Zonotrichia,albicollis,Passerellidae,10133,Yes,Forest,Lower
2010-10-12,4.0,CHI,Regulus,satrapa,Regulidae,1029,Yes,Forest,Upper
2010-10-12,4.0,CHI,Catharus,guttatus,Turdidae,3729,Yes,Forest,Lower
2010-10-12,4.0,CHI,Catharus,guttatus,Turdidae,3729,Yes,Forest,Lower
2010-10-12,4.0,CHI,Catharus,guttatus,Turdidae,3729,Yes,Forest,Lower
2010-10-12,4.0,CHI,Catharus,guttatus,Turdidae,3729,Yes,Forest,Lower
2010-10-12,4.0,CHI,Catharus,guttatus,Turdidae,3729,Yes,Forest,Lower
2010-10-12,4.0,CHI,Catharus,guttatus,Turdidae,3729,Yes,Forest,Lower
2010-10-12,4.0,CHI,Catharus,guttatus,Turdidae,3729,Yes,Forest,Lower
2010-10-12,4.0,CHI,Catharus,guttatus,Turdidae,3729,Yes,Forest,Lower
2010-10-12,4.0,CHI,Catharus,guttatus,Turdidae,3729,Yes,Forest,Lower
2010-10-12,4.0,CHI,Zonotrichia,albicollis,Passerellidae,10133,Yes,Forest,Lower
2010-10-12,4.0,CHI,Myiarchus,crinitus,Tyrannidae,28,No,Edge,Upper
2010-10-12,4.0,CHI,Zonotrichia,albicollis,Passerellidae,10133,Yes,Forest,Lower
2010-10-12,4.0,CHI,Melospiza,melodia,Passerellidae,5124,Yes,Edge,Lower
2010-10-12,4.0,CHI,Melospiza,melodia,Passerellidae,5124,Yes,Edge,Lower
2010-10-12,4.0,CHI,Regulus,satrapa,Regulidae,1029,Yes,Forest,Upper
2010-10-12,4.0,CHI,Melospiza,melodia,Passerellidae,5124,Yes,Edge,Lower
2010-10-12,4.0,CHI,Regulus,satrapa,Regulidae,1029,Yes,Forest,Upper
2010-10-12,4.0,CHI,Regulus,satrapa,Regulidae,1029,Yes,Forest,Upper
2010-10-12,4.0,CHI,Catharus,guttatus,Turdidae,3729,Yes,Forest,Lower
2010-10-12,4.0,CHI,Zonotrichia,albicollis,Passerellidae,10133,Yes,Forest,Lower
2010-10-12,4.0,CHI,Catharus,guttatus,Turdidae,3729,Yes,Forest,Lower
2010-10-12,4.0,CHI,Melospiza,melodia,Passerellidae,5124,Yes,Edge,Lower
2010-10-12,4.0,CHI,Catharus,guttatus,Turdidae,3729,Yes,Forest,Lower
2010-10-12,4.0,CHI,Catharus,guttatus,Turdidae,3729,Yes,Forest,Lower
2010-10-12,4.0,CHI,Catharus,guttatus,Turdidae,3729,Yes,Forest,Lower
2010-10-12,4.0,CHI,Zonotrichia,albicollis,Passerellidae,10133,Yes,Forest,Lower
2010-10-12,4.0,CHI,Zonotrichia,albicollis,Passerellidae,10133,Yes,Forest,Lower
2010-10-13,4.0,CHI,Passerella,iliaca,Passerellidae,2443,Yes,Edge,Lower
2010-10-13,4.0,CHI,Passerella,iliaca,Passerellidae,2443,Yes,Edge,Lower
2010-10-13,4.0,CHI,Regulus,calendula,Regulidae,416,No,Forest,Upper
2010-10-13,4.0,CHI,Catharus,guttatus,Turdidae,3729,Yes,Forest,Lower
2010-10-13,4.0,CHI,Junco,hyemalis,Passerellidae,6303,Yes,Edge,Lower
2010-10-13,4.0,CHI,Junco,hyemalis,Passerellidae,6303,Yes,Edge,Lower
2010-10-13,4.0,CHI,Regulus,satrapa,Regulidae,1029,Yes,Forest,Upper
2010-10-13,4.0,CHI,Catharus,guttatus,Turdidae,3729,Yes,Forest,Lower
2010-10-13,4.0,CHI,Catharus,guttatus,Turdidae,3729,Yes,Forest,Lower
2010-10-13,4.0,CHI,Catharus,guttatus,Turdidae,3729,Yes,Forest,Lower
2010-10-13,4.0,MP,Catharus,guttatus,Turdidae,3729,Yes,Forest,Lower
2010-10-13,4.0,MP,Zonotrichia,leucophrys,Passerellidae,1090,Yes,Edge,Lower
2010-10-13,4.0,CHI,Catharus,guttatus,Turdidae,3729,Yes,Forest,Lower
2010-10-13,4.0,CHI,Passerella,iliaca,Passerellidae,2443,Yes,Edge,Lower
2010-10-13,4.0,CHI,Catharus,guttatus,Turdidae,3729,Yes,Forest,Lower
2010-10-13,4.0,CHI,Catharus,guttatus,Turdidae,3729,Yes,Forest,Lower
2010-10-13,4.0,CHI,Catharus,guttatus,Turdidae,3729,Yes,Forest,Lower
2010-10-13,4.0,CHI,Catharus,guttatus,Turdidae,3729,Yes,Forest,Lower
2010-10-13,4.0,CHI,Catharus,guttatus,Turdidae,3729,Yes,Forest,Lower
2010-10-13,4.0,CHI,Zonotrichia,albicollis,Passerellidae,10133,Yes,Forest,Lower
2010-10-13,4.0,CHI,Zonotrichia,albicollis,Passerellidae,10133,Yes,Forest,Lower
2010-10-13,4.0,CHI,Zonotrichia,albicollis,Passerellidae,10133,Yes,Forest,Lower
2010-10-13,4.0,CHI,Zonotrichia,albicollis,Passerellidae,10133,Yes,Forest,Lower
2010-10-13,4.0,CHI,Melospiza,melodia,Passerellidae,5124,Yes,Edge,Lower
2010-10-13,4.0,CHI,Zonotrichia,albicollis,Passerellidae,10133,Yes,Forest,Lower
2010-10-13,4.0,CHI,Melospiza,melodia,Passerellidae,5124,Yes,Edge,Lower
2010-10-13,4.0,CHI,Melospiza,melodia,Passerellidae,5124,Yes,Edge,Lower
2010-10-13,4.0,CHI,Zonotrichia,albicollis,Passerellidae,10133,Yes,Forest,Lower
2010-10-13,4.0,CHI,Zonotrichia,albicollis,Passerellidae,10133,Yes,Forest,Lower
2010-10-13,4.0,CHI,Regulus,satrapa,Regulidae,1029,Yes,Forest,Upper
2010-10-13,4.0,CHI,Zonotrichia,albicollis,Passerellidae,10133,Yes,Forest,Lower
2010-10-13,4.0,CHI,Zonotrichia,albicollis,Passerellidae,10133,Yes,Forest,Lower
2010-10-13,4.0,CHI,Zonotrichia,albicollis,Passerellidae,10133,Yes,Forest,Lower
2010-10-13,4.0,CHI,Zonotrichia,albicollis,Passerellidae,10133,Yes,Forest,Lower
2010-10-13,4.0,CHI,Zonotrichia,albicollis,Passerellidae,10133,Yes,Forest,Lower
2010-10-13,4.0,CHI,Zonotrichia,albicollis,Passerellidae,10133,Yes,Forest,Lower
2010-10-13,4.0,CHI,Zonotrichia,albicollis,Passerellidae,10133,Yes,Forest,Lower
2010-10-13,4.0,CHI,Zonotrichia,albicollis,Passerellidae,10133,Yes,Forest,Lower
2010-10-13,4.0,CHI,Zonotrichia,albicollis,Passerellidae,10133,Yes,Forest,Lower
2010-10-13,4.0,CHI,Melospiza,melodia,Passerellidae,5124,Yes,Edge,Lower
2010-10-13,4.0,CHI,Zonotrichia,albicollis,Passerellidae,10133,Yes,Forest,Lower
2010-10-13,4.0,CHI,Zonotrichia,albicollis,Passerellidae,10133,Yes,Forest,Lower
2010-10-13,4.0,CHI,Zonotrichia,albicollis,Passerellidae,10133,Yes,Forest,Lower
2010-10-13,4.0,CHI,Zonotrichia,albicollis,Passerellidae,10133,Yes,Forest,Lower
2010-10-13,4.0,CHI,Zonotrichia,albicollis,Passerellidae,10133,Yes,Forest,Lower
2010-10-13,4.0,CHI,Zonotrichia,albicollis,Passerellidae,10133,Yes,Forest,Lower
2010-10-13,4.0,CHI,Regulus,satrapa,Regulidae,1029,Yes,Forest,Upper
2010-10-13,4.0,CHI,Zonotrichia,albicollis,Passerellidae,10133,Yes,Forest,Lower
2010-10-13,4.0,CHI,Zonotrichia,albicollis,Passerellidae,10133,Yes,Forest,Lower
2010-10-13,4.0,CHI,Zonotrichia,albicollis,Passerellidae,10133,Yes,Forest,Lower
2010-10-13,4.0,CHI,Zonotrichia,albicollis,Passerellidae,10133,Yes,Forest,Lower
2010-10-13,4.0,CHI,Zonotrichia,albicollis,Passerellidae,10133,Yes,Forest,Lower
2010-10-13,4.0,CHI,Zonotrichia,albicollis,Passerellidae,10133,Yes,Forest,Lower
2010-10-13,4.0,CHI,Zonotrichia,albicollis,Passerellidae,10133,Yes,Forest,Lower
2010-10-13,4.0,CHI,Zonotrichia,albicollis,Passerellidae,10133,Yes,Forest,Lower
2010-10-13,4.0,CHI,Zonotrichia,albicollis,Passerellidae,10133,Yes,Forest,Lower
2010-10-13,4.0,CHI,Regulus,satrapa,Regulidae,1029,Yes,Forest,Upper
2010-10-13,4.0,CHI,Zonotrichia,albicollis,Passerellidae,10133,Yes,Forest,Lower
2010-10-13,4.0,CHI,troglodytes,hiemalis,Troglodytidae,474,No,Forest,Lower
2010-10-13,4.0,CHI,Zonotrichia,albicollis,Passerellidae,10133,Yes,Forest,Lower
2010-10-13,4.0,CHI,Zonotrichia,albicollis,Passerellidae,10133,Yes,Forest,Lower
2010-10-13,4.0,CHI,troglodytes,hiemalis,Troglodytidae,474,No,Forest,Lower
2010-10-13,4.0,CHI,Zonotrichia,albicollis,Passerellidae,10133,Yes,Forest,Lower
2010-10-13,4.0,CHI,Zonotrichia,albicollis,Passerellidae,10133,Yes,Forest,Lower
2010-10-13,4.0,CHI,Zonotrichia,albicollis,Passerellidae,10133,Yes,Forest,Lower
2010-10-14,4.0,CHI,Melospiza,melodia,Passerellidae,5124,Yes,Edge,Lower
2010-10-14,4.0,CHI,Geothlypis,trichas,Parulidae,1555,Yes,Open,Lower
2010-10-14,4.0,CHI,Zonotrichia,albicollis,Passerellidae,10133,Yes,Forest,Lower
2010-10-14,4.0,CHI,Passerella,iliaca,Passerellidae,2443,Yes,Edge,Lower
2010-10-14,4.0,MP,Zonotrichia,albicollis,Passerellidae,10133,Yes,Forest,Lower
2010-10-14,4.0,CHI,Zonotrichia,albicollis,Passerellidae,10133,Yes,Forest,Lower
2010-10-14,4.0,CHI,Passerella,iliaca,Passerellidae,2443,Yes,Edge,Lower
2010-10-14,4.0,MP,Passerella,iliaca,Passerellidae,2443,Yes,Edge,Lower
2010-10-14,4.0,CHI,Sitta,canadensis,Sittidae,260,Yes,Forest,Upper
2010-10-14,4.0,CHI,Zonotrichia,albicollis,Passerellidae,10133,Yes,Forest,Lower
2010-10-14,4.0,CHI,Sitta,canadensis,Sittidae,260,Yes,Forest,Upper
2010-10-14,4.0,CHI,Zonotrichia,albicollis,Passerellidae,10133,Yes,Forest,Lower
2010-10-14,4.0,CHI,Zonotrichia,albicollis,Passerellidae,10133,Yes,Forest,Lower
2010-10-14,4.0,CHI,Zonotrichia,albicollis,Passerellidae,10133,Yes,Forest,Lower
2010-10-14,4.0,CHI,Zonotrichia,albicollis,Passerellidae,10133,Yes,Forest,Lower
2010-10-14,4.0,CHI,Zonotrichia,albicollis,Passerellidae,10133,Yes,Forest,Lower
2010-10-14,4.0,CHI,Zonotrichia,albicollis,Passerellidae,10133,Yes,Forest,Lower
2010-10-14,4.0,CHI,Zonotrichia,albicollis,Passerellidae,10133,Yes,Forest,Lower
2010-10-14,4.0,CHI,Zonotrichia,albicollis,Passerellidae,10133,Yes,Forest,Lower
2010-10-14,4.0,CHI,Zonotrichia,albicollis,Passerellidae,10133,Yes,Forest,Lower
2010-10-14,4.0,CHI,Zonotrichia,albicollis,Passerellidae,10133,Yes,Forest,Lower
2010-10-14,4.0,CHI,Zonotrichia,albicollis,Passerellidae,10133,Yes,Forest,Lower
2010-10-14,4.0,CHI,Regulus,calendula,Regulidae,416,No,Forest,Upper
2010-10-14,4.0,CHI,Zonotrichia,albicollis,Passerellidae,10133,Yes,Forest,Lower
2010-10-14,4.0,CHI,Catharus,guttatus,Turdidae,3729,Yes,Forest,Lower
2010-10-14,4.0,MP,Regulus,satrapa,Regulidae,1029,Yes,Forest,Upper
2010-10-14,4.0,CHI,Junco,hyemalis,Passerellidae,6303,Yes,Edge,Lower
2010-10-14,4.0,CHI,Junco,hyemalis,Passerellidae,6303,Yes,Edge,Lower
2010-10-14,4.0,CHI,Regulus,satrapa,Regulidae,1029,Yes,Forest,Upper
2010-10-14,4.0,MP,Catharus,guttatus,Turdidae,3729,Yes,Forest,Lower
2010-10-14,4.0,CHI,Catharus,guttatus,Turdidae,3729,Yes,Forest,Lower
2010-10-14,4.0,CHI,Regulus,satrapa,Regulidae,1029,Yes,Forest,Upper
2010-10-14,4.0,CHI,Catharus,guttatus,Turdidae,3729,Yes,Forest,Lower
2010-10-14,4.0,CHI,Catharus,guttatus,Turdidae,3729,Yes,Forest,Lower
2010-10-14,4.0,CHI,Catharus,guttatus,Turdidae,3729,Yes,Forest,Lower
2010-10-14,4.0,CHI,Catharus,guttatus,Turdidae,3729,Yes,Forest,Lower
2010-10-14,4.0,CHI,Regulus,satrapa,Regulidae,1029,Yes,Forest,Upper
2010-10-14,4.0,CHI,Catharus,guttatus,Turdidae,3729,Yes,Forest,Lower
2010-10-14,4.0,CHI,Catharus,guttatus,Turdidae,3729,Yes,Forest,Lower
2010-10-14,4.0,CHI,Regulus,satrapa,Regulidae,1029,Yes,Forest,Upper
2010-10-14,4.0,CHI,Regulus,satrapa,Regulidae,1029,Yes,Forest,Upper
2010-10-14,4.0,MP,Catharus,guttatus,Turdidae,3729,Yes,Forest,Lower
2010-10-14,4.0,CHI,Junco,hyemalis,Passerellidae,6303,Yes,Edge,Lower
2010-10-14,4.0,CHI,Junco,hyemalis,Passerellidae,6303,Yes,Edge,Lower
2010-10-14,4.0,CHI,Junco,hyemalis,Passerellidae,6303,Yes,Edge,Lower
2010-10-14,4.0,CHI,Junco,hyemalis,Passerellidae,6303,Yes,Edge,Lower
2010-10-14,4.0,CHI,Junco,hyemalis,Passerellidae,6303,Yes,Edge,Lower
2010-10-14,4.0,CHI,Junco,hyemalis,Passerellidae,6303,Yes,Edge,Lower
2010-10-15,6.0,CHI,Melospiza,lincolnii,Passerellidae,2029,yes,edge,Lower
2010-10-15,6.0,CHI,troglodytes,hiemalis,Troglodytidae,474,No,Forest,Lower
2010-10-15,6.0,CHI,Zonotrichia,albicollis,Passerellidae,10133,Yes,Forest,Lower
2010-10-15,6.0,CHI,Passerella,iliaca,Passerellidae,2443,Yes,Edge,Lower
2010-10-15,6.0,CHI,Regulus,satrapa,Regulidae,1029,Yes,Forest,Upper
2010-10-15,6.0,CHI,Zonotrichia,albicollis,Passerellidae,10133,Yes,Forest,Lower
2010-10-15,6.0,CHI,Zonotrichia,albicollis,Passerellidae,10133,Yes,Forest,Lower
2010-10-15,6.0,CHI,Zonotrichia,albicollis,Passerellidae,10133,Yes,Forest,Lower
2010-10-15,6.0,CHI,Passerella,iliaca,Passerellidae,2443,Yes,Edge,Lower
2010-10-15,6.0,CHI,Junco,hyemalis,Passerellidae,6303,Yes,Edge,Lower
2010-10-15,6.0,MP,Zonotrichia,albicollis,Passerellidae,10133,Yes,Forest,Lower
2010-10-16,11.0,CHI,Junco,hyemalis,Passerellidae,6303,Yes,Edge,Lower
2010-10-16,11.0,CHI,Zonotrichia,albicollis,Passerellidae,10133,Yes,Forest,Lower
2010-10-16,11.0,MP,Melospiza,lincolnii,Passerellidae,2029,yes,edge,Lower
2010-10-16,11.0,CHI,Zonotrichia,albicollis,Passerellidae,10133,Yes,Forest,Lower
2010-10-16,11.0,CHI,Zonotrichia,albicollis,Passerellidae,10133,Yes,Forest,Lower
2010-10-16,11.0,CHI,Zonotrichia,albicollis,Passerellidae,10133,Yes,Forest,Lower
2010-10-16,11.0,CHI,Zonotrichia,albicollis,Passerellidae,10133,Yes,Forest,Lower
2010-10-16,11.0,MP,Junco,hyemalis,Passerellidae,6303,Yes,Edge,Lower
2010-10-16,11.0,MP,Regulus,satrapa,Regulidae,1029,Yes,Forest,Upper
2010-10-16,11.0,CHI,Regulus,satrapa,Regulidae,1029,Yes,Forest,Upper
2010-10-16,11.0,CHI,Zonotrichia,albicollis,Passerellidae,10133,Yes,Forest,Lower
2010-10-16,11.0,CHI,Catharus,guttatus,Turdidae,3729,Yes,Forest,Lower
2010-10-16,11.0,CHI,Catharus,guttatus,Turdidae,3729,Yes,Forest,Lower
2010-10-16,11.0,CHI,Catharus,guttatus,Turdidae,3729,Yes,Forest,Lower
2010-10-16,11.0,CHI,Setophaga,coronata,Parulidae,887,yes,forest,Upper
2010-10-17,7.0,CHI,Zonotrichia,albicollis,Passerellidae,10133,Yes,Forest,Lower
2010-10-17,7.0,CHI,troglodytes,hiemalis,Troglodytidae,474,No,Forest,Lower
2010-10-17,7.0,CHI,troglodytes,hiemalis,Troglodytidae,474,No,Forest,Lower
2010-10-17,7.0,CHI,Catharus,guttatus,Turdidae,3729,Yes,Forest,Lower
2010-10-17,7.0,CHI,Junco,hyemalis,Passerellidae,6303,Yes,Edge,Lower
2010-10-17,7.0,CHI,Regulus,satrapa,Regulidae,1029,Yes,Forest,Upper
2010-10-17,7.0,CHI,Catharus,guttatus,Turdidae,3729,Yes,Forest,Lower
2010-10-17,7.0,CHI,Catharus,guttatus,Turdidae,3729,Yes,Forest,Lower
2010-10-17,7.0,CHI,Passerella,iliaca,Passerellidae,2443,Yes,Edge,Lower
2010-10-17,7.0,CHI,Junco,hyemalis,Passerellidae,6303,Yes,Edge,Lower
2010-10-17,7.0,CHI,Junco,hyemalis,Passerellidae,6303,Yes,Edge,Lower
2010-10-17,7.0,CHI,Junco,hyemalis,Passerellidae,6303,Yes,Edge,Lower
2010-10-17,7.0,CHI,Passerella,iliaca,Passerellidae,2443,Yes,Edge,Lower
2010-10-17,7.0,CHI,Passerella,iliaca,Passerellidae,2443,Yes,Edge,Lower
2010-10-17,7.0,CHI,Junco,hyemalis,Passerellidae,6303,Yes,Edge,Lower
2010-10-17,7.0,CHI,Regulus,satrapa,Regulidae,1029,Yes,Forest,Upper
2010-10-17,7.0,CHI,Zonotrichia,albicollis,Passerellidae,10133,Yes,Forest,Lower
2010-10-17,7.0,CHI,Sitta,canadensis,Sittidae,260,Yes,Forest,Upper
2010-10-17,7.0,CHI,Regulus,satrapa,Regulidae,1029,Yes,Forest,Upper
2010-10-17,7.0,CHI,Passerella,iliaca,Passerellidae,2443,Yes,Edge,Lower
2010-10-17,7.0,CHI,Zonotrichia,leucophrys,Passerellidae,1090,Yes,Edge,Lower
2010-10-17,7.0,CHI,Junco,hyemalis,Passerellidae,6303,Yes,Edge,Lower
2010-10-17,7.0,CHI,Zonotrichia,albicollis,Passerellidae,10133,Yes,Forest,Lower
2010-10-17,7.0,CHI,Spizelloides,arborea,Passerellidae,1262,Yes,Edge,Lower
2010-10-17,7.0,CHI,Zonotrichia,albicollis,Passerellidae,10133,Yes,Forest,Lower
2010-10-17,7.0,CHI,Junco,hyemalis,Passerellidae,6303,Yes,Edge,Lower
2010-10-17,7.0,CHI,Zonotrichia,albicollis,Passerellidae,10133,Yes,Forest,Lower
2010-10-17,7.0,CHI,Zonotrichia,albicollis,Passerellidae,10133,Yes,Forest,Lower
2010-10-17,7.0,CHI,Zonotrichia,albicollis,Passerellidae,10133,Yes,Forest,Lower
2010-10-17,7.0,CHI,Regulus,satrapa,Regulidae,1029,Yes,Forest,Upper
2010-10-17,7.0,CHI,Zonotrichia,albicollis,Passerellidae,10133,Yes,Forest,Lower
2010-10-17,7.0,CHI,Junco,hyemalis,Passerellidae,6303,Yes,Edge,Lower
2010-10-17,7.0,CHI,Zonotrichia,albicollis,Passerellidae,10133,Yes,Forest,Lower
2010-10-17,7.0,CHI,Catharus,guttatus,Turdidae,3729,Yes,Forest,Lower
2010-10-17,7.0,CHI,Zonotrichia,albicollis,Passerellidae,10133,Yes,Forest,Lower
2010-10-17,7.0,CHI,Catharus,guttatus,Turdidae,3729,Yes,Forest,Lower
2010-10-17,7.0,CHI,Junco,hyemalis,Passerellidae,6303,Yes,Edge,Lower
2010-10-17,7.0,CHI,Junco,hyemalis,Passerellidae,6303,Yes,Edge,Lower
2010-10-17,7.0,CHI,Junco,hyemalis,Passerellidae,6303,Yes,Edge,Lower
2010-10-17,7.0,CHI,Junco,hyemalis,Passerellidae,6303,Yes,Edge,Lower
2010-10-17,7.0,CHI,Zonotrichia,albicollis,Passerellidae,10133,Yes,Forest,Lower
2010-10-17,7.0,CHI,Melospiza,lincolnii,Passerellidae,2029,yes,edge,Lower
2010-10-17,7.0,CHI,Catharus,guttatus,Turdidae,3729,Yes,Forest,Lower
2010-10-17,7.0,MP,Zonotrichia,albicollis,Passerellidae,10133,Yes,Forest,Lower
2010-10-17,7.0,CHI,Junco,hyemalis,Passerellidae,6303,Yes,Edge,Lower
2010-10-17,7.0,MP,Zonotrichia,albicollis,Passerellidae,10133,Yes,Forest,Lower
2010-10-17,7.0,CHI,Junco,hyemalis,Passerellidae,6303,Yes,Edge,Lower
2010-10-18,6.0,CHI,troglodytes,hiemalis,Troglodytidae,474,No,Forest,Lower
2010-10-18,6.0,CHI,troglodytes,hiemalis,Troglodytidae,474,No,Forest,Lower
2010-10-18,6.0,CHI,Junco,hyemalis,Passerellidae,6303,Yes,Edge,Lower
2010-10-18,6.0,CHI,troglodytes,hiemalis,Troglodytidae,474,No,Forest,Lower
2010-10-18,6.0,CHI,Junco,hyemalis,Passerellidae,6303,Yes,Edge,Lower
2010-10-18,6.0,CHI,Junco,hyemalis,Passerellidae,6303,Yes,Edge,Lower
2010-10-18,6.0,CHI,Catharus,guttatus,Turdidae,3729,Yes,Forest,Lower
2010-10-18,6.0,CHI,Melospiza,melodia,Passerellidae,5124,Yes,Edge,Lower
2010-10-18,6.0,CHI,Zonotrichia,albicollis,Passerellidae,10133,Yes,Forest,Lower
2010-10-18,6.0,CHI,Junco,hyemalis,Passerellidae,6303,Yes,Edge,Lower
2010-10-18,6.0,CHI,Junco,hyemalis,Passerellidae,6303,Yes,Edge,Lower
2010-10-18,6.0,CHI,Zonotrichia,leucophrys,Passerellidae,1090,Yes,Edge,Lower
2010-10-18,6.0,CHI,Zonotrichia,albicollis,Passerellidae,10133,Yes,Forest,Lower
2010-10-18,6.0,CHI,Zonotrichia,albicollis,Passerellidae,10133,Yes,Forest,Lower
2010-10-18,6.0,CHI,Zonotrichia,albicollis,Passerellidae,10133,Yes,Forest,Lower
2010-10-18,6.0,CHI,Zonotrichia,albicollis,Passerellidae,10133,Yes,Forest,Lower
2010-10-18,6.0,CHI,Zonotrichia,albicollis,Passerellidae,10133,Yes,Forest,Lower
2010-10-18,6.0,CHI,Setophaga,castanea,Parulidae,287,Yes,Forest,Upper
2010-10-18,6.0,CHI,Zonotrichia,albicollis,Passerellidae,10133,Yes,Forest,Lower
2010-10-18,6.0,CHI,Regulus,satrapa,Regulidae,1029,Yes,Forest,Upper
2010-10-18,6.0,CHI,Passerella,iliaca,Passerellidae,2443,Yes,Edge,Lower
2010-10-18,6.0,CHI,Regulus,satrapa,Regulidae,1029,Yes,Forest,Upper
2010-10-19,14.0,CHI,Catharus,guttatus,Turdidae,3729,Yes,Forest,Lower
2010-10-19,14.0,CHI,Zonotrichia,albicollis,Passerellidae,10133,Yes,Forest,Lower
2010-10-19,14.0,CHI,troglodytes,hiemalis,Troglodytidae,474,No,Forest,Lower
2010-10-19,14.0,MP,Zonotrichia,albicollis,Passerellidae,10133,Yes,Forest,Lower
2010-10-19,14.0,CHI,Zonotrichia,albicollis,Passerellidae,10133,Yes,Forest,Lower
2010-10-19,14.0,CHI,Zonotrichia,albicollis,Passerellidae,10133,Yes,Forest,Lower
2010-10-19,14.0,CHI,Zonotrichia,albicollis,Passerellidae,10133,Yes,Forest,Lower
2010-10-19,14.0,CHI,Passerella,iliaca,Passerellidae,2443,Yes,Edge,Lower
2010-10-19,14.0,MP,Passerella,iliaca,Passerellidae,2443,Yes,Edge,Lower
2010-10-19,14.0,CHI,Junco,hyemalis,Passerellidae,6303,Yes,Edge,Lower
2010-10-19,14.0,MP,Regulus,satrapa,Regulidae,1029,Yes,Forest,Upper
2010-10-21,17.0,MP,Catharus,guttatus,Turdidae,3729,Yes,Forest,Lower
2010-10-21,17.0,MP,Zonotrichia,leucophrys,Passerellidae,1090,Yes,Edge,Lower
2010-10-21,17.0,CHI,Regulus,satrapa,Regulidae,1029,Yes,Forest,Upper
2010-10-21,17.0,CHI,Passerella,iliaca,Passerellidae,2443,Yes,Edge,Lower
2010-10-21,17.0,CHI,Passerella,iliaca,Passerellidae,2443,Yes,Edge,Lower
2010-10-21,17.0,CHI,Oreothlypis,peregrina,Parulidae,2515,Yes,Edge,Upper
2010-10-21,17.0,CHI,Passerella,iliaca,Passerellidae,2443,Yes,Edge,Lower
2010-10-21,17.0,CHI,Passerella,iliaca,Passerellidae,2443,Yes,Edge,Lower
2010-10-21,17.0,MP,Catharus,guttatus,Turdidae,3729,Yes,Forest,Lower
2010-10-21,17.0,MP,Junco,hyemalis,Passerellidae,6303,Yes,Edge,Lower
2010-10-21,17.0,CHI,Junco,hyemalis,Passerellidae,6303,Yes,Edge,Lower
2010-10-21,17.0,CHI,Junco,hyemalis,Passerellidae,6303,Yes,Edge,Lower
2010-10-21,17.0,CHI,Catharus,guttatus,Turdidae,3729,Yes,Forest,Lower
2010-10-21,17.0,CHI,Catharus,guttatus,Turdidae,3729,Yes,Forest,Lower
2010-10-21,17.0,CHI,Junco,hyemalis,Passerellidae,6303,Yes,Edge,Lower
2010-10-21,17.0,MP,Junco,hyemalis,Passerellidae,6303,Yes,Edge,Lower
2010-10-21,17.0,CHI,Junco,hyemalis,Passerellidae,6303,Yes,Edge,Lower
2010-10-22,16.0,CHI,Regulus,satrapa,Regulidae,1029,Yes,Forest,Upper
2010-10-22,16.0,CHI,Piranga,rubra,Cardinalidae,9,Yes,Forest,Upper
2010-10-22,16.0,CHI,Junco,hyemalis,Passerellidae,6303,Yes,Edge,Lower
2010-10-22,16.0,CHI,Junco,hyemalis,Passerellidae,6303,Yes,Edge,Lower
2010-10-22,16.0,MP,Passerella,iliaca,Passerellidae,2443,Yes,Edge,Lower
2010-10-22,16.0,MP,Passerella,iliaca,Passerellidae,2443,Yes,Edge,Lower
2010-10-22,16.0,CHI,Regulus,satrapa,Regulidae,1029,Yes,Forest,Upper
2010-10-22,16.0,CHI,Sitta,canadensis,Sittidae,260,Yes,Forest,Upper
2010-10-22,16.0,CHI,Regulus,satrapa,Regulidae,1029,Yes,Forest,Upper
2010-10-22,16.0,CHI,Zonotrichia,albicollis,Passerellidae,10133,Yes,Forest,Lower
2010-10-22,16.0,CHI,Catharus,guttatus,Turdidae,3729,Yes,Forest,Lower
2010-10-22,16.0,CHI,Junco,hyemalis,Passerellidae,6303,Yes,Edge,Lower
2010-10-22,16.0,CHI,Catharus,guttatus,Turdidae,3729,Yes,Forest,Lower
2010-10-22,16.0,CHI,Junco,hyemalis,Passerellidae,6303,Yes,Edge,Lower
2010-10-23,14.0,CHI,Seiurus,aurocapilla,Parulidae,4580,Yes,Forest,Lower
2010-10-23,14.0,CHI,Zonotrichia,albicollis,Passerellidae,10133,Yes,Forest,Lower
2010-10-24,4.0,CHI,Junco,hyemalis,Passerellidae,6303,Yes,Edge,Lower
2010-10-24,4.0,CHI,Zonotrichia,albicollis,Passerellidae,10133,Yes,Forest,Lower
2010-10-24,4.0,CHI,Zonotrichia,albicollis,Passerellidae,10133,Yes,Forest,Lower
2010-10-24,4.0,CHI,Passerella,iliaca,Passerellidae,2443,Yes,Edge,Lower
2010-10-27,14.0,MP,Ammodramus,savannarum,Passerellidae,106,Yes,Open,Lower
2010-10-27,14.0,MP,Passerculus,sandwichensis,Passerellidae,274,yes,open,Lower	
2010-10-27,14.0,CHI,Zonotrichia,leucophrys,Passerellidae,1090,Yes,Edge,Lower
2010-10-27,14.0,MP,Zonotrichia,leucophrys,Passerellidae,1090,Yes,Edge,Lower
2010-10-28,14.0,MP,Passerella,iliaca,Passerellidae,2443,Yes,Edge,Lower
2010-10-28,14.0,MP,Passerella,iliaca,Passerellidae,2443,Yes,Edge,Lower
2010-10-28,14.0,MP,Zonotrichia,leucophrys,Passerellidae,1090,Yes,Edge,Lower
2010-10-28,14.0,CHI,Passerella,iliaca,Passerellidae,2443,Yes,Edge,Lower
2010-10-28,14.0,MP,Passerculus,sandwichensis,Passerellidae,274,yes,open,Lower	
2010-10-28,14.0,CHI,Passerculus,sandwichensis,Passerellidae,274,yes,open,Lower	
2010-10-28,14.0,MP,Passerella,iliaca,Passerellidae,2443,Yes,Edge,Lower
2010-10-28,14.0,MP,Passerculus,sandwichensis,Passerellidae,274,yes,open,Lower	
2010-10-29,13.0,MP,Junco,hyemalis,Passerellidae,6303,Yes,Edge,Lower
2010-10-29,13.0,CHI,Passerella,iliaca,Passerellidae,2443,Yes,Edge,Lower
2010-10-29,13.0,MP,Junco,hyemalis,Passerellidae,6303,Yes,Edge,Lower
2010-10-29,13.0,CHI,Passerella,iliaca,Passerellidae,2443,Yes,Edge,Lower
2010-10-29,13.0,MP,troglodytes,hiemalis,Troglodytidae,474,No,Forest,Lower
2010-10-29,13.0,MP,Junco,hyemalis,Passerellidae,6303,Yes,Edge,Lower
2010-10-29,13.0,MP,Passerella,iliaca,Passerellidae,2443,Yes,Edge,Lower
2010-10-29,13.0,MP,Passerella,iliaca,Passerellidae,2443,Yes,Edge,Lower
2010-10-29,13.0,CHI,Regulus,satrapa,Regulidae,1029,Yes,Forest,Upper
2010-10-29,13.0,MP,Passerella,iliaca,Passerellidae,2443,Yes,Edge,Lower
2010-10-29,13.0,MP,Catharus,guttatus,Turdidae,3729,Yes,Forest,Lower
2010-10-29,13.0,MP,Setophaga,coronata,Parulidae,887,yes,forest,Upper
2010-10-29,13.0,MP,Junco,hyemalis,Passerellidae,6303,Yes,Edge,Lower
2010-10-29,13.0,MP,Junco,hyemalis,Passerellidae,6303,Yes,Edge,Lower
2010-10-29,13.0,CHI,Passerella,iliaca,Passerellidae,2443,Yes,Edge,Lower
2010-10-29,13.0,MP,Catharus,guttatus,Turdidae,3729,Yes,Forest,Lower
2010-10-29,13.0,MP,Junco,hyemalis,Passerellidae,6303,Yes,Edge,Lower
2010-10-29,13.0,CHI,Junco,hyemalis,Passerellidae,6303,Yes,Edge,Lower
2010-10-29,13.0,CHI,Junco,hyemalis,Passerellidae,6303,Yes,Edge,Lower
2010-10-29,13.0,MP,Zonotrichia,albicollis,Passerellidae,10133,Yes,Forest,Lower
2010-10-29,13.0,CHI,Junco,hyemalis,Passerellidae,6303,Yes,Edge,Lower
2010-10-29,13.0,CHI,Catharus,guttatus,Turdidae,3729,Yes,Forest,Lower
2010-10-29,13.0,CHI,Junco,hyemalis,Passerellidae,6303,Yes,Edge,Lower
2010-10-29,13.0,MP,Zonotrichia,albicollis,Passerellidae,10133,Yes,Forest,Lower
2010-10-29,13.0,CHI,Junco,hyemalis,Passerellidae,6303,Yes,Edge,Lower
2010-10-29,13.0,MP,Passerella,iliaca,Passerellidae,2443,Yes,Edge,Lower
2010-10-29,13.0,MP,Junco,hyemalis,Passerellidae,6303,Yes,Edge,Lower
2010-10-29,13.0,CHI,Zonotrichia,albicollis,Passerellidae,10133,Yes,Forest,Lower
2010-10-29,13.0,CHI,Zonotrichia,albicollis,Passerellidae,10133,Yes,Forest,Lower
2010-10-29,13.0,MP,Junco,hyemalis,Passerellidae,6303,Yes,Edge,Lower
2010-10-29,13.0,CHI,Catharus,guttatus,Turdidae,3729,Yes,Forest,Lower
2010-10-29,13.0,MP,Junco,hyemalis,Passerellidae,6303,Yes,Edge,Lower
2010-10-29,13.0,MP,Junco,hyemalis,Passerellidae,6303,Yes,Edge,Lower
2010-10-29,13.0,MP,Junco,hyemalis,Passerellidae,6303,Yes,Edge,Lower
2010-10-29,13.0,CHI,Regulus,satrapa,Regulidae,1029,Yes,Forest,Upper
2010-10-29,13.0,CHI,Passerella,iliaca,Passerellidae,2443,Yes,Edge,Lower
2010-10-29,13.0,CHI,Passerella,iliaca,Passerellidae,2443,Yes,Edge,Lower
2010-10-29,13.0,MP,Melospiza,melodia,Passerellidae,5124,Yes,Edge,Lower
2010-10-29,13.0,MP,Catharus,guttatus,Turdidae,3729,Yes,Forest,Lower
2010-10-30,16.0,MP,Spizelloides,arborea,Passerellidae,1262,Yes,Edge,Lower
2010-10-30,16.0,MP,Zonotrichia,albicollis,Passerellidae,10133,Yes,Forest,Lower
2010-10-30,16.0,CHI,Zonotrichia,albicollis,Passerellidae,10133,Yes,Forest,Lower
2010-10-30,16.0,CHI,Junco,hyemalis,Passerellidae,6303,Yes,Edge,Lower
2010-10-30,16.0,MP,Junco,hyemalis,Passerellidae,6303,Yes,Edge,Lower
2010-10-30,16.0,CHI,Junco,hyemalis,Passerellidae,6303,Yes,Edge,Lower
2010-10-30,16.0,MP,Junco,hyemalis,Passerellidae,6303,Yes,Edge,Lower
2010-10-31,16.0,CHI,Zonotrichia,albicollis,Passerellidae,10133,Yes,Forest,Lower
2010-10-31,16.0,CHI,Passerella,iliaca,Passerellidae,2443,Yes,Edge,Lower
2010-10-31,16.0,CHI,Regulus,satrapa,Regulidae,1029,Yes,Forest,Upper
2010-10-31,16.0,CHI,Regulus,satrapa,Regulidae,1029,Yes,Forest,Upper
2010-10-31,16.0,CHI,Junco,hyemalis,Passerellidae,6303,Yes,Edge,Lower
2010-10-31,16.0,CHI,Passerella,iliaca,Passerellidae,2443,Yes,Edge,Lower
2010-10-31,16.0,CHI,Junco,hyemalis,Passerellidae,6303,Yes,Edge,Lower
2010-10-31,16.0,CHI,Junco,hyemalis,Passerellidae,6303,Yes,Edge,Lower
2010-10-31,16.0,CHI,Zonotrichia,albicollis,Passerellidae,10133,Yes,Forest,Lower
2010-10-31,16.0,CHI,Catharus,guttatus,Turdidae,3729,Yes,Forest,Lower
2010-10-31,16.0,CHI,Junco,hyemalis,Passerellidae,6303,Yes,Edge,Lower
2010-10-31,16.0,CHI,Catharus,guttatus,Turdidae,3729,Yes,Forest,Lower
2010-10-31,16.0,CHI,Junco,hyemalis,Passerellidae,6303,Yes,Edge,Lower
2010-10-31,16.0,CHI,Zonotrichia,albicollis,Passerellidae,10133,Yes,Forest,Lower
2010-10-31,16.0,CHI,Junco,hyemalis,Passerellidae,6303,Yes,Edge,Lower
2010-10-31,16.0,CHI,Junco,hyemalis,Passerellidae,6303,Yes,Edge,Lower
2010-10-31,16.0,MP,Junco,hyemalis,Passerellidae,6303,Yes,Edge,Lower
2010-10-31,16.0,CHI,Catharus,guttatus,Turdidae,3729,Yes,Forest,Lower
2010-10-31,16.0,CHI,Junco,hyemalis,Passerellidae,6303,Yes,Edge,Lower
2010-10-31,16.0,CHI,Junco,hyemalis,Passerellidae,6303,Yes,Edge,Lower
2010-10-31,16.0,CHI,Zonotrichia,albicollis,Passerellidae,10133,Yes,Forest,Lower
2010-10-31,16.0,MP,Zonotrichia,albicollis,Passerellidae,10133,Yes,Forest,Lower
2010-10-31,16.0,CHI,Junco,hyemalis,Passerellidae,6303,Yes,Edge,Lower
2010-11-01,16.0,CHI,Junco,hyemalis,Passerellidae,6303,Yes,Edge,Lower
2010-11-01,16.0,CHI,Regulus,satrapa,Regulidae,1029,Yes,Forest,Upper
2010-11-01,16.0,CHI,Junco,hyemalis,Passerellidae,6303,Yes,Edge,Lower
2010-11-01,16.0,CHI,Junco,hyemalis,Passerellidae,6303,Yes,Edge,Lower
2010-11-01,16.0,CHI,Junco,hyemalis,Passerellidae,6303,Yes,Edge,Lower
2010-11-01,16.0,CHI,Junco,hyemalis,Passerellidae,6303,Yes,Edge,Lower
2010-11-01,16.0,CHI,Junco,hyemalis,Passerellidae,6303,Yes,Edge,Lower
2010-11-01,16.0,CHI,Junco,hyemalis,Passerellidae,6303,Yes,Edge,Lower
2010-11-01,16.0,CHI,Junco,hyemalis,Passerellidae,6303,Yes,Edge,Lower
2010-11-02,16.0,CHI,Junco,hyemalis,Passerellidae,6303,Yes,Edge,Lower
2010-11-02,16.0,CHI,troglodytes,hiemalis,Troglodytidae,474,No,Forest,Lower
2010-11-03,16.0,CHI,Regulus,satrapa,Regulidae,1029,Yes,Forest,Upper
2010-11-03,16.0,CHI,Junco,hyemalis,Passerellidae,6303,Yes,Edge,Lower
2010-11-04,14.0,CHI,Junco,hyemalis,Passerellidae,6303,Yes,Edge,Lower
2010-11-04,14.0,CHI,Junco,hyemalis,Passerellidae,6303,Yes,Edge,Lower
2010-11-04,14.0,CHI,Junco,hyemalis,Passerellidae,6303,Yes,Edge,Lower
2010-11-04,14.0,MP,Catharus,guttatus,Turdidae,3729,Yes,Forest,Lower
2010-11-04,14.0,MP,Junco,hyemalis,Passerellidae,6303,Yes,Edge,Lower
2010-11-04,14.0,MP,Passerella,iliaca,Passerellidae,2443,Yes,Edge,Lower
2010-11-04,14.0,CHI,Junco,hyemalis,Passerellidae,6303,Yes,Edge,Lower
2010-11-04,14.0,CHI,Junco,hyemalis,Passerellidae,6303,Yes,Edge,Lower
2010-11-04,14.0,MP,Junco,hyemalis,Passerellidae,6303,Yes,Edge,Lower
2010-11-04,14.0,MP,Junco,hyemalis,Passerellidae,6303,Yes,Edge,Lower
2010-11-05,13.0,CHI,Spizelloides,arborea,Passerellidae,1262,Yes,Edge,Lower
2010-11-05,13.0,MP,Junco,hyemalis,Passerellidae,6303,Yes,Edge,Lower
2010-11-06,13.0,CHI,Catharus,guttatus,Turdidae,3729,Yes,Forest,Lower
2010-11-06,13.0,CHI,troglodytes,hiemalis,Troglodytidae,474,No,Forest,Lower
2010-11-06,13.0,MP,Junco,hyemalis,Passerellidae,6303,Yes,Edge,Lower
2010-11-06,13.0,CHI,Junco,hyemalis,Passerellidae,6303,Yes,Edge,Lower
2010-11-06,13.0,CHI,Regulus,satrapa,Regulidae,1029,Yes,Forest,Upper
2010-11-07,16.0,CHI,Passerella,iliaca,Passerellidae,2443,Yes,Edge,Lower
2010-11-07,16.0,CHI,Junco,hyemalis,Passerellidae,6303,Yes,Edge,Lower
2010-11-07,16.0,CHI,Zonotrichia,albicollis,Passerellidae,10133,Yes,Forest,Lower
2010-11-07,16.0,CHI,troglodytes,hiemalis,Troglodytidae,474,No,Forest,Lower
2010-11-07,16.0,CHI,Spizelloides,arborea,Passerellidae,1262,Yes,Edge,Lower
2010-11-08,16.0,MP,Spizelloides,arborea,Passerellidae,1262,Yes,Edge,Lower
2010-11-08,16.0,MP,Spizelloides,arborea,Passerellidae,1262,Yes,Edge,Lower
2010-11-09,13.0,CHI,Junco,hyemalis,Passerellidae,6303,Yes,Edge,Lower
2010-11-10,6.0,CHI,Zonotrichia,albicollis,Passerellidae,10133,Yes,Forest,Lower
2010-11-10,6.0,CHI,Oreothlypis,celata,Parulidae,227,Yes,Edge,Lower
2010-11-10,6.0,MP,Zonotrichia,albicollis,Passerellidae,10133,Yes,Forest,Lower
2010-11-10,6.0,CHI,Zonotrichia,albicollis,Passerellidae,10133,Yes,Forest,Lower
2010-11-11,4.0,CHI,Regulus,calendula,Regulidae,416,No,Forest,Upper
2010-11-12,7.0,MP,Melospiza,melodia,Passerellidae,5124,Yes,Edge,Lower
2010-11-12,7.0,CHI,Junco,hyemalis,Passerellidae,6303,Yes,Edge,Lower
2010-11-13,7.0,CHI,Junco,hyemalis,Passerellidae,6303,Yes,Edge,Lower
2010-11-13,7.0,CHI,Junco,hyemalis,Passerellidae,6303,Yes,Edge,Lower
2010-11-13,7.0,CHI,Spizelloides,arborea,Passerellidae,1262,Yes,Edge,Lower
2010-11-13,7.0,CHI,Junco,hyemalis,Passerellidae,6303,Yes,Edge,Lower
2010-11-13,7.0,CHI,Junco,hyemalis,Passerellidae,6303,Yes,Edge,Lower
2010-11-13,7.0,CHI,Junco,hyemalis,Passerellidae,6303,Yes,Edge,Lower
2010-11-13,7.0,CHI,Junco,hyemalis,Passerellidae,6303,Yes,Edge,Lower
2010-11-13,7.0,CHI,Junco,hyemalis,Passerellidae,6303,Yes,Edge,Lower
2010-11-14,7.0,CHI,Junco,hyemalis,Passerellidae,6303,Yes,Edge,Lower
2010-11-14,7.0,MP,Junco,hyemalis,Passerellidae,6303,Yes,Edge,Lower
2010-11-14,7.0,MP,Melospiza,melodia,Passerellidae,5124,Yes,Edge,Lower
2010-11-15,7.0,CHI,Spizelloides,arborea,Passerellidae,1262,Yes,Edge,Lower
2010-11-15,7.0,MP,Spizelloides,arborea,Passerellidae,1262,Yes,Edge,Lower
2010-11-16,7.0,MP,Junco,hyemalis,Passerellidae,6303,Yes,Edge,Lower
2010-11-16,7.0,CHI,Junco,hyemalis,Passerellidae,6303,Yes,Edge,Lower
2010-11-16,7.0,MP,Spizelloides,arborea,Passerellidae,1262,Yes,Edge,Lower
2010-11-17,7.0,CHI,Junco,hyemalis,Passerellidae,6303,Yes,Edge,Lower
2010-11-17,7.0,CHI,Junco,hyemalis,Passerellidae,6303,Yes,Edge,Lower
2010-11-18,7.0,CHI,Junco,hyemalis,Passerellidae,6303,Yes,Edge,Lower
2010-11-18,7.0,MP,Junco,hyemalis,Passerellidae,6303,Yes,Edge,Lower
2010-11-18,7.0,CHI,Ammodramus,savannarum,Passerellidae,106,Yes,Open,Lower
2010-11-22,7.0,MP,Spizelloides,arborea,Passerellidae,1262,Yes,Edge,Lower
2010-11-22,7.0,MP,Spizelloides,arborea,Passerellidae,1262,Yes,Edge,Lower
2010-11-22,7.0,MP,Spizelloides,arborea,Passerellidae,1262,Yes,Edge,Lower
2010-11-22,7.0,CHI,Spizelloides,arborea,Passerellidae,1262,Yes,Edge,Lower
2010-11-23,7.0,CHI,Zonotrichia,albicollis,Passerellidae,10133,Yes,Forest,Lower
2010-11-23,7.0,MP,Spizelloides,arborea,Passerellidae,1262,Yes,Edge,Lower
2010-11-24,7.0,MP,Spizelloides,arborea,Passerellidae,1262,Yes,Edge,Lower
2011-03-05,12.0,MP,Melospiza,melodia,Passerellidae,5124,Yes,Edge,Lower
2011-03-05,12.0,MP,Spizelloides,arborea,Passerellidae,1262,Yes,Edge,Lower
2011-03-05,12.0,MP,Zonotrichia,albicollis,Passerellidae,10133,Yes,Forest,Lower
2011-03-07,12.0,CHI,Passerella,iliaca,Passerellidae,2443,Yes,Edge,Lower
2011-03-08,12.0,MP,Melospiza,melodia,Passerellidae,5124,Yes,Edge,Lower
2011-03-12,11.0,MP,Melospiza,melodia,Passerellidae,5124,Yes,Edge,Lower
2011-03-12,11.0,MP,Melospiza,melodia,Passerellidae,5124,Yes,Edge,Lower
2011-03-12,11.0,MP,Spizelloides,arborea,Passerellidae,1262,Yes,Edge,Lower
2011-03-12,11.0,MP,Spizelloides,arborea,Passerellidae,1262,Yes,Edge,Lower
2011-03-12,11.0,MP,Melospiza,melodia,Passerellidae,5124,Yes,Edge,Lower
2011-03-14,11.0,MP,Melospiza,melodia,Passerellidae,5124,Yes,Edge,Lower
2011-03-17,12.0,MP,Passerella,iliaca,Passerellidae,2443,Yes,Edge,Lower
2011-03-17,12.0,CHI,Passerella,iliaca,Passerellidae,2443,Yes,Edge,Lower
2011-03-17,12.0,MP,Junco,hyemalis,Passerellidae,6303,Yes,Edge,Lower
2011-03-17,12.0,MP,Junco,hyemalis,Passerellidae,6303,Yes,Edge,Lower
2011-03-17,12.0,MP,Passerella,iliaca,Passerellidae,2443,Yes,Edge,Lower
2011-03-17,12.0,MP,Junco,hyemalis,Passerellidae,6303,Yes,Edge,Lower
2011-03-17,12.0,MP,Passerella,iliaca,Passerellidae,2443,Yes,Edge,Lower
2011-03-17,12.0,MP,Spizelloides,arborea,Passerellidae,1262,Yes,Edge,Lower
2011-03-17,12.0,MP,Melospiza,melodia,Passerellidae,5124,Yes,Edge,Lower
2011-03-17,12.0,MP,Passerella,iliaca,Passerellidae,2443,Yes,Edge,Lower
2011-03-17,12.0,MP,Melospiza,melodia,Passerellidae,5124,Yes,Edge,Lower
2011-03-17,12.0,MP,Melospiza,melodia,Passerellidae,5124,Yes,Edge,Lower
2011-03-17,12.0,MP,Melospiza,melodia,Passerellidae,5124,Yes,Edge,Lower
2011-03-17,12.0,CHI,Melospiza,melodia,Passerellidae,5124,Yes,Edge,Lower
2011-03-17,12.0,MP,Melospiza,melodia,Passerellidae,5124,Yes,Edge,Lower
2011-03-17,12.0,MP,Melospiza,melodia,Passerellidae,5124,Yes,Edge,Lower
2011-03-18,12.0,MP,Melospiza,melodia,Passerellidae,5124,Yes,Edge,Lower
2011-03-18,12.0,MP,Melospiza,melodia,Passerellidae,5124,Yes,Edge,Lower
2011-03-19,12.0,MP,Melospiza,melodia,Passerellidae,5124,Yes,Edge,Lower
2011-03-20,12.0,CHI,Melospiza,melodia,Passerellidae,5124,Yes,Edge,Lower
2011-03-23,12.0,CHI,Junco,hyemalis,Passerellidae,6303,Yes,Edge,Lower
2011-03-23,12.0,MP,Passerella,iliaca,Passerellidae,2443,Yes,Edge,Lower
2011-03-23,12.0,MP,Melospiza,melodia,Passerellidae,5124,Yes,Edge,Lower
2011-03-24,5.0,CHI,Melospiza,melodia,Passerellidae,5124,Yes,Edge,Lower
2011-03-24,5.0,CHI,Regulus,satrapa,Regulidae,1029,Yes,Forest,Upper
2011-03-30,3.0,CHI,Passerella,iliaca,Passerellidae,2443,Yes,Edge,Lower
2011-04-01,5.0,CHI,Melospiza,melodia,Passerellidae,5124,Yes,Edge,Lower
2011-04-02,5.0,CHI,Regulus,satrapa,Regulidae,1029,Yes,Forest,Upper
2011-04-02,5.0,CHI,Regulus,satrapa,Regulidae,1029,Yes,Forest,Upper
2011-04-02,5.0,CHI,Sturnella,magna,Icteridae,13,Yes,Open,Lower
2011-04-03,5.0,CHI,Melospiza,melodia,Passerellidae,5124,Yes,Edge,Lower
2011-04-03,5.0,CHI,Protonotaria,citrea,Parulidae,6,Yes,Forest,Upper
2011-04-03,5.0,CHI,Passerella,iliaca,Passerellidae,2443,Yes,Edge,Lower
2011-04-04,5.0,CHI,Junco,hyemalis,Passerellidae,6303,Yes,Edge,Lower
2011-04-04,5.0,CHI,Junco,hyemalis,Passerellidae,6303,Yes,Edge,Lower
2011-04-04,5.0,CHI,Regulus,satrapa,Regulidae,1029,Yes,Forest,Upper
2011-04-04,5.0,CHI,Catharus,guttatus,Turdidae,3729,Yes,Forest,Lower
2011-04-04,5.0,CHI,Regulus,satrapa,Regulidae,1029,Yes,Forest,Upper
2011-04-04,5.0,MP,Passerella,iliaca,Passerellidae,2443,Yes,Edge,Lower
2011-04-05,3.0,CHI,Melospiza,melodia,Passerellidae,5124,Yes,Edge,Lower
2011-04-05,3.0,CHI,Passerella,iliaca,Passerellidae,2443,Yes,Edge,Lower
2011-04-06,3.0,CHI,Catharus,guttatus,Turdidae,3729,Yes,Forest,Lower
2011-04-06,3.0,CHI,Catharus,guttatus,Turdidae,3729,Yes,Forest,Lower
2011-04-06,3.0,CHI,Melospiza,melodia,Passerellidae,5124,Yes,Edge,Lower
2011-04-06,3.0,CHI,Melospiza,melodia,Passerellidae,5124,Yes,Edge,Lower
2011-04-06,3.0,CHI,Regulus,calendula,Regulidae,416,No,Forest,Upper
2011-04-06,3.0,CHI,Melospiza,melodia,Passerellidae,5124,Yes,Edge,Lower
2011-04-06,3.0,CHI,Sturnella,magna,Icteridae,13,Yes,Open,Lower
2011-04-06,3.0,CHI,Junco,hyemalis,Passerellidae,6303,Yes,Edge,Lower
2011-04-06,3.0,CHI,Junco,hyemalis,Passerellidae,6303,Yes,Edge,Lower
2011-04-06,3.0,CHI,Junco,hyemalis,Passerellidae,6303,Yes,Edge,Lower
2011-04-10,3.0,CHI,Junco,hyemalis,Passerellidae,6303,Yes,Edge,Lower
2011-04-10,3.0,CHI,Regulus,satrapa,Regulidae,1029,Yes,Forest,Upper
2011-04-10,3.0,CHI,Catharus,guttatus,Turdidae,3729,Yes,Forest,Lower
2011-04-10,3.0,CHI,Junco,hyemalis,Passerellidae,6303,Yes,Edge,Lower
2011-04-11,3.0,CHI,Setophaga,coronata,Parulidae,887,yes,forest,Upper
2011-04-11,3.0,CHI,Junco,hyemalis,Passerellidae,6303,Yes,Edge,Lower
2011-04-11,3.0,CHI,Junco,hyemalis,Passerellidae,6303,Yes,Edge,Lower
2011-04-13,3.0,CHI,Regulus,satrapa,Regulidae,1029,Yes,Forest,Upper
2011-04-13,3.0,CHI,Catharus,guttatus,Turdidae,3729,Yes,Forest,Lower
2011-04-13,3.0,CHI,Regulus,satrapa,Regulidae,1029,Yes,Forest,Upper
2011-04-13,3.0,CHI,Junco,hyemalis,Passerellidae,6303,Yes,Edge,Lower
2011-04-13,3.0,CHI,Toxostoma,rufum,Mimidae,166,No,Edge,Lower
2011-04-13,3.0,CHI,Catharus,guttatus,Turdidae,3729,Yes,Forest,Lower
2011-04-13,3.0,CHI,Catharus,guttatus,Turdidae,3729,Yes,Forest,Lower
2011-04-14,3.0,CHI,Catharus,guttatus,Turdidae,3729,Yes,Forest,Lower
2011-04-14,3.0,CHI,Junco,hyemalis,Passerellidae,6303,Yes,Edge,Lower
2011-04-14,3.0,CHI,Junco,hyemalis,Passerellidae,6303,Yes,Edge,Lower
2011-04-14,3.0,CHI,troglodytes,hiemalis,Troglodytidae,474,No,Forest,Lower
2011-04-14,3.0,CHI,Catharus,guttatus,Turdidae,3729,Yes,Forest,Lower
2011-04-14,3.0,CHI,Catharus,guttatus,Turdidae,3729,Yes,Forest,Lower
2011-04-14,3.0,CHI,Catharus,guttatus,Turdidae,3729,Yes,Forest,Lower
2011-04-14,3.0,MP,Junco,hyemalis,Passerellidae,6303,Yes,Edge,Lower
2011-04-15,3.0,CHI,Junco,hyemalis,Passerellidae,6303,Yes,Edge,Lower
2011-04-15,3.0,CHI,Catharus,guttatus,Turdidae,3729,Yes,Forest,Lower
2011-04-15,3.0,CHI,Catharus,guttatus,Turdidae,3729,Yes,Forest,Lower
2011-04-15,3.0,CHI,Catharus,guttatus,Turdidae,3729,Yes,Forest,Lower
2011-04-16,3.0,CHI,Zonotrichia,albicollis,Passerellidae,10133,Yes,Forest,Lower
2011-04-16,3.0,CHI,Zonotrichia,albicollis,Passerellidae,10133,Yes,Forest,Lower
2011-04-20,9.0,CHI,Zonotrichia,albicollis,Passerellidae,10133,Yes,Forest,Lower
2011-04-20,9.0,CHI,Toxostoma,rufum,Mimidae,166,No,Edge,Lower
2011-04-20,9.0,CHI,Empidonax,minimus,Tyrannidae,96,No,Edge,Upper
2011-04-20,9.0,CHI,Spizella,passerina,Passerellidae,68,Yes,Edge,Lower
2011-04-20,9.0,CHI,Zonotrichia,albicollis,Passerellidae,10133,Yes,Forest,Lower
2011-04-20,9.0,CHI,Junco,hyemalis,Passerellidae,6303,Yes,Edge,Lower
2011-04-20,9.0,CHI,Geothlypis,trichas,Parulidae,1555,Yes,Open,Lower
2011-04-20,9.0,CHI,Geothlypis,trichas,Parulidae,1555,Yes,Open,Lower
2011-04-20,9.0,CHI,Junco,hyemalis,Passerellidae,6303,Yes,Edge,Lower
2011-04-20,9.0,CHI,Seiurus,aurocapilla,Parulidae,4580,Yes,Forest,Lower
2011-04-20,9.0,CHI,Seiurus,aurocapilla,Parulidae,4580,Yes,Forest,Lower
2011-04-20,9.0,CHI,Spizella,passerina,Passerellidae,68,Yes,Edge,Lower
2011-04-20,9.0,CHI,Zonotrichia,albicollis,Passerellidae,10133,Yes,Forest,Lower
2011-04-20,9.0,CHI,Zonotrichia,albicollis,Passerellidae,10133,Yes,Forest,Lower
2011-04-20,9.0,CHI,Regulus,calendula,Regulidae,416,No,Forest,Upper
2011-04-20,9.0,CHI,Mniotilta,varia,Parulidae,620,Yes,Forest,Upper
2011-04-20,9.0,CHI,Zonotrichia,albicollis,Passerellidae,10133,Yes,Forest,Lower
2011-04-20,9.0,CHI,Oreothlypis,ruficapilla,Parulidae,1690,Yes,Forest,Upper
2011-04-20,9.0,CHI,Zonotrichia,albicollis,Passerellidae,10133,Yes,Forest,Lower
2011-04-20,9.0,CHI,Zonotrichia,albicollis,Passerellidae,10133,Yes,Forest,Lower
2011-04-20,9.0,CHI,Zonotrichia,albicollis,Passerellidae,10133,Yes,Forest,Lower
2011-04-20,9.0,CHI,Zonotrichia,albicollis,Passerellidae,10133,Yes,Forest,Lower
2011-04-22,9.0,CHI,Catharus,guttatus,Turdidae,3729,Yes,Forest,Lower
2011-04-22,9.0,CHI,Zonotrichia,albicollis,Passerellidae,10133,Yes,Forest,Lower
2011-04-22,9.0,CHI,Zonotrichia,albicollis,Passerellidae,10133,Yes,Forest,Lower
2011-04-22,9.0,CHI,Zonotrichia,albicollis,Passerellidae,10133,Yes,Forest,Lower
2011-04-22,9.0,CHI,Catharus,guttatus,Turdidae,3729,Yes,Forest,Lower
2011-04-22,9.0,CHI,Catharus,guttatus,Turdidae,3729,Yes,Forest,Lower
2011-04-22,9.0,CHI,Zonotrichia,albicollis,Passerellidae,10133,Yes,Forest,Lower
2011-04-22,9.0,CHI,Catharus,guttatus,Turdidae,3729,Yes,Forest,Lower
2011-04-24,9.0,CHI,Zonotrichia,albicollis,Passerellidae,10133,Yes,Forest,Lower
2011-04-24,9.0,CHI,Catharus,guttatus,Turdidae,3729,Yes,Forest,Lower
2011-04-24,9.0,CHI,Regulus,calendula,Regulidae,416,No,Forest,Upper
2011-04-24,9.0,CHI,Regulus,calendula,Regulidae,416,No,Forest,Upper
2011-04-24,9.0,CHI,Troglodytes,aedon,Troglodytidae,104,No,Edge,Lower
2011-04-24,9.0,CHI,Regulus,satrapa,Regulidae,1029,Yes,Forest,Upper
2011-04-24,9.0,CHI,Junco,hyemalis,Passerellidae,6303,Yes,Edge,Lower
2011-04-24,9.0,CHI,Zonotrichia,albicollis,Passerellidae,10133,Yes,Forest,Lower
2011-04-24,9.0,CHI,Zonotrichia,albicollis,Passerellidae,10133,Yes,Forest,Lower
2011-04-24,9.0,CHI,Zonotrichia,albicollis,Passerellidae,10133,Yes,Forest,Lower
2011-04-24,9.0,CHI,Zonotrichia,albicollis,Passerellidae,10133,Yes,Forest,Lower
2011-04-24,9.0,CHI,Catharus,guttatus,Turdidae,3729,Yes,Forest,Lower
2011-04-24,9.0,CHI,Catharus,guttatus,Turdidae,3729,Yes,Forest,Lower
2011-04-24,9.0,CHI,Catharus,guttatus,Turdidae,3729,Yes,Forest,Lower
2011-04-24,9.0,CHI,Catharus,guttatus,Turdidae,3729,Yes,Forest,Lower
2011-04-24,9.0,MP,Catharus,guttatus,Turdidae,3729,Yes,Forest,Lower
2011-04-24,9.0,CHI,Parkesia,motacilla,Parulidae,15,Yes,Forest,Lower
2011-04-24,9.0,CHI,Pipilo,erythrophthalmus,Passerellidae,82,Rare,Edge,Lower
2011-04-24,9.0,CHI,Catharus,guttatus,Turdidae,3729,Yes,Forest,Lower
2011-04-24,9.0,CHI,Catharus,guttatus,Turdidae,3729,Yes,Forest,Lower
2011-04-24,9.0,CHI,Catharus,guttatus,Turdidae,3729,Yes,Forest,Lower
2011-04-24,9.0,CHI,Catharus,guttatus,Turdidae,3729,Yes,Forest,Lower
2011-04-24,9.0,CHI,Catharus,guttatus,Turdidae,3729,Yes,Forest,Lower
2011-04-24,9.0,CHI,Catharus,guttatus,Turdidae,3729,Yes,Forest,Lower
2011-04-25,9.0,CHI,Catharus,guttatus,Turdidae,3729,Yes,Forest,Lower
2011-04-25,9.0,CHI,Regulus,calendula,Regulidae,416,No,Forest,Upper
2011-04-25,9.0,CHI,Regulus,calendula,Regulidae,416,No,Forest,Upper
2011-04-25,9.0,CHI,Regulus,calendula,Regulidae,416,No,Forest,Upper
2011-04-25,9.0,CHI,Zonotrichia,albicollis,Passerellidae,10133,Yes,Forest,Lower
2011-04-25,9.0,CHI,Zonotrichia,albicollis,Passerellidae,10133,Yes,Forest,Lower
2011-04-25,9.0,CHI,Catharus,guttatus,Turdidae,3729,Yes,Forest,Lower
2011-04-25,9.0,CHI,troglodytes,hiemalis,Troglodytidae,474,No,Forest,Lower
2011-04-25,9.0,CHI,Catharus,guttatus,Turdidae,3729,Yes,Forest,Lower
2011-04-25,9.0,CHI,Catharus,guttatus,Turdidae,3729,Yes,Forest,Lower
2011-04-25,9.0,CHI,Catharus,guttatus,Turdidae,3729,Yes,Forest,Lower
2011-04-25,9.0,CHI,Catharus,guttatus,Turdidae,3729,Yes,Forest,Lower
2011-04-25,9.0,CHI,Catharus,guttatus,Turdidae,3729,Yes,Forest,Lower
2011-04-25,9.0,CHI,Regulus,satrapa,Regulidae,1029,Yes,Forest,Upper
2011-04-26,9.0,CHI,Zonotrichia,albicollis,Passerellidae,10133,Yes,Forest,Lower
2011-04-26,9.0,CHI,Catharus,guttatus,Turdidae,3729,Yes,Forest,Lower
2011-04-27,4.0,CHI,Zonotrichia,albicollis,Passerellidae,10133,Yes,Forest,Lower
2011-04-27,4.0,MP,Zonotrichia,albicollis,Passerellidae,10133,Yes,Forest,Lower
2011-04-27,4.0,CHI,Zonotrichia,albicollis,Passerellidae,10133,Yes,Forest,Lower
2011-04-27,4.0,CHI,Zonotrichia,albicollis,Passerellidae,10133,Yes,Forest,Lower
2011-04-27,4.0,CHI,Zonotrichia,albicollis,Passerellidae,10133,Yes,Forest,Lower
2011-04-27,4.0,CHI,Zonotrichia,albicollis,Passerellidae,10133,Yes,Forest,Lower
2011-04-27,4.0,CHI,Zonotrichia,albicollis,Passerellidae,10133,Yes,Forest,Lower
2011-04-27,4.0,CHI,Zonotrichia,albicollis,Passerellidae,10133,Yes,Forest,Lower
2011-04-27,4.0,CHI,Zonotrichia,albicollis,Passerellidae,10133,Yes,Forest,Lower
2011-04-27,4.0,MP,Zonotrichia,albicollis,Passerellidae,10133,Yes,Forest,Lower
2011-04-27,4.0,CHI,Zonotrichia,albicollis,Passerellidae,10133,Yes,Forest,Lower
2011-04-27,4.0,CHI,Zonotrichia,albicollis,Passerellidae,10133,Yes,Forest,Lower
2011-04-27,4.0,CHI,Zonotrichia,albicollis,Passerellidae,10133,Yes,Forest,Lower
2011-04-27,4.0,CHI,Zonotrichia,albicollis,Passerellidae,10133,Yes,Forest,Lower
2011-04-27,4.0,CHI,Zonotrichia,albicollis,Passerellidae,10133,Yes,Forest,Lower
2011-04-27,4.0,CHI,Zonotrichia,albicollis,Passerellidae,10133,Yes,Forest,Lower
2011-04-27,4.0,CHI,Zonotrichia,albicollis,Passerellidae,10133,Yes,Forest,Lower
2011-04-27,4.0,CHI,Zonotrichia,albicollis,Passerellidae,10133,Yes,Forest,Lower
2011-04-27,4.0,CHI,Zonotrichia,albicollis,Passerellidae,10133,Yes,Forest,Lower
2011-04-27,4.0,CHI,Mniotilta,varia,Parulidae,620,Yes,Forest,Upper
2011-04-27,4.0,CHI,Zonotrichia,albicollis,Passerellidae,10133,Yes,Forest,Lower
2011-04-27,4.0,CHI,Catharus,guttatus,Turdidae,3729,Yes,Forest,Lower
2011-04-27,4.0,CHI,Catharus,guttatus,Turdidae,3729,Yes,Forest,Lower
2011-04-27,4.0,CHI,Catharus,guttatus,Turdidae,3729,Yes,Forest,Lower
2011-04-27,4.0,CHI,Catharus,guttatus,Turdidae,3729,Yes,Forest,Lower
2011-04-27,4.0,CHI,Catharus,guttatus,Turdidae,3729,Yes,Forest,Lower
2011-04-27,4.0,CHI,Catharus,guttatus,Turdidae,3729,Yes,Forest,Lower
2011-04-27,4.0,CHI,Hylocichla,mustelina,Turdidae,500,Yes,Forest,Lower
2011-04-27,4.0,CHI,Hylocichla,mustelina,Turdidae,500,Yes,Forest,Lower
2011-04-27,4.0,CHI,Catharus,guttatus,Turdidae,3729,Yes,Forest,Lower
2011-04-27,4.0,CHI,Hylocichla,mustelina,Turdidae,500,Yes,Forest,Lower
2011-04-27,4.0,CHI,Hylocichla,mustelina,Turdidae,500,Yes,Forest,Lower
2011-04-27,4.0,CHI,Zonotrichia,albicollis,Passerellidae,10133,Yes,Forest,Lower
2011-04-27,4.0,CHI,Zonotrichia,albicollis,Passerellidae,10133,Yes,Forest,Lower
2011-04-27,4.0,CHI,Catharus,guttatus,Turdidae,3729,Yes,Forest,Lower
2011-04-27,4.0,CHI,Junco,hyemalis,Passerellidae,6303,Yes,Edge,Lower
2011-04-27,4.0,CHI,Zonotrichia,albicollis,Passerellidae,10133,Yes,Forest,Lower
2011-04-27,4.0,CHI,Catharus,guttatus,Turdidae,3729,Yes,Forest,Lower
2011-04-27,4.0,CHI,Zonotrichia,albicollis,Passerellidae,10133,Yes,Forest,Lower
2011-04-27,4.0,CHI,Junco,hyemalis,Passerellidae,6303,Yes,Edge,Lower
2011-04-27,4.0,CHI,Catharus,guttatus,Turdidae,3729,Yes,Forest,Lower
2011-04-27,4.0,CHI,Zonotrichia,albicollis,Passerellidae,10133,Yes,Forest,Lower
2011-04-28,6.0,CHI,Zonotrichia,albicollis,Passerellidae,10133,Yes,Forest,Lower
2011-04-28,6.0,CHI,Zonotrichia,albicollis,Passerellidae,10133,Yes,Forest,Lower
2011-04-28,6.0,CHI,Zonotrichia,albicollis,Passerellidae,10133,Yes,Forest,Lower
2011-04-28,6.0,CHI,Regulus,calendula,Regulidae,416,No,Forest,Upper
2011-04-28,6.0,CHI,Zonotrichia,albicollis,Passerellidae,10133,Yes,Forest,Lower
2011-04-28,6.0,CHI,Melospiza,melodia,Passerellidae,5124,Yes,Edge,Lower
2011-04-28,6.0,CHI,Zonotrichia,albicollis,Passerellidae,10133,Yes,Forest,Lower
2011-04-28,6.0,CHI,Zonotrichia,albicollis,Passerellidae,10133,Yes,Forest,Lower
2011-04-28,6.0,CHI,Zonotrichia,albicollis,Passerellidae,10133,Yes,Forest,Lower
2011-04-28,6.0,CHI,Catharus,guttatus,Turdidae,3729,Yes,Forest,Lower
2011-04-28,6.0,CHI,Catharus,guttatus,Turdidae,3729,Yes,Forest,Lower
2011-04-28,6.0,CHI,Catharus,guttatus,Turdidae,3729,Yes,Forest,Lower
2011-04-28,6.0,CHI,Catharus,guttatus,Turdidae,3729,Yes,Forest,Lower
2011-04-28,6.0,CHI,Catharus,guttatus,Turdidae,3729,Yes,Forest,Lower
2011-04-28,6.0,CHI,Sturnella,magna,Icteridae,13,Yes,Open,Lower
2011-04-30,3.0,CHI,Zonotrichia,albicollis,Passerellidae,10133,Yes,Forest,Lower
2011-04-30,3.0,CHI,Zonotrichia,albicollis,Passerellidae,10133,Yes,Forest,Lower
2011-04-30,3.0,CHI,Myiarchus,crinitus,Tyrannidae,28,No,Edge,Upper
2011-04-30,3.0,CHI,Zonotrichia,albicollis,Passerellidae,10133,Yes,Forest,Lower
2011-04-30,3.0,CHI,Zonotrichia,albicollis,Passerellidae,10133,Yes,Forest,Lower
2011-04-30,3.0,CHI,Zonotrichia,albicollis,Passerellidae,10133,Yes,Forest,Lower
2011-04-30,3.0,CHI,Seiurus,aurocapilla,Parulidae,4580,Yes,Forest,Lower
2011-04-30,3.0,CHI,Zonotrichia,albicollis,Passerellidae,10133,Yes,Forest,Lower
2011-04-30,3.0,CHI,Seiurus,aurocapilla,Parulidae,4580,Yes,Forest,Lower
2011-04-30,3.0,CHI,Zonotrichia,albicollis,Passerellidae,10133,Yes,Forest,Lower
2011-04-30,3.0,CHI,Regulus,calendula,Regulidae,416,No,Forest,Upper
2011-04-30,3.0,CHI,Zonotrichia,albicollis,Passerellidae,10133,Yes,Forest,Lower
2011-04-30,3.0,CHI,Zonotrichia,albicollis,Passerellidae,10133,Yes,Forest,Lower
2011-04-30,3.0,CHI,Setophaga,pinus,Parulidae,49,Yes,Forest,Upper
2011-04-30,3.0,CHI,Zonotrichia,albicollis,Passerellidae,10133,Yes,Forest,Lower
2011-04-30,3.0,CHI,Zonotrichia,albicollis,Passerellidae,10133,Yes,Forest,Lower
2011-05-01,5.0,CHI,Oreothlypis,ruficapilla,Parulidae,1690,Yes,Forest,Upper
2011-05-01,5.0,CHI,Parkesia,noveboracensis,Parulidae,916,Yes,Forest,Lower
2011-05-01,5.0,CHI,troglodytes,hiemalis,Troglodytidae,474,No,Forest,Lower
2011-05-01,5.0,CHI,Parkesia,noveboracensis,Parulidae,916,Yes,Forest,Lower
2011-05-01,5.0,CHI,Ammodramus,savannarum,Passerellidae,106,Yes,Open,Lower
2011-05-01,5.0,CHI,Mniotilta,varia,Parulidae,620,Yes,Forest,Upper
2011-05-01,5.0,CHI,Ammodramus,savannarum,Passerellidae,106,Yes,Open,Lower
2011-05-01,5.0,CHI,Passerculus,sandwichensis,Passerellidae,274,yes,open,Lower	
2011-05-01,5.0,CHI,Zonotrichia,albicollis,Passerellidae,10133,Yes,Forest,Lower
2011-05-01,5.0,CHI,Zonotrichia,albicollis,Passerellidae,10133,Yes,Forest,Lower
2011-05-01,5.0,CHI,Zonotrichia,albicollis,Passerellidae,10133,Yes,Forest,Lower
2011-05-01,5.0,CHI,Zonotrichia,albicollis,Passerellidae,10133,Yes,Forest,Lower
2011-05-01,5.0,CHI,Zonotrichia,albicollis,Passerellidae,10133,Yes,Forest,Lower
2011-05-01,5.0,MP,Zonotrichia,albicollis,Passerellidae,10133,Yes,Forest,Lower
2011-05-01,5.0,MP,Zonotrichia,albicollis,Passerellidae,10133,Yes,Forest,Lower
2011-05-01,5.0,CHI,Zonotrichia,albicollis,Passerellidae,10133,Yes,Forest,Lower
2011-05-01,5.0,CHI,Zonotrichia,albicollis,Passerellidae,10133,Yes,Forest,Lower
2011-05-01,5.0,CHI,Zonotrichia,albicollis,Passerellidae,10133,Yes,Forest,Lower
2011-05-01,5.0,CHI,Zonotrichia,albicollis,Passerellidae,10133,Yes,Forest,Lower
2011-05-01,5.0,CHI,Zonotrichia,albicollis,Passerellidae,10133,Yes,Forest,Lower
2011-05-01,5.0,CHI,Zonotrichia,albicollis,Passerellidae,10133,Yes,Forest,Lower
2011-05-01,5.0,CHI,Zonotrichia,albicollis,Passerellidae,10133,Yes,Forest,Lower
2011-05-01,5.0,CHI,Zonotrichia,albicollis,Passerellidae,10133,Yes,Forest,Lower
2011-05-01,5.0,CHI,Zonotrichia,albicollis,Passerellidae,10133,Yes,Forest,Lower
2011-05-01,5.0,CHI,Zonotrichia,albicollis,Passerellidae,10133,Yes,Forest,Lower
2011-05-01,5.0,CHI,Zonotrichia,albicollis,Passerellidae,10133,Yes,Forest,Lower
2011-05-01,5.0,CHI,Zonotrichia,albicollis,Passerellidae,10133,Yes,Forest,Lower
2011-05-01,5.0,CHI,Zonotrichia,albicollis,Passerellidae,10133,Yes,Forest,Lower
2011-05-01,5.0,CHI,Zonotrichia,albicollis,Passerellidae,10133,Yes,Forest,Lower
2011-05-01,5.0,CHI,Zonotrichia,albicollis,Passerellidae,10133,Yes,Forest,Lower
2011-05-01,5.0,CHI,Zonotrichia,albicollis,Passerellidae,10133,Yes,Forest,Lower
2011-05-01,5.0,CHI,Zonotrichia,albicollis,Passerellidae,10133,Yes,Forest,Lower
2011-05-01,5.0,CHI,Ammodramus,savannarum,Passerellidae,106,Yes,Open,Lower
2011-05-01,5.0,CHI,Geothlypis,trichas,Parulidae,1555,Yes,Open,Lower
2011-05-01,5.0,CHI,Seiurus,aurocapilla,Parulidae,4580,Yes,Forest,Lower
2011-05-01,5.0,CHI,catharus,ustulatus,Turdidae,2331,Yes,Forest,Lower
2011-05-01,5.0,CHI,Seiurus,aurocapilla,Parulidae,4580,Yes,Forest,Lower
2011-05-01,5.0,CHI,Seiurus,aurocapilla,Parulidae,4580,Yes,Forest,Lower
2011-05-01,5.0,CHI,Seiurus,aurocapilla,Parulidae,4580,Yes,Forest,Lower
2011-05-01,5.0,CHI,Seiurus,aurocapilla,Parulidae,4580,Yes,Forest,Lower
2011-05-01,5.0,CHI,Seiurus,aurocapilla,Parulidae,4580,Yes,Forest,Lower
2011-05-01,5.0,CHI,Seiurus,aurocapilla,Parulidae,4580,Yes,Forest,Lower
2011-05-01,5.0,CHI,Seiurus,aurocapilla,Parulidae,4580,Yes,Forest,Lower
2011-05-01,5.0,CHI,Spizella,passerina,Passerellidae,68,Yes,Edge,Lower
2011-05-01,5.0,CHI,Seiurus,aurocapilla,Parulidae,4580,Yes,Forest,Lower
2011-05-01,5.0,CHI,Seiurus,aurocapilla,Parulidae,4580,Yes,Forest,Lower
2011-05-01,5.0,CHI,Seiurus,aurocapilla,Parulidae,4580,Yes,Forest,Lower
2011-05-01,5.0,CHI,Regulus,calendula,Regulidae,416,No,Forest,Upper
2011-05-01,5.0,CHI,Catharus,guttatus,Turdidae,3729,Yes,Forest,Lower
2011-05-01,5.0,CHI,Icterus,galbula,Icteridae,83,Yes,Edge,Upper
2011-05-01,5.0,CHI,Parkesia,motacilla,Parulidae,15,Yes,Forest,Lower
2011-05-01,5.0,CHI,Seiurus,aurocapilla,Parulidae,4580,Yes,Forest,Lower
2011-05-02,5.0,CHI,Setophaga,virens,Parulidae,223,Yes,Forest,Upper
2011-05-02,5.0,CHI,Ammodramus,savannarum,Passerellidae,106,Yes,Open,Lower
2011-05-02,5.0,CHI,Pipilo,erythrophthalmus,Passerellidae,82,Rare,Edge,Lower
2011-05-02,5.0,MP,Seiurus,aurocapilla,Parulidae,4580,Yes,Forest,Lower
2011-05-02,5.0,CHI,Zonotrichia,albicollis,Passerellidae,10133,Yes,Forest,Lower
2011-05-02,5.0,CHI,Seiurus,aurocapilla,Parulidae,4580,Yes,Forest,Lower
2011-05-02,5.0,CHI,Parkesia,noveboracensis,Parulidae,916,Yes,Forest,Lower
2011-05-02,5.0,CHI,Piranga,olivacea,Cardinalidae,127,Yes,Forest,Upper
2011-05-02,5.0,CHI,catharus,ustulatus,Turdidae,2331,Yes,Forest,Lower
2011-05-02,5.0,CHI,Zonotrichia,albicollis,Passerellidae,10133,Yes,Forest,Lower
2011-05-02,5.0,CHI,Zonotrichia,albicollis,Passerellidae,10133,Yes,Forest,Lower
2011-05-02,5.0,CHI,Geothlypis,trichas,Parulidae,1555,Yes,Open,Lower
2011-05-02,5.0,CHI,Zonotrichia,albicollis,Passerellidae,10133,Yes,Forest,Lower
2011-05-02,5.0,CHI,Seiurus,aurocapilla,Parulidae,4580,Yes,Forest,Lower
2011-05-02,5.0,CHI,Zonotrichia,albicollis,Passerellidae,10133,Yes,Forest,Lower
2011-05-02,5.0,CHI,Zonotrichia,albicollis,Passerellidae,10133,Yes,Forest,Lower
2011-05-02,5.0,CHI,Mniotilta,varia,Parulidae,620,Yes,Forest,Upper
2011-05-02,5.0,CHI,Hylocichla,mustelina,Turdidae,500,Yes,Forest,Lower
2011-05-03,3.0,CHI,Zonotrichia,albicollis,Passerellidae,10133,Yes,Forest,Lower
2011-05-03,3.0,CHI,Zonotrichia,albicollis,Passerellidae,10133,Yes,Forest,Lower
2011-05-03,3.0,CHI,Oreothlypis,peregrina,Parulidae,2515,Yes,Edge,Upper
2011-05-03,3.0,CHI,catharus,ustulatus,Turdidae,2331,Yes,Forest,Lower
2011-05-04,3.0,CHI,Zonotrichia,albicollis,Passerellidae,10133,Yes,Forest,Lower
2011-05-04,3.0,CHI,Zonotrichia,albicollis,Passerellidae,10133,Yes,Forest,Lower
2011-05-04,3.0,CHI,Pheucticus,ludovicianus,Cardinalidae,397,Yes,Forest,Upper
2011-05-05,3.0,CHI,Hylocichla,mustelina,Turdidae,500,Yes,Forest,Lower
2011-05-05,3.0,CHI,Oreothlypis,celata,Parulidae,227,Yes,Edge,Lower
2011-05-05,3.0,CHI,dumetella,carolinensis,Mimidae,599,no,edge,Lower
2011-05-05,3.0,CHI,Seiurus,aurocapilla,Parulidae,4580,Yes,Forest,Lower
2011-05-05,3.0,CHI,Mniotilta,varia,Parulidae,620,Yes,Forest,Upper
2011-05-05,3.0,CHI,Passerina,cyanea,Cardinalidae,725,yes,edge,Upper
2011-05-05,3.0,CHI,Toxostoma,rufum,Mimidae,166,No,Edge,Lower
2011-05-05,3.0,CHI,Seiurus,aurocapilla,Parulidae,4580,Yes,Forest,Lower
2011-05-05,3.0,CHI,Regulus,calendula,Regulidae,416,No,Forest,Upper
2011-05-05,3.0,CHI,Pheucticus,ludovicianus,Cardinalidae,397,Yes,Forest,Upper
2011-05-05,3.0,CHI,Pheucticus,ludovicianus,Cardinalidae,397,Yes,Forest,Upper
2011-05-05,3.0,CHI,Oreothlypis,ruficapilla,Parulidae,1690,Yes,Forest,Upper
2011-05-05,3.0,CHI,Oreothlypis,ruficapilla,Parulidae,1690,Yes,Forest,Upper
2011-05-05,3.0,CHI,Oreothlypis,ruficapilla,Parulidae,1690,Yes,Forest,Upper
2011-05-05,3.0,CHI,Zonotrichia,albicollis,Passerellidae,10133,Yes,Forest,Lower
2011-05-05,3.0,CHI,Zonotrichia,albicollis,Passerellidae,10133,Yes,Forest,Lower
2011-05-05,3.0,CHI,Mniotilta,varia,Parulidae,620,Yes,Forest,Upper
2011-05-05,3.0,CHI,Pheucticus,ludovicianus,Cardinalidae,397,Yes,Forest,Upper
2011-05-06,3.0,CHI,Oreothlypis,ruficapilla,Parulidae,1690,Yes,Forest,Upper
2011-05-06,3.0,CHI,Melospiza,lincolnii,Passerellidae,2029,yes,edge,Lower
2011-05-06,3.0,CHI,Mniotilta,varia,Parulidae,620,Yes,Forest,Upper
2011-05-06,3.0,CHI,Oreothlypis,ruficapilla,Parulidae,1690,Yes,Forest,Upper
2011-05-06,3.0,CHI,Oreothlypis,ruficapilla,Parulidae,1690,Yes,Forest,Upper
2011-05-06,3.0,CHI,Zonotrichia,albicollis,Passerellidae,10133,Yes,Forest,Lower
2011-05-06,3.0,CHI,Hylocichla,mustelina,Turdidae,500,Yes,Forest,Lower
2011-05-06,3.0,CHI,Zonotrichia,albicollis,Passerellidae,10133,Yes,Forest,Lower
2011-05-06,3.0,CHI,Passerina,cyanea,Cardinalidae,725,yes,edge,Upper
2011-05-06,3.0,MP,Seiurus,aurocapilla,Parulidae,4580,Yes,Forest,Lower
2011-05-06,3.0,CHI,Seiurus,aurocapilla,Parulidae,4580,Yes,Forest,Lower
2011-05-06,3.0,CHI,Vermivora,cyanoptera,Parulidae,16,Yes,Edge,Upper
2011-05-06,3.0,CHI,Pheucticus,ludovicianus,Cardinalidae,397,Yes,Forest,Upper
2011-05-06,3.0,CHI,Hylocichla,mustelina,Turdidae,500,Yes,Forest,Lower
2011-05-06,3.0,CHI,Parkesia,noveboracensis,Parulidae,916,Yes,Forest,Lower
2011-05-06,3.0,CHI,Zonotrichia,leucophrys,Passerellidae,1090,Yes,Edge,Lower
2011-05-06,3.0,CHI,Zonotrichia,albicollis,Passerellidae,10133,Yes,Forest,Lower
2011-05-07,3.0,CHI,Hylocichla,mustelina,Turdidae,500,Yes,Forest,Lower
2011-05-07,3.0,CHI,Geothlypis,trichas,Parulidae,1555,Yes,Open,Lower
2011-05-07,3.0,CHI,Hylocichla,mustelina,Turdidae,500,Yes,Forest,Lower
2011-05-07,3.0,CHI,Icterus,galbula,Icteridae,83,Yes,Edge,Upper
2011-05-07,3.0,CHI,Setophaga,magnolia,Parulidae,1224,yes,forest,Upper
2011-05-07,3.0,CHI,Zonotrichia,albicollis,Passerellidae,10133,Yes,Forest,Lower
2011-05-07,3.0,CHI,Zonotrichia,albicollis,Passerellidae,10133,Yes,Forest,Lower
2011-05-07,3.0,CHI,Setophaga,magnolia,Parulidae,1224,yes,forest,Upper
2011-05-07,3.0,CHI,Zonotrichia,albicollis,Passerellidae,10133,Yes,Forest,Lower
2011-05-07,3.0,CHI,Zonotrichia,albicollis,Passerellidae,10133,Yes,Forest,Lower
2011-05-07,3.0,CHI,Setophaga,tigrina,Parulidae,182,Yes,Forest,Upper
2011-05-07,3.0,CHI,Mniotilta,varia,Parulidae,620,Yes,Forest,Upper
2011-05-07,3.0,MP,Melospiza,lincolnii,Passerellidae,2029,yes,edge,Lower
2011-05-07,3.0,CHI,Melospiza,lincolnii,Passerellidae,2029,yes,edge,Lower
2011-05-07,3.0,CHI,Setophaga,magnolia,Parulidae,1224,yes,forest,Upper
2011-05-07,3.0,CHI,Parkesia,noveboracensis,Parulidae,916,Yes,Forest,Lower
2011-05-07,3.0,CHI,Parkesia,noveboracensis,Parulidae,916,Yes,Forest,Lower
2011-05-07,3.0,CHI,Hylocichla,mustelina,Turdidae,500,Yes,Forest,Lower
2011-05-07,3.0,CHI,Parkesia,noveboracensis,Parulidae,916,Yes,Forest,Lower
2011-05-07,3.0,CHI,Parkesia,noveboracensis,Parulidae,916,Yes,Forest,Lower
2011-05-07,3.0,CHI,Zonotrichia,albicollis,Passerellidae,10133,Yes,Forest,Lower
2011-05-07,3.0,MP,Geothlypis,trichas,Parulidae,1555,Yes,Open,Lower
2011-05-07,3.0,CHI,Geothlypis,trichas,Parulidae,1555,Yes,Open,Lower
2011-05-07,3.0,CHI,Mniotilta,varia,Parulidae,620,Yes,Forest,Upper
2011-05-07,3.0,CHI,catharus,ustulatus,Turdidae,2331,Yes,Forest,Lower
2011-05-07,3.0,CHI,Pheucticus,ludovicianus,Cardinalidae,397,Yes,Forest,Upper
2011-05-07,3.0,CHI,Pheucticus,ludovicianus,Cardinalidae,397,Yes,Forest,Upper
2011-05-07,3.0,CHI,Pheucticus,ludovicianus,Cardinalidae,397,Yes,Forest,Upper
2011-05-07,3.0,CHI,Oreothlypis,celata,Parulidae,227,Yes,Edge,Lower
2011-05-07,3.0,CHI,Pheucticus,ludovicianus,Cardinalidae,397,Yes,Forest,Upper
2011-05-07,3.0,CHI,Pheucticus,ludovicianus,Cardinalidae,397,Yes,Forest,Upper
2011-05-07,3.0,CHI,Pheucticus,ludovicianus,Cardinalidae,397,Yes,Forest,Upper
2011-05-07,3.0,CHI,Regulus,calendula,Regulidae,416,No,Forest,Upper
2011-05-07,3.0,CHI,Vermivora,chrysoptera,Parulidae,53,Yes,Edge,Upper
2011-05-07,3.0,CHI,Zonotrichia,albicollis,Passerellidae,10133,Yes,Forest,Lower
2011-05-07,3.0,CHI,dumetella,carolinensis,Mimidae,599,no,edge,Lower
2011-05-07,3.0,CHI,Setophaga,americana,Parulidae,59,Yes,Forest,Upper
2011-05-07,3.0,CHI,Hylocichla,mustelina,Turdidae,500,Yes,Forest,Lower
2011-05-07,3.0,CHI,catharus,ustulatus,Turdidae,2331,Yes,Forest,Lower
2011-05-07,3.0,CHI,Geothlypis,trichas,Parulidae,1555,Yes,Open,Lower
2011-05-07,3.0,CHI,Oreothlypis,ruficapilla,Parulidae,1690,Yes,Forest,Upper
2011-05-07,3.0,CHI,Oreothlypis,ruficapilla,Parulidae,1690,Yes,Forest,Upper
2011-05-07,3.0,CHI,Mniotilta,varia,Parulidae,620,Yes,Forest,Upper
2011-05-07,3.0,CHI,Parkesia,noveboracensis,Parulidae,916,Yes,Forest,Lower
2011-05-07,3.0,CHI,Zonotrichia,albicollis,Passerellidae,10133,Yes,Forest,Lower
2011-05-07,3.0,CHI,Zonotrichia,albicollis,Passerellidae,10133,Yes,Forest,Lower
2011-05-07,3.0,CHI,Oreothlypis,ruficapilla,Parulidae,1690,Yes,Forest,Upper
2011-05-07,3.0,CHI,Oreothlypis,ruficapilla,Parulidae,1690,Yes,Forest,Upper
2011-05-07,3.0,CHI,Hylocichla,mustelina,Turdidae,500,Yes,Forest,Lower
2011-05-07,3.0,CHI,Zonotrichia,leucophrys,Passerellidae,1090,Yes,Edge,Lower
2011-05-07,3.0,CHI,Seiurus,aurocapilla,Parulidae,4580,Yes,Forest,Lower
2011-05-07,3.0,CHI,Zonotrichia,leucophrys,Passerellidae,1090,Yes,Edge,Lower
2011-05-07,3.0,CHI,Zonotrichia,albicollis,Passerellidae,10133,Yes,Forest,Lower
2011-05-07,3.0,CHI,Hylocichla,mustelina,Turdidae,500,Yes,Forest,Lower
2011-05-07,3.0,CHI,Zonotrichia,albicollis,Passerellidae,10133,Yes,Forest,Lower
2011-05-07,3.0,CHI,Zonotrichia,leucophrys,Passerellidae,1090,Yes,Edge,Lower
2011-05-07,3.0,CHI,Zonotrichia,albicollis,Passerellidae,10133,Yes,Forest,Lower
2011-05-07,3.0,CHI,Oreothlypis,ruficapilla,Parulidae,1690,Yes,Forest,Upper
2011-05-07,3.0,CHI,Oreothlypis,ruficapilla,Parulidae,1690,Yes,Forest,Upper
2011-05-07,3.0,CHI,Oreothlypis,ruficapilla,Parulidae,1690,Yes,Forest,Upper
2011-05-07,3.0,CHI,Seiurus,aurocapilla,Parulidae,4580,Yes,Forest,Lower
2011-05-07,3.0,CHI,Seiurus,aurocapilla,Parulidae,4580,Yes,Forest,Lower
2011-05-07,3.0,CHI,Catharus,guttatus,Turdidae,3729,Yes,Forest,Lower
2011-05-07,3.0,CHI,Hylocichla,mustelina,Turdidae,500,Yes,Forest,Lower
2011-05-07,3.0,CHI,Setophaga,petechia,Parulidae,77,Yes,Edge,Upper
2011-05-07,3.0,CHI,Seiurus,aurocapilla,Parulidae,4580,Yes,Forest,Lower
2011-05-07,3.0,CHI,Setophaga,pensylvanica,Parulidae,303,Yes,Edge,Upper
2011-05-07,3.0,CHI,Oreothlypis,ruficapilla,Parulidae,1690,Yes,Forest,Upper
2011-05-07,3.0,CHI,Zonotrichia,albicollis,Passerellidae,10133,Yes,Forest,Lower
2011-05-07,3.0,CHI,Hylocichla,mustelina,Turdidae,500,Yes,Forest,Lower
2011-05-07,3.0,CHI,Zonotrichia,albicollis,Passerellidae,10133,Yes,Forest,Lower
2011-05-07,3.0,CHI,Seiurus,aurocapilla,Parulidae,4580,Yes,Forest,Lower
2011-05-07,3.0,CHI,Seiurus,aurocapilla,Parulidae,4580,Yes,Forest,Lower
2011-05-07,3.0,CHI,Seiurus,aurocapilla,Parulidae,4580,Yes,Forest,Lower
2011-05-07,3.0,CHI,Seiurus,aurocapilla,Parulidae,4580,Yes,Forest,Lower
2011-05-07,3.0,CHI,Seiurus,aurocapilla,Parulidae,4580,Yes,Forest,Lower
2011-05-07,3.0,CHI,Seiurus,aurocapilla,Parulidae,4580,Yes,Forest,Lower
2011-05-07,3.0,CHI,Oreothlypis,ruficapilla,Parulidae,1690,Yes,Forest,Upper
2011-05-07,3.0,CHI,Seiurus,aurocapilla,Parulidae,4580,Yes,Forest,Lower
2011-05-07,3.0,CHI,Seiurus,aurocapilla,Parulidae,4580,Yes,Forest,Lower
2011-05-07,3.0,CHI,Seiurus,aurocapilla,Parulidae,4580,Yes,Forest,Lower
2011-05-07,3.0,CHI,Catharus,guttatus,Turdidae,3729,Yes,Forest,Lower
2011-05-07,3.0,CHI,Seiurus,aurocapilla,Parulidae,4580,Yes,Forest,Lower
2011-05-07,3.0,CHI,Seiurus,aurocapilla,Parulidae,4580,Yes,Forest,Lower
2011-05-07,3.0,CHI,Seiurus,aurocapilla,Parulidae,4580,Yes,Forest,Lower
2011-05-07,3.0,CHI,Oreothlypis,ruficapilla,Parulidae,1690,Yes,Forest,Upper
2011-05-07,3.0,CHI,Seiurus,aurocapilla,Parulidae,4580,Yes,Forest,Lower
2011-05-07,3.0,CHI,Seiurus,aurocapilla,Parulidae,4580,Yes,Forest,Lower
2011-05-08,3.0,CHI,Mniotilta,varia,Parulidae,620,Yes,Forest,Upper
2011-05-08,3.0,CHI,Mniotilta,varia,Parulidae,620,Yes,Forest,Upper
2011-05-08,3.0,CHI,Zonotrichia,albicollis,Passerellidae,10133,Yes,Forest,Lower
2011-05-08,3.0,CHI,dumetella,carolinensis,Mimidae,599,no,edge,Lower
2011-05-08,3.0,CHI,dumetella,carolinensis,Mimidae,599,no,edge,Lower
2011-05-08,3.0,CHI,Zonotrichia,leucophrys,Passerellidae,1090,Yes,Edge,Lower
2011-05-08,3.0,CHI,Mniotilta,varia,Parulidae,620,Yes,Forest,Upper
2011-05-08,3.0,CHI,Zonotrichia,albicollis,Passerellidae,10133,Yes,Forest,Lower
2011-05-08,3.0,CHI,Zonotrichia,leucophrys,Passerellidae,1090,Yes,Edge,Lower
2011-05-08,3.0,MP,Zonotrichia,albicollis,Passerellidae,10133,Yes,Forest,Lower
2011-05-08,3.0,CHI,Zonotrichia,albicollis,Passerellidae,10133,Yes,Forest,Lower
2011-05-08,3.0,CHI,Zonotrichia,albicollis,Passerellidae,10133,Yes,Forest,Lower
2011-05-08,3.0,MP,Zonotrichia,albicollis,Passerellidae,10133,Yes,Forest,Lower
2011-05-08,3.0,CHI,Zonotrichia,leucophrys,Passerellidae,1090,Yes,Edge,Lower
2011-05-08,3.0,CHI,Zonotrichia,albicollis,Passerellidae,10133,Yes,Forest,Lower
2011-05-08,3.0,CHI,Pheucticus,ludovicianus,Cardinalidae,397,Yes,Forest,Upper
2011-05-08,3.0,CHI,Hylocichla,mustelina,Turdidae,500,Yes,Forest,Lower
2011-05-08,3.0,CHI,Regulus,calendula,Regulidae,416,No,Forest,Upper
2011-05-08,3.0,CHI,Regulus,calendula,Regulidae,416,No,Forest,Upper
2011-05-08,3.0,CHI,Seiurus,aurocapilla,Parulidae,4580,Yes,Forest,Lower
2011-05-08,3.0,CHI,Seiurus,aurocapilla,Parulidae,4580,Yes,Forest,Lower
2011-05-08,3.0,CHI,Seiurus,aurocapilla,Parulidae,4580,Yes,Forest,Lower
2011-05-08,3.0,CHI,Seiurus,aurocapilla,Parulidae,4580,Yes,Forest,Lower
2011-05-08,3.0,CHI,Seiurus,aurocapilla,Parulidae,4580,Yes,Forest,Lower
2011-05-08,3.0,CHI,Seiurus,aurocapilla,Parulidae,4580,Yes,Forest,Lower
2011-05-08,3.0,CHI,Seiurus,aurocapilla,Parulidae,4580,Yes,Forest,Lower
2011-05-08,3.0,CHI,Seiurus,aurocapilla,Parulidae,4580,Yes,Forest,Lower
2011-05-08,3.0,CHI,Seiurus,aurocapilla,Parulidae,4580,Yes,Forest,Lower
2011-05-08,3.0,CHI,Setophaga,tigrina,Parulidae,182,Yes,Forest,Upper
2011-05-08,3.0,CHI,Setophaga,magnolia,Parulidae,1224,yes,forest,Upper
2011-05-08,3.0,CHI,Geothlypis,trichas,Parulidae,1555,Yes,Open,Lower
2011-05-08,3.0,CHI,Melospiza,lincolnii,Passerellidae,2029,yes,edge,Lower
2011-05-08,3.0,CHI,Melospiza,lincolnii,Passerellidae,2029,yes,edge,Lower
2011-05-08,3.0,CHI,Vermivora,cyanoptera,Parulidae,16,Yes,Edge,Upper
2011-05-08,3.0,CHI,Zonotrichia,albicollis,Passerellidae,10133,Yes,Forest,Lower
2011-05-08,3.0,CHI,Zonotrichia,albicollis,Passerellidae,10133,Yes,Forest,Lower
2011-05-08,3.0,CHI,Zonotrichia,albicollis,Passerellidae,10133,Yes,Forest,Lower
2011-05-08,3.0,CHI,Catharus,minimus,Turdidae,822,Yes,Forest,Lower
2011-05-08,3.0,CHI,Empidonax,minimus,Tyrannidae,96,No,Edge,Upper
2011-05-08,3.0,CHI,Troglodytes,aedon,Troglodytidae,104,No,Edge,Lower
2011-05-08,3.0,CHI,Hylocichla,mustelina,Turdidae,500,Yes,Forest,Lower
2011-05-08,3.0,CHI,Pheucticus,ludovicianus,Cardinalidae,397,Yes,Forest,Upper
2011-05-08,3.0,CHI,dumetella,carolinensis,Mimidae,599,no,edge,Lower
2011-05-08,3.0,CHI,Pheucticus,ludovicianus,Cardinalidae,397,Yes,Forest,Upper
2011-05-08,3.0,CHI,Pheucticus,ludovicianus,Cardinalidae,397,Yes,Forest,Upper
2011-05-09,3.0,CHI,Pheucticus,ludovicianus,Cardinalidae,397,Yes,Forest,Upper
2011-05-09,3.0,CHI,Oreothlypis,ruficapilla,Parulidae,1690,Yes,Forest,Upper
2011-05-09,3.0,CHI,Oreothlypis,ruficapilla,Parulidae,1690,Yes,Forest,Upper
2011-05-09,3.0,CHI,Zonotrichia,leucophrys,Passerellidae,1090,Yes,Edge,Lower
2011-05-09,3.0,CHI,Zonotrichia,albicollis,Passerellidae,10133,Yes,Forest,Lower
2011-05-09,3.0,CHI,Regulus,calendula,Regulidae,416,No,Forest,Upper
2011-05-09,3.0,CHI,Zonotrichia,albicollis,Passerellidae,10133,Yes,Forest,Lower
2011-05-09,3.0,CHI,Seiurus,aurocapilla,Parulidae,4580,Yes,Forest,Lower
2011-05-09,3.0,CHI,Zonotrichia,leucophrys,Passerellidae,1090,Yes,Edge,Lower
2011-05-09,3.0,CHI,Zonotrichia,leucophrys,Passerellidae,1090,Yes,Edge,Lower
2011-05-09,3.0,CHI,Setophaga,magnolia,Parulidae,1224,yes,forest,Upper
2011-05-09,3.0,CHI,Setophaga,petechia,Parulidae,77,Yes,Edge,Upper
2011-05-09,3.0,CHI,Zonotrichia,albicollis,Passerellidae,10133,Yes,Forest,Lower
2011-05-09,3.0,CHI,Zonotrichia,albicollis,Passerellidae,10133,Yes,Forest,Lower
2011-05-09,3.0,CHI,Icterus,galbula,Icteridae,83,Yes,Edge,Upper
2011-05-09,3.0,CHI,Parkesia,noveboracensis,Parulidae,916,Yes,Forest,Lower
2011-05-09,3.0,CHI,Zonotrichia,albicollis,Passerellidae,10133,Yes,Forest,Lower
2011-05-09,3.0,CHI,Zonotrichia,albicollis,Passerellidae,10133,Yes,Forest,Lower
2011-05-09,3.0,CHI,Zonotrichia,albicollis,Passerellidae,10133,Yes,Forest,Lower
2011-05-09,3.0,CHI,Zonotrichia,albicollis,Passerellidae,10133,Yes,Forest,Lower
2011-05-09,3.0,CHI,Spizella,passerina,Passerellidae,68,Yes,Edge,Lower
2011-05-09,3.0,CHI,Zonotrichia,albicollis,Passerellidae,10133,Yes,Forest,Lower
2011-05-09,3.0,CHI,dumetella,carolinensis,Mimidae,599,no,edge,Lower
2011-05-09,3.0,CHI,Zonotrichia,albicollis,Passerellidae,10133,Yes,Forest,Lower
2011-05-10,3.0,CHI,Oreothlypis,peregrina,Parulidae,2515,Yes,Edge,Upper
2011-05-10,3.0,CHI,Vermivora,chrysoptera,Parulidae,53,Yes,Edge,Upper
2011-05-10,3.0,CHI,Icterus,galbula,Icteridae,83,Yes,Edge,Upper
2011-05-10,3.0,CHI,Oreothlypis,peregrina,Parulidae,2515,Yes,Edge,Upper
2011-05-10,3.0,CHI,Oreothlypis,peregrina,Parulidae,2515,Yes,Edge,Upper
2011-05-10,3.0,CHI,Passerina,cyanea,Cardinalidae,725,yes,edge,Upper
2011-05-10,3.0,CHI,Passerina,cyanea,Cardinalidae,725,yes,edge,Upper
2011-05-10,3.0,CHI,Passerina,cyanea,Cardinalidae,725,yes,edge,Upper
2011-05-10,3.0,CHI,Piranga,olivacea,Cardinalidae,127,Yes,Forest,Upper
2011-05-10,3.0,CHI,Icterus,galbula,Icteridae,83,Yes,Edge,Upper
2011-05-10,3.0,CHI,Passerculus,sandwichensis,Passerellidae,274,yes,open,Lower	
2011-05-10,3.0,CHI,Oreothlypis,peregrina,Parulidae,2515,Yes,Edge,Upper
2011-05-10,3.0,CHI,Oreothlypis,ruficapilla,Parulidae,1690,Yes,Forest,Upper
2011-05-10,3.0,CHI,Oreothlypis,ruficapilla,Parulidae,1690,Yes,Forest,Upper
2011-05-10,3.0,CHI,Oreothlypis,ruficapilla,Parulidae,1690,Yes,Forest,Upper
2011-05-10,3.0,CHI,Oreothlypis,ruficapilla,Parulidae,1690,Yes,Forest,Upper
2011-05-10,3.0,CHI,Oreothlypis,ruficapilla,Parulidae,1690,Yes,Forest,Upper
2011-05-10,3.0,CHI,Oreothlypis,ruficapilla,Parulidae,1690,Yes,Forest,Upper
2011-05-10,3.0,CHI,Oreothlypis,ruficapilla,Parulidae,1690,Yes,Forest,Upper
2011-05-10,3.0,CHI,Melospiza,lincolnii,Passerellidae,2029,yes,edge,Lower
2011-05-10,3.0,CHI,Melospiza,lincolnii,Passerellidae,2029,yes,edge,Lower
2011-05-10,3.0,CHI,Geothlypis,trichas,Parulidae,1555,Yes,Open,Lower
2011-05-10,3.0,CHI,Geothlypis,trichas,Parulidae,1555,Yes,Open,Lower
2011-05-10,3.0,CHI,Geothlypis,trichas,Parulidae,1555,Yes,Open,Lower
2011-05-10,3.0,CHI,Pheucticus,ludovicianus,Cardinalidae,397,Yes,Forest,Upper
2011-05-10,3.0,CHI,Seiurus,aurocapilla,Parulidae,4580,Yes,Forest,Lower
2011-05-10,3.0,CHI,Seiurus,aurocapilla,Parulidae,4580,Yes,Forest,Lower
2011-05-10,3.0,CHI,Oreothlypis,peregrina,Parulidae,2515,Yes,Edge,Upper
2011-05-10,3.0,CHI,Pheucticus,ludovicianus,Cardinalidae,397,Yes,Forest,Upper
2011-05-10,3.0,CHI,Oreothlypis,ruficapilla,Parulidae,1690,Yes,Forest,Upper
2011-05-10,3.0,CHI,Setophaga,castanea,Parulidae,287,Yes,Forest,Upper
2011-05-10,3.0,CHI,Zonotrichia,leucophrys,Passerellidae,1090,Yes,Edge,Lower
2011-05-10,3.0,CHI,Catharus,fuscescens,Turdidae,727,Yes,Forest,Lower
2011-05-10,3.0,CHI,Mniotilta,varia,Parulidae,620,Yes,Forest,Upper
2011-05-10,3.0,CHI,Mniotilta,varia,Parulidae,620,Yes,Forest,Upper
2011-05-10,3.0,CHI,Zonotrichia,albicollis,Passerellidae,10133,Yes,Forest,Lower
2011-05-10,3.0,MP,Zonotrichia,albicollis,Passerellidae,10133,Yes,Forest,Lower
2011-05-10,3.0,CHI,Zonotrichia,albicollis,Passerellidae,10133,Yes,Forest,Lower
2011-05-10,3.0,CHI,Setophaga,virens,Parulidae,223,Yes,Forest,Upper
2011-05-10,3.0,CHI,dumetella,carolinensis,Mimidae,599,no,edge,Lower
2011-05-10,3.0,CHI,dumetella,carolinensis,Mimidae,599,no,edge,Lower
2011-05-10,3.0,CHI,dumetella,carolinensis,Mimidae,599,no,edge,Lower
2011-05-11,3.0,CHI,Seiurus,aurocapilla,Parulidae,4580,Yes,Forest,Lower
2011-05-11,3.0,CHI,Seiurus,aurocapilla,Parulidae,4580,Yes,Forest,Lower
2011-05-11,3.0,CHI,Seiurus,aurocapilla,Parulidae,4580,Yes,Forest,Lower
2011-05-11,3.0,CHI,Seiurus,aurocapilla,Parulidae,4580,Yes,Forest,Lower
2011-05-11,3.0,CHI,Seiurus,aurocapilla,Parulidae,4580,Yes,Forest,Lower
2011-05-11,3.0,CHI,Setophaga,pensylvanica,Parulidae,303,Yes,Edge,Upper
2011-05-11,3.0,CHI,Seiurus,aurocapilla,Parulidae,4580,Yes,Forest,Lower
2011-05-11,3.0,CHI,Seiurus,aurocapilla,Parulidae,4580,Yes,Forest,Lower
2011-05-11,3.0,CHI,Seiurus,aurocapilla,Parulidae,4580,Yes,Forest,Lower
2011-05-11,3.0,CHI,Seiurus,aurocapilla,Parulidae,4580,Yes,Forest,Lower
2011-05-11,3.0,CHI,Seiurus,aurocapilla,Parulidae,4580,Yes,Forest,Lower
2011-05-11,3.0,CHI,Seiurus,aurocapilla,Parulidae,4580,Yes,Forest,Lower
2011-05-11,3.0,CHI,Setophaga,pensylvanica,Parulidae,303,Yes,Edge,Upper
2011-05-11,3.0,CHI,Seiurus,aurocapilla,Parulidae,4580,Yes,Forest,Lower
2011-05-11,3.0,CHI,Passerina,cyanea,Cardinalidae,725,yes,edge,Upper
2011-05-11,3.0,CHI,Setophaga,magnolia,Parulidae,1224,yes,forest,Upper
2011-05-11,3.0,CHI,Mniotilta,varia,Parulidae,620,Yes,Forest,Upper
2011-05-11,3.0,CHI,Regulus,satrapa,Regulidae,1029,Yes,Forest,Upper
2011-05-11,3.0,CHI,Oreothlypis,peregrina,Parulidae,2515,Yes,Edge,Upper
2011-05-11,3.0,CHI,Oreothlypis,peregrina,Parulidae,2515,Yes,Edge,Upper
2011-05-11,3.0,CHI,Setophaga,castanea,Parulidae,287,Yes,Forest,Upper
2011-05-11,3.0,CHI,Ammodramus,savannarum,Passerellidae,106,Yes,Open,Lower
2011-05-11,3.0,CHI,Zonotrichia,albicollis,Passerellidae,10133,Yes,Forest,Lower
2011-05-11,3.0,CHI,Zonotrichia,albicollis,Passerellidae,10133,Yes,Forest,Lower
2011-05-11,3.0,CHI,Zonotrichia,albicollis,Passerellidae,10133,Yes,Forest,Lower
2011-05-11,3.0,CHI,Zonotrichia,albicollis,Passerellidae,10133,Yes,Forest,Lower
2011-05-11,3.0,CHI,Zonotrichia,albicollis,Passerellidae,10133,Yes,Forest,Lower
2011-05-11,3.0,CHI,Zonotrichia,albicollis,Passerellidae,10133,Yes,Forest,Lower
2011-05-11,3.0,CHI,Zonotrichia,albicollis,Passerellidae,10133,Yes,Forest,Lower
2011-05-11,3.0,CHI,Zonotrichia,albicollis,Passerellidae,10133,Yes,Forest,Lower
2011-05-11,3.0,CHI,Pheucticus,ludovicianus,Cardinalidae,397,Yes,Forest,Upper
2011-05-11,3.0,CHI,Pheucticus,ludovicianus,Cardinalidae,397,Yes,Forest,Upper
2011-05-11,3.0,CHI,Setophaga,castanea,Parulidae,287,Yes,Forest,Upper
2011-05-11,3.0,CHI,Pheucticus,ludovicianus,Cardinalidae,397,Yes,Forest,Upper
2011-05-11,3.0,CHI,Pheucticus,ludovicianus,Cardinalidae,397,Yes,Forest,Upper
2011-05-11,3.0,CHI,Icterus,galbula,Icteridae,83,Yes,Edge,Upper
2011-05-11,3.0,CHI,Setophaga,petechia,Parulidae,77,Yes,Edge,Upper
2011-05-11,3.0,CHI,Icterus,galbula,Icteridae,83,Yes,Edge,Upper
2011-05-11,3.0,CHI,Icterus,galbula,Icteridae,83,Yes,Edge,Upper
2011-05-11,3.0,CHI,Icterus,galbula,Icteridae,83,Yes,Edge,Upper
2011-05-11,3.0,CHI,Icterus,galbula,Icteridae,83,Yes,Edge,Upper
2011-05-11,3.0,CHI,Icterus,galbula,Icteridae,83,Yes,Edge,Upper
2011-05-11,3.0,CHI,Setophaga,magnolia,Parulidae,1224,yes,forest,Upper
2011-05-11,3.0,CHI,Geothlypis,trichas,Parulidae,1555,Yes,Open,Lower
2011-05-11,3.0,CHI,Seiurus,aurocapilla,Parulidae,4580,Yes,Forest,Lower
2011-05-11,3.0,CHI,Setophaga,fusca,Parulidae,201,Yes,Forest,Upper
2011-05-11,3.0,CHI,Seiurus,aurocapilla,Parulidae,4580,Yes,Forest,Lower
2011-05-11,3.0,CHI,Passerina,cyanea,Cardinalidae,725,yes,edge,Upper
2011-05-11,3.0,CHI,Passerina,cyanea,Cardinalidae,725,yes,edge,Upper
2011-05-11,3.0,CHI,Passerina,cyanea,Cardinalidae,725,yes,edge,Upper
2011-05-11,3.0,CHI,Passerina,cyanea,Cardinalidae,725,yes,edge,Upper
2011-05-11,3.0,CHI,Hylocichla,mustelina,Turdidae,500,Yes,Forest,Lower
2011-05-11,3.0,CHI,Passerina,cyanea,Cardinalidae,725,yes,edge,Upper
2011-05-11,3.0,CHI,Passerina,cyanea,Cardinalidae,725,yes,edge,Upper
2011-05-11,3.0,CHI,Oreothlypis,ruficapilla,Parulidae,1690,Yes,Forest,Upper
2011-05-11,3.0,CHI,Geothlypis,trichas,Parulidae,1555,Yes,Open,Lower
2011-05-11,3.0,CHI,Pipilo,erythrophthalmus,Passerellidae,82,Rare,Edge,Lower
2011-05-11,3.0,CHI,Pipilo,erythrophthalmus,Passerellidae,82,Rare,Edge,Lower
2011-05-11,3.0,CHI,Oreothlypis,ruficapilla,Parulidae,1690,Yes,Forest,Upper
2011-05-11,3.0,CHI,Hylocichla,mustelina,Turdidae,500,Yes,Forest,Lower
2011-05-11,3.0,CHI,Passerina,cyanea,Cardinalidae,725,yes,edge,Upper
2011-05-11,3.0,CHI,Geothlypis,trichas,Parulidae,1555,Yes,Open,Lower
2011-05-11,3.0,CHI,Troglodytes,aedon,Troglodytidae,104,No,Edge,Lower
2011-05-11,3.0,CHI,Oreothlypis,ruficapilla,Parulidae,1690,Yes,Forest,Upper
2011-05-11,3.0,CHI,catharus,ustulatus,Turdidae,2331,Yes,Forest,Lower
2011-05-11,3.0,CHI,Hylocichla,mustelina,Turdidae,500,Yes,Forest,Lower
2011-05-11,3.0,CHI,Hylocichla,mustelina,Turdidae,500,Yes,Forest,Lower
2011-05-11,3.0,CHI,Setophaga,petechia,Parulidae,77,Yes,Edge,Upper
2011-05-11,3.0,CHI,Hylocichla,mustelina,Turdidae,500,Yes,Forest,Lower
2011-05-11,3.0,CHI,Hylocichla,mustelina,Turdidae,500,Yes,Forest,Lower
2011-05-11,3.0,CHI,Zonotrichia,leucophrys,Passerellidae,1090,Yes,Edge,Lower
2011-05-11,3.0,CHI,Geothlypis,trichas,Parulidae,1555,Yes,Open,Lower
2011-05-11,3.0,CHI,Oreothlypis,ruficapilla,Parulidae,1690,Yes,Forest,Upper
2011-05-11,3.0,CHI,dumetella,carolinensis,Mimidae,599,no,edge,Lower
2011-05-11,3.0,CHI,dumetella,carolinensis,Mimidae,599,no,edge,Lower
2011-05-11,3.0,CHI,Setophaga,palmarum,Parulidae,694,Yes,Edge,Lower
2011-05-11,3.0,CHI,Passerina,cyanea,Cardinalidae,725,yes,edge,Upper
2011-05-11,3.0,CHI,Passerina,cyanea,Cardinalidae,725,yes,edge,Upper
2011-05-11,3.0,CHI,Passerina,cyanea,Cardinalidae,725,yes,edge,Upper
2011-05-11,3.0,CHI,Seiurus,aurocapilla,Parulidae,4580,Yes,Forest,Lower
2011-05-11,3.0,CHI,Seiurus,aurocapilla,Parulidae,4580,Yes,Forest,Lower
2011-05-11,3.0,CHI,Seiurus,aurocapilla,Parulidae,4580,Yes,Forest,Lower
2011-05-11,3.0,CHI,Oreothlypis,ruficapilla,Parulidae,1690,Yes,Forest,Upper
2011-05-11,3.0,CHI,setophaga,ruticilla,Parulidae,868,Yes,Edge,Upper
2011-05-11,3.0,CHI,Mniotilta,varia,Parulidae,620,Yes,Forest,Upper
2011-05-11,3.0,CHI,Passerina,cyanea,Cardinalidae,725,yes,edge,Upper
2011-05-11,3.0,CHI,Setophaga,virens,Parulidae,223,Yes,Forest,Upper
2011-05-11,3.0,CHI,Setophaga,caerulescens,Parulidae,183,Yes,Forest,Upper
2011-05-11,3.0,CHI,Mniotilta,varia,Parulidae,620,Yes,Forest,Upper
2011-05-11,3.0,CHI,Hylocichla,mustelina,Turdidae,500,Yes,Forest,Lower
2011-05-11,3.0,CHI,Passerina,cyanea,Cardinalidae,725,yes,edge,Upper
2011-05-11,3.0,CHI,Melospiza,lincolnii,Passerellidae,2029,yes,edge,Lower
2011-05-12,3.0,CHI,catharus,ustulatus,Turdidae,2331,Yes,Forest,Lower
2011-05-12,3.0,CHI,catharus,ustulatus,Turdidae,2331,Yes,Forest,Lower
2011-05-12,3.0,CHI,Geothlypis,trichas,Parulidae,1555,Yes,Open,Lower
2011-05-12,3.0,CHI,catharus,ustulatus,Turdidae,2331,Yes,Forest,Lower
2011-05-12,3.0,CHI,Mniotilta,varia,Parulidae,620,Yes,Forest,Upper
2011-05-12,3.0,CHI,Piranga,olivacea,Cardinalidae,127,Yes,Forest,Upper
2011-05-12,3.0,CHI,Cardellina,canadensis,Parulidae,241,Yes,Forest,Lower
2011-05-12,3.0,CHI,Cardellina,canadensis,Parulidae,241,Yes,Forest,Lower
2011-05-12,3.0,CHI,Mniotilta,varia,Parulidae,620,Yes,Forest,Upper
2011-05-12,3.0,CHI,Mniotilta,varia,Parulidae,620,Yes,Forest,Upper
2011-05-12,3.0,CHI,Mniotilta,varia,Parulidae,620,Yes,Forest,Upper
2011-05-12,3.0,CHI,dumetella,carolinensis,Mimidae,599,no,edge,Lower
2011-05-12,3.0,CHI,dumetella,carolinensis,Mimidae,599,no,edge,Lower
2011-05-12,3.0,CHI,Geothlypis,trichas,Parulidae,1555,Yes,Open,Lower
2011-05-12,3.0,CHI,Mniotilta,varia,Parulidae,620,Yes,Forest,Upper
2011-05-12,3.0,CHI,Zonotrichia,albicollis,Passerellidae,10133,Yes,Forest,Lower
2011-05-12,3.0,CHI,Zonotrichia,albicollis,Passerellidae,10133,Yes,Forest,Lower
2011-05-12,3.0,CHI,Zonotrichia,albicollis,Passerellidae,10133,Yes,Forest,Lower
2011-05-12,3.0,CHI,Zonotrichia,albicollis,Passerellidae,10133,Yes,Forest,Lower
2011-05-12,3.0,CHI,Piranga,olivacea,Cardinalidae,127,Yes,Forest,Upper
2011-05-12,3.0,CHI,Melospiza,lincolnii,Passerellidae,2029,yes,edge,Lower
2011-05-12,3.0,CHI,Melospiza,lincolnii,Passerellidae,2029,yes,edge,Lower
2011-05-12,3.0,CHI,Mniotilta,varia,Parulidae,620,Yes,Forest,Upper
2011-05-12,3.0,CHI,Piranga,olivacea,Cardinalidae,127,Yes,Forest,Upper
2011-05-12,3.0,CHI,catharus,ustulatus,Turdidae,2331,Yes,Forest,Lower
2011-05-12,3.0,CHI,Piranga,olivacea,Cardinalidae,127,Yes,Forest,Upper
2011-05-12,3.0,CHI,Piranga,olivacea,Cardinalidae,127,Yes,Forest,Upper
2011-05-12,3.0,MP,catharus,ustulatus,Turdidae,2331,Yes,Forest,Lower
2011-05-12,3.0,CHI,Melospiza,lincolnii,Passerellidae,2029,yes,edge,Lower
2011-05-12,3.0,CHI,Seiurus,aurocapilla,Parulidae,4580,Yes,Forest,Lower
2011-05-12,3.0,CHI,Pheucticus,ludovicianus,Cardinalidae,397,Yes,Forest,Upper
2011-05-12,3.0,CHI,Passerina,cyanea,Cardinalidae,725,yes,edge,Upper
2011-05-12,3.0,CHI,Passerina,cyanea,Cardinalidae,725,yes,edge,Upper
2011-05-12,3.0,CHI,Passerina,cyanea,Cardinalidae,725,yes,edge,Upper
2011-05-12,3.0,CHI,Passerina,cyanea,Cardinalidae,725,yes,edge,Upper
2011-05-12,3.0,CHI,Passerina,cyanea,Cardinalidae,725,yes,edge,Upper
2011-05-12,3.0,CHI,Passerina,cyanea,Cardinalidae,725,yes,edge,Upper
2011-05-12,3.0,CHI,Setophaga,magnolia,Parulidae,1224,yes,forest,Upper
2011-05-12,3.0,CHI,Passerina,cyanea,Cardinalidae,725,yes,edge,Upper
2011-05-12,3.0,CHI,Passerina,cyanea,Cardinalidae,725,yes,edge,Upper
2011-05-12,3.0,CHI,setophaga,ruticilla,Parulidae,868,Yes,Edge,Upper
2011-05-12,3.0,CHI,Setophaga,magnolia,Parulidae,1224,yes,forest,Upper
2011-05-12,3.0,CHI,Oreothlypis,peregrina,Parulidae,2515,Yes,Edge,Upper
2011-05-12,3.0,CHI,Oreothlypis,peregrina,Parulidae,2515,Yes,Edge,Upper
2011-05-12,3.0,CHI,Setophaga,magnolia,Parulidae,1224,yes,forest,Upper
2011-05-12,3.0,CHI,Oreothlypis,peregrina,Parulidae,2515,Yes,Edge,Upper
2011-05-12,3.0,CHI,Oreothlypis,peregrina,Parulidae,2515,Yes,Edge,Upper
2011-05-12,3.0,CHI,Oreothlypis,peregrina,Parulidae,2515,Yes,Edge,Upper
2011-05-12,3.0,CHI,Setophaga,pensylvanica,Parulidae,303,Yes,Edge,Upper
2011-05-12,3.0,CHI,Setophaga,virens,Parulidae,223,Yes,Forest,Upper
2011-05-12,3.0,CHI,Mniotilta,varia,Parulidae,620,Yes,Forest,Upper
2011-05-12,3.0,CHI,Seiurus,aurocapilla,Parulidae,4580,Yes,Forest,Lower
2011-05-12,3.0,CHI,Seiurus,aurocapilla,Parulidae,4580,Yes,Forest,Lower
2011-05-12,3.0,CHI,Seiurus,aurocapilla,Parulidae,4580,Yes,Forest,Lower
2011-05-12,3.0,CHI,Seiurus,aurocapilla,Parulidae,4580,Yes,Forest,Lower
2011-05-12,3.0,CHI,Pheucticus,ludovicianus,Cardinalidae,397,Yes,Forest,Upper
2011-05-12,3.0,CHI,Seiurus,aurocapilla,Parulidae,4580,Yes,Forest,Lower
2011-05-12,3.0,CHI,Seiurus,aurocapilla,Parulidae,4580,Yes,Forest,Lower
2011-05-12,3.0,CHI,Seiurus,aurocapilla,Parulidae,4580,Yes,Forest,Lower
2011-05-12,3.0,CHI,Seiurus,aurocapilla,Parulidae,4580,Yes,Forest,Lower
2011-05-12,3.0,CHI,Seiurus,aurocapilla,Parulidae,4580,Yes,Forest,Lower
2011-05-12,3.0,MP,Seiurus,aurocapilla,Parulidae,4580,Yes,Forest,Lower
2011-05-12,3.0,CHI,Catharus,fuscescens,Turdidae,727,Yes,Forest,Lower
2011-05-12,3.0,CHI,Catharus,fuscescens,Turdidae,727,Yes,Forest,Lower
2011-05-12,3.0,CHI,Pheucticus,ludovicianus,Cardinalidae,397,Yes,Forest,Upper
2011-05-12,3.0,CHI,Setophaga,americana,Parulidae,59,Yes,Forest,Upper
2011-05-12,3.0,CHI,Seiurus,aurocapilla,Parulidae,4580,Yes,Forest,Lower
2011-05-12,3.0,CHI,Catharus,minimus,Turdidae,822,Yes,Forest,Lower
2011-05-13,3.0,CHI,Seiurus,aurocapilla,Parulidae,4580,Yes,Forest,Lower
2011-05-13,3.0,CHI,Parkesia,noveboracensis,Parulidae,916,Yes,Forest,Lower
2011-05-13,3.0,CHI,Seiurus,aurocapilla,Parulidae,4580,Yes,Forest,Lower
2011-05-13,3.0,CHI,Seiurus,aurocapilla,Parulidae,4580,Yes,Forest,Lower
2011-05-13,3.0,CHI,Seiurus,aurocapilla,Parulidae,4580,Yes,Forest,Lower
2011-05-13,3.0,CHI,Catharus,minimus,Turdidae,822,Yes,Forest,Lower
2011-05-13,3.0,CHI,Seiurus,aurocapilla,Parulidae,4580,Yes,Forest,Lower
2011-05-13,3.0,CHI,Ammodramus,savannarum,Passerellidae,106,Yes,Open,Lower
2011-05-13,3.0,CHI,Cardellina,canadensis,Parulidae,241,Yes,Forest,Lower
2011-05-13,3.0,CHI,Mniotilta,varia,Parulidae,620,Yes,Forest,Upper
2011-05-13,3.0,CHI,Catharus,minimus,Turdidae,822,Yes,Forest,Lower
2011-05-13,3.0,CHI,Catharus,fuscescens,Turdidae,727,Yes,Forest,Lower
2011-05-13,3.0,CHI,Setophaga,americana,Parulidae,59,Yes,Forest,Upper
2011-05-13,3.0,CHI,Passerina,cyanea,Cardinalidae,725,yes,edge,Upper
2011-05-13,3.0,CHI,Setophaga,pensylvanica,Parulidae,303,Yes,Edge,Upper
2011-05-13,3.0,CHI,Seiurus,aurocapilla,Parulidae,4580,Yes,Forest,Lower
2011-05-13,3.0,MP,Seiurus,aurocapilla,Parulidae,4580,Yes,Forest,Lower
2011-05-13,3.0,CHI,Parkesia,noveboracensis,Parulidae,916,Yes,Forest,Lower
2011-05-13,3.0,CHI,Seiurus,aurocapilla,Parulidae,4580,Yes,Forest,Lower
2011-05-13,3.0,CHI,dumetella,carolinensis,Mimidae,599,no,edge,Lower
2011-05-13,3.0,CHI,Oreothlypis,peregrina,Parulidae,2515,Yes,Edge,Upper
2011-05-13,3.0,CHI,Icterus,galbula,Icteridae,83,Yes,Edge,Upper
2011-05-13,3.0,CHI,Hylocichla,mustelina,Turdidae,500,Yes,Forest,Lower
2011-05-13,3.0,CHI,Hylocichla,mustelina,Turdidae,500,Yes,Forest,Lower
2011-05-13,3.0,CHI,Piranga,olivacea,Cardinalidae,127,Yes,Forest,Upper
2011-05-13,3.0,CHI,Vireo,olivaceus,Vireonidae,133,No,Forest,Upper
2011-05-13,3.0,CHI,dumetella,carolinensis,Mimidae,599,no,edge,Lower
2011-05-13,3.0,CHI,Geothlypis,trichas,Parulidae,1555,Yes,Open,Lower
2011-05-13,3.0,CHI,Pheucticus,ludovicianus,Cardinalidae,397,Yes,Forest,Upper
2011-05-13,3.0,CHI,Pheucticus,ludovicianus,Cardinalidae,397,Yes,Forest,Upper
2011-05-13,3.0,CHI,Oreothlypis,ruficapilla,Parulidae,1690,Yes,Forest,Upper
2011-05-13,3.0,CHI,Oreothlypis,ruficapilla,Parulidae,1690,Yes,Forest,Upper
2011-05-13,3.0,CHI,catharus,ustulatus,Turdidae,2331,Yes,Forest,Lower
2011-05-13,3.0,CHI,dumetella,carolinensis,Mimidae,599,no,edge,Lower
2011-05-13,3.0,CHI,Zonotrichia,leucophrys,Passerellidae,1090,Yes,Edge,Lower
2011-05-13,3.0,CHI,Oreothlypis,peregrina,Parulidae,2515,Yes,Edge,Upper
2011-05-13,3.0,CHI,setophaga,ruticilla,Parulidae,868,Yes,Edge,Upper
2011-05-14,8.0,CHI,Setophaga,americana,Parulidae,59,Yes,Forest,Upper
2011-05-14,8.0,CHI,Setophaga,americana,Parulidae,59,Yes,Forest,Upper
2011-05-14,8.0,CHI,Geothlypis,trichas,Parulidae,1555,Yes,Open,Lower
2011-05-14,8.0,CHI,Seiurus,aurocapilla,Parulidae,4580,Yes,Forest,Lower
2011-05-14,8.0,CHI,Seiurus,aurocapilla,Parulidae,4580,Yes,Forest,Lower
2011-05-14,8.0,CHI,Oreothlypis,peregrina,Parulidae,2515,Yes,Edge,Upper
2011-05-14,8.0,CHI,Setophaga,magnolia,Parulidae,1224,yes,forest,Upper
2011-05-14,8.0,CHI,Zonotrichia,albicollis,Passerellidae,10133,Yes,Forest,Lower
2011-05-14,8.0,CHI,Cardellina,canadensis,Parulidae,241,Yes,Forest,Lower
2011-05-15,13.0,CHI,Catharus,minimus,Turdidae,822,Yes,Forest,Lower
2011-05-15,13.0,CHI,Setophaga,americana,Parulidae,59,Yes,Forest,Upper
2011-05-15,13.0,CHI,Passerina,cyanea,Cardinalidae,725,yes,edge,Upper
2011-05-15,13.0,CHI,Seiurus,aurocapilla,Parulidae,4580,Yes,Forest,Lower
2011-05-15,13.0,CHI,Geothlypis,trichas,Parulidae,1555,Yes,Open,Lower
2011-05-15,13.0,CHI,Geothlypis,trichas,Parulidae,1555,Yes,Open,Lower
2011-05-15,13.0,CHI,Contopus,virens,Tyrannidae,70,No,Forest,Upper
2011-05-15,13.0,CHI,dumetella,carolinensis,Mimidae,599,no,edge,Lower
2011-05-15,13.0,CHI,Catharus,minimus,Turdidae,822,Yes,Forest,Lower
2011-05-16,9.0,CHI,Geothlypis,trichas,Parulidae,1555,Yes,Open,Lower
2011-05-16,9.0,CHI,Geothlypis,trichas,Parulidae,1555,Yes,Open,Lower
2011-05-16,9.0,CHI,Pipilo,erythrophthalmus,Passerellidae,82,Rare,Edge,Lower
2011-05-16,9.0,CHI,Seiurus,aurocapilla,Parulidae,4580,Yes,Forest,Lower
2011-05-16,9.0,CHI,Setophaga,pensylvanica,Parulidae,303,Yes,Edge,Upper
2011-05-16,9.0,CHI,Oreothlypis,ruficapilla,Parulidae,1690,Yes,Forest,Upper
2011-05-16,9.0,CHI,Setophaga,pensylvanica,Parulidae,303,Yes,Edge,Upper
2011-05-16,9.0,CHI,Cardellina,canadensis,Parulidae,241,Yes,Forest,Lower
2011-05-16,9.0,CHI,Parkesia,noveboracensis,Parulidae,916,Yes,Forest,Lower
2011-05-17,3.0,CHI,dumetella,carolinensis,Mimidae,599,no,edge,Lower
2011-05-17,3.0,CHI,Geothlypis,trichas,Parulidae,1555,Yes,Open,Lower
2011-05-17,3.0,CHI,Seiurus,aurocapilla,Parulidae,4580,Yes,Forest,Lower
2011-05-18,5.0,CHI,Seiurus,aurocapilla,Parulidae,4580,Yes,Forest,Lower
2011-05-18,5.0,CHI,Oreothlypis,peregrina,Parulidae,2515,Yes,Edge,Upper
2011-08-17,4.0,CHI,Icterus,spurius,Icteridae,6,Yes,Edge,Upper
2011-08-21,8.0,CHI,Parkesia,noveboracensis,Parulidae,916,Yes,Forest,Lower
2011-08-21,8.0,CHI,Oreothlypis,peregrina,Parulidae,2515,Yes,Edge,Upper
2011-08-21,8.0,CHI,geothlypis,philadelphia,Parulidae,430,Yes,Edge,Lower
2011-08-22,3.0,CHI,Parkesia,noveboracensis,Parulidae,916,Yes,Forest,Lower
2011-08-22,3.0,CHI,Parkesia,noveboracensis,Parulidae,916,Yes,Forest,Lower
2011-08-22,3.0,CHI,Oreothlypis,peregrina,Parulidae,2515,Yes,Edge,Upper
2011-08-22,3.0,CHI,Setophaga,magnolia,Parulidae,1224,yes,forest,Upper
2011-08-23,3.0,CHI,Setophaga,fusca,Parulidae,201,Yes,Forest,Upper
2011-08-23,3.0,CHI,Seiurus,aurocapilla,Parulidae,4580,Yes,Forest,Lower
2011-08-23,3.0,CHI,Setophaga,magnolia,Parulidae,1224,yes,forest,Upper
2011-08-23,3.0,CHI,Parkesia,noveboracensis,Parulidae,916,Yes,Forest,Lower
2011-08-24,3.0,CHI,Oreothlypis,peregrina,Parulidae,2515,Yes,Edge,Upper
2011-08-25,3.0,CHI,catharus,ustulatus,Turdidae,2331,Yes,Forest,Lower
2011-08-25,3.0,CHI,catharus,ustulatus,Turdidae,2331,Yes,Forest,Lower
2011-08-25,3.0,CHI,catharus,ustulatus,Turdidae,2331,Yes,Forest,Lower
2011-08-25,3.0,CHI,Parkesia,noveboracensis,Parulidae,916,Yes,Forest,Lower
2011-08-25,3.0,CHI,Setophaga,striata,Parulidae,787,Yes,Forest,Upper
2011-08-25,3.0,CHI,Oreothlypis,peregrina,Parulidae,2515,Yes,Edge,Upper
2011-08-25,3.0,CHI,Setophaga,magnolia,Parulidae,1224,yes,forest,Upper
2011-08-25,3.0,CHI,Oreothlypis,peregrina,Parulidae,2515,Yes,Edge,Upper
2011-08-25,3.0,CHI,Oreothlypis,peregrina,Parulidae,2515,Yes,Edge,Upper
2011-08-25,3.0,CHI,Oreothlypis,peregrina,Parulidae,2515,Yes,Edge,Upper
2011-08-25,3.0,CHI,Oreothlypis,peregrina,Parulidae,2515,Yes,Edge,Upper
2011-08-25,3.0,CHI,Oreothlypis,peregrina,Parulidae,2515,Yes,Edge,Upper
2011-08-25,3.0,CHI,Oreothlypis,peregrina,Parulidae,2515,Yes,Edge,Upper
2011-08-25,3.0,CHI,Catharus,fuscescens,Turdidae,727,Yes,Forest,Lower
2011-08-25,3.0,CHI,setophaga,ruticilla,Parulidae,868,Yes,Edge,Upper
2011-08-25,3.0,CHI,Setophaga,striata,Parulidae,787,Yes,Forest,Upper
2011-08-25,3.0,CHI,Seiurus,aurocapilla,Parulidae,4580,Yes,Forest,Lower
2011-08-25,3.0,CHI,Seiurus,aurocapilla,Parulidae,4580,Yes,Forest,Lower
2011-08-27,3.0,CHI,geothlypis,philadelphia,Parulidae,430,Yes,Edge,Lower
2011-08-27,3.0,CHI,Seiurus,aurocapilla,Parulidae,4580,Yes,Forest,Lower
2011-08-27,3.0,CHI,Seiurus,aurocapilla,Parulidae,4580,Yes,Forest,Lower
2011-08-27,3.0,CHI,catharus,ustulatus,Turdidae,2331,Yes,Forest,Lower
2011-08-27,3.0,CHI,Setophaga,fusca,Parulidae,201,Yes,Forest,Upper
2011-08-27,3.0,CHI,catharus,ustulatus,Turdidae,2331,Yes,Forest,Lower
2011-08-28,3.0,CHI,Setophaga,magnolia,Parulidae,1224,yes,forest,Upper
2011-08-28,3.0,CHI,Setophaga,magnolia,Parulidae,1224,yes,forest,Upper
2011-08-28,3.0,CHI,Oreothlypis,peregrina,Parulidae,2515,Yes,Edge,Upper
2011-08-28,3.0,CHI,catharus,ustulatus,Turdidae,2331,Yes,Forest,Lower
2011-08-29,3.0,CHI,Setophaga,magnolia,Parulidae,1224,yes,forest,Upper
2011-08-29,3.0,CHI,Oreothlypis,peregrina,Parulidae,2515,Yes,Edge,Upper
2011-08-29,3.0,CHI,Cardellina,canadensis,Parulidae,241,Yes,Forest,Lower
2011-08-29,3.0,CHI,Parkesia,noveboracensis,Parulidae,916,Yes,Forest,Lower
2011-08-29,3.0,CHI,Parkesia,noveboracensis,Parulidae,916,Yes,Forest,Lower
2011-08-29,3.0,CHI,Seiurus,aurocapilla,Parulidae,4580,Yes,Forest,Lower
2011-08-29,3.0,CHI,Setophaga,striata,Parulidae,787,Yes,Forest,Upper
2011-08-29,3.0,CHI,geothlypis,philadelphia,Parulidae,430,Yes,Edge,Lower
2011-08-29,3.0,CHI,catharus,ustulatus,Turdidae,2331,Yes,Forest,Lower
2011-08-29,3.0,CHI,catharus,ustulatus,Turdidae,2331,Yes,Forest,Lower
2011-08-29,3.0,CHI,Setophaga,virens,Parulidae,223,Yes,Forest,Upper
2011-08-30,14.0,CHI,Oreothlypis,peregrina,Parulidae,2515,Yes,Edge,Upper
2011-09-01,3.0,CHI,Oreothlypis,peregrina,Parulidae,2515,Yes,Edge,Upper
2011-09-01,3.0,CHI,Oreothlypis,peregrina,Parulidae,2515,Yes,Edge,Upper
2011-09-01,3.0,CHI,catharus,ustulatus,Turdidae,2331,Yes,Forest,Lower
2011-09-01,3.0,CHI,Empidonax,minimus,Tyrannidae,96,No,Edge,Upper
2011-09-01,3.0,CHI,Setophaga,magnolia,Parulidae,1224,yes,forest,Upper
2011-09-01,3.0,CHI,catharus,ustulatus,Turdidae,2331,Yes,Forest,Lower
2011-09-01,3.0,CHI,Oreothlypis,peregrina,Parulidae,2515,Yes,Edge,Upper
2011-09-02,3.0,CHI,Seiurus,aurocapilla,Parulidae,4580,Yes,Forest,Lower
2011-09-02,3.0,CHI,Setophaga,fusca,Parulidae,201,Yes,Forest,Upper
2011-09-02,3.0,CHI,Ammodramus,savannarum,Passerellidae,106,Yes,Open,Lower
2011-09-02,3.0,CHI,Mniotilta,varia,Parulidae,620,Yes,Forest,Upper
2011-09-03,3.0,CHI,catharus,ustulatus,Turdidae,2331,Yes,Forest,Lower
2011-09-03,3.0,CHI,Oreothlypis,peregrina,Parulidae,2515,Yes,Edge,Upper
2011-09-03,3.0,CHI,setophaga,ruticilla,Parulidae,868,Yes,Edge,Upper
2011-09-03,3.0,CHI,Oreothlypis,peregrina,Parulidae,2515,Yes,Edge,Upper
2011-09-03,3.0,CHI,catharus,ustulatus,Turdidae,2331,Yes,Forest,Lower
2011-09-03,3.0,CHI,Seiurus,aurocapilla,Parulidae,4580,Yes,Forest,Lower
2011-09-03,3.0,CHI,Setophaga,magnolia,Parulidae,1224,yes,forest,Upper
2011-09-03,3.0,CHI,Setophaga,magnolia,Parulidae,1224,yes,forest,Upper
2011-09-03,3.0,CHI,Oreothlypis,peregrina,Parulidae,2515,Yes,Edge,Upper
2011-09-03,3.0,CHI,Oreothlypis,peregrina,Parulidae,2515,Yes,Edge,Upper
2011-09-03,3.0,CHI,Setophaga,striata,Parulidae,787,Yes,Forest,Upper
2011-09-03,3.0,CHI,catharus,ustulatus,Turdidae,2331,Yes,Forest,Lower
2011-09-03,3.0,CHI,catharus,ustulatus,Turdidae,2331,Yes,Forest,Lower
2011-09-03,3.0,CHI,Setophaga,magnolia,Parulidae,1224,yes,forest,Upper
2011-09-03,3.0,CHI,Parkesia,noveboracensis,Parulidae,916,Yes,Forest,Lower
2011-09-03,3.0,CHI,Parkesia,noveboracensis,Parulidae,916,Yes,Forest,Lower
2011-09-03,3.0,CHI,Setophaga,caerulescens,Parulidae,183,Yes,Forest,Upper
2011-09-03,3.0,CHI,Oreothlypis,peregrina,Parulidae,2515,Yes,Edge,Upper
2011-09-03,3.0,CHI,Oreothlypis,peregrina,Parulidae,2515,Yes,Edge,Upper
2011-09-04,3.0,CHI,Oreothlypis,peregrina,Parulidae,2515,Yes,Edge,Upper
2011-09-04,3.0,CHI,catharus,ustulatus,Turdidae,2331,Yes,Forest,Lower
2011-09-04,3.0,CHI,Seiurus,aurocapilla,Parulidae,4580,Yes,Forest,Lower
2011-09-04,3.0,CHI,Seiurus,aurocapilla,Parulidae,4580,Yes,Forest,Lower
2011-09-04,3.0,CHI,catharus,ustulatus,Turdidae,2331,Yes,Forest,Lower
2011-09-04,3.0,CHI,Seiurus,aurocapilla,Parulidae,4580,Yes,Forest,Lower
2011-09-04,3.0,CHI,Catharus,fuscescens,Turdidae,727,Yes,Forest,Lower
2011-09-04,3.0,CHI,Seiurus,aurocapilla,Parulidae,4580,Yes,Forest,Lower
2011-09-04,3.0,CHI,Setophaga,striata,Parulidae,787,Yes,Forest,Upper
2011-09-04,3.0,CHI,Catharus,fuscescens,Turdidae,727,Yes,Forest,Lower
2011-09-04,3.0,CHI,Oreothlypis,peregrina,Parulidae,2515,Yes,Edge,Upper
2011-09-04,3.0,CHI,catharus,ustulatus,Turdidae,2331,Yes,Forest,Lower
2011-09-04,3.0,CHI,Setophaga,magnolia,Parulidae,1224,yes,forest,Upper
2011-09-04,3.0,CHI,Setophaga,caerulescens,Parulidae,183,Yes,Forest,Upper
2011-09-04,3.0,CHI,Setophaga,magnolia,Parulidae,1224,yes,forest,Upper
2011-09-04,3.0,CHI,Setophaga,magnolia,Parulidae,1224,yes,forest,Upper
2011-09-04,3.0,CHI,Catharus,fuscescens,Turdidae,727,Yes,Forest,Lower
2011-09-04,3.0,CHI,Oreothlypis,peregrina,Parulidae,2515,Yes,Edge,Upper
2011-09-04,3.0,CHI,Oreothlypis,peregrina,Parulidae,2515,Yes,Edge,Upper
2011-09-04,3.0,CHI,Setophaga,magnolia,Parulidae,1224,yes,forest,Upper
2011-09-04,3.0,MP,Catharus,fuscescens,Turdidae,727,Yes,Forest,Lower
2011-09-04,3.0,CHI,Catharus,fuscescens,Turdidae,727,Yes,Forest,Lower
2011-09-04,3.0,CHI,Catharus,fuscescens,Turdidae,727,Yes,Forest,Lower
2011-09-04,3.0,CHI,Catharus,fuscescens,Turdidae,727,Yes,Forest,Lower
2011-09-04,3.0,CHI,Oreothlypis,peregrina,Parulidae,2515,Yes,Edge,Upper
2011-09-04,3.0,CHI,catharus,ustulatus,Turdidae,2331,Yes,Forest,Lower
2011-09-04,3.0,CHI,Oreothlypis,peregrina,Parulidae,2515,Yes,Edge,Upper
2011-09-04,3.0,CHI,catharus,ustulatus,Turdidae,2331,Yes,Forest,Lower
2011-09-04,3.0,CHI,catharus,ustulatus,Turdidae,2331,Yes,Forest,Lower
2011-09-04,3.0,CHI,Setophaga,fusca,Parulidae,201,Yes,Forest,Upper
2011-09-04,3.0,CHI,catharus,ustulatus,Turdidae,2331,Yes,Forest,Lower
2011-09-04,3.0,CHI,Parkesia,noveboracensis,Parulidae,916,Yes,Forest,Lower
2011-09-04,3.0,CHI,Parkesia,noveboracensis,Parulidae,916,Yes,Forest,Lower
2011-09-04,3.0,CHI,catharus,ustulatus,Turdidae,2331,Yes,Forest,Lower
2011-09-04,3.0,CHI,catharus,ustulatus,Turdidae,2331,Yes,Forest,Lower
2011-09-04,3.0,CHI,catharus,ustulatus,Turdidae,2331,Yes,Forest,Lower
2011-09-04,3.0,CHI,catharus,ustulatus,Turdidae,2331,Yes,Forest,Lower
2011-09-04,3.0,CHI,catharus,ustulatus,Turdidae,2331,Yes,Forest,Lower
2011-09-04,3.0,CHI,catharus,ustulatus,Turdidae,2331,Yes,Forest,Lower
2011-09-04,3.0,CHI,Catharus,minimus,Turdidae,822,Yes,Forest,Lower
2011-09-04,3.0,CHI,Catharus,minimus,Turdidae,822,Yes,Forest,Lower
2011-09-04,3.0,CHI,catharus,ustulatus,Turdidae,2331,Yes,Forest,Lower
2011-09-04,3.0,CHI,catharus,ustulatus,Turdidae,2331,Yes,Forest,Lower
2011-09-04,3.0,CHI,catharus,ustulatus,Turdidae,2331,Yes,Forest,Lower
2011-09-04,3.0,CHI,catharus,ustulatus,Turdidae,2331,Yes,Forest,Lower
2011-09-04,3.0,CHI,catharus,ustulatus,Turdidae,2331,Yes,Forest,Lower
2011-09-04,3.0,CHI,Setophaga,fusca,Parulidae,201,Yes,Forest,Upper
2011-09-04,3.0,CHI,catharus,ustulatus,Turdidae,2331,Yes,Forest,Lower
2011-09-04,3.0,CHI,catharus,ustulatus,Turdidae,2331,Yes,Forest,Lower
2011-09-04,3.0,CHI,Seiurus,aurocapilla,Parulidae,4580,Yes,Forest,Lower
2011-09-04,3.0,CHI,Seiurus,aurocapilla,Parulidae,4580,Yes,Forest,Lower
2011-09-04,3.0,CHI,catharus,ustulatus,Turdidae,2331,Yes,Forest,Lower
2011-09-04,3.0,CHI,catharus,ustulatus,Turdidae,2331,Yes,Forest,Lower
2011-09-04,3.0,CHI,catharus,ustulatus,Turdidae,2331,Yes,Forest,Lower
2011-09-04,3.0,CHI,catharus,ustulatus,Turdidae,2331,Yes,Forest,Lower
2011-09-04,3.0,CHI,Oreothlypis,peregrina,Parulidae,2515,Yes,Edge,Upper
2011-09-04,3.0,CHI,catharus,ustulatus,Turdidae,2331,Yes,Forest,Lower
2011-09-04,3.0,CHI,Oreothlypis,peregrina,Parulidae,2515,Yes,Edge,Upper
2011-09-04,3.0,CHI,Catharus,minimus,Turdidae,822,Yes,Forest,Lower
2011-09-04,3.0,CHI,setophaga,ruticilla,Parulidae,868,Yes,Edge,Upper
2011-09-04,3.0,CHI,Oreothlypis,peregrina,Parulidae,2515,Yes,Edge,Upper
2011-09-04,3.0,CHI,Oreothlypis,peregrina,Parulidae,2515,Yes,Edge,Upper
2011-09-04,3.0,CHI,catharus,ustulatus,Turdidae,2331,Yes,Forest,Lower
2011-09-04,3.0,CHI,Catharus,minimus,Turdidae,822,Yes,Forest,Lower
2011-09-04,3.0,CHI,catharus,ustulatus,Turdidae,2331,Yes,Forest,Lower
2011-09-04,3.0,CHI,Oreothlypis,peregrina,Parulidae,2515,Yes,Edge,Upper
2011-09-04,3.0,CHI,catharus,ustulatus,Turdidae,2331,Yes,Forest,Lower
2011-09-04,3.0,CHI,Oreothlypis,peregrina,Parulidae,2515,Yes,Edge,Upper
2011-09-04,3.0,CHI,catharus,ustulatus,Turdidae,2331,Yes,Forest,Lower
2011-09-04,3.0,CHI,Setophaga,striata,Parulidae,787,Yes,Forest,Upper
2011-09-04,3.0,CHI,Setophaga,striata,Parulidae,787,Yes,Forest,Upper
2011-09-04,3.0,CHI,Setophaga,striata,Parulidae,787,Yes,Forest,Upper
2011-09-04,3.0,CHI,Cardellina,pusilla,Parulidae,185,Yes,Edge,Lower
2011-09-04,3.0,CHI,Mniotilta,varia,Parulidae,620,Yes,Forest,Upper
2011-09-04,3.0,CHI,Mniotilta,varia,Parulidae,620,Yes,Forest,Upper
2011-09-04,3.0,CHI,Cardellina,canadensis,Parulidae,241,Yes,Forest,Lower
2011-09-04,3.0,CHI,Oporornis,agilis,Parulidae,365,Yes,Forest,Lower
2011-09-04,3.0,CHI,Oporornis,agilis,Parulidae,365,Yes,Forest,Lower
2011-09-04,3.0,CHI,catharus,ustulatus,Turdidae,2331,Yes,Forest,Lower
2011-09-04,3.0,CHI,catharus,ustulatus,Turdidae,2331,Yes,Forest,Lower
2011-09-04,3.0,CHI,catharus,ustulatus,Turdidae,2331,Yes,Forest,Lower
2011-09-05,3.0,CHI,catharus,ustulatus,Turdidae,2331,Yes,Forest,Lower
2011-09-05,3.0,CHI,catharus,ustulatus,Turdidae,2331,Yes,Forest,Lower
2011-09-05,3.0,CHI,Setophaga,palmarum,Parulidae,694,Yes,Edge,Lower
2011-09-05,3.0,CHI,geothlypis,philadelphia,Parulidae,430,Yes,Edge,Lower
2011-09-05,3.0,CHI,Vireo,olivaceus,Vireonidae,133,No,Forest,Upper
2011-09-05,3.0,CHI,catharus,ustulatus,Turdidae,2331,Yes,Forest,Lower
2011-09-05,3.0,CHI,catharus,ustulatus,Turdidae,2331,Yes,Forest,Lower
2011-09-05,3.0,MP,Melospiza,lincolnii,Passerellidae,2029,yes,edge,Lower
2011-09-05,3.0,CHI,Setophaga,magnolia,Parulidae,1224,yes,forest,Upper
2011-09-05,3.0,CHI,Setophaga,magnolia,Parulidae,1224,yes,forest,Upper
2011-09-05,3.0,MP,Setophaga,striata,Parulidae,787,Yes,Forest,Upper
2011-09-05,3.0,CHI,Setophaga,striata,Parulidae,787,Yes,Forest,Upper
2011-09-05,3.0,CHI,Catharus,minimus,Turdidae,822,Yes,Forest,Lower
2011-09-05,3.0,CHI,Oreothlypis,ruficapilla,Parulidae,1690,Yes,Forest,Upper
2011-09-05,3.0,CHI,Seiurus,aurocapilla,Parulidae,4580,Yes,Forest,Lower
2011-09-05,3.0,CHI,Seiurus,aurocapilla,Parulidae,4580,Yes,Forest,Lower
2011-09-05,3.0,CHI,Seiurus,aurocapilla,Parulidae,4580,Yes,Forest,Lower
2011-09-05,3.0,CHI,Seiurus,aurocapilla,Parulidae,4580,Yes,Forest,Lower
2011-09-05,3.0,CHI,Seiurus,aurocapilla,Parulidae,4580,Yes,Forest,Lower
2011-09-05,3.0,CHI,Oreothlypis,ruficapilla,Parulidae,1690,Yes,Forest,Upper
2011-09-05,3.0,CHI,Oreothlypis,ruficapilla,Parulidae,1690,Yes,Forest,Upper
2011-09-05,3.0,CHI,Setophaga,caerulescens,Parulidae,183,Yes,Forest,Upper
2011-09-05,3.0,CHI,Catharus,fuscescens,Turdidae,727,Yes,Forest,Lower
2011-09-05,3.0,CHI,catharus,ustulatus,Turdidae,2331,Yes,Forest,Lower
2011-09-05,3.0,CHI,geothlypis,philadelphia,Parulidae,430,Yes,Edge,Lower
2011-09-05,3.0,CHI,catharus,ustulatus,Turdidae,2331,Yes,Forest,Lower
2011-09-05,3.0,CHI,Oreothlypis,peregrina,Parulidae,2515,Yes,Edge,Upper
2011-09-05,3.0,CHI,setophaga,ruticilla,Parulidae,868,Yes,Edge,Upper
2011-09-05,3.0,CHI,Oreothlypis,peregrina,Parulidae,2515,Yes,Edge,Upper
2011-09-05,3.0,CHI,Oreothlypis,peregrina,Parulidae,2515,Yes,Edge,Upper
2011-09-05,3.0,CHI,Oreothlypis,peregrina,Parulidae,2515,Yes,Edge,Upper
2011-09-05,3.0,CHI,Oreothlypis,peregrina,Parulidae,2515,Yes,Edge,Upper
2011-09-05,3.0,CHI,Cardellina,pusilla,Parulidae,185,Yes,Edge,Lower
2011-09-05,3.0,CHI,Oporornis,agilis,Parulidae,365,Yes,Forest,Lower
2011-09-05,3.0,MP,Oporornis,agilis,Parulidae,365,Yes,Forest,Lower
2011-09-05,3.0,CHI,Empidonax,minimus,Tyrannidae,96,No,Edge,Upper
2011-09-05,3.0,CHI,catharus,ustulatus,Turdidae,2331,Yes,Forest,Lower
2011-09-05,3.0,CHI,catharus,ustulatus,Turdidae,2331,Yes,Forest,Lower
2011-09-06,3.0,CHI,Toxostoma,rufum,Mimidae,166,No,Edge,Lower
2011-09-06,3.0,CHI,Oreothlypis,peregrina,Parulidae,2515,Yes,Edge,Upper
2011-09-06,3.0,CHI,catharus,ustulatus,Turdidae,2331,Yes,Forest,Lower
2011-09-06,3.0,CHI,Oreothlypis,peregrina,Parulidae,2515,Yes,Edge,Upper
2011-09-06,3.0,CHI,Setophaga,caerulescens,Parulidae,183,Yes,Forest,Upper
2011-09-06,3.0,CHI,catharus,ustulatus,Turdidae,2331,Yes,Forest,Lower
2011-09-06,3.0,CHI,Seiurus,aurocapilla,Parulidae,4580,Yes,Forest,Lower
2011-09-06,3.0,CHI,Seiurus,aurocapilla,Parulidae,4580,Yes,Forest,Lower
2011-09-06,3.0,CHI,Parkesia,noveboracensis,Parulidae,916,Yes,Forest,Lower
2011-09-06,3.0,CHI,catharus,ustulatus,Turdidae,2331,Yes,Forest,Lower
2011-09-06,3.0,CHI,Oreothlypis,ruficapilla,Parulidae,1690,Yes,Forest,Upper
2011-09-06,3.0,CHI,Oreothlypis,ruficapilla,Parulidae,1690,Yes,Forest,Upper
2011-09-06,3.0,CHI,Parkesia,noveboracensis,Parulidae,916,Yes,Forest,Lower
2011-09-06,3.0,CHI,Setophaga,magnolia,Parulidae,1224,yes,forest,Upper
2011-09-07,3.0,CHI,Oreothlypis,ruficapilla,Parulidae,1690,Yes,Forest,Upper
2011-09-07,3.0,CHI,catharus,ustulatus,Turdidae,2331,Yes,Forest,Lower
2011-09-07,3.0,CHI,Oporornis,agilis,Parulidae,365,Yes,Forest,Lower
2011-09-07,3.0,CHI,Geothlypis,trichas,Parulidae,1555,Yes,Open,Lower
2011-09-07,3.0,CHI,Oreothlypis,ruficapilla,Parulidae,1690,Yes,Forest,Upper
2011-09-07,3.0,CHI,Setophaga,castanea,Parulidae,287,Yes,Forest,Upper
2011-09-07,3.0,CHI,Oreothlypis,ruficapilla,Parulidae,1690,Yes,Forest,Upper
2011-09-07,3.0,CHI,Melospiza,lincolnii,Passerellidae,2029,yes,edge,Lower
2011-09-08,3.0,CHI,geothlypis,philadelphia,Parulidae,430,Yes,Edge,Lower
2011-09-08,3.0,CHI,Setophaga,striata,Parulidae,787,Yes,Forest,Upper
2011-09-08,3.0,CHI,catharus,ustulatus,Turdidae,2331,Yes,Forest,Lower
2011-09-08,3.0,CHI,geothlypis,philadelphia,Parulidae,430,Yes,Edge,Lower
2011-09-08,3.0,CHI,geothlypis,philadelphia,Parulidae,430,Yes,Edge,Lower
2011-09-08,3.0,CHI,catharus,ustulatus,Turdidae,2331,Yes,Forest,Lower
2011-09-08,3.0,CHI,Setophaga,caerulescens,Parulidae,183,Yes,Forest,Upper
2011-09-08,3.0,CHI,Seiurus,aurocapilla,Parulidae,4580,Yes,Forest,Lower
2011-09-08,3.0,CHI,Oreothlypis,peregrina,Parulidae,2515,Yes,Edge,Upper
2011-09-08,3.0,CHI,Setophaga,palmarum,Parulidae,694,Yes,Edge,Lower
2011-09-08,3.0,CHI,catharus,ustulatus,Turdidae,2331,Yes,Forest,Lower
2011-09-08,3.0,CHI,Seiurus,aurocapilla,Parulidae,4580,Yes,Forest,Lower
2011-09-08,3.0,CHI,catharus,ustulatus,Turdidae,2331,Yes,Forest,Lower
2011-09-08,3.0,CHI,Oreothlypis,ruficapilla,Parulidae,1690,Yes,Forest,Upper
2011-09-08,3.0,CHI,geothlypis,philadelphia,Parulidae,430,Yes,Edge,Lower
2011-09-08,3.0,CHI,Setophaga,magnolia,Parulidae,1224,yes,forest,Upper
2011-09-09,3.0,CHI,Mniotilta,varia,Parulidae,620,Yes,Forest,Upper
2011-09-09,3.0,CHI,Seiurus,aurocapilla,Parulidae,4580,Yes,Forest,Lower
2011-09-09,3.0,CHI,Seiurus,aurocapilla,Parulidae,4580,Yes,Forest,Lower
2011-09-09,3.0,CHI,catharus,ustulatus,Turdidae,2331,Yes,Forest,Lower
2011-09-09,3.0,CHI,Seiurus,aurocapilla,Parulidae,4580,Yes,Forest,Lower
2011-09-09,3.0,CHI,Mniotilta,varia,Parulidae,620,Yes,Forest,Upper
2011-09-09,3.0,CHI,catharus,ustulatus,Turdidae,2331,Yes,Forest,Lower
2011-09-09,3.0,CHI,catharus,ustulatus,Turdidae,2331,Yes,Forest,Lower
2011-09-09,3.0,CHI,catharus,ustulatus,Turdidae,2331,Yes,Forest,Lower
2011-09-09,3.0,CHI,Catharus,fuscescens,Turdidae,727,Yes,Forest,Lower
2011-09-09,3.0,CHI,Geothlypis,trichas,Parulidae,1555,Yes,Open,Lower
2011-09-09,3.0,CHI,Oporornis,agilis,Parulidae,365,Yes,Forest,Lower
2011-09-09,3.0,CHI,Geothlypis,trichas,Parulidae,1555,Yes,Open,Lower
2011-09-09,3.0,CHI,catharus,ustulatus,Turdidae,2331,Yes,Forest,Lower
2011-09-09,3.0,CHI,catharus,ustulatus,Turdidae,2331,Yes,Forest,Lower
2011-09-09,3.0,CHI,catharus,ustulatus,Turdidae,2331,Yes,Forest,Lower
2011-09-09,3.0,CHI,catharus,ustulatus,Turdidae,2331,Yes,Forest,Lower
2011-09-09,3.0,CHI,Seiurus,aurocapilla,Parulidae,4580,Yes,Forest,Lower
2011-09-09,3.0,CHI,Parkesia,noveboracensis,Parulidae,916,Yes,Forest,Lower
2011-09-09,3.0,CHI,geothlypis,philadelphia,Parulidae,430,Yes,Edge,Lower
2011-09-09,3.0,CHI,Oreothlypis,peregrina,Parulidae,2515,Yes,Edge,Upper
2011-09-09,3.0,CHI,Oreothlypis,ruficapilla,Parulidae,1690,Yes,Forest,Upper
2011-09-09,3.0,MP,Oreothlypis,ruficapilla,Parulidae,1690,Yes,Forest,Upper
2011-09-09,3.0,CHI,Oreothlypis,ruficapilla,Parulidae,1690,Yes,Forest,Upper
2011-09-09,3.0,CHI,catharus,ustulatus,Turdidae,2331,Yes,Forest,Lower
2011-09-09,3.0,CHI,catharus,ustulatus,Turdidae,2331,Yes,Forest,Lower
2011-09-09,3.0,CHI,catharus,ustulatus,Turdidae,2331,Yes,Forest,Lower
2011-09-09,3.0,CHI,catharus,ustulatus,Turdidae,2331,Yes,Forest,Lower
2011-09-09,3.0,CHI,catharus,ustulatus,Turdidae,2331,Yes,Forest,Lower
2011-09-09,3.0,CHI,Melospiza,lincolnii,Passerellidae,2029,yes,edge,Lower
2011-09-10,3.0,CHI,Oporornis,agilis,Parulidae,365,Yes,Forest,Lower
2011-09-10,3.0,CHI,Melospiza,lincolnii,Passerellidae,2029,yes,edge,Lower
2011-09-10,3.0,CHI,Regulus,calendula,Regulidae,416,No,Forest,Upper
2011-09-10,3.0,CHI,Spizella,pallida,Passerellidae,50,Yes,Open,Lower
2011-09-10,3.0,CHI,catharus,ustulatus,Turdidae,2331,Yes,Forest,Lower
2011-09-10,3.0,CHI,catharus,ustulatus,Turdidae,2331,Yes,Forest,Lower
2011-09-10,3.0,CHI,catharus,ustulatus,Turdidae,2331,Yes,Forest,Lower
2011-09-10,3.0,CHI,Oreothlypis,celata,Parulidae,227,Yes,Edge,Lower
2011-09-10,3.0,CHI,Catharus,fuscescens,Turdidae,727,Yes,Forest,Lower
2011-09-10,3.0,CHI,Oreothlypis,ruficapilla,Parulidae,1690,Yes,Forest,Upper
2011-09-12,16.0,CHI,Setophaga,pensylvanica,Parulidae,303,Yes,Edge,Upper
2011-09-12,16.0,CHI,Seiurus,aurocapilla,Parulidae,4580,Yes,Forest,Lower
2011-09-12,16.0,MP,catharus,ustulatus,Turdidae,2331,Yes,Forest,Lower
2011-09-12,16.0,CHI,catharus,ustulatus,Turdidae,2331,Yes,Forest,Lower
2011-09-12,16.0,CHI,catharus,ustulatus,Turdidae,2331,Yes,Forest,Lower
2011-09-12,16.0,CHI,Geothlypis,trichas,Parulidae,1555,Yes,Open,Lower
2011-09-12,16.0,CHI,Geothlypis,trichas,Parulidae,1555,Yes,Open,Lower
2011-09-12,16.0,CHI,Setophaga,pensylvanica,Parulidae,303,Yes,Edge,Upper
2011-09-12,16.0,CHI,Seiurus,aurocapilla,Parulidae,4580,Yes,Forest,Lower
2011-09-12,16.0,CHI,Seiurus,aurocapilla,Parulidae,4580,Yes,Forest,Lower
2011-09-12,16.0,CHI,Seiurus,aurocapilla,Parulidae,4580,Yes,Forest,Lower
2011-09-12,16.0,CHI,Seiurus,aurocapilla,Parulidae,4580,Yes,Forest,Lower
2011-09-12,16.0,CHI,Parkesia,noveboracensis,Parulidae,916,Yes,Forest,Lower
2011-09-12,16.0,CHI,Parkesia,noveboracensis,Parulidae,916,Yes,Forest,Lower
2011-09-12,16.0,CHI,Oreothlypis,peregrina,Parulidae,2515,Yes,Edge,Upper
2011-09-12,16.0,CHI,Oreothlypis,peregrina,Parulidae,2515,Yes,Edge,Upper
2011-09-12,16.0,CHI,Oreothlypis,peregrina,Parulidae,2515,Yes,Edge,Upper
2011-09-12,16.0,CHI,Oreothlypis,peregrina,Parulidae,2515,Yes,Edge,Upper
2011-09-12,16.0,CHI,Oreothlypis,peregrina,Parulidae,2515,Yes,Edge,Upper
2011-09-12,16.0,CHI,Oreothlypis,peregrina,Parulidae,2515,Yes,Edge,Upper
2011-09-12,16.0,CHI,Oreothlypis,peregrina,Parulidae,2515,Yes,Edge,Upper
2011-09-12,16.0,CHI,Oreothlypis,peregrina,Parulidae,2515,Yes,Edge,Upper
2011-09-12,16.0,CHI,catharus,ustulatus,Turdidae,2331,Yes,Forest,Lower
2011-09-12,16.0,CHI,Oreothlypis,peregrina,Parulidae,2515,Yes,Edge,Upper
2011-09-12,16.0,MP,Seiurus,aurocapilla,Parulidae,4580,Yes,Forest,Lower
2011-09-12,16.0,CHI,Oreothlypis,peregrina,Parulidae,2515,Yes,Edge,Upper
2011-09-12,16.0,CHI,setophaga,ruticilla,Parulidae,868,Yes,Edge,Upper
2011-09-12,16.0,CHI,Oreothlypis,peregrina,Parulidae,2515,Yes,Edge,Upper
2011-09-12,16.0,CHI,Oreothlypis,peregrina,Parulidae,2515,Yes,Edge,Upper
2011-09-12,16.0,CHI,Oreothlypis,peregrina,Parulidae,2515,Yes,Edge,Upper
2011-09-12,16.0,CHI,Oreothlypis,peregrina,Parulidae,2515,Yes,Edge,Upper
2011-09-12,16.0,CHI,Seiurus,aurocapilla,Parulidae,4580,Yes,Forest,Lower
2011-09-12,16.0,CHI,Seiurus,aurocapilla,Parulidae,4580,Yes,Forest,Lower
2011-09-12,16.0,CHI,Seiurus,aurocapilla,Parulidae,4580,Yes,Forest,Lower
2011-09-12,16.0,CHI,geothlypis,philadelphia,Parulidae,430,Yes,Edge,Lower
2011-09-12,16.0,MP,catharus,ustulatus,Turdidae,2331,Yes,Forest,Lower
2011-09-12,16.0,CHI,Oreothlypis,peregrina,Parulidae,2515,Yes,Edge,Upper
2011-09-12,16.0,CHI,Oreothlypis,peregrina,Parulidae,2515,Yes,Edge,Upper
2011-09-12,16.0,CHI,Oreothlypis,peregrina,Parulidae,2515,Yes,Edge,Upper
2011-09-12,16.0,CHI,Oporornis,agilis,Parulidae,365,Yes,Forest,Lower
2011-09-12,16.0,CHI,Catharus,minimus,Turdidae,822,Yes,Forest,Lower
2011-09-12,16.0,CHI,Setophaga,magnolia,Parulidae,1224,yes,forest,Upper
2011-09-12,16.0,CHI,Mniotilta,varia,Parulidae,620,Yes,Forest,Upper
2011-09-12,16.0,CHI,Setophaga,fusca,Parulidae,201,Yes,Forest,Upper
2011-09-12,16.0,CHI,Setophaga,magnolia,Parulidae,1224,yes,forest,Upper
2011-09-12,16.0,CHI,Vireo,olivaceus,Vireonidae,133,No,Forest,Upper
2011-09-12,16.0,CHI,Setophaga,magnolia,Parulidae,1224,yes,forest,Upper
2011-09-12,16.0,CHI,Setophaga,magnolia,Parulidae,1224,yes,forest,Upper
2011-09-12,16.0,CHI,Catharus,minimus,Turdidae,822,Yes,Forest,Lower
2011-09-13,16.0,CHI,Setophaga,palmarum,Parulidae,694,Yes,Edge,Lower
2011-09-13,16.0,CHI,catharus,ustulatus,Turdidae,2331,Yes,Forest,Lower
2011-09-13,16.0,CHI,Oreothlypis,peregrina,Parulidae,2515,Yes,Edge,Upper
2011-09-13,16.0,CHI,Seiurus,aurocapilla,Parulidae,4580,Yes,Forest,Lower
2011-09-13,16.0,CHI,Oreothlypis,peregrina,Parulidae,2515,Yes,Edge,Upper
2011-09-13,16.0,CHI,Catharus,fuscescens,Turdidae,727,Yes,Forest,Lower
2011-09-13,16.0,MP,Catharus,fuscescens,Turdidae,727,Yes,Forest,Lower
2011-09-13,16.0,CHI,catharus,ustulatus,Turdidae,2331,Yes,Forest,Lower
2011-09-13,16.0,CHI,Melospiza,lincolnii,Passerellidae,2029,yes,edge,Lower
2011-09-13,16.0,MP,Oreothlypis,peregrina,Parulidae,2515,Yes,Edge,Upper
2011-09-13,16.0,CHI,Setophaga,magnolia,Parulidae,1224,yes,forest,Upper
2011-09-13,16.0,CHI,catharus,ustulatus,Turdidae,2331,Yes,Forest,Lower
2011-09-13,16.0,CHI,catharus,ustulatus,Turdidae,2331,Yes,Forest,Lower
2011-09-13,16.0,CHI,catharus,ustulatus,Turdidae,2331,Yes,Forest,Lower
2011-09-13,16.0,CHI,Oreothlypis,peregrina,Parulidae,2515,Yes,Edge,Upper
2011-09-13,16.0,CHI,Seiurus,aurocapilla,Parulidae,4580,Yes,Forest,Lower
2011-09-13,16.0,CHI,Seiurus,aurocapilla,Parulidae,4580,Yes,Forest,Lower
2011-09-13,16.0,CHI,Contopus,virens,Tyrannidae,70,No,Forest,Upper
2011-09-13,16.0,CHI,Parkesia,noveboracensis,Parulidae,916,Yes,Forest,Lower
2011-09-13,16.0,CHI,Seiurus,aurocapilla,Parulidae,4580,Yes,Forest,Lower
2011-09-13,16.0,CHI,Seiurus,aurocapilla,Parulidae,4580,Yes,Forest,Lower
2011-09-13,16.0,CHI,Seiurus,aurocapilla,Parulidae,4580,Yes,Forest,Lower
2011-09-13,16.0,CHI,catharus,ustulatus,Turdidae,2331,Yes,Forest,Lower
2011-09-13,16.0,MP,Oreothlypis,peregrina,Parulidae,2515,Yes,Edge,Upper
2011-09-13,16.0,CHI,catharus,ustulatus,Turdidae,2331,Yes,Forest,Lower
2011-09-13,16.0,CHI,Setophaga,fusca,Parulidae,201,Yes,Forest,Upper
2011-09-13,16.0,CHI,Setophaga,palmarum,Parulidae,694,Yes,Edge,Lower
2011-09-13,16.0,CHI,Setophaga,palmarum,Parulidae,694,Yes,Edge,Lower
2011-09-13,16.0,CHI,Setophaga,pensylvanica,Parulidae,303,Yes,Edge,Upper
2011-09-13,16.0,MP,Oreothlypis,peregrina,Parulidae,2515,Yes,Edge,Upper
2011-09-14,17.0,CHI,Parkesia,noveboracensis,Parulidae,916,Yes,Forest,Lower
2011-09-14,17.0,CHI,Seiurus,aurocapilla,Parulidae,4580,Yes,Forest,Lower
2011-09-14,17.0,CHI,setophaga,ruticilla,Parulidae,868,Yes,Edge,Upper
2011-09-14,17.0,CHI,catharus,ustulatus,Turdidae,2331,Yes,Forest,Lower
2011-09-14,17.0,CHI,catharus,ustulatus,Turdidae,2331,Yes,Forest,Lower
2011-09-14,17.0,CHI,catharus,ustulatus,Turdidae,2331,Yes,Forest,Lower
2011-09-14,17.0,CHI,Seiurus,aurocapilla,Parulidae,4580,Yes,Forest,Lower
2011-09-14,17.0,MP,catharus,ustulatus,Turdidae,2331,Yes,Forest,Lower
2011-09-14,17.0,CHI,Seiurus,aurocapilla,Parulidae,4580,Yes,Forest,Lower
2011-09-14,17.0,MP,catharus,ustulatus,Turdidae,2331,Yes,Forest,Lower
2011-09-14,17.0,CHI,setophaga,ruticilla,Parulidae,868,Yes,Edge,Upper
2011-09-14,17.0,CHI,Seiurus,aurocapilla,Parulidae,4580,Yes,Forest,Lower
2011-09-14,17.0,MP,catharus,ustulatus,Turdidae,2331,Yes,Forest,Lower
2011-09-14,17.0,CHI,catharus,ustulatus,Turdidae,2331,Yes,Forest,Lower
2011-09-14,17.0,CHI,Seiurus,aurocapilla,Parulidae,4580,Yes,Forest,Lower
2011-09-14,17.0,MP,Seiurus,aurocapilla,Parulidae,4580,Yes,Forest,Lower
2011-09-14,17.0,MP,Seiurus,aurocapilla,Parulidae,4580,Yes,Forest,Lower
2011-09-14,17.0,CHI,Seiurus,aurocapilla,Parulidae,4580,Yes,Forest,Lower
2011-09-14,17.0,CHI,setophaga,ruticilla,Parulidae,868,Yes,Edge,Upper
2011-09-14,17.0,CHI,setophaga,ruticilla,Parulidae,868,Yes,Edge,Upper
2011-09-14,17.0,CHI,Seiurus,aurocapilla,Parulidae,4580,Yes,Forest,Lower
2011-09-14,17.0,CHI,Setophaga,magnolia,Parulidae,1224,yes,forest,Upper
2011-09-14,17.0,CHI,Parkesia,noveboracensis,Parulidae,916,Yes,Forest,Lower
2011-09-14,17.0,CHI,Setophaga,magnolia,Parulidae,1224,yes,forest,Upper
2011-09-14,17.0,CHI,Parkesia,noveboracensis,Parulidae,916,Yes,Forest,Lower
2011-09-14,17.0,CHI,Oreothlypis,ruficapilla,Parulidae,1690,Yes,Forest,Upper
2011-09-14,17.0,CHI,Setophaga,magnolia,Parulidae,1224,yes,forest,Upper
2011-09-14,17.0,CHI,Setophaga,castanea,Parulidae,287,Yes,Forest,Upper
2011-09-14,17.0,CHI,Setophaga,palmarum,Parulidae,694,Yes,Edge,Lower
2011-09-14,17.0,CHI,Setophaga,magnolia,Parulidae,1224,yes,forest,Upper
2011-09-14,17.0,CHI,Setophaga,virens,Parulidae,223,Yes,Forest,Upper
2011-09-14,17.0,CHI,Oreothlypis,ruficapilla,Parulidae,1690,Yes,Forest,Upper
2011-09-14,17.0,CHI,Setophaga,magnolia,Parulidae,1224,yes,forest,Upper
2011-09-14,17.0,CHI,Oreothlypis,ruficapilla,Parulidae,1690,Yes,Forest,Upper
2011-09-14,17.0,CHI,Setophaga,castanea,Parulidae,287,Yes,Forest,Upper
2011-09-14,17.0,CHI,Setophaga,pensylvanica,Parulidae,303,Yes,Edge,Upper
2011-09-14,17.0,CHI,Setophaga,pensylvanica,Parulidae,303,Yes,Edge,Upper
2011-09-14,17.0,CHI,Setophaga,pensylvanica,Parulidae,303,Yes,Edge,Upper
2011-09-14,17.0,CHI,Seiurus,aurocapilla,Parulidae,4580,Yes,Forest,Lower
2011-09-14,17.0,CHI,Seiurus,aurocapilla,Parulidae,4580,Yes,Forest,Lower
2011-09-14,17.0,CHI,Seiurus,aurocapilla,Parulidae,4580,Yes,Forest,Lower
2011-09-14,17.0,CHI,Seiurus,aurocapilla,Parulidae,4580,Yes,Forest,Lower
2011-09-14,17.0,CHI,Pheucticus,ludovicianus,Cardinalidae,397,Yes,Forest,Upper
2011-09-14,17.0,CHI,Setophaga,magnolia,Parulidae,1224,yes,forest,Upper
2011-09-14,17.0,MP,Pheucticus,ludovicianus,Cardinalidae,397,Yes,Forest,Upper
2011-09-14,17.0,CHI,setophaga,ruticilla,Parulidae,868,Yes,Edge,Upper
2011-09-14,17.0,CHI,Oreothlypis,peregrina,Parulidae,2515,Yes,Edge,Upper
2011-09-14,17.0,CHI,setophaga,ruticilla,Parulidae,868,Yes,Edge,Upper
2011-09-14,17.0,CHI,Oreothlypis,peregrina,Parulidae,2515,Yes,Edge,Upper
2011-09-14,17.0,CHI,Oreothlypis,peregrina,Parulidae,2515,Yes,Edge,Upper
2011-09-14,17.0,CHI,Oreothlypis,peregrina,Parulidae,2515,Yes,Edge,Upper
2011-09-14,17.0,CHI,Vermivora,chrysoptera,Parulidae,53,Yes,Edge,Upper
2011-09-14,17.0,CHI,Oreothlypis,peregrina,Parulidae,2515,Yes,Edge,Upper
2011-09-14,17.0,CHI,Mniotilta,varia,Parulidae,620,Yes,Forest,Upper
2011-09-14,17.0,CHI,Mniotilta,varia,Parulidae,620,Yes,Forest,Upper
2011-09-14,17.0,CHI,Mniotilta,varia,Parulidae,620,Yes,Forest,Upper
2011-09-14,17.0,CHI,Oreothlypis,peregrina,Parulidae,2515,Yes,Edge,Upper
2011-09-14,17.0,CHI,Oreothlypis,peregrina,Parulidae,2515,Yes,Edge,Upper
2011-09-14,17.0,CHI,Setophaga,striata,Parulidae,787,Yes,Forest,Upper
2011-09-14,17.0,CHI,Oreothlypis,peregrina,Parulidae,2515,Yes,Edge,Upper
2011-09-14,17.0,CHI,Oreothlypis,peregrina,Parulidae,2515,Yes,Edge,Upper
2011-09-14,17.0,MP,Geothlypis,trichas,Parulidae,1555,Yes,Open,Lower
2011-09-14,17.0,CHI,Geothlypis,trichas,Parulidae,1555,Yes,Open,Lower
2011-09-14,17.0,CHI,Geothlypis,trichas,Parulidae,1555,Yes,Open,Lower
2011-09-14,17.0,CHI,Geothlypis,trichas,Parulidae,1555,Yes,Open,Lower
2011-09-14,17.0,CHI,Geothlypis,trichas,Parulidae,1555,Yes,Open,Lower
2011-09-14,17.0,CHI,Oreothlypis,peregrina,Parulidae,2515,Yes,Edge,Upper
2011-09-14,17.0,CHI,Oreothlypis,peregrina,Parulidae,2515,Yes,Edge,Upper
2011-09-14,17.0,CHI,Oreothlypis,peregrina,Parulidae,2515,Yes,Edge,Upper
2011-09-14,17.0,CHI,Oporornis,agilis,Parulidae,365,Yes,Forest,Lower
2011-09-14,17.0,MP,Oreothlypis,peregrina,Parulidae,2515,Yes,Edge,Upper
2011-09-14,17.0,CHI,Oreothlypis,peregrina,Parulidae,2515,Yes,Edge,Upper
2011-09-14,17.0,CHI,Geothlypis,trichas,Parulidae,1555,Yes,Open,Lower
2011-09-14,17.0,CHI,Setophaga,striata,Parulidae,787,Yes,Forest,Upper
2011-09-14,17.0,CHI,Oreothlypis,peregrina,Parulidae,2515,Yes,Edge,Upper
2011-09-14,17.0,CHI,Setophaga,striata,Parulidae,787,Yes,Forest,Upper
2011-09-14,17.0,CHI,setophaga,ruticilla,Parulidae,868,Yes,Edge,Upper
2011-09-14,17.0,CHI,Setophaga,castanea,Parulidae,287,Yes,Forest,Upper
2011-09-14,17.0,CHI,setophaga,ruticilla,Parulidae,868,Yes,Edge,Upper
2011-09-14,17.0,CHI,setophaga,ruticilla,Parulidae,868,Yes,Edge,Upper
2011-09-14,17.0,CHI,setophaga,ruticilla,Parulidae,868,Yes,Edge,Upper
2011-09-14,17.0,CHI,setophaga,ruticilla,Parulidae,868,Yes,Edge,Upper
2011-09-14,17.0,CHI,setophaga,ruticilla,Parulidae,868,Yes,Edge,Upper
2011-09-14,17.0,CHI,Setophaga,magnolia,Parulidae,1224,yes,forest,Upper
2011-09-14,17.0,CHI,setophaga,ruticilla,Parulidae,868,Yes,Edge,Upper
2011-09-14,17.0,CHI,setophaga,ruticilla,Parulidae,868,Yes,Edge,Upper
2011-09-14,17.0,CHI,Catharus,minimus,Turdidae,822,Yes,Forest,Lower
2011-09-14,17.0,CHI,setophaga,ruticilla,Parulidae,868,Yes,Edge,Upper
2011-09-14,17.0,MP,Setophaga,magnolia,Parulidae,1224,yes,forest,Upper
2011-09-14,17.0,CHI,Catharus,minimus,Turdidae,822,Yes,Forest,Lower
2011-09-14,17.0,CHI,Setophaga,magnolia,Parulidae,1224,yes,forest,Upper
2011-09-14,17.0,CHI,Catharus,minimus,Turdidae,822,Yes,Forest,Lower
2011-09-14,17.0,CHI,Catharus,fuscescens,Turdidae,727,Yes,Forest,Lower
2011-09-14,17.0,CHI,Setophaga,castanea,Parulidae,287,Yes,Forest,Upper
2011-09-14,17.0,CHI,setophaga,ruticilla,Parulidae,868,Yes,Edge,Upper
2011-09-14,17.0,CHI,Setophaga,magnolia,Parulidae,1224,yes,forest,Upper
2011-09-14,17.0,CHI,Setophaga,magnolia,Parulidae,1224,yes,forest,Upper
2011-09-14,17.0,CHI,Setophaga,magnolia,Parulidae,1224,yes,forest,Upper
2011-09-14,17.0,CHI,setophaga,ruticilla,Parulidae,868,Yes,Edge,Upper
2011-09-15,12.0,CHI,Pheucticus,ludovicianus,Cardinalidae,397,Yes,Forest,Upper
2011-09-15,12.0,CHI,Oreothlypis,ruficapilla,Parulidae,1690,Yes,Forest,Upper
2011-09-15,12.0,CHI,Oreothlypis,ruficapilla,Parulidae,1690,Yes,Forest,Upper
2011-09-15,12.0,CHI,Oreothlypis,ruficapilla,Parulidae,1690,Yes,Forest,Upper
2011-09-15,12.0,CHI,Oreothlypis,ruficapilla,Parulidae,1690,Yes,Forest,Upper
2011-09-15,12.0,CHI,Catharus,minimus,Turdidae,822,Yes,Forest,Lower
2011-09-15,12.0,CHI,Vireo,olivaceus,Vireonidae,133,No,Forest,Upper
2011-09-15,12.0,CHI,Catharus,minimus,Turdidae,822,Yes,Forest,Lower
2011-09-15,12.0,CHI,Oreothlypis,ruficapilla,Parulidae,1690,Yes,Forest,Upper
2011-09-15,12.0,CHI,Melospiza,lincolnii,Passerellidae,2029,yes,edge,Lower
2011-09-15,12.0,CHI,Oreothlypis,ruficapilla,Parulidae,1690,Yes,Forest,Upper
2011-09-15,12.0,CHI,Oreothlypis,ruficapilla,Parulidae,1690,Yes,Forest,Upper
2011-09-15,12.0,MP,Oreothlypis,ruficapilla,Parulidae,1690,Yes,Forest,Upper
2011-09-15,12.0,CHI,Setophaga,virens,Parulidae,223,Yes,Forest,Upper
2011-09-15,12.0,MP,Parkesia,noveboracensis,Parulidae,916,Yes,Forest,Lower
2011-09-15,12.0,CHI,Setophaga,virens,Parulidae,223,Yes,Forest,Upper
2011-09-15,12.0,CHI,setophaga,ruticilla,Parulidae,868,Yes,Edge,Upper
2011-09-15,12.0,CHI,catharus,ustulatus,Turdidae,2331,Yes,Forest,Lower
2011-09-15,12.0,CHI,catharus,ustulatus,Turdidae,2331,Yes,Forest,Lower
2011-09-15,12.0,CHI,Parkesia,noveboracensis,Parulidae,916,Yes,Forest,Lower
2011-09-15,12.0,CHI,setophaga,ruticilla,Parulidae,868,Yes,Edge,Upper
2011-09-15,12.0,CHI,setophaga,ruticilla,Parulidae,868,Yes,Edge,Upper
2011-09-15,12.0,MP,catharus,ustulatus,Turdidae,2331,Yes,Forest,Lower
2011-09-15,12.0,CHI,Seiurus,aurocapilla,Parulidae,4580,Yes,Forest,Lower
2011-09-15,12.0,CHI,catharus,ustulatus,Turdidae,2331,Yes,Forest,Lower
2011-09-15,12.0,CHI,catharus,ustulatus,Turdidae,2331,Yes,Forest,Lower
2011-09-15,12.0,CHI,setophaga,ruticilla,Parulidae,868,Yes,Edge,Upper
2011-09-15,12.0,CHI,Seiurus,aurocapilla,Parulidae,4580,Yes,Forest,Lower
2011-09-15,12.0,CHI,Seiurus,aurocapilla,Parulidae,4580,Yes,Forest,Lower
2011-09-15,12.0,CHI,Seiurus,aurocapilla,Parulidae,4580,Yes,Forest,Lower
2011-09-15,12.0,CHI,Vireo,philadelphicus,Vireonidae,12,No,Forest,Upper
2011-09-15,12.0,CHI,Oreothlypis,peregrina,Parulidae,2515,Yes,Edge,Upper
2011-09-15,12.0,CHI,Oreothlypis,peregrina,Parulidae,2515,Yes,Edge,Upper
2011-09-15,12.0,CHI,Oreothlypis,peregrina,Parulidae,2515,Yes,Edge,Upper
2011-09-15,12.0,CHI,setophaga,ruticilla,Parulidae,868,Yes,Edge,Upper
2011-09-15,12.0,CHI,Setophaga,striata,Parulidae,787,Yes,Forest,Upper
2011-09-15,12.0,CHI,catharus,ustulatus,Turdidae,2331,Yes,Forest,Lower
2011-09-15,12.0,CHI,Setophaga,striata,Parulidae,787,Yes,Forest,Upper
2011-09-15,12.0,CHI,Setophaga,virens,Parulidae,223,Yes,Forest,Upper
2011-09-15,12.0,MP,Geothlypis,trichas,Parulidae,1555,Yes,Open,Lower
2011-09-15,12.0,CHI,Passerina,cyanea,Cardinalidae,725,yes,edge,Upper
2011-09-15,12.0,CHI,Geothlypis,trichas,Parulidae,1555,Yes,Open,Lower
2011-09-15,12.0,CHI,Setophaga,magnolia,Parulidae,1224,yes,forest,Upper
2011-09-16,12.0,CHI,Melospiza,lincolnii,Passerellidae,2029,yes,edge,Lower
2011-09-16,12.0,CHI,Setophaga,fusca,Parulidae,201,Yes,Forest,Upper
2011-09-16,12.0,CHI,setophaga,ruticilla,Parulidae,868,Yes,Edge,Upper
2011-09-16,12.0,CHI,setophaga,ruticilla,Parulidae,868,Yes,Edge,Upper
2011-09-16,12.0,CHI,Oreothlypis,ruficapilla,Parulidae,1690,Yes,Forest,Upper
2011-09-16,12.0,CHI,Oreothlypis,ruficapilla,Parulidae,1690,Yes,Forest,Upper
2011-09-16,12.0,CHI,Parkesia,noveboracensis,Parulidae,916,Yes,Forest,Lower
2011-09-16,12.0,CHI,Setophaga,caerulescens,Parulidae,183,Yes,Forest,Upper
2011-09-16,12.0,CHI,Melospiza,lincolnii,Passerellidae,2029,yes,edge,Lower
2011-09-16,12.0,CHI,dumetella,carolinensis,Mimidae,599,no,edge,Lower
2011-09-16,12.0,CHI,Oreothlypis,peregrina,Parulidae,2515,Yes,Edge,Upper
2011-09-16,12.0,MP,Melospiza,lincolnii,Passerellidae,2029,yes,edge,Lower
2011-09-16,12.0,CHI,catharus,ustulatus,Turdidae,2331,Yes,Forest,Lower
2011-09-16,12.0,CHI,Oreothlypis,peregrina,Parulidae,2515,Yes,Edge,Upper
2011-09-16,12.0,CHI,Parkesia,noveboracensis,Parulidae,916,Yes,Forest,Lower
2011-09-16,12.0,CHI,Geothlypis,trichas,Parulidae,1555,Yes,Open,Lower
2011-09-17,11.0,CHI,Oreothlypis,peregrina,Parulidae,2515,Yes,Edge,Upper
2011-09-17,11.0,CHI,Setophaga,virens,Parulidae,223,Yes,Forest,Upper
2011-09-17,11.0,CHI,Oreothlypis,ruficapilla,Parulidae,1690,Yes,Forest,Upper
2011-09-17,11.0,CHI,Seiurus,aurocapilla,Parulidae,4580,Yes,Forest,Lower
2011-09-18,11.0,CHI,Oreothlypis,ruficapilla,Parulidae,1690,Yes,Forest,Upper
2011-09-18,11.0,CHI,Oreothlypis,ruficapilla,Parulidae,1690,Yes,Forest,Upper
2011-09-18,11.0,CHI,Oreothlypis,ruficapilla,Parulidae,1690,Yes,Forest,Upper
2011-09-18,11.0,CHI,Geothlypis,trichas,Parulidae,1555,Yes,Open,Lower
2011-09-18,11.0,CHI,Oreothlypis,ruficapilla,Parulidae,1690,Yes,Forest,Upper
2011-09-18,11.0,CHI,Oreothlypis,ruficapilla,Parulidae,1690,Yes,Forest,Upper
2011-09-18,11.0,CHI,Cardellina,pusilla,Parulidae,185,Yes,Edge,Lower
2011-09-18,11.0,CHI,Cardellina,pusilla,Parulidae,185,Yes,Edge,Lower
2011-09-18,11.0,CHI,Oreothlypis,ruficapilla,Parulidae,1690,Yes,Forest,Upper
2011-09-18,11.0,CHI,Oreothlypis,ruficapilla,Parulidae,1690,Yes,Forest,Upper
2011-09-18,11.0,CHI,Oreothlypis,peregrina,Parulidae,2515,Yes,Edge,Upper
2011-09-18,11.0,CHI,Setophaga,striata,Parulidae,787,Yes,Forest,Upper
2011-09-18,11.0,CHI,catharus,ustulatus,Turdidae,2331,Yes,Forest,Lower
2011-09-18,11.0,CHI,Setophaga,striata,Parulidae,787,Yes,Forest,Upper
2011-09-18,11.0,CHI,Setophaga,striata,Parulidae,787,Yes,Forest,Upper
2011-09-19,9.0,CHI,Oreothlypis,ruficapilla,Parulidae,1690,Yes,Forest,Upper
2011-09-19,9.0,CHI,Oreothlypis,ruficapilla,Parulidae,1690,Yes,Forest,Upper
2011-09-19,9.0,CHI,Oreothlypis,ruficapilla,Parulidae,1690,Yes,Forest,Upper
2011-09-19,9.0,MP,Oreothlypis,ruficapilla,Parulidae,1690,Yes,Forest,Upper
2011-09-19,9.0,CHI,Setophaga,castanea,Parulidae,287,Yes,Forest,Upper
2011-09-19,9.0,CHI,Catharus,fuscescens,Turdidae,727,Yes,Forest,Lower
2011-09-19,9.0,CHI,Toxostoma,rufum,Mimidae,166,No,Edge,Lower
2011-09-19,9.0,CHI,Setophaga,striata,Parulidae,787,Yes,Forest,Upper
2011-09-19,9.0,CHI,Pheucticus,ludovicianus,Cardinalidae,397,Yes,Forest,Upper
2011-09-19,9.0,CHI,Vireo,olivaceus,Vireonidae,133,No,Forest,Upper
2011-09-19,9.0,MP,Oreothlypis,ruficapilla,Parulidae,1690,Yes,Forest,Upper
2011-09-19,9.0,CHI,Oreothlypis,peregrina,Parulidae,2515,Yes,Edge,Upper
2011-09-20,9.0,CHI,catharus,ustulatus,Turdidae,2331,Yes,Forest,Lower
2011-09-20,9.0,CHI,Oreothlypis,ruficapilla,Parulidae,1690,Yes,Forest,Upper
2011-09-20,9.0,CHI,Setophaga,virens,Parulidae,223,Yes,Forest,Upper
2011-09-20,9.0,CHI,Oreothlypis,ruficapilla,Parulidae,1690,Yes,Forest,Upper
2011-09-20,9.0,CHI,Catharus,minimus,Turdidae,822,Yes,Forest,Lower
2011-09-20,9.0,CHI,Catharus,minimus,Turdidae,822,Yes,Forest,Lower
2011-09-20,9.0,CHI,catharus,ustulatus,Turdidae,2331,Yes,Forest,Lower
2011-09-20,9.0,CHI,catharus,ustulatus,Turdidae,2331,Yes,Forest,Lower
2011-09-20,9.0,CHI,Catharus,minimus,Turdidae,822,Yes,Forest,Lower
2011-09-20,9.0,MP,Oreothlypis,ruficapilla,Parulidae,1690,Yes,Forest,Upper
2011-09-20,9.0,CHI,Catharus,minimus,Turdidae,822,Yes,Forest,Lower
2011-09-20,9.0,CHI,Zonotrichia,albicollis,Passerellidae,10133,Yes,Forest,Lower
2011-09-20,9.0,CHI,Oreothlypis,ruficapilla,Parulidae,1690,Yes,Forest,Upper
2011-09-20,9.0,CHI,Oreothlypis,ruficapilla,Parulidae,1690,Yes,Forest,Upper
2011-09-20,9.0,CHI,Oreothlypis,ruficapilla,Parulidae,1690,Yes,Forest,Upper
2011-09-20,9.0,CHI,Catharus,minimus,Turdidae,822,Yes,Forest,Lower
2011-09-20,9.0,CHI,dumetella,carolinensis,Mimidae,599,no,edge,Lower
2011-09-20,9.0,CHI,dumetella,carolinensis,Mimidae,599,no,edge,Lower
2011-09-20,9.0,CHI,Setophaga,magnolia,Parulidae,1224,yes,forest,Upper
2011-09-20,9.0,CHI,Setophaga,magnolia,Parulidae,1224,yes,forest,Upper
2011-09-20,9.0,CHI,setophaga,ruticilla,Parulidae,868,Yes,Edge,Upper
2011-09-20,9.0,CHI,Setophaga,magnolia,Parulidae,1224,yes,forest,Upper
2011-09-20,9.0,CHI,Setophaga,magnolia,Parulidae,1224,yes,forest,Upper
2011-09-20,9.0,CHI,setophaga,ruticilla,Parulidae,868,Yes,Edge,Upper
2011-09-20,9.0,CHI,setophaga,ruticilla,Parulidae,868,Yes,Edge,Upper
2011-09-20,9.0,CHI,catharus,ustulatus,Turdidae,2331,Yes,Forest,Lower
2011-09-20,9.0,CHI,Oreothlypis,ruficapilla,Parulidae,1690,Yes,Forest,Upper
2011-09-20,9.0,CHI,Oreothlypis,ruficapilla,Parulidae,1690,Yes,Forest,Upper
2011-09-20,9.0,CHI,Oreothlypis,ruficapilla,Parulidae,1690,Yes,Forest,Upper
2011-09-20,9.0,CHI,catharus,ustulatus,Turdidae,2331,Yes,Forest,Lower
2011-09-20,9.0,CHI,setophaga,ruticilla,Parulidae,868,Yes,Edge,Upper
2011-09-20,9.0,CHI,setophaga,ruticilla,Parulidae,868,Yes,Edge,Upper
2011-09-20,9.0,CHI,Oreothlypis,peregrina,Parulidae,2515,Yes,Edge,Upper
2011-09-20,9.0,CHI,Setophaga,virens,Parulidae,223,Yes,Forest,Upper
2011-09-20,9.0,CHI,Setophaga,virens,Parulidae,223,Yes,Forest,Upper
2011-09-20,9.0,CHI,Setophaga,virens,Parulidae,223,Yes,Forest,Upper
2011-09-20,9.0,CHI,catharus,ustulatus,Turdidae,2331,Yes,Forest,Lower
2011-09-20,9.0,CHI,catharus,ustulatus,Turdidae,2331,Yes,Forest,Lower
2011-09-20,9.0,CHI,catharus,ustulatus,Turdidae,2331,Yes,Forest,Lower
2011-09-20,9.0,CHI,catharus,ustulatus,Turdidae,2331,Yes,Forest,Lower
2011-09-20,9.0,CHI,catharus,ustulatus,Turdidae,2331,Yes,Forest,Lower
2011-09-20,9.0,CHI,Zonotrichia,leucophrys,Passerellidae,1090,Yes,Edge,Lower
2011-09-20,9.0,CHI,catharus,ustulatus,Turdidae,2331,Yes,Forest,Lower
2011-09-20,9.0,CHI,Catharus,fuscescens,Turdidae,727,Yes,Forest,Lower
2011-09-20,9.0,CHI,catharus,ustulatus,Turdidae,2331,Yes,Forest,Lower
2011-09-20,9.0,CHI,Setophaga,castanea,Parulidae,287,Yes,Forest,Upper
2011-09-20,9.0,CHI,Setophaga,castanea,Parulidae,287,Yes,Forest,Upper
2011-09-20,9.0,CHI,Oreothlypis,peregrina,Parulidae,2515,Yes,Edge,Upper
2011-09-20,9.0,CHI,Oreothlypis,ruficapilla,Parulidae,1690,Yes,Forest,Upper
2011-09-20,9.0,CHI,Catharus,fuscescens,Turdidae,727,Yes,Forest,Lower
2011-09-20,9.0,CHI,setophaga,ruticilla,Parulidae,868,Yes,Edge,Upper
2011-09-20,9.0,CHI,Parkesia,noveboracensis,Parulidae,916,Yes,Forest,Lower
2011-09-20,9.0,CHI,Oreothlypis,ruficapilla,Parulidae,1690,Yes,Forest,Upper
2011-09-20,9.0,CHI,Oreothlypis,ruficapilla,Parulidae,1690,Yes,Forest,Upper
2011-09-20,9.0,CHI,Mniotilta,varia,Parulidae,620,Yes,Forest,Upper
2011-09-20,9.0,CHI,Oreothlypis,ruficapilla,Parulidae,1690,Yes,Forest,Upper
2011-09-20,9.0,CHI,Oreothlypis,ruficapilla,Parulidae,1690,Yes,Forest,Upper
2011-09-20,9.0,CHI,Oreothlypis,peregrina,Parulidae,2515,Yes,Edge,Upper
2011-09-20,9.0,CHI,Oreothlypis,peregrina,Parulidae,2515,Yes,Edge,Upper
2011-09-20,9.0,CHI,Oreothlypis,ruficapilla,Parulidae,1690,Yes,Forest,Upper
2011-09-20,9.0,CHI,Oreothlypis,peregrina,Parulidae,2515,Yes,Edge,Upper
2011-09-20,9.0,CHI,Oreothlypis,ruficapilla,Parulidae,1690,Yes,Forest,Upper
2011-09-20,9.0,CHI,Oreothlypis,peregrina,Parulidae,2515,Yes,Edge,Upper
2011-09-20,9.0,CHI,Oreothlypis,peregrina,Parulidae,2515,Yes,Edge,Upper
2011-09-20,9.0,CHI,Setophaga,castanea,Parulidae,287,Yes,Forest,Upper
2011-09-20,9.0,CHI,Oreothlypis,peregrina,Parulidae,2515,Yes,Edge,Upper
2011-09-20,9.0,CHI,catharus,ustulatus,Turdidae,2331,Yes,Forest,Lower
2011-09-20,9.0,CHI,Setophaga,magnolia,Parulidae,1224,yes,forest,Upper
2011-09-20,9.0,CHI,Geothlypis,trichas,Parulidae,1555,Yes,Open,Lower
2011-09-20,9.0,CHI,Seiurus,aurocapilla,Parulidae,4580,Yes,Forest,Lower
2011-09-20,9.0,CHI,Seiurus,aurocapilla,Parulidae,4580,Yes,Forest,Lower
2011-09-20,9.0,CHI,Seiurus,aurocapilla,Parulidae,4580,Yes,Forest,Lower
2011-09-20,9.0,CHI,Seiurus,aurocapilla,Parulidae,4580,Yes,Forest,Lower
2011-09-20,9.0,CHI,Seiurus,aurocapilla,Parulidae,4580,Yes,Forest,Lower
2011-09-20,9.0,CHI,Seiurus,aurocapilla,Parulidae,4580,Yes,Forest,Lower
2011-09-20,9.0,CHI,Seiurus,aurocapilla,Parulidae,4580,Yes,Forest,Lower
2011-09-20,9.0,CHI,Seiurus,aurocapilla,Parulidae,4580,Yes,Forest,Lower
2011-09-20,9.0,CHI,Seiurus,aurocapilla,Parulidae,4580,Yes,Forest,Lower
2011-09-20,9.0,CHI,Seiurus,aurocapilla,Parulidae,4580,Yes,Forest,Lower
2011-09-20,9.0,CHI,Seiurus,aurocapilla,Parulidae,4580,Yes,Forest,Lower
2011-09-20,9.0,CHI,Seiurus,aurocapilla,Parulidae,4580,Yes,Forest,Lower
2011-09-20,9.0,CHI,Seiurus,aurocapilla,Parulidae,4580,Yes,Forest,Lower
2011-09-20,9.0,CHI,Seiurus,aurocapilla,Parulidae,4580,Yes,Forest,Lower
2011-09-20,9.0,CHI,Seiurus,aurocapilla,Parulidae,4580,Yes,Forest,Lower
2011-09-20,9.0,CHI,Seiurus,aurocapilla,Parulidae,4580,Yes,Forest,Lower
2011-09-20,9.0,CHI,Seiurus,aurocapilla,Parulidae,4580,Yes,Forest,Lower
2011-09-20,9.0,CHI,Seiurus,aurocapilla,Parulidae,4580,Yes,Forest,Lower
2011-09-20,9.0,CHI,Setophaga,americana,Parulidae,59,Yes,Forest,Upper
2011-09-20,9.0,CHI,Cardellina,pusilla,Parulidae,185,Yes,Edge,Lower
2011-09-20,9.0,CHI,Setophaga,palmarum,Parulidae,694,Yes,Edge,Lower
2011-09-20,9.0,CHI,Empidonax,flaviventris,Tyrannidae,68,No,Forest,Upper
2011-09-20,9.0,CHI,Mniotilta,varia,Parulidae,620,Yes,Forest,Upper
2011-09-20,9.0,CHI,Setophaga,pensylvanica,Parulidae,303,Yes,Edge,Upper
2011-09-20,9.0,CHI,Setophaga,pensylvanica,Parulidae,303,Yes,Edge,Upper
2011-09-20,9.0,CHI,Setophaga,pensylvanica,Parulidae,303,Yes,Edge,Upper
2011-09-20,9.0,CHI,Melospiza,lincolnii,Passerellidae,2029,yes,edge,Lower
2011-09-20,9.0,CHI,Melospiza,lincolnii,Passerellidae,2029,yes,edge,Lower
2011-09-20,9.0,CHI,Setophaga,striata,Parulidae,787,Yes,Forest,Upper
2011-09-20,9.0,CHI,Catharus,guttatus,Turdidae,3729,Yes,Forest,Lower
2011-09-20,9.0,CHI,Setophaga,striata,Parulidae,787,Yes,Forest,Upper
2011-09-20,9.0,CHI,Seiurus,aurocapilla,Parulidae,4580,Yes,Forest,Lower
2011-09-20,9.0,CHI,Seiurus,aurocapilla,Parulidae,4580,Yes,Forest,Lower
2011-09-20,9.0,CHI,setophaga,ruticilla,Parulidae,868,Yes,Edge,Upper
2011-09-20,9.0,CHI,Seiurus,aurocapilla,Parulidae,4580,Yes,Forest,Lower
2011-09-20,9.0,CHI,Seiurus,aurocapilla,Parulidae,4580,Yes,Forest,Lower
2011-09-20,9.0,CHI,Seiurus,aurocapilla,Parulidae,4580,Yes,Forest,Lower
2011-09-20,9.0,CHI,Pheucticus,ludovicianus,Cardinalidae,397,Yes,Forest,Upper
2011-09-20,9.0,CHI,Pheucticus,ludovicianus,Cardinalidae,397,Yes,Forest,Upper
2011-09-20,9.0,CHI,setophaga,ruticilla,Parulidae,868,Yes,Edge,Upper
2011-09-20,9.0,CHI,Pheucticus,ludovicianus,Cardinalidae,397,Yes,Forest,Upper
2011-09-20,9.0,CHI,Mniotilta,varia,Parulidae,620,Yes,Forest,Upper
2011-09-20,9.0,CHI,setophaga,ruticilla,Parulidae,868,Yes,Edge,Upper
2011-09-20,9.0,CHI,Setophaga,fusca,Parulidae,201,Yes,Forest,Upper
2011-09-20,9.0,CHI,Hylocichla,mustelina,Turdidae,500,Yes,Forest,Lower
2011-09-20,9.0,CHI,setophaga,ruticilla,Parulidae,868,Yes,Edge,Upper
2011-09-20,9.0,CHI,Geothlypis,trichas,Parulidae,1555,Yes,Open,Lower
2011-09-20,9.0,CHI,Geothlypis,trichas,Parulidae,1555,Yes,Open,Lower
2011-09-20,9.0,CHI,Catharus,fuscescens,Turdidae,727,Yes,Forest,Lower
2011-09-20,9.0,CHI,Geothlypis,trichas,Parulidae,1555,Yes,Open,Lower
2011-09-20,9.0,CHI,Oreothlypis,ruficapilla,Parulidae,1690,Yes,Forest,Upper
2011-09-20,9.0,CHI,Setophaga,coronata,Parulidae,887,yes,forest,Upper
2011-09-20,9.0,CHI,Seiurus,aurocapilla,Parulidae,4580,Yes,Forest,Lower
2011-09-20,9.0,CHI,Pheucticus,ludovicianus,Cardinalidae,397,Yes,Forest,Upper
2011-09-20,9.0,CHI,Setophaga,striata,Parulidae,787,Yes,Forest,Upper
2011-09-20,9.0,CHI,Seiurus,aurocapilla,Parulidae,4580,Yes,Forest,Lower
2011-09-20,9.0,CHI,Seiurus,aurocapilla,Parulidae,4580,Yes,Forest,Lower
2011-09-20,9.0,CHI,Seiurus,aurocapilla,Parulidae,4580,Yes,Forest,Lower
2011-09-20,9.0,CHI,Seiurus,aurocapilla,Parulidae,4580,Yes,Forest,Lower
2011-09-20,9.0,CHI,Seiurus,aurocapilla,Parulidae,4580,Yes,Forest,Lower
2011-09-20,9.0,CHI,Seiurus,aurocapilla,Parulidae,4580,Yes,Forest,Lower
2011-09-20,9.0,CHI,Setophaga,striata,Parulidae,787,Yes,Forest,Upper
2011-09-20,9.0,CHI,Seiurus,aurocapilla,Parulidae,4580,Yes,Forest,Lower
2011-09-20,9.0,CHI,Seiurus,aurocapilla,Parulidae,4580,Yes,Forest,Lower
2011-09-20,9.0,CHI,Seiurus,aurocapilla,Parulidae,4580,Yes,Forest,Lower
2011-09-20,9.0,CHI,Seiurus,aurocapilla,Parulidae,4580,Yes,Forest,Lower
2011-09-20,9.0,CHI,Seiurus,aurocapilla,Parulidae,4580,Yes,Forest,Lower
2011-09-20,9.0,CHI,Seiurus,aurocapilla,Parulidae,4580,Yes,Forest,Lower
2011-09-20,9.0,CHI,Vireo,olivaceus,Vireonidae,133,No,Forest,Upper
2011-09-20,9.0,CHI,Vireo,olivaceus,Vireonidae,133,No,Forest,Upper
2011-09-20,9.0,CHI,Seiurus,aurocapilla,Parulidae,4580,Yes,Forest,Lower
2011-09-20,9.0,CHI,Geothlypis,trichas,Parulidae,1555,Yes,Open,Lower
2011-09-21,11.0,CHI,Oreothlypis,peregrina,Parulidae,2515,Yes,Edge,Upper
2011-09-21,11.0,CHI,Setophaga,castanea,Parulidae,287,Yes,Forest,Upper
2011-09-21,11.0,CHI,Oreothlypis,peregrina,Parulidae,2515,Yes,Edge,Upper
2011-09-21,11.0,CHI,Oreothlypis,ruficapilla,Parulidae,1690,Yes,Forest,Upper
2011-09-21,11.0,CHI,Setophaga,caerulescens,Parulidae,183,Yes,Forest,Upper
2011-09-21,11.0,CHI,Seiurus,aurocapilla,Parulidae,4580,Yes,Forest,Lower
2011-09-21,11.0,CHI,Seiurus,aurocapilla,Parulidae,4580,Yes,Forest,Lower
2011-09-21,11.0,MP,catharus,ustulatus,Turdidae,2331,Yes,Forest,Lower
2011-09-21,11.0,CHI,Oreothlypis,ruficapilla,Parulidae,1690,Yes,Forest,Upper
2011-09-21,11.0,MP,Setophaga,palmarum,Parulidae,694,Yes,Edge,Lower
2011-09-21,11.0,CHI,Seiurus,aurocapilla,Parulidae,4580,Yes,Forest,Lower
2011-09-21,11.0,CHI,Geothlypis,trichas,Parulidae,1555,Yes,Open,Lower
2011-09-21,11.0,CHI,Geothlypis,trichas,Parulidae,1555,Yes,Open,Lower
2011-09-22,9.0,CHI,Setophaga,magnolia,Parulidae,1224,yes,forest,Upper
2011-09-22,9.0,CHI,dumetella,carolinensis,Mimidae,599,no,edge,Lower
2011-09-22,9.0,MP,Pheucticus,ludovicianus,Cardinalidae,397,Yes,Forest,Upper
2011-09-22,9.0,CHI,Setophaga,magnolia,Parulidae,1224,yes,forest,Upper
2011-09-22,9.0,CHI,Setophaga,palmarum,Parulidae,694,Yes,Edge,Lower
2011-09-22,9.0,CHI,Setophaga,magnolia,Parulidae,1224,yes,forest,Upper
2011-09-22,9.0,CHI,Geothlypis,trichas,Parulidae,1555,Yes,Open,Lower
2011-09-22,9.0,MP,catharus,ustulatus,Turdidae,2331,Yes,Forest,Lower
2011-09-22,9.0,CHI,Setophaga,striata,Parulidae,787,Yes,Forest,Upper
2011-09-22,9.0,CHI,Setophaga,striata,Parulidae,787,Yes,Forest,Upper
2011-09-22,9.0,CHI,Catharus,minimus,Turdidae,822,Yes,Forest,Lower
2011-09-22,9.0,CHI,Oreothlypis,ruficapilla,Parulidae,1690,Yes,Forest,Upper
2011-09-22,9.0,CHI,Oreothlypis,ruficapilla,Parulidae,1690,Yes,Forest,Upper
2011-09-22,9.0,CHI,Oreothlypis,peregrina,Parulidae,2515,Yes,Edge,Upper
2011-09-22,9.0,CHI,Oreothlypis,peregrina,Parulidae,2515,Yes,Edge,Upper
2011-09-22,9.0,CHI,Toxostoma,rufum,Mimidae,166,No,Edge,Lower
2011-09-22,9.0,CHI,Setophaga,castanea,Parulidae,287,Yes,Forest,Upper
2011-09-22,9.0,CHI,Vireo,olivaceus,Vireonidae,133,No,Forest,Upper
2011-09-22,9.0,CHI,dumetella,carolinensis,Mimidae,599,no,edge,Lower
2011-09-22,9.0,CHI,Seiurus,aurocapilla,Parulidae,4580,Yes,Forest,Lower
2011-09-22,9.0,CHI,Setophaga,fusca,Parulidae,201,Yes,Forest,Upper
2011-09-22,9.0,CHI,Seiurus,aurocapilla,Parulidae,4580,Yes,Forest,Lower
2011-09-22,9.0,CHI,Seiurus,aurocapilla,Parulidae,4580,Yes,Forest,Lower
2011-09-22,9.0,MP,Seiurus,aurocapilla,Parulidae,4580,Yes,Forest,Lower
2011-09-22,9.0,MP,Seiurus,aurocapilla,Parulidae,4580,Yes,Forest,Lower
2011-09-22,9.0,CHI,Parkesia,noveboracensis,Parulidae,916,Yes,Forest,Lower
2011-09-22,9.0,CHI,Parkesia,noveboracensis,Parulidae,916,Yes,Forest,Lower
2011-09-22,9.0,CHI,Seiurus,aurocapilla,Parulidae,4580,Yes,Forest,Lower
2011-09-22,9.0,CHI,Hylocichla,mustelina,Turdidae,500,Yes,Forest,Lower
2011-09-22,9.0,CHI,Seiurus,aurocapilla,Parulidae,4580,Yes,Forest,Lower
2011-09-22,9.0,CHI,Seiurus,aurocapilla,Parulidae,4580,Yes,Forest,Lower
2011-09-22,9.0,CHI,Seiurus,aurocapilla,Parulidae,4580,Yes,Forest,Lower
2011-09-22,9.0,CHI,Seiurus,aurocapilla,Parulidae,4580,Yes,Forest,Lower
2011-09-23,6.0,CHI,Setophaga,castanea,Parulidae,287,Yes,Forest,Upper
2011-09-23,6.0,CHI,Seiurus,aurocapilla,Parulidae,4580,Yes,Forest,Lower
2011-09-23,6.0,CHI,Seiurus,aurocapilla,Parulidae,4580,Yes,Forest,Lower
2011-09-23,6.0,CHI,Seiurus,aurocapilla,Parulidae,4580,Yes,Forest,Lower
2011-09-23,6.0,CHI,Seiurus,aurocapilla,Parulidae,4580,Yes,Forest,Lower
2011-09-23,6.0,CHI,Seiurus,aurocapilla,Parulidae,4580,Yes,Forest,Lower
2011-09-23,6.0,CHI,Seiurus,aurocapilla,Parulidae,4580,Yes,Forest,Lower
2011-09-23,6.0,CHI,Seiurus,aurocapilla,Parulidae,4580,Yes,Forest,Lower
2011-09-23,6.0,CHI,catharus,ustulatus,Turdidae,2331,Yes,Forest,Lower
2011-09-23,6.0,CHI,Catharus,fuscescens,Turdidae,727,Yes,Forest,Lower
2011-09-23,6.0,CHI,Mniotilta,varia,Parulidae,620,Yes,Forest,Upper
2011-09-23,6.0,CHI,Catharus,minimus,Turdidae,822,Yes,Forest,Lower
2011-09-23,6.0,CHI,Setophaga,magnolia,Parulidae,1224,yes,forest,Upper
2011-09-23,6.0,CHI,Setophaga,magnolia,Parulidae,1224,yes,forest,Upper
2011-09-23,6.0,CHI,Setophaga,magnolia,Parulidae,1224,yes,forest,Upper
2011-09-23,6.0,CHI,Setophaga,pinus,Parulidae,49,Yes,Forest,Upper
2011-09-23,6.0,CHI,Geothlypis,trichas,Parulidae,1555,Yes,Open,Lower
2011-09-23,6.0,CHI,Geothlypis,trichas,Parulidae,1555,Yes,Open,Lower
2011-09-23,6.0,CHI,Setophaga,striata,Parulidae,787,Yes,Forest,Upper
2011-09-23,6.0,CHI,Vireo,olivaceus,Vireonidae,133,No,Forest,Upper
2011-09-23,6.0,CHI,Oreothlypis,ruficapilla,Parulidae,1690,Yes,Forest,Upper
2011-09-23,6.0,CHI,catharus,ustulatus,Turdidae,2331,Yes,Forest,Lower
2011-09-23,6.0,CHI,Pheucticus,ludovicianus,Cardinalidae,397,Yes,Forest,Upper
2011-09-23,6.0,CHI,troglodytes,hiemalis,Troglodytidae,474,No,Forest,Lower
2011-09-23,6.0,CHI,catharus,ustulatus,Turdidae,2331,Yes,Forest,Lower
2011-09-23,6.0,CHI,Vireo,olivaceus,Vireonidae,133,No,Forest,Upper
2011-09-24,9.0,CHI,Oreothlypis,ruficapilla,Parulidae,1690,Yes,Forest,Upper
2011-09-24,9.0,CHI,Zonotrichia,albicollis,Passerellidae,10133,Yes,Forest,Lower
2011-09-24,9.0,CHI,Zonotrichia,albicollis,Passerellidae,10133,Yes,Forest,Lower
2011-09-24,9.0,CHI,Zonotrichia,albicollis,Passerellidae,10133,Yes,Forest,Lower
2011-09-24,9.0,CHI,Setophaga,magnolia,Parulidae,1224,yes,forest,Upper
2011-09-24,9.0,CHI,Setophaga,magnolia,Parulidae,1224,yes,forest,Upper
2011-09-24,9.0,CHI,Setophaga,magnolia,Parulidae,1224,yes,forest,Upper
2011-09-24,9.0,CHI,Zonotrichia,albicollis,Passerellidae,10133,Yes,Forest,Lower
2011-09-24,9.0,CHI,Setophaga,castanea,Parulidae,287,Yes,Forest,Upper
2011-09-24,9.0,CHI,Setophaga,castanea,Parulidae,287,Yes,Forest,Upper
2011-09-24,9.0,CHI,Setophaga,striata,Parulidae,787,Yes,Forest,Upper
2011-09-24,9.0,CHI,Setophaga,striata,Parulidae,787,Yes,Forest,Upper
2011-09-24,9.0,CHI,Setophaga,magnolia,Parulidae,1224,yes,forest,Upper
2011-09-24,9.0,CHI,Zonotrichia,albicollis,Passerellidae,10133,Yes,Forest,Lower
2011-09-24,9.0,CHI,troglodytes,hiemalis,Troglodytidae,474,No,Forest,Lower
2011-09-24,9.0,CHI,Mniotilta,varia,Parulidae,620,Yes,Forest,Upper
2011-09-24,9.0,CHI,Oreothlypis,ruficapilla,Parulidae,1690,Yes,Forest,Upper
2011-09-24,9.0,CHI,Oreothlypis,ruficapilla,Parulidae,1690,Yes,Forest,Upper
2011-09-24,9.0,CHI,Setophaga,americana,Parulidae,59,Yes,Forest,Upper
2011-09-24,9.0,CHI,Setophaga,magnolia,Parulidae,1224,yes,forest,Upper
2011-09-24,9.0,CHI,Oreothlypis,ruficapilla,Parulidae,1690,Yes,Forest,Upper
2011-09-24,9.0,CHI,Setophaga,magnolia,Parulidae,1224,yes,forest,Upper
2011-09-24,9.0,CHI,Oreothlypis,peregrina,Parulidae,2515,Yes,Edge,Upper
2011-09-24,9.0,CHI,Zonotrichia,albicollis,Passerellidae,10133,Yes,Forest,Lower
2011-09-24,9.0,CHI,Setophaga,virens,Parulidae,223,Yes,Forest,Upper
2011-09-24,9.0,CHI,Oreothlypis,peregrina,Parulidae,2515,Yes,Edge,Upper
2011-09-24,9.0,CHI,Oreothlypis,peregrina,Parulidae,2515,Yes,Edge,Upper
2011-09-24,9.0,CHI,Oreothlypis,peregrina,Parulidae,2515,Yes,Edge,Upper
2011-09-24,9.0,CHI,Oreothlypis,peregrina,Parulidae,2515,Yes,Edge,Upper
2011-09-24,9.0,CHI,Oreothlypis,peregrina,Parulidae,2515,Yes,Edge,Upper
2011-09-24,9.0,CHI,Oreothlypis,peregrina,Parulidae,2515,Yes,Edge,Upper
2011-09-24,9.0,CHI,Oreothlypis,peregrina,Parulidae,2515,Yes,Edge,Upper
2011-09-24,9.0,CHI,Oreothlypis,peregrina,Parulidae,2515,Yes,Edge,Upper
2011-09-24,9.0,MP,geothlypis,philadelphia,Parulidae,430,Yes,Edge,Lower
2011-09-24,9.0,CHI,Oreothlypis,peregrina,Parulidae,2515,Yes,Edge,Upper
2011-09-24,9.0,CHI,geothlypis,philadelphia,Parulidae,430,Yes,Edge,Lower
2011-09-24,9.0,CHI,Zonotrichia,albicollis,Passerellidae,10133,Yes,Forest,Lower
2011-09-24,9.0,CHI,geothlypis,philadelphia,Parulidae,430,Yes,Edge,Lower
2011-09-24,9.0,CHI,Geothlypis,trichas,Parulidae,1555,Yes,Open,Lower
2011-09-24,9.0,CHI,Mniotilta,varia,Parulidae,620,Yes,Forest,Upper
2011-09-24,9.0,CHI,Setophaga,magnolia,Parulidae,1224,yes,forest,Upper
2011-09-24,9.0,CHI,Setophaga,magnolia,Parulidae,1224,yes,forest,Upper
2011-09-24,9.0,CHI,Setophaga,magnolia,Parulidae,1224,yes,forest,Upper
2011-09-24,9.0,CHI,Oreothlypis,peregrina,Parulidae,2515,Yes,Edge,Upper
2011-09-24,9.0,CHI,Oreothlypis,peregrina,Parulidae,2515,Yes,Edge,Upper
2011-09-24,9.0,CHI,Setophaga,magnolia,Parulidae,1224,yes,forest,Upper
2011-09-24,9.0,CHI,Oreothlypis,peregrina,Parulidae,2515,Yes,Edge,Upper
2011-09-24,9.0,CHI,Piranga,olivacea,Cardinalidae,127,Yes,Forest,Upper
2011-09-24,9.0,CHI,Setophaga,virens,Parulidae,223,Yes,Forest,Upper
2011-09-24,9.0,CHI,Geothlypis,trichas,Parulidae,1555,Yes,Open,Lower
2011-09-24,9.0,CHI,Mniotilta,varia,Parulidae,620,Yes,Forest,Upper
2011-09-24,9.0,CHI,Oreothlypis,ruficapilla,Parulidae,1690,Yes,Forest,Upper
2011-09-24,9.0,CHI,Oreothlypis,ruficapilla,Parulidae,1690,Yes,Forest,Upper
2011-09-24,9.0,CHI,Seiurus,aurocapilla,Parulidae,4580,Yes,Forest,Lower
2011-09-24,9.0,CHI,Seiurus,aurocapilla,Parulidae,4580,Yes,Forest,Lower
2011-09-24,9.0,CHI,Seiurus,aurocapilla,Parulidae,4580,Yes,Forest,Lower
2011-09-24,9.0,CHI,Seiurus,aurocapilla,Parulidae,4580,Yes,Forest,Lower
2011-09-24,9.0,CHI,Seiurus,aurocapilla,Parulidae,4580,Yes,Forest,Lower
2011-09-24,9.0,CHI,Seiurus,aurocapilla,Parulidae,4580,Yes,Forest,Lower
2011-09-24,9.0,CHI,Seiurus,aurocapilla,Parulidae,4580,Yes,Forest,Lower
2011-09-24,9.0,CHI,Seiurus,aurocapilla,Parulidae,4580,Yes,Forest,Lower
2011-09-24,9.0,CHI,Seiurus,aurocapilla,Parulidae,4580,Yes,Forest,Lower
2011-09-24,9.0,CHI,Seiurus,aurocapilla,Parulidae,4580,Yes,Forest,Lower
2011-09-24,9.0,CHI,Seiurus,aurocapilla,Parulidae,4580,Yes,Forest,Lower
2011-09-24,9.0,CHI,Seiurus,aurocapilla,Parulidae,4580,Yes,Forest,Lower
2011-09-24,9.0,CHI,Seiurus,aurocapilla,Parulidae,4580,Yes,Forest,Lower
2011-09-24,9.0,CHI,Seiurus,aurocapilla,Parulidae,4580,Yes,Forest,Lower
2011-09-24,9.0,CHI,Seiurus,aurocapilla,Parulidae,4580,Yes,Forest,Lower
2011-09-24,9.0,CHI,Seiurus,aurocapilla,Parulidae,4580,Yes,Forest,Lower
2011-09-24,9.0,CHI,Seiurus,aurocapilla,Parulidae,4580,Yes,Forest,Lower
2011-09-24,9.0,CHI,Seiurus,aurocapilla,Parulidae,4580,Yes,Forest,Lower
2011-09-24,9.0,CHI,Seiurus,aurocapilla,Parulidae,4580,Yes,Forest,Lower
2011-09-24,9.0,CHI,Seiurus,aurocapilla,Parulidae,4580,Yes,Forest,Lower
2011-09-24,9.0,CHI,Seiurus,aurocapilla,Parulidae,4580,Yes,Forest,Lower
2011-09-24,9.0,CHI,Seiurus,aurocapilla,Parulidae,4580,Yes,Forest,Lower
2011-09-24,9.0,CHI,Seiurus,aurocapilla,Parulidae,4580,Yes,Forest,Lower
2011-09-24,9.0,CHI,Seiurus,aurocapilla,Parulidae,4580,Yes,Forest,Lower
2011-09-24,9.0,CHI,Setophaga,striata,Parulidae,787,Yes,Forest,Upper
2011-09-24,9.0,CHI,Setophaga,striata,Parulidae,787,Yes,Forest,Upper
2011-09-24,9.0,CHI,Setophaga,striata,Parulidae,787,Yes,Forest,Upper
2011-09-24,9.0,CHI,Setophaga,striata,Parulidae,787,Yes,Forest,Upper
2011-09-24,9.0,CHI,Seiurus,aurocapilla,Parulidae,4580,Yes,Forest,Lower
2011-09-24,9.0,CHI,Seiurus,aurocapilla,Parulidae,4580,Yes,Forest,Lower
2011-09-24,9.0,CHI,Seiurus,aurocapilla,Parulidae,4580,Yes,Forest,Lower
2011-09-24,9.0,CHI,Seiurus,aurocapilla,Parulidae,4580,Yes,Forest,Lower
2011-09-24,9.0,CHI,Setophaga,palmarum,Parulidae,694,Yes,Edge,Lower
2011-09-24,9.0,CHI,Setophaga,palmarum,Parulidae,694,Yes,Edge,Lower
2011-09-24,9.0,CHI,Oreothlypis,ruficapilla,Parulidae,1690,Yes,Forest,Upper
2011-09-24,9.0,CHI,Oreothlypis,ruficapilla,Parulidae,1690,Yes,Forest,Upper
2011-09-24,9.0,CHI,Oreothlypis,ruficapilla,Parulidae,1690,Yes,Forest,Upper
2011-09-24,9.0,CHI,Oreothlypis,ruficapilla,Parulidae,1690,Yes,Forest,Upper
2011-09-24,9.0,CHI,catharus,ustulatus,Turdidae,2331,Yes,Forest,Lower
2011-09-24,9.0,CHI,catharus,ustulatus,Turdidae,2331,Yes,Forest,Lower
2011-09-24,9.0,CHI,Setophaga,magnolia,Parulidae,1224,yes,forest,Upper
2011-09-24,9.0,CHI,dumetella,carolinensis,Mimidae,599,no,edge,Lower
2011-09-24,9.0,CHI,dumetella,carolinensis,Mimidae,599,no,edge,Lower
2011-09-24,9.0,CHI,Melospiza,lincolnii,Passerellidae,2029,yes,edge,Lower
2011-09-24,9.0,CHI,Melospiza,lincolnii,Passerellidae,2029,yes,edge,Lower
2011-09-24,9.0,CHI,Melospiza,lincolnii,Passerellidae,2029,yes,edge,Lower
2011-09-24,9.0,CHI,Melospiza,lincolnii,Passerellidae,2029,yes,edge,Lower
2011-09-24,9.0,CHI,Melospiza,lincolnii,Passerellidae,2029,yes,edge,Lower
2011-09-24,9.0,CHI,Oreothlypis,ruficapilla,Parulidae,1690,Yes,Forest,Upper
2011-09-24,9.0,CHI,Hylocichla,mustelina,Turdidae,500,Yes,Forest,Lower
2011-09-24,9.0,CHI,Oreothlypis,ruficapilla,Parulidae,1690,Yes,Forest,Upper
2011-09-24,9.0,CHI,Oreothlypis,ruficapilla,Parulidae,1690,Yes,Forest,Upper
2011-09-24,9.0,CHI,Oreothlypis,ruficapilla,Parulidae,1690,Yes,Forest,Upper
2011-09-24,9.0,CHI,Oreothlypis,ruficapilla,Parulidae,1690,Yes,Forest,Upper
2011-09-24,9.0,CHI,Oreothlypis,ruficapilla,Parulidae,1690,Yes,Forest,Upper
2011-09-24,9.0,CHI,Oreothlypis,ruficapilla,Parulidae,1690,Yes,Forest,Upper
2011-09-24,9.0,MP,Passerculus,sandwichensis,Passerellidae,274,yes,open,Lower	
2011-09-24,9.0,CHI,Seiurus,aurocapilla,Parulidae,4580,Yes,Forest,Lower
2011-09-24,9.0,CHI,Seiurus,aurocapilla,Parulidae,4580,Yes,Forest,Lower
2011-09-24,9.0,CHI,Seiurus,aurocapilla,Parulidae,4580,Yes,Forest,Lower
2011-09-24,9.0,CHI,Seiurus,aurocapilla,Parulidae,4580,Yes,Forest,Lower
2011-09-24,9.0,CHI,Oreothlypis,ruficapilla,Parulidae,1690,Yes,Forest,Upper
2011-09-24,9.0,CHI,Setophaga,caerulescens,Parulidae,183,Yes,Forest,Upper
2011-09-24,9.0,CHI,setophaga,ruticilla,Parulidae,868,Yes,Edge,Upper
2011-09-24,9.0,CHI,Pheucticus,ludovicianus,Cardinalidae,397,Yes,Forest,Upper
2011-09-24,9.0,CHI,setophaga,ruticilla,Parulidae,868,Yes,Edge,Upper
2011-09-24,9.0,CHI,Setophaga,coronata,Parulidae,887,yes,forest,Upper
2011-09-24,9.0,CHI,setophaga,ruticilla,Parulidae,868,Yes,Edge,Upper
2011-09-24,9.0,CHI,Catharus,guttatus,Turdidae,3729,Yes,Forest,Lower
2011-09-24,9.0,CHI,Pheucticus,ludovicianus,Cardinalidae,397,Yes,Forest,Upper
2011-09-24,9.0,CHI,Vireo,olivaceus,Vireonidae,133,No,Forest,Upper
2011-09-24,9.0,CHI,Cardellina,pusilla,Parulidae,185,Yes,Edge,Lower
2011-09-24,9.0,CHI,Catharus,minimus,Turdidae,822,Yes,Forest,Lower
2011-09-24,9.0,CHI,Pheucticus,ludovicianus,Cardinalidae,397,Yes,Forest,Upper
2011-09-24,9.0,CHI,Pheucticus,ludovicianus,Cardinalidae,397,Yes,Forest,Upper
2011-09-24,9.0,CHI,Regulus,calendula,Regulidae,416,No,Forest,Upper
2011-09-24,9.0,CHI,Parkesia,noveboracensis,Parulidae,916,Yes,Forest,Lower
2011-09-24,9.0,CHI,Catharus,minimus,Turdidae,822,Yes,Forest,Lower
2011-09-25,7.0,CHI,Geothlypis,trichas,Parulidae,1555,Yes,Open,Lower
2011-09-25,7.0,CHI,Zonotrichia,albicollis,Passerellidae,10133,Yes,Forest,Lower
2011-09-25,7.0,CHI,Catharus,fuscescens,Turdidae,727,Yes,Forest,Lower
2011-09-25,7.0,CHI,Passerculus,sandwichensis,Passerellidae,274,yes,open,Lower	
2011-09-25,7.0,CHI,Setophaga,coronata,Parulidae,887,yes,forest,Upper
2011-09-25,7.0,CHI,Seiurus,aurocapilla,Parulidae,4580,Yes,Forest,Lower
2011-09-25,7.0,MP,Melospiza,lincolnii,Passerellidae,2029,yes,edge,Lower
2011-09-25,7.0,CHI,troglodytes,hiemalis,Troglodytidae,474,No,Forest,Lower
2011-09-25,7.0,CHI,catharus,ustulatus,Turdidae,2331,Yes,Forest,Lower
2011-09-25,7.0,CHI,catharus,ustulatus,Turdidae,2331,Yes,Forest,Lower
2011-09-25,7.0,CHI,Setophaga,striata,Parulidae,787,Yes,Forest,Upper
2011-09-25,7.0,CHI,Regulus,calendula,Regulidae,416,No,Forest,Upper
2011-09-25,7.0,CHI,catharus,ustulatus,Turdidae,2331,Yes,Forest,Lower
2011-09-25,7.0,CHI,catharus,ustulatus,Turdidae,2331,Yes,Forest,Lower
2011-09-25,7.0,CHI,Melospiza,lincolnii,Passerellidae,2029,yes,edge,Lower
2011-09-25,7.0,CHI,Setophaga,caerulescens,Parulidae,183,Yes,Forest,Upper
2011-09-25,7.0,CHI,Oporornis,agilis,Parulidae,365,Yes,Forest,Lower
2011-09-25,7.0,CHI,Oreothlypis,ruficapilla,Parulidae,1690,Yes,Forest,Upper
2011-09-26,3.0,CHI,Parkesia,noveboracensis,Parulidae,916,Yes,Forest,Lower
2011-09-26,3.0,CHI,Melospiza,lincolnii,Passerellidae,2029,yes,edge,Lower
2011-09-26,3.0,CHI,Zonotrichia,albicollis,Passerellidae,10133,Yes,Forest,Lower
2011-09-26,3.0,CHI,Seiurus,aurocapilla,Parulidae,4580,Yes,Forest,Lower
2011-09-26,3.0,CHI,Setophaga,magnolia,Parulidae,1224,yes,forest,Upper
2011-09-26,3.0,CHI,Oreothlypis,ruficapilla,Parulidae,1690,Yes,Forest,Upper
2011-09-27,3.0,CHI,Oreothlypis,ruficapilla,Parulidae,1690,Yes,Forest,Upper
2011-09-27,3.0,CHI,Catharus,minimus,Turdidae,822,Yes,Forest,Lower
2011-09-27,3.0,CHI,Oreothlypis,ruficapilla,Parulidae,1690,Yes,Forest,Upper
2011-09-27,3.0,CHI,Oreothlypis,ruficapilla,Parulidae,1690,Yes,Forest,Upper
2011-09-27,3.0,CHI,Oreothlypis,ruficapilla,Parulidae,1690,Yes,Forest,Upper
2011-09-27,3.0,CHI,Oreothlypis,ruficapilla,Parulidae,1690,Yes,Forest,Upper
2011-09-27,3.0,CHI,Seiurus,aurocapilla,Parulidae,4580,Yes,Forest,Lower
2011-09-27,3.0,CHI,Oreothlypis,peregrina,Parulidae,2515,Yes,Edge,Upper
2011-09-27,3.0,CHI,Oreothlypis,ruficapilla,Parulidae,1690,Yes,Forest,Upper
2011-09-27,3.0,CHI,Geothlypis,trichas,Parulidae,1555,Yes,Open,Lower
2011-09-28,3.0,CHI,troglodytes,hiemalis,Troglodytidae,474,No,Forest,Lower
2011-09-28,3.0,CHI,Setophaga,striata,Parulidae,787,Yes,Forest,Upper
2011-09-28,3.0,CHI,troglodytes,hiemalis,Troglodytidae,474,No,Forest,Lower
2011-09-28,3.0,CHI,Seiurus,aurocapilla,Parulidae,4580,Yes,Forest,Lower
2011-09-28,3.0,CHI,Oreothlypis,peregrina,Parulidae,2515,Yes,Edge,Upper
2011-09-28,3.0,CHI,Catharus,guttatus,Turdidae,3729,Yes,Forest,Lower
2011-09-28,3.0,CHI,Setophaga,striata,Parulidae,787,Yes,Forest,Upper
2011-09-28,3.0,CHI,Setophaga,striata,Parulidae,787,Yes,Forest,Upper
2011-09-28,3.0,CHI,Zonotrichia,albicollis,Passerellidae,10133,Yes,Forest,Lower
2011-09-28,3.0,CHI,Zonotrichia,albicollis,Passerellidae,10133,Yes,Forest,Lower
2011-09-28,3.0,CHI,Setophaga,virens,Parulidae,223,Yes,Forest,Upper
2011-09-28,3.0,CHI,dumetella,carolinensis,Mimidae,599,no,edge,Lower
2011-09-28,3.0,CHI,Setophaga,striata,Parulidae,787,Yes,Forest,Upper
2011-09-28,3.0,CHI,Setophaga,striata,Parulidae,787,Yes,Forest,Upper
2011-09-28,3.0,CHI,Setophaga,striata,Parulidae,787,Yes,Forest,Upper
2011-09-28,3.0,CHI,Junco,hyemalis,Passerellidae,6303,Yes,Edge,Lower
2011-09-28,3.0,CHI,Seiurus,aurocapilla,Parulidae,4580,Yes,Forest,Lower
2011-09-28,3.0,CHI,Seiurus,aurocapilla,Parulidae,4580,Yes,Forest,Lower
2011-09-28,3.0,CHI,Seiurus,aurocapilla,Parulidae,4580,Yes,Forest,Lower
2011-09-28,3.0,CHI,Seiurus,aurocapilla,Parulidae,4580,Yes,Forest,Lower
2011-09-28,3.0,CHI,Seiurus,aurocapilla,Parulidae,4580,Yes,Forest,Lower
2011-09-28,3.0,CHI,Seiurus,aurocapilla,Parulidae,4580,Yes,Forest,Lower
2011-09-28,3.0,CHI,Seiurus,aurocapilla,Parulidae,4580,Yes,Forest,Lower
2011-09-28,3.0,CHI,Seiurus,aurocapilla,Parulidae,4580,Yes,Forest,Lower
2011-09-28,3.0,CHI,Oreothlypis,celata,Parulidae,227,Yes,Edge,Lower
2011-09-28,3.0,CHI,Seiurus,aurocapilla,Parulidae,4580,Yes,Forest,Lower
2011-09-28,3.0,CHI,Seiurus,aurocapilla,Parulidae,4580,Yes,Forest,Lower
2011-09-28,3.0,CHI,Melospiza,lincolnii,Passerellidae,2029,yes,edge,Lower
2011-09-28,3.0,CHI,Setophaga,palmarum,Parulidae,694,Yes,Edge,Lower
2011-09-28,3.0,CHI,Melospiza,lincolnii,Passerellidae,2029,yes,edge,Lower
2011-09-28,3.0,CHI,Seiurus,aurocapilla,Parulidae,4580,Yes,Forest,Lower
2011-09-28,3.0,CHI,Melospiza,lincolnii,Passerellidae,2029,yes,edge,Lower
2011-09-28,3.0,CHI,Seiurus,aurocapilla,Parulidae,4580,Yes,Forest,Lower
2011-09-28,3.0,CHI,Seiurus,aurocapilla,Parulidae,4580,Yes,Forest,Lower
2011-09-28,3.0,CHI,Seiurus,aurocapilla,Parulidae,4580,Yes,Forest,Lower
2011-09-28,3.0,CHI,Seiurus,aurocapilla,Parulidae,4580,Yes,Forest,Lower
2011-09-28,3.0,CHI,Seiurus,aurocapilla,Parulidae,4580,Yes,Forest,Lower
2011-09-28,3.0,CHI,Junco,hyemalis,Passerellidae,6303,Yes,Edge,Lower
2011-09-28,3.0,CHI,Junco,hyemalis,Passerellidae,6303,Yes,Edge,Lower
2011-09-28,3.0,CHI,Junco,hyemalis,Passerellidae,6303,Yes,Edge,Lower
2011-09-28,3.0,CHI,Junco,hyemalis,Passerellidae,6303,Yes,Edge,Lower
2011-09-28,3.0,CHI,catharus,ustulatus,Turdidae,2331,Yes,Forest,Lower
2011-09-28,3.0,CHI,Passerella,iliaca,Passerellidae,2443,Yes,Edge,Lower
2011-09-28,3.0,CHI,Seiurus,aurocapilla,Parulidae,4580,Yes,Forest,Lower
2011-09-28,3.0,CHI,Seiurus,aurocapilla,Parulidae,4580,Yes,Forest,Lower
2011-09-28,3.0,CHI,Melospiza,lincolnii,Passerellidae,2029,yes,edge,Lower
2011-09-28,3.0,CHI,Seiurus,aurocapilla,Parulidae,4580,Yes,Forest,Lower
2011-09-28,3.0,CHI,Setophaga,striata,Parulidae,787,Yes,Forest,Upper
2011-09-28,3.0,CHI,Pheucticus,ludovicianus,Cardinalidae,397,Yes,Forest,Upper
2011-09-28,3.0,CHI,Setophaga,magnolia,Parulidae,1224,yes,forest,Upper
2011-09-28,3.0,CHI,Catharus,minimus,Turdidae,822,Yes,Forest,Lower
2011-09-28,3.0,CHI,Zonotrichia,albicollis,Passerellidae,10133,Yes,Forest,Lower
2011-09-28,3.0,CHI,Zonotrichia,albicollis,Passerellidae,10133,Yes,Forest,Lower
2011-09-28,3.0,CHI,Catharus,guttatus,Turdidae,3729,Yes,Forest,Lower
2011-09-28,3.0,CHI,Catharus,guttatus,Turdidae,3729,Yes,Forest,Lower
2011-09-28,3.0,CHI,Zonotrichia,albicollis,Passerellidae,10133,Yes,Forest,Lower
2011-09-28,3.0,CHI,Setophaga,magnolia,Parulidae,1224,yes,forest,Upper
2011-09-28,3.0,CHI,Oreothlypis,ruficapilla,Parulidae,1690,Yes,Forest,Upper
2011-09-28,3.0,CHI,Setophaga,magnolia,Parulidae,1224,yes,forest,Upper
2011-09-28,3.0,CHI,Setophaga,magnolia,Parulidae,1224,yes,forest,Upper
2011-09-28,3.0,CHI,Zonotrichia,albicollis,Passerellidae,10133,Yes,Forest,Lower
2011-09-28,3.0,CHI,Oreothlypis,ruficapilla,Parulidae,1690,Yes,Forest,Upper
2011-09-28,3.0,CHI,Zonotrichia,albicollis,Passerellidae,10133,Yes,Forest,Lower
2011-09-28,3.0,CHI,Zonotrichia,albicollis,Passerellidae,10133,Yes,Forest,Lower
2011-09-28,3.0,CHI,Zonotrichia,albicollis,Passerellidae,10133,Yes,Forest,Lower
2011-09-28,3.0,CHI,Oreothlypis,ruficapilla,Parulidae,1690,Yes,Forest,Upper
2011-09-28,3.0,CHI,Oreothlypis,ruficapilla,Parulidae,1690,Yes,Forest,Upper
2011-09-28,3.0,CHI,Oreothlypis,ruficapilla,Parulidae,1690,Yes,Forest,Upper
2011-09-28,3.0,CHI,Oreothlypis,ruficapilla,Parulidae,1690,Yes,Forest,Upper
2011-09-28,3.0,CHI,Oreothlypis,ruficapilla,Parulidae,1690,Yes,Forest,Upper
2011-09-28,3.0,CHI,Oreothlypis,ruficapilla,Parulidae,1690,Yes,Forest,Upper
2011-09-28,3.0,CHI,Oreothlypis,ruficapilla,Parulidae,1690,Yes,Forest,Upper
2011-09-28,3.0,CHI,Zonotrichia,albicollis,Passerellidae,10133,Yes,Forest,Lower
2011-09-28,3.0,CHI,Zonotrichia,albicollis,Passerellidae,10133,Yes,Forest,Lower
2011-09-28,3.0,CHI,Zonotrichia,leucophrys,Passerellidae,1090,Yes,Edge,Lower
2011-09-28,3.0,CHI,Catharus,guttatus,Turdidae,3729,Yes,Forest,Lower
2011-09-28,3.0,CHI,Zonotrichia,leucophrys,Passerellidae,1090,Yes,Edge,Lower
2011-09-28,3.0,CHI,Catharus,guttatus,Turdidae,3729,Yes,Forest,Lower
2011-09-28,3.0,CHI,Regulus,satrapa,Regulidae,1029,Yes,Forest,Upper
2011-09-28,3.0,CHI,Catharus,guttatus,Turdidae,3729,Yes,Forest,Lower
2011-09-28,3.0,CHI,Seiurus,aurocapilla,Parulidae,4580,Yes,Forest,Lower
2011-09-28,3.0,CHI,Zonotrichia,albicollis,Passerellidae,10133,Yes,Forest,Lower
2011-09-28,3.0,CHI,setophaga,ruticilla,Parulidae,868,Yes,Edge,Upper
2011-09-28,3.0,CHI,Zonotrichia,albicollis,Passerellidae,10133,Yes,Forest,Lower
2011-09-28,3.0,CHI,Seiurus,aurocapilla,Parulidae,4580,Yes,Forest,Lower
2011-09-28,3.0,CHI,Zonotrichia,albicollis,Passerellidae,10133,Yes,Forest,Lower
2011-09-28,3.0,CHI,Zonotrichia,albicollis,Passerellidae,10133,Yes,Forest,Lower
2011-09-28,3.0,CHI,Seiurus,aurocapilla,Parulidae,4580,Yes,Forest,Lower
2011-09-28,3.0,CHI,Zonotrichia,albicollis,Passerellidae,10133,Yes,Forest,Lower
2011-09-28,3.0,CHI,Setophaga,caerulescens,Parulidae,183,Yes,Forest,Upper
2011-09-28,3.0,CHI,Seiurus,aurocapilla,Parulidae,4580,Yes,Forest,Lower
2011-09-28,3.0,CHI,Zonotrichia,albicollis,Passerellidae,10133,Yes,Forest,Lower
2011-09-30,3.0,CHI,Setophaga,caerulescens,Parulidae,183,Yes,Forest,Upper
2011-09-30,3.0,MP,Pheucticus,ludovicianus,Cardinalidae,397,Yes,Forest,Upper
2011-09-30,3.0,CHI,Setophaga,coronata,Parulidae,887,yes,forest,Upper
2011-09-30,3.0,CHI,Regulus,calendula,Regulidae,416,No,Forest,Upper
2011-09-30,3.0,CHI,dumetella,carolinensis,Mimidae,599,no,edge,Lower
2011-09-30,3.0,CHI,Setophaga,coronata,Parulidae,887,yes,forest,Upper
2011-09-30,3.0,CHI,Oreothlypis,peregrina,Parulidae,2515,Yes,Edge,Upper
2011-09-30,3.0,CHI,catharus,ustulatus,Turdidae,2331,Yes,Forest,Lower
2011-09-30,3.0,CHI,Setophaga,palmarum,Parulidae,694,Yes,Edge,Lower
2011-09-30,3.0,CHI,Oreothlypis,ruficapilla,Parulidae,1690,Yes,Forest,Upper
2011-09-30,3.0,CHI,Catharus,minimus,Turdidae,822,Yes,Forest,Lower
2011-09-30,3.0,CHI,Oreothlypis,ruficapilla,Parulidae,1690,Yes,Forest,Upper
2011-09-30,3.0,CHI,Catharus,minimus,Turdidae,822,Yes,Forest,Lower
2011-09-30,3.0,CHI,Seiurus,aurocapilla,Parulidae,4580,Yes,Forest,Lower
2011-09-30,3.0,CHI,Setophaga,striata,Parulidae,787,Yes,Forest,Upper
2011-09-30,3.0,CHI,Setophaga,magnolia,Parulidae,1224,yes,forest,Upper
2011-09-30,3.0,MP,Oreothlypis,ruficapilla,Parulidae,1690,Yes,Forest,Upper
2011-09-30,3.0,CHI,setophaga,ruticilla,Parulidae,868,Yes,Edge,Upper
2011-09-30,3.0,CHI,Seiurus,aurocapilla,Parulidae,4580,Yes,Forest,Lower
2011-09-30,3.0,CHI,Seiurus,aurocapilla,Parulidae,4580,Yes,Forest,Lower
2011-09-30,3.0,CHI,Seiurus,aurocapilla,Parulidae,4580,Yes,Forest,Lower
2011-09-30,3.0,CHI,Seiurus,aurocapilla,Parulidae,4580,Yes,Forest,Lower
2011-09-30,3.0,CHI,Zonotrichia,albicollis,Passerellidae,10133,Yes,Forest,Lower
2011-09-30,3.0,MP,Zonotrichia,albicollis,Passerellidae,10133,Yes,Forest,Lower
2011-09-30,3.0,CHI,Seiurus,aurocapilla,Parulidae,4580,Yes,Forest,Lower
2011-09-30,3.0,CHI,Zonotrichia,albicollis,Passerellidae,10133,Yes,Forest,Lower
2011-09-30,3.0,CHI,Catharus,minimus,Turdidae,822,Yes,Forest,Lower
2011-09-30,3.0,CHI,Junco,hyemalis,Passerellidae,6303,Yes,Edge,Lower
2011-09-30,3.0,CHI,Parkesia,noveboracensis,Parulidae,916,Yes,Forest,Lower
2011-09-30,3.0,CHI,Parkesia,noveboracensis,Parulidae,916,Yes,Forest,Lower
2011-09-30,3.0,CHI,Catharus,guttatus,Turdidae,3729,Yes,Forest,Lower
2011-10-01,6.0,CHI,Zonotrichia,albicollis,Passerellidae,10133,Yes,Forest,Lower
2011-10-01,6.0,CHI,Zonotrichia,albicollis,Passerellidae,10133,Yes,Forest,Lower
2011-10-01,6.0,CHI,Zonotrichia,albicollis,Passerellidae,10133,Yes,Forest,Lower
2011-10-01,6.0,CHI,Zonotrichia,albicollis,Passerellidae,10133,Yes,Forest,Lower
2011-10-01,6.0,CHI,Zonotrichia,albicollis,Passerellidae,10133,Yes,Forest,Lower
2011-10-01,6.0,CHI,Zonotrichia,albicollis,Passerellidae,10133,Yes,Forest,Lower
2011-10-01,6.0,CHI,Zonotrichia,albicollis,Passerellidae,10133,Yes,Forest,Lower
2011-10-01,6.0,CHI,Zonotrichia,albicollis,Passerellidae,10133,Yes,Forest,Lower
2011-10-01,6.0,CHI,Zonotrichia,albicollis,Passerellidae,10133,Yes,Forest,Lower
2011-10-01,6.0,CHI,Seiurus,aurocapilla,Parulidae,4580,Yes,Forest,Lower
2011-10-01,6.0,CHI,Zonotrichia,albicollis,Passerellidae,10133,Yes,Forest,Lower
2011-10-01,6.0,CHI,Regulus,satrapa,Regulidae,1029,Yes,Forest,Upper
2011-10-01,6.0,CHI,Zonotrichia,albicollis,Passerellidae,10133,Yes,Forest,Lower
2011-10-01,6.0,CHI,Zonotrichia,albicollis,Passerellidae,10133,Yes,Forest,Lower
2011-10-01,6.0,CHI,Zonotrichia,albicollis,Passerellidae,10133,Yes,Forest,Lower
2011-10-01,6.0,CHI,Zonotrichia,albicollis,Passerellidae,10133,Yes,Forest,Lower
2011-10-01,6.0,CHI,Zonotrichia,albicollis,Passerellidae,10133,Yes,Forest,Lower
2011-10-01,6.0,CHI,Zonotrichia,albicollis,Passerellidae,10133,Yes,Forest,Lower
2011-10-01,6.0,CHI,Zonotrichia,albicollis,Passerellidae,10133,Yes,Forest,Lower
2011-10-01,6.0,CHI,Regulus,satrapa,Regulidae,1029,Yes,Forest,Upper
2011-10-01,6.0,CHI,Zonotrichia,albicollis,Passerellidae,10133,Yes,Forest,Lower
2011-10-01,6.0,CHI,Zonotrichia,albicollis,Passerellidae,10133,Yes,Forest,Lower
2011-10-01,6.0,CHI,Zonotrichia,albicollis,Passerellidae,10133,Yes,Forest,Lower
2011-10-01,6.0,CHI,Regulus,satrapa,Regulidae,1029,Yes,Forest,Upper
2011-10-01,6.0,CHI,Zonotrichia,albicollis,Passerellidae,10133,Yes,Forest,Lower
2011-10-01,6.0,CHI,Seiurus,aurocapilla,Parulidae,4580,Yes,Forest,Lower
2011-10-01,6.0,CHI,Seiurus,aurocapilla,Parulidae,4580,Yes,Forest,Lower
2011-10-01,6.0,CHI,Seiurus,aurocapilla,Parulidae,4580,Yes,Forest,Lower
2011-10-01,6.0,CHI,Seiurus,aurocapilla,Parulidae,4580,Yes,Forest,Lower
2011-10-01,6.0,CHI,Seiurus,aurocapilla,Parulidae,4580,Yes,Forest,Lower
2011-10-01,6.0,CHI,Seiurus,aurocapilla,Parulidae,4580,Yes,Forest,Lower
2011-10-01,6.0,CHI,Seiurus,aurocapilla,Parulidae,4580,Yes,Forest,Lower
2011-10-01,6.0,CHI,Setophaga,striata,Parulidae,787,Yes,Forest,Upper
2011-10-01,6.0,CHI,Seiurus,aurocapilla,Parulidae,4580,Yes,Forest,Lower
2011-10-01,6.0,CHI,Seiurus,aurocapilla,Parulidae,4580,Yes,Forest,Lower
2011-10-01,6.0,CHI,Seiurus,aurocapilla,Parulidae,4580,Yes,Forest,Lower
2011-10-01,6.0,CHI,Geothlypis,trichas,Parulidae,1555,Yes,Open,Lower
2011-10-01,6.0,CHI,Zonotrichia,albicollis,Passerellidae,10133,Yes,Forest,Lower
2011-10-01,6.0,CHI,Geothlypis,trichas,Parulidae,1555,Yes,Open,Lower
2011-10-01,6.0,CHI,Setophaga,coronata,Parulidae,887,yes,forest,Upper
2011-10-01,6.0,CHI,Zonotrichia,albicollis,Passerellidae,10133,Yes,Forest,Lower
2011-10-01,6.0,CHI,Setophaga,striata,Parulidae,787,Yes,Forest,Upper
2011-10-01,6.0,CHI,Zonotrichia,albicollis,Passerellidae,10133,Yes,Forest,Lower
2011-10-01,6.0,CHI,Regulus,satrapa,Regulidae,1029,Yes,Forest,Upper
2011-10-01,6.0,CHI,Zonotrichia,albicollis,Passerellidae,10133,Yes,Forest,Lower
2011-10-01,6.0,CHI,Seiurus,aurocapilla,Parulidae,4580,Yes,Forest,Lower
2011-10-01,6.0,CHI,Zonotrichia,albicollis,Passerellidae,10133,Yes,Forest,Lower
2011-10-01,6.0,CHI,Regulus,satrapa,Regulidae,1029,Yes,Forest,Upper
2011-10-01,6.0,CHI,Regulus,satrapa,Regulidae,1029,Yes,Forest,Upper
2011-10-01,6.0,CHI,Zonotrichia,albicollis,Passerellidae,10133,Yes,Forest,Lower
2011-10-01,6.0,CHI,Zonotrichia,albicollis,Passerellidae,10133,Yes,Forest,Lower
2011-10-01,6.0,CHI,Passerella,iliaca,Passerellidae,2443,Yes,Edge,Lower
2011-10-01,6.0,CHI,Regulus,calendula,Regulidae,416,No,Forest,Upper
2011-10-01,6.0,CHI,Zonotrichia,albicollis,Passerellidae,10133,Yes,Forest,Lower
2011-10-01,6.0,CHI,Zonotrichia,albicollis,Passerellidae,10133,Yes,Forest,Lower
2011-10-01,6.0,CHI,Zonotrichia,albicollis,Passerellidae,10133,Yes,Forest,Lower
2011-10-01,6.0,CHI,Zonotrichia,albicollis,Passerellidae,10133,Yes,Forest,Lower
2011-10-01,6.0,CHI,Junco,hyemalis,Passerellidae,6303,Yes,Edge,Lower
2011-10-01,6.0,CHI,Junco,hyemalis,Passerellidae,6303,Yes,Edge,Lower
2011-10-01,6.0,CHI,Junco,hyemalis,Passerellidae,6303,Yes,Edge,Lower
2011-10-01,6.0,CHI,Junco,hyemalis,Passerellidae,6303,Yes,Edge,Lower
2011-10-01,6.0,CHI,Junco,hyemalis,Passerellidae,6303,Yes,Edge,Lower
2011-10-01,6.0,CHI,Junco,hyemalis,Passerellidae,6303,Yes,Edge,Lower
2011-10-01,6.0,CHI,Junco,hyemalis,Passerellidae,6303,Yes,Edge,Lower
2011-10-01,6.0,CHI,Junco,hyemalis,Passerellidae,6303,Yes,Edge,Lower
2011-10-01,6.0,CHI,Catharus,guttatus,Turdidae,3729,Yes,Forest,Lower
2011-10-01,6.0,CHI,Zonotrichia,albicollis,Passerellidae,10133,Yes,Forest,Lower
2011-10-01,6.0,CHI,Zonotrichia,albicollis,Passerellidae,10133,Yes,Forest,Lower
2011-10-01,6.0,CHI,Catharus,guttatus,Turdidae,3729,Yes,Forest,Lower
2011-10-01,6.0,CHI,Zonotrichia,leucophrys,Passerellidae,1090,Yes,Edge,Lower
2011-10-01,6.0,CHI,troglodytes,hiemalis,Troglodytidae,474,No,Forest,Lower
2011-10-01,6.0,CHI,Zonotrichia,leucophrys,Passerellidae,1090,Yes,Edge,Lower
2011-10-01,6.0,CHI,Zonotrichia,leucophrys,Passerellidae,1090,Yes,Edge,Lower
2011-10-01,6.0,CHI,Zonotrichia,leucophrys,Passerellidae,1090,Yes,Edge,Lower
2011-10-01,6.0,CHI,Zonotrichia,albicollis,Passerellidae,10133,Yes,Forest,Lower
2011-10-01,6.0,CHI,Zonotrichia,albicollis,Passerellidae,10133,Yes,Forest,Lower
2011-10-01,6.0,MP,Zonotrichia,albicollis,Passerellidae,10133,Yes,Forest,Lower
2011-10-01,6.0,CHI,Zonotrichia,albicollis,Passerellidae,10133,Yes,Forest,Lower
2011-10-01,6.0,CHI,troglodytes,hiemalis,Troglodytidae,474,No,Forest,Lower
2011-10-01,6.0,CHI,troglodytes,hiemalis,Troglodytidae,474,No,Forest,Lower
2011-10-01,6.0,CHI,Catharus,guttatus,Turdidae,3729,Yes,Forest,Lower
2011-10-01,6.0,CHI,Setophaga,pinus,Parulidae,49,Yes,Forest,Upper
2011-10-01,6.0,CHI,Catharus,guttatus,Turdidae,3729,Yes,Forest,Lower
2011-10-01,6.0,CHI,Melospiza,lincolnii,Passerellidae,2029,yes,edge,Lower
2011-10-01,6.0,CHI,Melospiza,lincolnii,Passerellidae,2029,yes,edge,Lower
2011-10-01,6.0,CHI,Melospiza,lincolnii,Passerellidae,2029,yes,edge,Lower
2011-10-01,6.0,CHI,Zonotrichia,albicollis,Passerellidae,10133,Yes,Forest,Lower
2011-10-01,6.0,CHI,Melospiza,lincolnii,Passerellidae,2029,yes,edge,Lower
2011-10-01,6.0,CHI,Setophaga,palmarum,Parulidae,694,Yes,Edge,Lower
2011-10-01,6.0,CHI,Melospiza,lincolnii,Passerellidae,2029,yes,edge,Lower
2011-10-01,6.0,CHI,Melospiza,lincolnii,Passerellidae,2029,yes,edge,Lower
2011-10-01,6.0,CHI,Parkesia,noveboracensis,Parulidae,916,Yes,Forest,Lower
2011-10-01,6.0,CHI,Parkesia,noveboracensis,Parulidae,916,Yes,Forest,Lower
2011-10-01,6.0,CHI,Setophaga,magnolia,Parulidae,1224,yes,forest,Upper
2011-10-01,6.0,CHI,Passerculus,sandwichensis,Passerellidae,274,yes,open,Lower	
2011-10-01,6.0,CHI,Zonotrichia,albicollis,Passerellidae,10133,Yes,Forest,Lower
2011-10-01,6.0,CHI,Zonotrichia,albicollis,Passerellidae,10133,Yes,Forest,Lower
2011-10-01,6.0,CHI,Setophaga,magnolia,Parulidae,1224,yes,forest,Upper
2011-10-01,6.0,CHI,Zonotrichia,albicollis,Passerellidae,10133,Yes,Forest,Lower
2011-10-01,6.0,CHI,Catharus,guttatus,Turdidae,3729,Yes,Forest,Lower
2011-10-01,6.0,CHI,troglodytes,hiemalis,Troglodytidae,474,No,Forest,Lower
2011-10-01,6.0,CHI,Zonotrichia,albicollis,Passerellidae,10133,Yes,Forest,Lower
2011-10-01,6.0,CHI,Zonotrichia,albicollis,Passerellidae,10133,Yes,Forest,Lower
2011-10-01,6.0,CHI,Zonotrichia,albicollis,Passerellidae,10133,Yes,Forest,Lower
2011-10-01,6.0,CHI,Zonotrichia,albicollis,Passerellidae,10133,Yes,Forest,Lower
2011-10-01,6.0,CHI,Zonotrichia,leucophrys,Passerellidae,1090,Yes,Edge,Lower
2011-10-01,6.0,CHI,Oreothlypis,ruficapilla,Parulidae,1690,Yes,Forest,Upper
2011-10-01,6.0,CHI,Zonotrichia,albicollis,Passerellidae,10133,Yes,Forest,Lower
2011-10-01,6.0,CHI,Regulus,calendula,Regulidae,416,No,Forest,Upper
2011-10-01,6.0,CHI,Zonotrichia,albicollis,Passerellidae,10133,Yes,Forest,Lower
2011-10-01,6.0,CHI,Zonotrichia,albicollis,Passerellidae,10133,Yes,Forest,Lower
2011-10-01,6.0,CHI,Oreothlypis,ruficapilla,Parulidae,1690,Yes,Forest,Upper
2011-10-01,6.0,CHI,Zonotrichia,albicollis,Passerellidae,10133,Yes,Forest,Lower
2011-10-01,6.0,CHI,Zonotrichia,albicollis,Passerellidae,10133,Yes,Forest,Lower
2011-10-01,6.0,CHI,Zonotrichia,albicollis,Passerellidae,10133,Yes,Forest,Lower
2011-10-01,6.0,CHI,Zonotrichia,albicollis,Passerellidae,10133,Yes,Forest,Lower
2011-10-01,6.0,CHI,Zonotrichia,albicollis,Passerellidae,10133,Yes,Forest,Lower
2011-10-01,6.0,CHI,Zonotrichia,albicollis,Passerellidae,10133,Yes,Forest,Lower
2011-10-01,6.0,CHI,Zonotrichia,albicollis,Passerellidae,10133,Yes,Forest,Lower
2011-10-01,6.0,CHI,Zonotrichia,albicollis,Passerellidae,10133,Yes,Forest,Lower
2011-10-01,6.0,CHI,Zonotrichia,albicollis,Passerellidae,10133,Yes,Forest,Lower
2011-10-01,6.0,CHI,Oreothlypis,ruficapilla,Parulidae,1690,Yes,Forest,Upper
2011-10-01,6.0,CHI,Zonotrichia,albicollis,Passerellidae,10133,Yes,Forest,Lower
2011-10-01,6.0,CHI,Zonotrichia,albicollis,Passerellidae,10133,Yes,Forest,Lower
2011-10-01,6.0,CHI,Zonotrichia,albicollis,Passerellidae,10133,Yes,Forest,Lower
2011-10-01,6.0,CHI,Zonotrichia,albicollis,Passerellidae,10133,Yes,Forest,Lower
2011-10-01,6.0,CHI,Zonotrichia,albicollis,Passerellidae,10133,Yes,Forest,Lower
2011-10-01,6.0,CHI,Setophaga,caerulescens,Parulidae,183,Yes,Forest,Upper
2011-10-01,6.0,CHI,Zonotrichia,albicollis,Passerellidae,10133,Yes,Forest,Lower
2011-10-01,6.0,CHI,Zonotrichia,albicollis,Passerellidae,10133,Yes,Forest,Lower
2011-10-01,6.0,CHI,Zonotrichia,albicollis,Passerellidae,10133,Yes,Forest,Lower
2011-10-01,6.0,CHI,Zonotrichia,albicollis,Passerellidae,10133,Yes,Forest,Lower
2011-10-01,6.0,CHI,Zonotrichia,albicollis,Passerellidae,10133,Yes,Forest,Lower
2011-10-01,6.0,CHI,Zonotrichia,albicollis,Passerellidae,10133,Yes,Forest,Lower
2011-10-01,6.0,CHI,Zonotrichia,albicollis,Passerellidae,10133,Yes,Forest,Lower
2011-10-01,6.0,CHI,Zonotrichia,albicollis,Passerellidae,10133,Yes,Forest,Lower
2011-10-01,6.0,CHI,Zonotrichia,albicollis,Passerellidae,10133,Yes,Forest,Lower
2011-10-01,6.0,CHI,Zonotrichia,albicollis,Passerellidae,10133,Yes,Forest,Lower
2011-10-01,6.0,CHI,Zonotrichia,albicollis,Passerellidae,10133,Yes,Forest,Lower
2011-10-01,6.0,CHI,Zonotrichia,albicollis,Passerellidae,10133,Yes,Forest,Lower
2011-10-03,3.0,CHI,Zonotrichia,albicollis,Passerellidae,10133,Yes,Forest,Lower
2011-10-03,3.0,CHI,Zonotrichia,albicollis,Passerellidae,10133,Yes,Forest,Lower
2011-10-03,3.0,CHI,Troglodytes,aedon,Troglodytidae,104,No,Edge,Lower
2011-10-03,3.0,MP,Catharus,minimus,Turdidae,822,Yes,Forest,Lower
2011-10-03,3.0,CHI,Catharus,guttatus,Turdidae,3729,Yes,Forest,Lower
2011-10-03,3.0,CHI,Regulus,calendula,Regulidae,416,No,Forest,Upper
2011-10-03,3.0,CHI,Zonotrichia,albicollis,Passerellidae,10133,Yes,Forest,Lower
2011-10-03,3.0,CHI,Passerella,iliaca,Passerellidae,2443,Yes,Edge,Lower
2011-10-03,3.0,CHI,Melospiza,lincolnii,Passerellidae,2029,yes,edge,Lower
2011-10-03,3.0,CHI,troglodytes,hiemalis,Troglodytidae,474,No,Forest,Lower
2011-10-03,3.0,CHI,Setophaga,coronata,Parulidae,887,yes,forest,Upper
2011-10-03,3.0,CHI,Zonotrichia,leucophrys,Passerellidae,1090,Yes,Edge,Lower
2011-10-03,3.0,CHI,Zonotrichia,leucophrys,Passerellidae,1090,Yes,Edge,Lower
2011-10-03,3.0,CHI,Regulus,calendula,Regulidae,416,No,Forest,Upper
2011-10-03,3.0,CHI,Seiurus,aurocapilla,Parulidae,4580,Yes,Forest,Lower
2011-10-03,3.0,CHI,Zonotrichia,leucophrys,Passerellidae,1090,Yes,Edge,Lower
2011-10-03,3.0,CHI,Regulus,calendula,Regulidae,416,No,Forest,Upper
2011-10-03,3.0,CHI,Zonotrichia,albicollis,Passerellidae,10133,Yes,Forest,Lower
2011-10-03,3.0,MP,Zonotrichia,albicollis,Passerellidae,10133,Yes,Forest,Lower
2011-10-03,3.0,CHI,Junco,hyemalis,Passerellidae,6303,Yes,Edge,Lower
2011-10-03,3.0,CHI,Zonotrichia,albicollis,Passerellidae,10133,Yes,Forest,Lower
2011-10-03,3.0,CHI,Junco,hyemalis,Passerellidae,6303,Yes,Edge,Lower
2011-10-03,3.0,CHI,Zonotrichia,albicollis,Passerellidae,10133,Yes,Forest,Lower
2011-10-03,3.0,CHI,Junco,hyemalis,Passerellidae,6303,Yes,Edge,Lower
2011-10-03,3.0,CHI,Oreothlypis,peregrina,Parulidae,2515,Yes,Edge,Upper
2011-10-03,3.0,CHI,Setophaga,striata,Parulidae,787,Yes,Forest,Upper
2011-10-03,3.0,CHI,Setophaga,striata,Parulidae,787,Yes,Forest,Upper
2011-10-03,3.0,CHI,Catharus,guttatus,Turdidae,3729,Yes,Forest,Lower
2011-10-03,3.0,CHI,Zonotrichia,albicollis,Passerellidae,10133,Yes,Forest,Lower
2011-10-03,3.0,CHI,Zonotrichia,albicollis,Passerellidae,10133,Yes,Forest,Lower
2011-10-03,3.0,CHI,Zonotrichia,albicollis,Passerellidae,10133,Yes,Forest,Lower
2011-10-03,3.0,CHI,Zonotrichia,albicollis,Passerellidae,10133,Yes,Forest,Lower
2011-10-03,3.0,CHI,Zonotrichia,albicollis,Passerellidae,10133,Yes,Forest,Lower
2011-10-03,3.0,CHI,Zonotrichia,albicollis,Passerellidae,10133,Yes,Forest,Lower
2011-10-03,3.0,CHI,Zonotrichia,albicollis,Passerellidae,10133,Yes,Forest,Lower
2011-10-03,3.0,CHI,Zonotrichia,albicollis,Passerellidae,10133,Yes,Forest,Lower
2011-10-03,3.0,CHI,Junco,hyemalis,Passerellidae,6303,Yes,Edge,Lower
2011-10-03,3.0,MP,Catharus,guttatus,Turdidae,3729,Yes,Forest,Lower
2011-10-03,3.0,CHI,Junco,hyemalis,Passerellidae,6303,Yes,Edge,Lower
2011-10-03,3.0,CHI,Catharus,guttatus,Turdidae,3729,Yes,Forest,Lower
2011-10-03,3.0,CHI,Zonotrichia,albicollis,Passerellidae,10133,Yes,Forest,Lower
2011-10-03,3.0,CHI,Catharus,guttatus,Turdidae,3729,Yes,Forest,Lower
2011-10-03,3.0,CHI,Zonotrichia,albicollis,Passerellidae,10133,Yes,Forest,Lower
2011-10-04,3.0,CHI,Catharus,guttatus,Turdidae,3729,Yes,Forest,Lower
2011-10-04,3.0,CHI,Seiurus,aurocapilla,Parulidae,4580,Yes,Forest,Lower
2011-10-04,3.0,CHI,Zonotrichia,leucophrys,Passerellidae,1090,Yes,Edge,Lower
2011-10-04,3.0,CHI,Catharus,minimus,Turdidae,822,Yes,Forest,Lower
2011-10-04,3.0,CHI,Zonotrichia,albicollis,Passerellidae,10133,Yes,Forest,Lower
2011-10-04,3.0,CHI,Zonotrichia,albicollis,Passerellidae,10133,Yes,Forest,Lower
2011-10-04,3.0,CHI,Zonotrichia,albicollis,Passerellidae,10133,Yes,Forest,Lower
2011-10-04,3.0,CHI,Catharus,guttatus,Turdidae,3729,Yes,Forest,Lower
2011-10-04,3.0,CHI,Ammodramus,savannarum,Passerellidae,106,Yes,Open,Lower
2011-10-04,3.0,CHI,Seiurus,aurocapilla,Parulidae,4580,Yes,Forest,Lower
2011-10-04,3.0,CHI,Oreothlypis,ruficapilla,Parulidae,1690,Yes,Forest,Upper
2011-10-04,3.0,CHI,Catharus,guttatus,Turdidae,3729,Yes,Forest,Lower
2011-10-04,3.0,CHI,Zonotrichia,albicollis,Passerellidae,10133,Yes,Forest,Lower
2011-10-04,3.0,CHI,Melospiza,lincolnii,Passerellidae,2029,yes,edge,Lower
2011-10-04,3.0,CHI,Zonotrichia,albicollis,Passerellidae,10133,Yes,Forest,Lower
2011-10-04,3.0,CHI,Geothlypis,trichas,Parulidae,1555,Yes,Open,Lower
2011-10-04,3.0,CHI,Catharus,guttatus,Turdidae,3729,Yes,Forest,Lower
2011-10-04,3.0,CHI,Zonotrichia,albicollis,Passerellidae,10133,Yes,Forest,Lower
2011-10-04,3.0,CHI,Zonotrichia,albicollis,Passerellidae,10133,Yes,Forest,Lower
2011-10-04,3.0,CHI,Zonotrichia,albicollis,Passerellidae,10133,Yes,Forest,Lower
2011-10-04,3.0,CHI,Zonotrichia,albicollis,Passerellidae,10133,Yes,Forest,Lower
2011-10-04,3.0,MP,Zonotrichia,albicollis,Passerellidae,10133,Yes,Forest,Lower
2011-10-04,3.0,CHI,Seiurus,aurocapilla,Parulidae,4580,Yes,Forest,Lower
2011-10-04,3.0,CHI,Zonotrichia,albicollis,Passerellidae,10133,Yes,Forest,Lower
2011-10-06,16.0,CHI,Oreothlypis,ruficapilla,Parulidae,1690,Yes,Forest,Upper
2011-10-06,16.0,CHI,Oreothlypis,ruficapilla,Parulidae,1690,Yes,Forest,Upper
2011-10-06,16.0,CHI,Melospiza,lincolnii,Passerellidae,2029,yes,edge,Lower
2011-10-06,16.0,CHI,Zonotrichia,leucophrys,Passerellidae,1090,Yes,Edge,Lower
2011-10-06,16.0,CHI,Oreothlypis,ruficapilla,Parulidae,1690,Yes,Forest,Upper
2011-10-06,16.0,CHI,Melospiza,lincolnii,Passerellidae,2029,yes,edge,Lower
2011-10-06,16.0,CHI,Zonotrichia,albicollis,Passerellidae,10133,Yes,Forest,Lower
2011-10-06,16.0,MP,Zonotrichia,leucophrys,Passerellidae,1090,Yes,Edge,Lower
2011-10-06,16.0,MP,Catharus,guttatus,Turdidae,3729,Yes,Forest,Lower
2011-10-06,16.0,CHI,Oreothlypis,peregrina,Parulidae,2515,Yes,Edge,Upper
2011-10-06,16.0,MP,Oreothlypis,peregrina,Parulidae,2515,Yes,Edge,Upper
2011-10-06,16.0,MP,Zonotrichia,albicollis,Passerellidae,10133,Yes,Forest,Lower
2011-10-06,16.0,MP,Zonotrichia,albicollis,Passerellidae,10133,Yes,Forest,Lower
2011-10-06,16.0,MP,Junco,hyemalis,Passerellidae,6303,Yes,Edge,Lower
2011-10-06,16.0,CHI,Zonotrichia,albicollis,Passerellidae,10133,Yes,Forest,Lower
2011-10-06,16.0,CHI,Junco,hyemalis,Passerellidae,6303,Yes,Edge,Lower
2011-10-06,16.0,CHI,Setophaga,striata,Parulidae,787,Yes,Forest,Upper
2011-10-06,16.0,CHI,Oreothlypis,ruficapilla,Parulidae,1690,Yes,Forest,Upper
2011-10-06,16.0,CHI,Zonotrichia,albicollis,Passerellidae,10133,Yes,Forest,Lower
2011-10-07,16.0,MP,Zonotrichia,leucophrys,Passerellidae,1090,Yes,Edge,Lower
2011-10-07,16.0,MP,Zonotrichia,leucophrys,Passerellidae,1090,Yes,Edge,Lower
2011-10-07,16.0,CHI,Zonotrichia,albicollis,Passerellidae,10133,Yes,Forest,Lower
2011-10-07,16.0,MP,Zonotrichia,albicollis,Passerellidae,10133,Yes,Forest,Lower
2011-10-07,16.0,CHI,Zonotrichia,albicollis,Passerellidae,10133,Yes,Forest,Lower
2011-10-07,16.0,CHI,Zonotrichia,albicollis,Passerellidae,10133,Yes,Forest,Lower
2011-10-07,16.0,CHI,Setophaga,virens,Parulidae,223,Yes,Forest,Upper
2011-10-07,16.0,MP,Catharus,guttatus,Turdidae,3729,Yes,Forest,Lower
2011-10-07,16.0,CHI,Oreothlypis,peregrina,Parulidae,2515,Yes,Edge,Upper
2011-10-07,16.0,MP,Melospiza,lincolnii,Passerellidae,2029,yes,edge,Lower
2011-10-07,16.0,MP,dumetella,carolinensis,Mimidae,599,no,edge,Lower
2011-10-07,16.0,MP,Melospiza,lincolnii,Passerellidae,2029,yes,edge,Lower
2011-10-07,16.0,MP,Melospiza,lincolnii,Passerellidae,2029,yes,edge,Lower
2011-10-07,16.0,MP,Melospiza,lincolnii,Passerellidae,2029,yes,edge,Lower
2011-10-07,16.0,CHI,Geothlypis,trichas,Parulidae,1555,Yes,Open,Lower
2011-10-07,16.0,CHI,Oreothlypis,ruficapilla,Parulidae,1690,Yes,Forest,Upper
2011-10-08,17.0,CHI,Zonotrichia,albicollis,Passerellidae,10133,Yes,Forest,Lower
2011-10-08,17.0,CHI,Seiurus,aurocapilla,Parulidae,4580,Yes,Forest,Lower
2011-10-08,17.0,CHI,Oreothlypis,ruficapilla,Parulidae,1690,Yes,Forest,Upper
2011-10-08,17.0,MP,Pheucticus,ludovicianus,Cardinalidae,397,Yes,Forest,Upper
2011-10-09,15.0,CHI,Oreothlypis,peregrina,Parulidae,2515,Yes,Edge,Upper
2011-10-09,15.0,CHI,Zonotrichia,albicollis,Passerellidae,10133,Yes,Forest,Lower
2011-10-09,15.0,CHI,Zonotrichia,leucophrys,Passerellidae,1090,Yes,Edge,Lower
2011-10-09,15.0,MP,Passerella,iliaca,Passerellidae,2443,Yes,Edge,Lower
2011-10-09,15.0,CHI,Oreothlypis,celata,Parulidae,227,Yes,Edge,Lower
2011-10-09,15.0,CHI,catharus,ustulatus,Turdidae,2331,Yes,Forest,Lower
2011-10-11,17.0,CHI,Catharus,guttatus,Turdidae,3729,Yes,Forest,Lower
2011-10-11,17.0,CHI,Setophaga,coronata,Parulidae,887,yes,forest,Upper
2011-10-11,17.0,CHI,Oreothlypis,ruficapilla,Parulidae,1690,Yes,Forest,Upper
2011-10-11,17.0,CHI,Melospiza,lincolnii,Passerellidae,2029,yes,edge,Lower
2011-10-11,17.0,MP,Melospiza,lincolnii,Passerellidae,2029,yes,edge,Lower
2011-10-11,17.0,CHI,Passerina,cyanea,Cardinalidae,725,yes,edge,Upper
2011-10-11,17.0,CHI,Oreothlypis,ruficapilla,Parulidae,1690,Yes,Forest,Upper
2011-10-11,17.0,CHI,Seiurus,aurocapilla,Parulidae,4580,Yes,Forest,Lower
2011-10-11,17.0,CHI,Zonotrichia,albicollis,Passerellidae,10133,Yes,Forest,Lower
2011-10-11,17.0,CHI,Oreothlypis,ruficapilla,Parulidae,1690,Yes,Forest,Upper
2011-10-11,17.0,MP,Zonotrichia,leucophrys,Passerellidae,1090,Yes,Edge,Lower
2011-10-11,17.0,MP,Zonotrichia,leucophrys,Passerellidae,1090,Yes,Edge,Lower
2011-10-11,17.0,CHI,Zonotrichia,albicollis,Passerellidae,10133,Yes,Forest,Lower
2011-10-12,17.0,CHI,Zonotrichia,albicollis,Passerellidae,10133,Yes,Forest,Lower
2011-10-12,17.0,MP,Melospiza,lincolnii,Passerellidae,2029,yes,edge,Lower
2011-10-12,17.0,MP,Catharus,guttatus,Turdidae,3729,Yes,Forest,Lower
2011-10-12,17.0,CHI,Melospiza,lincolnii,Passerellidae,2029,yes,edge,Lower
2011-10-12,17.0,CHI,Passerella,iliaca,Passerellidae,2443,Yes,Edge,Lower
2011-10-12,17.0,CHI,Setophaga,striata,Parulidae,787,Yes,Forest,Upper
2011-10-12,17.0,CHI,Melospiza,lincolnii,Passerellidae,2029,yes,edge,Lower
2011-10-12,17.0,CHI,catharus,ustulatus,Turdidae,2331,Yes,Forest,Lower
2011-10-12,17.0,CHI,Zonotrichia,albicollis,Passerellidae,10133,Yes,Forest,Lower
2011-10-12,17.0,CHI,Setophaga,striata,Parulidae,787,Yes,Forest,Upper
2011-10-12,17.0,CHI,Spizella,pallida,Passerellidae,50,Yes,Open,Lower
2011-10-12,17.0,CHI,Parkesia,noveboracensis,Parulidae,916,Yes,Forest,Lower
2011-10-12,17.0,MP,Melospiza,lincolnii,Passerellidae,2029,yes,edge,Lower
2011-10-13,17.0,CHI,Seiurus,aurocapilla,Parulidae,4580,Yes,Forest,Lower
2011-10-13,17.0,CHI,Seiurus,aurocapilla,Parulidae,4580,Yes,Forest,Lower
2011-10-13,17.0,CHI,Oreothlypis,peregrina,Parulidae,2515,Yes,Edge,Upper
2011-10-13,17.0,MP,Zonotrichia,leucophrys,Passerellidae,1090,Yes,Edge,Lower
2011-10-13,17.0,CHI,Oreothlypis,peregrina,Parulidae,2515,Yes,Edge,Upper
2011-10-13,17.0,CHI,Zonotrichia,albicollis,Passerellidae,10133,Yes,Forest,Lower
2011-10-13,17.0,MP,Zonotrichia,albicollis,Passerellidae,10133,Yes,Forest,Lower
2011-10-13,17.0,CHI,Oreothlypis,ruficapilla,Parulidae,1690,Yes,Forest,Upper
2011-10-13,17.0,CHI,Oreothlypis,ruficapilla,Parulidae,1690,Yes,Forest,Upper
2011-10-13,17.0,CHI,Seiurus,aurocapilla,Parulidae,4580,Yes,Forest,Lower
2011-10-13,17.0,CHI,Zonotrichia,albicollis,Passerellidae,10133,Yes,Forest,Lower
2011-10-13,17.0,CHI,Seiurus,aurocapilla,Parulidae,4580,Yes,Forest,Lower
2011-10-13,17.0,MP,Zonotrichia,albicollis,Passerellidae,10133,Yes,Forest,Lower
2011-10-13,17.0,CHI,Catharus,guttatus,Turdidae,3729,Yes,Forest,Lower
2011-10-13,17.0,MP,catharus,ustulatus,Turdidae,2331,Yes,Forest,Lower
2011-10-13,17.0,MP,Zonotrichia,albicollis,Passerellidae,10133,Yes,Forest,Lower
2011-10-13,17.0,MP,dumetella,carolinensis,Mimidae,599,no,edge,Lower
2011-10-13,17.0,MP,Oreothlypis,peregrina,Parulidae,2515,Yes,Edge,Upper
2011-10-13,17.0,CHI,Zonotrichia,albicollis,Passerellidae,10133,Yes,Forest,Lower
2011-10-14,17.0,MP,Zonotrichia,leucophrys,Passerellidae,1090,Yes,Edge,Lower
2011-10-14,17.0,CHI,Zonotrichia,leucophrys,Passerellidae,1090,Yes,Edge,Lower
2011-10-14,17.0,CHI,Setophaga,palmarum,Parulidae,694,Yes,Edge,Lower
2011-10-14,17.0,MP,Zonotrichia,leucophrys,Passerellidae,1090,Yes,Edge,Lower
2011-10-14,17.0,MP,Passerella,iliaca,Passerellidae,2443,Yes,Edge,Lower
2011-10-14,17.0,CHI,catharus,ustulatus,Turdidae,2331,Yes,Forest,Lower
2011-10-14,17.0,CHI,Setophaga,palmarum,Parulidae,694,Yes,Edge,Lower
2011-10-14,17.0,CHI,Oreothlypis,peregrina,Parulidae,2515,Yes,Edge,Upper
2011-10-14,17.0,MP,Oreothlypis,peregrina,Parulidae,2515,Yes,Edge,Upper
2011-10-14,17.0,CHI,Seiurus,aurocapilla,Parulidae,4580,Yes,Forest,Lower
2011-10-14,17.0,MP,Passerella,iliaca,Passerellidae,2443,Yes,Edge,Lower
2011-10-14,17.0,MP,Passerella,iliaca,Passerellidae,2443,Yes,Edge,Lower
2011-10-14,17.0,CHI,Seiurus,aurocapilla,Parulidae,4580,Yes,Forest,Lower
2011-10-14,17.0,CHI,catharus,ustulatus,Turdidae,2331,Yes,Forest,Lower
2011-10-14,17.0,CHI,Setophaga,magnolia,Parulidae,1224,yes,forest,Upper
2011-10-14,17.0,CHI,Catharus,guttatus,Turdidae,3729,Yes,Forest,Lower
2011-10-14,17.0,CHI,Oreothlypis,ruficapilla,Parulidae,1690,Yes,Forest,Upper
2011-10-14,17.0,MP,Passerella,iliaca,Passerellidae,2443,Yes,Edge,Lower
2011-10-14,17.0,MP,Passerella,iliaca,Passerellidae,2443,Yes,Edge,Lower
2011-10-14,17.0,CHI,Catharus,guttatus,Turdidae,3729,Yes,Forest,Lower
2011-10-14,17.0,MP,Catharus,guttatus,Turdidae,3729,Yes,Forest,Lower
2011-10-14,17.0,MP,Passerella,iliaca,Passerellidae,2443,Yes,Edge,Lower
2011-10-14,17.0,MP,Catharus,guttatus,Turdidae,3729,Yes,Forest,Lower
2011-10-14,17.0,CHI,Junco,hyemalis,Passerellidae,6303,Yes,Edge,Lower
2011-10-14,17.0,CHI,Seiurus,aurocapilla,Parulidae,4580,Yes,Forest,Lower
2011-10-14,17.0,CHI,Junco,hyemalis,Passerellidae,6303,Yes,Edge,Lower
2011-10-14,17.0,CHI,Zonotrichia,albicollis,Passerellidae,10133,Yes,Forest,Lower
2011-10-14,17.0,CHI,Passerella,iliaca,Passerellidae,2443,Yes,Edge,Lower
2011-10-14,17.0,CHI,Passerella,iliaca,Passerellidae,2443,Yes,Edge,Lower
2011-10-14,17.0,CHI,Zonotrichia,albicollis,Passerellidae,10133,Yes,Forest,Lower
2011-10-14,17.0,CHI,Zonotrichia,albicollis,Passerellidae,10133,Yes,Forest,Lower
2011-10-14,17.0,MP,Zonotrichia,albicollis,Passerellidae,10133,Yes,Forest,Lower
2011-10-14,17.0,CHI,Setophaga,coronata,Parulidae,887,yes,forest,Upper
2011-10-14,17.0,CHI,Setophaga,coronata,Parulidae,887,yes,forest,Upper
2011-10-14,17.0,CHI,Setophaga,coronata,Parulidae,887,yes,forest,Upper
2011-10-14,17.0,MP,Zonotrichia,albicollis,Passerellidae,10133,Yes,Forest,Lower
2011-10-14,17.0,MP,Zonotrichia,albicollis,Passerellidae,10133,Yes,Forest,Lower
2011-10-14,17.0,MP,Zonotrichia,albicollis,Passerellidae,10133,Yes,Forest,Lower
2011-10-14,17.0,MP,Zonotrichia,albicollis,Passerellidae,10133,Yes,Forest,Lower
2011-10-14,17.0,MP,Zonotrichia,albicollis,Passerellidae,10133,Yes,Forest,Lower
2011-10-14,17.0,MP,Zonotrichia,albicollis,Passerellidae,10133,Yes,Forest,Lower
2011-10-14,17.0,MP,Zonotrichia,albicollis,Passerellidae,10133,Yes,Forest,Lower
2011-10-14,17.0,MP,Zonotrichia,albicollis,Passerellidae,10133,Yes,Forest,Lower
2011-10-14,17.0,MP,Setophaga,coronata,Parulidae,887,yes,forest,Upper
2011-10-14,17.0,CHI,Zonotrichia,albicollis,Passerellidae,10133,Yes,Forest,Lower
2011-10-14,17.0,MP,Zonotrichia,albicollis,Passerellidae,10133,Yes,Forest,Lower
2011-10-14,17.0,MP,Zonotrichia,albicollis,Passerellidae,10133,Yes,Forest,Lower
2011-10-14,17.0,MP,Zonotrichia,albicollis,Passerellidae,10133,Yes,Forest,Lower
2011-10-16,17.0,MP,Passerella,iliaca,Passerellidae,2443,Yes,Edge,Lower
2011-10-16,17.0,MP,Catharus,guttatus,Turdidae,3729,Yes,Forest,Lower
2011-10-16,17.0,CHI,Junco,hyemalis,Passerellidae,6303,Yes,Edge,Lower
2011-10-16,17.0,CHI,Zonotrichia,albicollis,Passerellidae,10133,Yes,Forest,Lower
2011-10-16,17.0,CHI,Catharus,guttatus,Turdidae,3729,Yes,Forest,Lower
2011-10-16,17.0,MP,Setophaga,coronata,Parulidae,887,yes,forest,Upper
2011-10-16,17.0,MP,Zonotrichia,albicollis,Passerellidae,10133,Yes,Forest,Lower
2011-10-16,17.0,MP,Catharus,guttatus,Turdidae,3729,Yes,Forest,Lower
2011-10-16,17.0,CHI,Setophaga,coronata,Parulidae,887,yes,forest,Upper
2011-10-16,17.0,MP,Catharus,guttatus,Turdidae,3729,Yes,Forest,Lower
2011-10-16,17.0,CHI,Catharus,minimus,Turdidae,822,Yes,Forest,Lower
2011-10-16,17.0,CHI,Setophaga,coronata,Parulidae,887,yes,forest,Upper
2011-10-16,17.0,CHI,Catharus,guttatus,Turdidae,3729,Yes,Forest,Lower
2011-10-16,17.0,MP,Catharus,guttatus,Turdidae,3729,Yes,Forest,Lower
2011-10-16,17.0,CHI,Regulus,satrapa,Regulidae,1029,Yes,Forest,Upper
2011-10-16,17.0,CHI,Regulus,satrapa,Regulidae,1029,Yes,Forest,Upper
2011-10-16,17.0,CHI,Catharus,guttatus,Turdidae,3729,Yes,Forest,Lower
2011-10-16,17.0,CHI,Setophaga,palmarum,Parulidae,694,Yes,Edge,Lower
2011-10-16,17.0,CHI,Melospiza,lincolnii,Passerellidae,2029,yes,edge,Lower
2011-10-16,17.0,MP,Catharus,guttatus,Turdidae,3729,Yes,Forest,Lower
2011-10-16,17.0,CHI,Melospiza,lincolnii,Passerellidae,2029,yes,edge,Lower
2011-10-18,3.0,CHI,Zonotrichia,albicollis,Passerellidae,10133,Yes,Forest,Lower
2011-10-18,3.0,CHI,Junco,hyemalis,Passerellidae,6303,Yes,Edge,Lower
2011-10-18,3.0,CHI,Zonotrichia,albicollis,Passerellidae,10133,Yes,Forest,Lower
2011-10-18,3.0,CHI,Zonotrichia,albicollis,Passerellidae,10133,Yes,Forest,Lower
2011-10-18,3.0,CHI,Junco,hyemalis,Passerellidae,6303,Yes,Edge,Lower
2011-10-18,3.0,CHI,Zonotrichia,albicollis,Passerellidae,10133,Yes,Forest,Lower
2011-10-18,3.0,CHI,Junco,hyemalis,Passerellidae,6303,Yes,Edge,Lower
2011-10-18,3.0,CHI,Junco,hyemalis,Passerellidae,6303,Yes,Edge,Lower
2011-10-18,3.0,CHI,Catharus,guttatus,Turdidae,3729,Yes,Forest,Lower
2011-10-18,3.0,CHI,Zonotrichia,albicollis,Passerellidae,10133,Yes,Forest,Lower
2011-10-18,3.0,CHI,Catharus,guttatus,Turdidae,3729,Yes,Forest,Lower
2011-10-18,3.0,CHI,Zonotrichia,albicollis,Passerellidae,10133,Yes,Forest,Lower
2011-10-18,3.0,CHI,Zonotrichia,albicollis,Passerellidae,10133,Yes,Forest,Lower
2011-10-18,3.0,CHI,Zonotrichia,albicollis,Passerellidae,10133,Yes,Forest,Lower
2011-10-18,3.0,CHI,Catharus,guttatus,Turdidae,3729,Yes,Forest,Lower
2011-10-18,3.0,CHI,Catharus,guttatus,Turdidae,3729,Yes,Forest,Lower
2011-10-18,3.0,CHI,Zonotrichia,albicollis,Passerellidae,10133,Yes,Forest,Lower
2011-10-18,3.0,CHI,Catharus,guttatus,Turdidae,3729,Yes,Forest,Lower
2011-10-18,3.0,CHI,Catharus,guttatus,Turdidae,3729,Yes,Forest,Lower
2011-10-18,3.0,CHI,Zonotrichia,albicollis,Passerellidae,10133,Yes,Forest,Lower
2011-10-18,3.0,CHI,Catharus,guttatus,Turdidae,3729,Yes,Forest,Lower
2011-10-18,3.0,CHI,Catharus,guttatus,Turdidae,3729,Yes,Forest,Lower
2011-10-18,3.0,CHI,Zonotrichia,albicollis,Passerellidae,10133,Yes,Forest,Lower
2011-10-18,3.0,MP,Zonotrichia,albicollis,Passerellidae,10133,Yes,Forest,Lower
2011-10-18,3.0,CHI,Catharus,guttatus,Turdidae,3729,Yes,Forest,Lower
2011-10-18,3.0,CHI,Catharus,guttatus,Turdidae,3729,Yes,Forest,Lower
2011-10-18,3.0,CHI,Catharus,guttatus,Turdidae,3729,Yes,Forest,Lower
2011-10-18,3.0,CHI,Catharus,guttatus,Turdidae,3729,Yes,Forest,Lower
2011-10-18,3.0,CHI,Zonotrichia,albicollis,Passerellidae,10133,Yes,Forest,Lower
2011-10-18,3.0,CHI,Zonotrichia,albicollis,Passerellidae,10133,Yes,Forest,Lower
2011-10-18,3.0,MP,Zonotrichia,albicollis,Passerellidae,10133,Yes,Forest,Lower
2011-10-18,3.0,CHI,Junco,hyemalis,Passerellidae,6303,Yes,Edge,Lower
2011-10-18,3.0,CHI,Setophaga,pinus,Parulidae,49,Yes,Forest,Upper
2011-10-18,3.0,CHI,Catharus,guttatus,Turdidae,3729,Yes,Forest,Lower
2011-10-18,3.0,CHI,Junco,hyemalis,Passerellidae,6303,Yes,Edge,Lower
2011-10-18,3.0,CHI,Junco,hyemalis,Passerellidae,6303,Yes,Edge,Lower
2011-10-18,3.0,CHI,Junco,hyemalis,Passerellidae,6303,Yes,Edge,Lower
2011-10-18,3.0,CHI,Junco,hyemalis,Passerellidae,6303,Yes,Edge,Lower
2011-10-18,3.0,CHI,Junco,hyemalis,Passerellidae,6303,Yes,Edge,Lower
2011-10-18,3.0,CHI,Junco,hyemalis,Passerellidae,6303,Yes,Edge,Lower
2011-10-18,3.0,CHI,Passerella,iliaca,Passerellidae,2443,Yes,Edge,Lower
2011-10-18,3.0,CHI,Passerella,iliaca,Passerellidae,2443,Yes,Edge,Lower
2011-10-18,3.0,CHI,Junco,hyemalis,Passerellidae,6303,Yes,Edge,Lower
2011-10-18,3.0,CHI,Regulus,calendula,Regulidae,416,No,Forest,Upper
2011-10-18,3.0,CHI,Regulus,calendula,Regulidae,416,No,Forest,Upper
2011-10-18,3.0,CHI,Passerella,iliaca,Passerellidae,2443,Yes,Edge,Lower
2011-10-18,3.0,CHI,Regulus,calendula,Regulidae,416,No,Forest,Upper
2011-10-18,3.0,CHI,Junco,hyemalis,Passerellidae,6303,Yes,Edge,Lower
2011-10-18,3.0,CHI,Junco,hyemalis,Passerellidae,6303,Yes,Edge,Lower
2011-10-18,3.0,MP,Junco,hyemalis,Passerellidae,6303,Yes,Edge,Lower
2011-10-18,3.0,CHI,Passerella,iliaca,Passerellidae,2443,Yes,Edge,Lower
2011-10-18,3.0,CHI,Junco,hyemalis,Passerellidae,6303,Yes,Edge,Lower
2011-10-18,3.0,CHI,Junco,hyemalis,Passerellidae,6303,Yes,Edge,Lower
2011-10-18,3.0,CHI,Junco,hyemalis,Passerellidae,6303,Yes,Edge,Lower
2011-10-18,3.0,CHI,Junco,hyemalis,Passerellidae,6303,Yes,Edge,Lower
2011-10-18,3.0,CHI,Zonotrichia,albicollis,Passerellidae,10133,Yes,Forest,Lower
2011-10-18,3.0,CHI,Catharus,guttatus,Turdidae,3729,Yes,Forest,Lower
2011-10-18,3.0,CHI,Catharus,guttatus,Turdidae,3729,Yes,Forest,Lower
2011-10-18,3.0,CHI,Passerella,iliaca,Passerellidae,2443,Yes,Edge,Lower
2011-10-18,3.0,CHI,Catharus,guttatus,Turdidae,3729,Yes,Forest,Lower
2011-10-18,3.0,CHI,Catharus,guttatus,Turdidae,3729,Yes,Forest,Lower
2011-10-18,3.0,CHI,Junco,hyemalis,Passerellidae,6303,Yes,Edge,Lower
2011-10-18,3.0,CHI,Catharus,guttatus,Turdidae,3729,Yes,Forest,Lower
2011-10-18,3.0,MP,Catharus,guttatus,Turdidae,3729,Yes,Forest,Lower
2011-10-18,3.0,CHI,Zonotrichia,albicollis,Passerellidae,10133,Yes,Forest,Lower
2011-10-18,3.0,CHI,Setophaga,pinus,Parulidae,49,Yes,Forest,Upper
2011-10-18,3.0,CHI,Junco,hyemalis,Passerellidae,6303,Yes,Edge,Lower
2011-10-18,3.0,CHI,Zonotrichia,albicollis,Passerellidae,10133,Yes,Forest,Lower
2011-10-18,3.0,CHI,Junco,hyemalis,Passerellidae,6303,Yes,Edge,Lower
2011-10-18,3.0,CHI,Junco,hyemalis,Passerellidae,6303,Yes,Edge,Lower
2011-10-18,3.0,CHI,Catharus,guttatus,Turdidae,3729,Yes,Forest,Lower
2011-10-18,3.0,CHI,Junco,hyemalis,Passerellidae,6303,Yes,Edge,Lower
2011-10-18,3.0,CHI,Geothlypis,trichas,Parulidae,1555,Yes,Open,Lower
2011-10-18,3.0,CHI,Zonotrichia,albicollis,Passerellidae,10133,Yes,Forest,Lower
2011-10-18,3.0,CHI,Junco,hyemalis,Passerellidae,6303,Yes,Edge,Lower
2011-10-18,3.0,CHI,Junco,hyemalis,Passerellidae,6303,Yes,Edge,Lower
2011-10-18,3.0,CHI,Zonotrichia,albicollis,Passerellidae,10133,Yes,Forest,Lower
2011-10-18,3.0,CHI,Junco,hyemalis,Passerellidae,6303,Yes,Edge,Lower
2011-10-18,3.0,CHI,Zonotrichia,albicollis,Passerellidae,10133,Yes,Forest,Lower
2011-10-18,3.0,MP,troglodytes,hiemalis,Troglodytidae,474,No,Forest,Lower
2011-10-18,3.0,CHI,Regulus,satrapa,Regulidae,1029,Yes,Forest,Upper
2011-10-18,3.0,CHI,troglodytes,hiemalis,Troglodytidae,474,No,Forest,Lower
2011-10-18,3.0,CHI,Regulus,satrapa,Regulidae,1029,Yes,Forest,Upper
2011-10-18,3.0,CHI,Regulus,satrapa,Regulidae,1029,Yes,Forest,Upper
2011-10-18,3.0,CHI,troglodytes,hiemalis,Troglodytidae,474,No,Forest,Lower
2011-10-18,3.0,CHI,Regulus,satrapa,Regulidae,1029,Yes,Forest,Upper
2011-10-18,3.0,CHI,Setophaga,coronata,Parulidae,887,yes,forest,Upper
2011-10-18,3.0,CHI,Setophaga,coronata,Parulidae,887,yes,forest,Upper
2011-10-18,3.0,CHI,Zonotrichia,leucophrys,Passerellidae,1090,Yes,Edge,Lower
2011-10-19,3.0,CHI,Zonotrichia,albicollis,Passerellidae,10133,Yes,Forest,Lower
2011-10-19,3.0,CHI,Zonotrichia,albicollis,Passerellidae,10133,Yes,Forest,Lower
2011-10-19,3.0,CHI,Zonotrichia,albicollis,Passerellidae,10133,Yes,Forest,Lower
2011-10-19,3.0,CHI,Zonotrichia,albicollis,Passerellidae,10133,Yes,Forest,Lower
2011-10-19,3.0,CHI,Zonotrichia,albicollis,Passerellidae,10133,Yes,Forest,Lower
2011-10-19,3.0,CHI,Zonotrichia,albicollis,Passerellidae,10133,Yes,Forest,Lower
2011-10-19,3.0,CHI,Zonotrichia,albicollis,Passerellidae,10133,Yes,Forest,Lower
2011-10-19,3.0,CHI,Catharus,guttatus,Turdidae,3729,Yes,Forest,Lower
2011-10-19,3.0,CHI,Zonotrichia,albicollis,Passerellidae,10133,Yes,Forest,Lower
2011-10-19,3.0,CHI,Zonotrichia,albicollis,Passerellidae,10133,Yes,Forest,Lower
2011-10-19,3.0,CHI,Zonotrichia,albicollis,Passerellidae,10133,Yes,Forest,Lower
2011-10-19,3.0,CHI,Zonotrichia,albicollis,Passerellidae,10133,Yes,Forest,Lower
2011-10-19,3.0,CHI,Melospiza,melodia,Passerellidae,5124,Yes,Edge,Lower
2011-10-19,3.0,CHI,catharus,ustulatus,Turdidae,2331,Yes,Forest,Lower
2011-10-19,3.0,MP,Junco,hyemalis,Passerellidae,6303,Yes,Edge,Lower
2011-10-19,3.0,CHI,Zonotrichia,albicollis,Passerellidae,10133,Yes,Forest,Lower
2011-10-19,3.0,CHI,Zonotrichia,albicollis,Passerellidae,10133,Yes,Forest,Lower
2011-10-19,3.0,CHI,Catharus,guttatus,Turdidae,3729,Yes,Forest,Lower
2011-10-19,3.0,CHI,Zonotrichia,albicollis,Passerellidae,10133,Yes,Forest,Lower
2011-10-19,3.0,CHI,troglodytes,hiemalis,Troglodytidae,474,No,Forest,Lower
2011-10-19,3.0,CHI,troglodytes,hiemalis,Troglodytidae,474,No,Forest,Lower
2011-10-19,3.0,CHI,Melospiza,lincolnii,Passerellidae,2029,yes,edge,Lower
2011-10-19,3.0,CHI,Melospiza,lincolnii,Passerellidae,2029,yes,edge,Lower
2011-10-19,3.0,CHI,troglodytes,hiemalis,Troglodytidae,474,No,Forest,Lower
2011-10-19,3.0,CHI,troglodytes,hiemalis,Troglodytidae,474,No,Forest,Lower
2011-10-19,3.0,CHI,Catharus,guttatus,Turdidae,3729,Yes,Forest,Lower
2011-10-19,3.0,CHI,Zonotrichia,albicollis,Passerellidae,10133,Yes,Forest,Lower
2011-10-19,3.0,CHI,Catharus,guttatus,Turdidae,3729,Yes,Forest,Lower
2011-10-19,3.0,CHI,Catharus,guttatus,Turdidae,3729,Yes,Forest,Lower
2011-10-19,3.0,CHI,Catharus,guttatus,Turdidae,3729,Yes,Forest,Lower
2011-10-19,3.0,CHI,Catharus,guttatus,Turdidae,3729,Yes,Forest,Lower
2011-10-19,3.0,CHI,Regulus,calendula,Regulidae,416,No,Forest,Upper
2011-10-19,3.0,CHI,Junco,hyemalis,Passerellidae,6303,Yes,Edge,Lower
2011-10-19,3.0,MP,Catharus,guttatus,Turdidae,3729,Yes,Forest,Lower
2011-10-19,3.0,MP,Zonotrichia,albicollis,Passerellidae,10133,Yes,Forest,Lower
2011-10-19,3.0,CHI,Catharus,guttatus,Turdidae,3729,Yes,Forest,Lower
2011-10-19,3.0,CHI,Junco,hyemalis,Passerellidae,6303,Yes,Edge,Lower
2011-10-19,3.0,CHI,Catharus,guttatus,Turdidae,3729,Yes,Forest,Lower
2011-10-19,3.0,CHI,Junco,hyemalis,Passerellidae,6303,Yes,Edge,Lower
2011-10-19,3.0,CHI,Oreothlypis,ruficapilla,Parulidae,1690,Yes,Forest,Upper
2011-10-19,3.0,CHI,Oreothlypis,ruficapilla,Parulidae,1690,Yes,Forest,Upper
2011-10-19,3.0,CHI,Oreothlypis,celata,Parulidae,227,Yes,Edge,Lower
2011-10-19,3.0,CHI,dumetella,carolinensis,Mimidae,599,no,edge,Lower
2011-10-19,3.0,CHI,Junco,hyemalis,Passerellidae,6303,Yes,Edge,Lower
2011-10-19,3.0,CHI,Regulus,satrapa,Regulidae,1029,Yes,Forest,Upper
2011-10-19,3.0,MP,Setophaga,coronata,Parulidae,887,yes,forest,Upper
2011-10-19,3.0,CHI,Setophaga,coronata,Parulidae,887,yes,forest,Upper
2011-10-19,3.0,CHI,Junco,hyemalis,Passerellidae,6303,Yes,Edge,Lower
2011-10-19,3.0,CHI,Melospiza,lincolnii,Passerellidae,2029,yes,edge,Lower
2011-10-19,3.0,CHI,Junco,hyemalis,Passerellidae,6303,Yes,Edge,Lower
2011-10-19,3.0,CHI,Junco,hyemalis,Passerellidae,6303,Yes,Edge,Lower
2011-10-19,3.0,CHI,Junco,hyemalis,Passerellidae,6303,Yes,Edge,Lower
2011-10-20,14.0,CHI,Junco,hyemalis,Passerellidae,6303,Yes,Edge,Lower
2011-10-20,14.0,CHI,Zonotrichia,albicollis,Passerellidae,10133,Yes,Forest,Lower
2011-10-20,14.0,CHI,Junco,hyemalis,Passerellidae,6303,Yes,Edge,Lower
2011-10-20,14.0,CHI,Zonotrichia,albicollis,Passerellidae,10133,Yes,Forest,Lower
2011-10-20,14.0,CHI,Zonotrichia,albicollis,Passerellidae,10133,Yes,Forest,Lower
2011-10-20,14.0,MP,Zonotrichia,albicollis,Passerellidae,10133,Yes,Forest,Lower
2011-10-20,14.0,CHI,Zonotrichia,albicollis,Passerellidae,10133,Yes,Forest,Lower
2011-10-20,14.0,MP,Melospiza,melodia,Passerellidae,5124,Yes,Edge,Lower
2011-10-20,14.0,MP,Setophaga,coronata,Parulidae,887,yes,forest,Upper
2011-10-20,14.0,CHI,Regulus,calendula,Regulidae,416,No,Forest,Upper
2011-10-20,14.0,CHI,Zonotrichia,albicollis,Passerellidae,10133,Yes,Forest,Lower
2011-10-20,14.0,CHI,Zonotrichia,albicollis,Passerellidae,10133,Yes,Forest,Lower
2011-10-20,14.0,CHI,Zonotrichia,albicollis,Passerellidae,10133,Yes,Forest,Lower
2011-10-20,14.0,CHI,Zonotrichia,albicollis,Passerellidae,10133,Yes,Forest,Lower
2011-10-20,14.0,CHI,Zonotrichia,albicollis,Passerellidae,10133,Yes,Forest,Lower
2011-10-20,14.0,CHI,vireo,solitarius,Vireonidae,18,No,Forest,Upper
2011-10-20,14.0,MP,Melospiza,melodia,Passerellidae,5124,Yes,Edge,Lower
2011-10-20,14.0,CHI,troglodytes,hiemalis,Troglodytidae,474,No,Forest,Lower
2011-10-20,14.0,CHI,Spizelloides,arborea,Passerellidae,1262,Yes,Edge,Lower
2011-10-20,14.0,CHI,Zonotrichia,albicollis,Passerellidae,10133,Yes,Forest,Lower
2011-10-20,14.0,CHI,troglodytes,hiemalis,Troglodytidae,474,No,Forest,Lower
2011-10-20,14.0,CHI,Junco,hyemalis,Passerellidae,6303,Yes,Edge,Lower
2011-10-20,14.0,CHI,Catharus,guttatus,Turdidae,3729,Yes,Forest,Lower
2011-10-20,14.0,CHI,Zonotrichia,albicollis,Passerellidae,10133,Yes,Forest,Lower
2011-10-20,14.0,CHI,Catharus,guttatus,Turdidae,3729,Yes,Forest,Lower
2011-10-20,14.0,CHI,Zonotrichia,albicollis,Passerellidae,10133,Yes,Forest,Lower
2011-10-20,14.0,CHI,Catharus,guttatus,Turdidae,3729,Yes,Forest,Lower
2011-10-20,14.0,CHI,Junco,hyemalis,Passerellidae,6303,Yes,Edge,Lower
2011-10-20,14.0,CHI,Catharus,guttatus,Turdidae,3729,Yes,Forest,Lower
2011-10-20,14.0,CHI,Oreothlypis,ruficapilla,Parulidae,1690,Yes,Forest,Upper
2011-10-20,14.0,CHI,Passerella,iliaca,Passerellidae,2443,Yes,Edge,Lower
2011-10-20,14.0,MP,Zonotrichia,leucophrys,Passerellidae,1090,Yes,Edge,Lower
2011-10-20,14.0,CHI,Zonotrichia,albicollis,Passerellidae,10133,Yes,Forest,Lower
2011-10-21,14.0,MP,Junco,hyemalis,Passerellidae,6303,Yes,Edge,Lower
2011-10-21,14.0,MP,troglodytes,hiemalis,Troglodytidae,474,No,Forest,Lower
2011-10-21,14.0,MP,Junco,hyemalis,Passerellidae,6303,Yes,Edge,Lower
2011-10-21,14.0,MP,Zonotrichia,albicollis,Passerellidae,10133,Yes,Forest,Lower
2011-10-21,14.0,CHI,Zonotrichia,albicollis,Passerellidae,10133,Yes,Forest,Lower
2011-10-21,14.0,MP,Zonotrichia,albicollis,Passerellidae,10133,Yes,Forest,Lower
2011-10-21,14.0,CHI,Sitta,canadensis,Sittidae,260,Yes,Forest,Upper
2011-10-21,14.0,MP,Catharus,guttatus,Turdidae,3729,Yes,Forest,Lower
2011-10-21,14.0,CHI,Catharus,guttatus,Turdidae,3729,Yes,Forest,Lower
2011-10-21,14.0,MP,Junco,hyemalis,Passerellidae,6303,Yes,Edge,Lower
2011-10-21,14.0,MP,Junco,hyemalis,Passerellidae,6303,Yes,Edge,Lower
2011-10-21,14.0,MP,Junco,hyemalis,Passerellidae,6303,Yes,Edge,Lower
2011-10-21,14.0,MP,Passerella,iliaca,Passerellidae,2443,Yes,Edge,Lower
2011-10-21,14.0,CHI,Zonotrichia,leucophrys,Passerellidae,1090,Yes,Edge,Lower
2011-10-21,14.0,CHI,Zonotrichia,albicollis,Passerellidae,10133,Yes,Forest,Lower
2011-10-21,14.0,MP,Zonotrichia,albicollis,Passerellidae,10133,Yes,Forest,Lower
2011-10-21,14.0,MP,Junco,hyemalis,Passerellidae,6303,Yes,Edge,Lower
2011-10-21,14.0,MP,Zonotrichia,albicollis,Passerellidae,10133,Yes,Forest,Lower
2011-10-21,14.0,MP,Junco,hyemalis,Passerellidae,6303,Yes,Edge,Lower
2011-10-21,14.0,MP,Junco,hyemalis,Passerellidae,6303,Yes,Edge,Lower
2011-10-21,14.0,MP,Junco,hyemalis,Passerellidae,6303,Yes,Edge,Lower
2011-10-21,14.0,CHI,Zonotrichia,albicollis,Passerellidae,10133,Yes,Forest,Lower
2011-10-21,14.0,CHI,Zonotrichia,albicollis,Passerellidae,10133,Yes,Forest,Lower
2011-10-21,14.0,MP,troglodytes,hiemalis,Troglodytidae,474,No,Forest,Lower
2011-10-21,14.0,CHI,Zonotrichia,albicollis,Passerellidae,10133,Yes,Forest,Lower
2011-10-21,14.0,MP,Melospiza,melodia,Passerellidae,5124,Yes,Edge,Lower
2011-10-21,14.0,CHI,Junco,hyemalis,Passerellidae,6303,Yes,Edge,Lower
2011-10-21,14.0,CHI,Zonotrichia,albicollis,Passerellidae,10133,Yes,Forest,Lower
2011-10-21,14.0,CHI,Seiurus,aurocapilla,Parulidae,4580,Yes,Forest,Lower
2011-10-21,14.0,CHI,Junco,hyemalis,Passerellidae,6303,Yes,Edge,Lower
2011-10-21,14.0,CHI,Catharus,guttatus,Turdidae,3729,Yes,Forest,Lower
2011-10-21,14.0,CHI,Passerella,iliaca,Passerellidae,2443,Yes,Edge,Lower
2011-10-21,14.0,CHI,Zonotrichia,albicollis,Passerellidae,10133,Yes,Forest,Lower
2011-10-21,14.0,MP,Junco,hyemalis,Passerellidae,6303,Yes,Edge,Lower
2011-10-21,14.0,MP,Melospiza,melodia,Passerellidae,5124,Yes,Edge,Lower
2011-10-21,14.0,MP,Catharus,guttatus,Turdidae,3729,Yes,Forest,Lower
2011-10-22,17.0,CHI,Zonotrichia,albicollis,Passerellidae,10133,Yes,Forest,Lower
2011-10-22,17.0,MP,Passerella,iliaca,Passerellidae,2443,Yes,Edge,Lower
2011-10-22,17.0,MP,Melospiza,melodia,Passerellidae,5124,Yes,Edge,Lower
2011-10-22,17.0,MP,Zonotrichia,albicollis,Passerellidae,10133,Yes,Forest,Lower
2011-10-22,17.0,CHI,Oreothlypis,celata,Parulidae,227,Yes,Edge,Lower
2011-10-22,17.0,CHI,Junco,hyemalis,Passerellidae,6303,Yes,Edge,Lower
2011-10-22,17.0,CHI,Junco,hyemalis,Passerellidae,6303,Yes,Edge,Lower
2011-10-22,17.0,CHI,Zonotrichia,albicollis,Passerellidae,10133,Yes,Forest,Lower
2011-10-22,17.0,CHI,Junco,hyemalis,Passerellidae,6303,Yes,Edge,Lower
2011-10-22,17.0,CHI,Passerella,iliaca,Passerellidae,2443,Yes,Edge,Lower
2011-10-22,17.0,MP,Passerella,iliaca,Passerellidae,2443,Yes,Edge,Lower
2011-10-22,17.0,CHI,Zonotrichia,albicollis,Passerellidae,10133,Yes,Forest,Lower
2011-10-22,17.0,CHI,troglodytes,hiemalis,Troglodytidae,474,No,Forest,Lower
2011-10-22,17.0,CHI,Zonotrichia,albicollis,Passerellidae,10133,Yes,Forest,Lower
2011-10-22,17.0,MP,Catharus,guttatus,Turdidae,3729,Yes,Forest,Lower
2011-10-22,17.0,MP,Junco,hyemalis,Passerellidae,6303,Yes,Edge,Lower
2011-10-22,17.0,MP,Catharus,guttatus,Turdidae,3729,Yes,Forest,Lower
2011-10-22,17.0,MP,Zonotrichia,leucophrys,Passerellidae,1090,Yes,Edge,Lower
2011-10-22,17.0,MP,Junco,hyemalis,Passerellidae,6303,Yes,Edge,Lower
2011-10-22,17.0,CHI,Junco,hyemalis,Passerellidae,6303,Yes,Edge,Lower
2011-10-22,17.0,CHI,Regulus,satrapa,Regulidae,1029,Yes,Forest,Upper
2011-10-22,17.0,MP,Passerella,iliaca,Passerellidae,2443,Yes,Edge,Lower
2011-10-22,17.0,CHI,Junco,hyemalis,Passerellidae,6303,Yes,Edge,Lower
2011-10-22,17.0,MP,Junco,hyemalis,Passerellidae,6303,Yes,Edge,Lower
2011-10-22,17.0,CHI,Catharus,guttatus,Turdidae,3729,Yes,Forest,Lower
2011-10-22,17.0,CHI,Zonotrichia,albicollis,Passerellidae,10133,Yes,Forest,Lower
2011-10-22,17.0,CHI,Zonotrichia,albicollis,Passerellidae,10133,Yes,Forest,Lower
2011-10-22,17.0,CHI,Zonotrichia,albicollis,Passerellidae,10133,Yes,Forest,Lower
2011-10-22,17.0,CHI,Passerella,iliaca,Passerellidae,2443,Yes,Edge,Lower
2011-10-22,17.0,CHI,Catharus,guttatus,Turdidae,3729,Yes,Forest,Lower
2011-10-22,17.0,CHI,Zonotrichia,albicollis,Passerellidae,10133,Yes,Forest,Lower
2011-10-22,17.0,MP,Catharus,guttatus,Turdidae,3729,Yes,Forest,Lower
2011-10-22,17.0,CHI,Catharus,guttatus,Turdidae,3729,Yes,Forest,Lower
2011-10-22,17.0,CHI,troglodytes,hiemalis,Troglodytidae,474,No,Forest,Lower
2011-10-22,17.0,CHI,Zonotrichia,albicollis,Passerellidae,10133,Yes,Forest,Lower
2011-10-22,17.0,CHI,Regulus,satrapa,Regulidae,1029,Yes,Forest,Upper
2011-10-23,17.0,CHI,Catharus,guttatus,Turdidae,3729,Yes,Forest,Lower
2011-10-23,17.0,CHI,Catharus,guttatus,Turdidae,3729,Yes,Forest,Lower
2011-10-23,17.0,MP,Catharus,guttatus,Turdidae,3729,Yes,Forest,Lower
2011-10-23,17.0,MP,Passerella,iliaca,Passerellidae,2443,Yes,Edge,Lower
2011-10-23,17.0,MP,Junco,hyemalis,Passerellidae,6303,Yes,Edge,Lower
2011-10-23,17.0,MP,Regulus,satrapa,Regulidae,1029,Yes,Forest,Upper
2011-10-23,17.0,MP,Junco,hyemalis,Passerellidae,6303,Yes,Edge,Lower
2011-10-23,17.0,MP,Catharus,guttatus,Turdidae,3729,Yes,Forest,Lower
2011-10-23,17.0,CHI,Junco,hyemalis,Passerellidae,6303,Yes,Edge,Lower
2011-10-23,17.0,MP,Catharus,guttatus,Turdidae,3729,Yes,Forest,Lower
2011-10-23,17.0,CHI,Catharus,guttatus,Turdidae,3729,Yes,Forest,Lower
2011-10-23,17.0,MP,Catharus,guttatus,Turdidae,3729,Yes,Forest,Lower
2011-10-23,17.0,CHI,Regulus,satrapa,Regulidae,1029,Yes,Forest,Upper
2011-10-23,17.0,CHI,Catharus,guttatus,Turdidae,3729,Yes,Forest,Lower
2011-10-23,17.0,CHI,Junco,hyemalis,Passerellidae,6303,Yes,Edge,Lower
2011-10-23,17.0,CHI,Regulus,satrapa,Regulidae,1029,Yes,Forest,Upper
2011-10-23,17.0,MP,Junco,hyemalis,Passerellidae,6303,Yes,Edge,Lower
2011-10-23,17.0,MP,Catharus,guttatus,Turdidae,3729,Yes,Forest,Lower
2011-10-23,17.0,CHI,Catharus,guttatus,Turdidae,3729,Yes,Forest,Lower
2011-10-23,17.0,CHI,Junco,hyemalis,Passerellidae,6303,Yes,Edge,Lower
2011-10-23,17.0,CHI,Junco,hyemalis,Passerellidae,6303,Yes,Edge,Lower
2011-10-23,17.0,MP,Junco,hyemalis,Passerellidae,6303,Yes,Edge,Lower
2011-10-23,17.0,CHI,Junco,hyemalis,Passerellidae,6303,Yes,Edge,Lower
2011-10-23,17.0,MP,Junco,hyemalis,Passerellidae,6303,Yes,Edge,Lower
2011-10-23,17.0,CHI,troglodytes,hiemalis,Troglodytidae,474,No,Forest,Lower
2011-10-23,17.0,CHI,Zonotrichia,albicollis,Passerellidae,10133,Yes,Forest,Lower
2011-10-23,17.0,CHI,Zonotrichia,albicollis,Passerellidae,10133,Yes,Forest,Lower
2011-10-23,17.0,MP,Junco,hyemalis,Passerellidae,6303,Yes,Edge,Lower
2011-10-23,17.0,CHI,Junco,hyemalis,Passerellidae,6303,Yes,Edge,Lower
2011-10-23,17.0,MP,Junco,hyemalis,Passerellidae,6303,Yes,Edge,Lower
2011-10-23,17.0,CHI,Junco,hyemalis,Passerellidae,6303,Yes,Edge,Lower
2011-10-23,17.0,CHI,Junco,hyemalis,Passerellidae,6303,Yes,Edge,Lower
2011-10-23,17.0,CHI,Zonotrichia,albicollis,Passerellidae,10133,Yes,Forest,Lower
2011-10-23,17.0,CHI,Catharus,guttatus,Turdidae,3729,Yes,Forest,Lower
2011-10-23,17.0,CHI,Junco,hyemalis,Passerellidae,6303,Yes,Edge,Lower
2011-10-23,17.0,MP,Zonotrichia,albicollis,Passerellidae,10133,Yes,Forest,Lower
2011-10-23,17.0,CHI,Junco,hyemalis,Passerellidae,6303,Yes,Edge,Lower
2011-10-23,17.0,CHI,Passerella,iliaca,Passerellidae,2443,Yes,Edge,Lower
2011-10-23,17.0,CHI,Zonotrichia,albicollis,Passerellidae,10133,Yes,Forest,Lower
2011-10-23,17.0,MP,Passerella,iliaca,Passerellidae,2443,Yes,Edge,Lower
2011-10-23,17.0,MP,Junco,hyemalis,Passerellidae,6303,Yes,Edge,Lower
2011-10-23,17.0,CHI,Junco,hyemalis,Passerellidae,6303,Yes,Edge,Lower
2011-10-23,17.0,MP,Junco,hyemalis,Passerellidae,6303,Yes,Edge,Lower
2011-10-23,17.0,CHI,Passerella,iliaca,Passerellidae,2443,Yes,Edge,Lower
2011-10-23,17.0,CHI,Regulus,calendula,Regulidae,416,No,Forest,Upper
2011-10-23,17.0,MP,Junco,hyemalis,Passerellidae,6303,Yes,Edge,Lower
2011-10-23,17.0,CHI,Zonotrichia,albicollis,Passerellidae,10133,Yes,Forest,Lower
2011-10-23,17.0,CHI,Setophaga,coronata,Parulidae,887,yes,forest,Upper
2011-10-23,17.0,CHI,Passerella,iliaca,Passerellidae,2443,Yes,Edge,Lower
2011-10-23,17.0,MP,Zonotrichia,leucophrys,Passerellidae,1090,Yes,Edge,Lower
2011-10-23,17.0,CHI,Zonotrichia,albicollis,Passerellidae,10133,Yes,Forest,Lower
2011-10-23,17.0,CHI,Zonotrichia,leucophrys,Passerellidae,1090,Yes,Edge,Lower
2011-10-23,17.0,MP,Melospiza,melodia,Passerellidae,5124,Yes,Edge,Lower
2011-10-23,17.0,MP,Melospiza,melodia,Passerellidae,5124,Yes,Edge,Lower
2011-10-23,17.0,CHI,Passerella,iliaca,Passerellidae,2443,Yes,Edge,Lower
2011-10-24,17.0,MP,Junco,hyemalis,Passerellidae,6303,Yes,Edge,Lower
2011-10-24,17.0,MP,Junco,hyemalis,Passerellidae,6303,Yes,Edge,Lower
2011-10-24,17.0,MP,Junco,hyemalis,Passerellidae,6303,Yes,Edge,Lower
2011-10-24,17.0,CHI,Junco,hyemalis,Passerellidae,6303,Yes,Edge,Lower
2011-10-24,17.0,CHI,Junco,hyemalis,Passerellidae,6303,Yes,Edge,Lower
2011-10-24,17.0,CHI,Passerella,iliaca,Passerellidae,2443,Yes,Edge,Lower
2011-10-24,17.0,MP,Zonotrichia,albicollis,Passerellidae,10133,Yes,Forest,Lower
2011-10-24,17.0,CHI,Catharus,guttatus,Turdidae,3729,Yes,Forest,Lower
2011-10-24,17.0,MP,Zonotrichia,albicollis,Passerellidae,10133,Yes,Forest,Lower
2011-10-24,17.0,CHI,Junco,hyemalis,Passerellidae,6303,Yes,Edge,Lower
2011-10-24,17.0,MP,troglodytes,hiemalis,Troglodytidae,474,No,Forest,Lower
2011-10-24,17.0,CHI,Catharus,guttatus,Turdidae,3729,Yes,Forest,Lower
2011-10-24,17.0,CHI,Passerella,iliaca,Passerellidae,2443,Yes,Edge,Lower
2011-10-24,17.0,CHI,Regulus,satrapa,Regulidae,1029,Yes,Forest,Upper
2011-10-24,17.0,MP,Junco,hyemalis,Passerellidae,6303,Yes,Edge,Lower
2011-10-25,17.0,CHI,Zonotrichia,albicollis,Passerellidae,10133,Yes,Forest,Lower
2011-10-25,17.0,MP,Setophaga,coronata,Parulidae,887,yes,forest,Upper
2011-10-25,17.0,CHI,Regulus,satrapa,Regulidae,1029,Yes,Forest,Upper
2011-10-25,17.0,MP,Oreothlypis,ruficapilla,Parulidae,1690,Yes,Forest,Upper
2011-10-25,17.0,CHI,Oreothlypis,ruficapilla,Parulidae,1690,Yes,Forest,Upper
2011-10-25,17.0,CHI,Regulus,satrapa,Regulidae,1029,Yes,Forest,Upper
2011-10-25,17.0,CHI,Zonotrichia,albicollis,Passerellidae,10133,Yes,Forest,Lower
2011-10-25,17.0,CHI,Zonotrichia,albicollis,Passerellidae,10133,Yes,Forest,Lower
2011-10-25,17.0,MP,Passerella,iliaca,Passerellidae,2443,Yes,Edge,Lower
2011-10-25,17.0,MP,Passerella,iliaca,Passerellidae,2443,Yes,Edge,Lower
2011-10-25,17.0,MP,Oreothlypis,celata,Parulidae,227,Yes,Edge,Lower
2011-10-25,17.0,CHI,Passerella,iliaca,Passerellidae,2443,Yes,Edge,Lower
2011-10-25,17.0,MP,Passerella,iliaca,Passerellidae,2443,Yes,Edge,Lower
2011-10-25,17.0,CHI,Catharus,guttatus,Turdidae,3729,Yes,Forest,Lower
2011-10-25,17.0,CHI,Junco,hyemalis,Passerellidae,6303,Yes,Edge,Lower
2011-10-25,17.0,CHI,Catharus,guttatus,Turdidae,3729,Yes,Forest,Lower
2011-10-25,17.0,MP,Catharus,guttatus,Turdidae,3729,Yes,Forest,Lower
2011-10-25,17.0,MP,Junco,hyemalis,Passerellidae,6303,Yes,Edge,Lower
2011-10-25,17.0,MP,Junco,hyemalis,Passerellidae,6303,Yes,Edge,Lower
2011-10-25,17.0,CHI,Junco,hyemalis,Passerellidae,6303,Yes,Edge,Lower
2011-10-25,17.0,CHI,Junco,hyemalis,Passerellidae,6303,Yes,Edge,Lower
2011-10-25,17.0,CHI,Junco,hyemalis,Passerellidae,6303,Yes,Edge,Lower
2011-10-25,17.0,CHI,Zonotrichia,albicollis,Passerellidae,10133,Yes,Forest,Lower
2011-10-25,17.0,MP,Junco,hyemalis,Passerellidae,6303,Yes,Edge,Lower
2011-10-25,17.0,CHI,Zonotrichia,albicollis,Passerellidae,10133,Yes,Forest,Lower
2011-10-26,17.0,CHI,Setophaga,coronata,Parulidae,887,yes,forest,Upper
2011-10-26,17.0,MP,Junco,hyemalis,Passerellidae,6303,Yes,Edge,Lower
2011-10-26,17.0,CHI,Zonotrichia,albicollis,Passerellidae,10133,Yes,Forest,Lower
2011-10-26,17.0,CHI,Zonotrichia,leucophrys,Passerellidae,1090,Yes,Edge,Lower
2011-10-26,17.0,CHI,Spizelloides,arborea,Passerellidae,1262,Yes,Edge,Lower
2011-10-26,17.0,CHI,Zonotrichia,albicollis,Passerellidae,10133,Yes,Forest,Lower
2011-10-26,17.0,CHI,Spizelloides,arborea,Passerellidae,1262,Yes,Edge,Lower
2011-10-26,17.0,CHI,Oreothlypis,ruficapilla,Parulidae,1690,Yes,Forest,Upper
2011-10-26,17.0,CHI,Zonotrichia,albicollis,Passerellidae,10133,Yes,Forest,Lower
2011-10-26,17.0,CHI,Regulus,satrapa,Regulidae,1029,Yes,Forest,Upper
2011-10-26,17.0,CHI,Zonotrichia,albicollis,Passerellidae,10133,Yes,Forest,Lower
2011-10-27,14.0,MP,Zonotrichia,albicollis,Passerellidae,10133,Yes,Forest,Lower
2011-10-27,14.0,CHI,Zonotrichia,albicollis,Passerellidae,10133,Yes,Forest,Lower
2011-10-27,14.0,MP,Zonotrichia,albicollis,Passerellidae,10133,Yes,Forest,Lower
2011-10-27,14.0,CHI,Zonotrichia,albicollis,Passerellidae,10133,Yes,Forest,Lower
2011-10-27,14.0,CHI,Zonotrichia,albicollis,Passerellidae,10133,Yes,Forest,Lower
2011-10-27,14.0,CHI,Zonotrichia,albicollis,Passerellidae,10133,Yes,Forest,Lower
2011-10-27,14.0,CHI,Zonotrichia,albicollis,Passerellidae,10133,Yes,Forest,Lower
2011-10-27,14.0,CHI,Spizelloides,arborea,Passerellidae,1262,Yes,Edge,Lower
2011-10-27,14.0,CHI,Junco,hyemalis,Passerellidae,6303,Yes,Edge,Lower
2011-10-27,14.0,CHI,Junco,hyemalis,Passerellidae,6303,Yes,Edge,Lower
2011-10-27,14.0,MP,Catharus,guttatus,Turdidae,3729,Yes,Forest,Lower
2011-10-27,14.0,CHI,Zonotrichia,albicollis,Passerellidae,10133,Yes,Forest,Lower
2011-10-27,14.0,MP,Catharus,guttatus,Turdidae,3729,Yes,Forest,Lower
2011-10-27,14.0,CHI,Zonotrichia,albicollis,Passerellidae,10133,Yes,Forest,Lower
2011-10-27,14.0,CHI,Regulus,satrapa,Regulidae,1029,Yes,Forest,Upper
2011-10-27,14.0,CHI,Spizelloides,arborea,Passerellidae,1262,Yes,Edge,Lower
2011-10-27,14.0,CHI,Zonotrichia,albicollis,Passerellidae,10133,Yes,Forest,Lower
2011-10-27,14.0,CHI,Spizella,pusilla,Passerellidae,325,Yes,Open,Lower
2011-10-27,14.0,CHI,Zonotrichia,albicollis,Passerellidae,10133,Yes,Forest,Lower
2011-10-27,14.0,MP,Junco,hyemalis,Passerellidae,6303,Yes,Edge,Lower
2011-10-27,14.0,CHI,Melospiza,melodia,Passerellidae,5124,Yes,Edge,Lower
2011-10-27,14.0,CHI,Melospiza,melodia,Passerellidae,5124,Yes,Edge,Lower
2011-10-28,14.0,MP,Catharus,guttatus,Turdidae,3729,Yes,Forest,Lower
2011-10-28,14.0,CHI,Junco,hyemalis,Passerellidae,6303,Yes,Edge,Lower
2011-10-28,14.0,MP,Catharus,guttatus,Turdidae,3729,Yes,Forest,Lower
2011-10-28,14.0,MP,Catharus,guttatus,Turdidae,3729,Yes,Forest,Lower
2011-10-28,14.0,MP,Zonotrichia,albicollis,Passerellidae,10133,Yes,Forest,Lower
2011-10-28,14.0,CHI,Melospiza,lincolnii,Passerellidae,2029,yes,edge,Lower
2011-10-28,14.0,MP,Catharus,guttatus,Turdidae,3729,Yes,Forest,Lower
2011-10-28,14.0,CHI,Junco,hyemalis,Passerellidae,6303,Yes,Edge,Lower
2011-10-28,14.0,CHI,Zonotrichia,albicollis,Passerellidae,10133,Yes,Forest,Lower
2011-10-28,14.0,CHI,Regulus,calendula,Regulidae,416,No,Forest,Upper
2011-10-28,14.0,MP,Zonotrichia,albicollis,Passerellidae,10133,Yes,Forest,Lower
2011-10-28,14.0,MP,Zonotrichia,albicollis,Passerellidae,10133,Yes,Forest,Lower
2011-10-28,14.0,CHI,Geothlypis,trichas,Parulidae,1555,Yes,Open,Lower
2011-10-28,14.0,CHI,Melospiza,melodia,Passerellidae,5124,Yes,Edge,Lower
2011-10-28,14.0,CHI,Zonotrichia,albicollis,Passerellidae,10133,Yes,Forest,Lower
2011-10-28,14.0,CHI,Melospiza,melodia,Passerellidae,5124,Yes,Edge,Lower
2011-10-28,14.0,CHI,Spizelloides,arborea,Passerellidae,1262,Yes,Edge,Lower
2011-10-28,14.0,CHI,Zonotrichia,albicollis,Passerellidae,10133,Yes,Forest,Lower
2011-10-29,14.0,MP,Oreothlypis,ruficapilla,Parulidae,1690,Yes,Forest,Upper
2011-10-29,14.0,MP,Catharus,guttatus,Turdidae,3729,Yes,Forest,Lower
2011-10-29,14.0,MP,Zonotrichia,albicollis,Passerellidae,10133,Yes,Forest,Lower
2011-10-29,14.0,CHI,Zonotrichia,albicollis,Passerellidae,10133,Yes,Forest,Lower
2011-10-30,14.0,CHI,Junco,hyemalis,Passerellidae,6303,Yes,Edge,Lower
2011-10-30,14.0,CHI,Junco,hyemalis,Passerellidae,6303,Yes,Edge,Lower
2011-10-30,14.0,CHI,troglodytes,hiemalis,Troglodytidae,474,No,Forest,Lower
2011-10-30,14.0,CHI,Junco,hyemalis,Passerellidae,6303,Yes,Edge,Lower
2011-10-30,14.0,CHI,Junco,hyemalis,Passerellidae,6303,Yes,Edge,Lower
2011-10-30,14.0,CHI,Zonotrichia,albicollis,Passerellidae,10133,Yes,Forest,Lower
2011-10-30,14.0,CHI,Junco,hyemalis,Passerellidae,6303,Yes,Edge,Lower
2011-10-30,14.0,CHI,Junco,hyemalis,Passerellidae,6303,Yes,Edge,Lower
2011-10-30,14.0,MP,Zonotrichia,leucophrys,Passerellidae,1090,Yes,Edge,Lower
2011-10-30,14.0,CHI,Zonotrichia,albicollis,Passerellidae,10133,Yes,Forest,Lower
2011-10-30,14.0,CHI,Junco,hyemalis,Passerellidae,6303,Yes,Edge,Lower
2011-10-30,14.0,CHI,Catharus,guttatus,Turdidae,3729,Yes,Forest,Lower
2011-10-30,14.0,CHI,Setophaga,palmarum,Parulidae,694,Yes,Edge,Lower
2011-10-30,14.0,CHI,Junco,hyemalis,Passerellidae,6303,Yes,Edge,Lower
2011-10-30,14.0,CHI,Zonotrichia,albicollis,Passerellidae,10133,Yes,Forest,Lower
2011-10-31,14.0,CHI,Zonotrichia,albicollis,Passerellidae,10133,Yes,Forest,Lower
2011-10-31,14.0,MP,Zonotrichia,albicollis,Passerellidae,10133,Yes,Forest,Lower
2011-10-31,14.0,CHI,Zonotrichia,albicollis,Passerellidae,10133,Yes,Forest,Lower
2011-10-31,14.0,CHI,Setophaga,palmarum,Parulidae,694,Yes,Edge,Lower
2011-10-31,14.0,CHI,Zonotrichia,albicollis,Passerellidae,10133,Yes,Forest,Lower
2011-10-31,14.0,CHI,Zonotrichia,albicollis,Passerellidae,10133,Yes,Forest,Lower
2011-10-31,14.0,CHI,Catharus,guttatus,Turdidae,3729,Yes,Forest,Lower
2011-10-31,14.0,MP,Junco,hyemalis,Passerellidae,6303,Yes,Edge,Lower
2011-10-31,14.0,CHI,Regulus,calendula,Regulidae,416,No,Forest,Upper
2011-10-31,14.0,CHI,Catharus,guttatus,Turdidae,3729,Yes,Forest,Lower
2011-10-31,14.0,MP,Junco,hyemalis,Passerellidae,6303,Yes,Edge,Lower
2011-10-31,14.0,CHI,Zonotrichia,albicollis,Passerellidae,10133,Yes,Forest,Lower
2011-10-31,14.0,CHI,Oreothlypis,peregrina,Parulidae,2515,Yes,Edge,Upper
2011-10-31,14.0,CHI,Catharus,guttatus,Turdidae,3729,Yes,Forest,Lower
2011-10-31,14.0,CHI,Regulus,calendula,Regulidae,416,No,Forest,Upper
2011-11-01,16.0,MP,Junco,hyemalis,Passerellidae,6303,Yes,Edge,Lower
2011-11-01,16.0,CHI,Zonotrichia,albicollis,Passerellidae,10133,Yes,Forest,Lower
2011-11-01,16.0,CHI,Passerella,iliaca,Passerellidae,2443,Yes,Edge,Lower
2011-11-01,16.0,MP,Spizelloides,arborea,Passerellidae,1262,Yes,Edge,Lower
2011-11-01,16.0,CHI,Catharus,guttatus,Turdidae,3729,Yes,Forest,Lower
2011-11-01,16.0,CHI,Regulus,satrapa,Regulidae,1029,Yes,Forest,Upper
2011-11-03,17.0,CHI,Zonotrichia,albicollis,Passerellidae,10133,Yes,Forest,Lower
2011-11-03,17.0,CHI,Junco,hyemalis,Passerellidae,6303,Yes,Edge,Lower
2011-11-04,17.0,CHI,Junco,hyemalis,Passerellidae,6303,Yes,Edge,Lower
2011-11-04,17.0,MP,Junco,hyemalis,Passerellidae,6303,Yes,Edge,Lower
2011-11-04,17.0,CHI,Passerella,iliaca,Passerellidae,2443,Yes,Edge,Lower
2011-11-04,17.0,CHI,Regulus,calendula,Regulidae,416,No,Forest,Upper
2011-11-04,17.0,CHI,Junco,hyemalis,Passerellidae,6303,Yes,Edge,Lower
2011-11-04,17.0,CHI,Junco,hyemalis,Passerellidae,6303,Yes,Edge,Lower
2011-11-05,17.0,CHI,Zonotrichia,albicollis,Passerellidae,10133,Yes,Forest,Lower
2011-11-05,17.0,CHI,Junco,hyemalis,Passerellidae,6303,Yes,Edge,Lower
2011-11-05,17.0,CHI,Catharus,guttatus,Turdidae,3729,Yes,Forest,Lower
2011-11-05,17.0,MP,Junco,hyemalis,Passerellidae,6303,Yes,Edge,Lower
2011-11-05,17.0,MP,Melospiza,melodia,Passerellidae,5124,Yes,Edge,Lower
2011-11-06,16.0,CHI,Ammodramus,savannarum,Passerellidae,106,Yes,Open,Lower
2011-11-06,16.0,CHI,Zonotrichia,albicollis,Passerellidae,10133,Yes,Forest,Lower
2011-11-07,16.0,CHI,Zonotrichia,albicollis,Passerellidae,10133,Yes,Forest,Lower
2011-11-07,16.0,CHI,Junco,hyemalis,Passerellidae,6303,Yes,Edge,Lower
2011-11-09,6.0,CHI,Sitta,canadensis,Sittidae,260,Yes,Forest,Upper
2011-11-11,6.0,CHI,Zonotrichia,albicollis,Passerellidae,10133,Yes,Forest,Lower
2011-11-11,6.0,CHI,Junco,hyemalis,Passerellidae,6303,Yes,Edge,Lower
2011-11-11,6.0,CHI,Melospiza,melodia,Passerellidae,5124,Yes,Edge,Lower
2011-11-11,6.0,CHI,Zonotrichia,albicollis,Passerellidae,10133,Yes,Forest,Lower
2011-11-11,6.0,CHI,Zonotrichia,albicollis,Passerellidae,10133,Yes,Forest,Lower
2011-11-11,6.0,CHI,Passerella,iliaca,Passerellidae,2443,Yes,Edge,Lower
2011-11-11,6.0,CHI,Passerella,iliaca,Passerellidae,2443,Yes,Edge,Lower
2011-11-12,6.0,CHI,Junco,hyemalis,Passerellidae,6303,Yes,Edge,Lower
2011-11-14,6.0,MP,Junco,hyemalis,Passerellidae,6303,Yes,Edge,Lower
2011-11-15,7.0,MP,Junco,hyemalis,Passerellidae,6303,Yes,Edge,Lower
2011-11-15,7.0,CHI,Junco,hyemalis,Passerellidae,6303,Yes,Edge,Lower
2011-11-15,7.0,MP,Junco,hyemalis,Passerellidae,6303,Yes,Edge,Lower
2011-11-15,7.0,MP,Junco,hyemalis,Passerellidae,6303,Yes,Edge,Lower
2011-11-15,7.0,CHI,Junco,hyemalis,Passerellidae,6303,Yes,Edge,Lower
2011-11-15,7.0,MP,Junco,hyemalis,Passerellidae,6303,Yes,Edge,Lower
2011-11-16,7.0,MP,Junco,hyemalis,Passerellidae,6303,Yes,Edge,Lower
2011-11-16,7.0,CHI,Junco,hyemalis,Passerellidae,6303,Yes,Edge,Lower
2011-11-16,7.0,MP,Junco,hyemalis,Passerellidae,6303,Yes,Edge,Lower
2011-11-16,7.0,MP,Spizelloides,arborea,Passerellidae,1262,Yes,Edge,Lower
2011-11-16,7.0,MP,Spizelloides,arborea,Passerellidae,1262,Yes,Edge,Lower
2011-11-16,7.0,CHI,Junco,hyemalis,Passerellidae,6303,Yes,Edge,Lower
2011-11-16,7.0,MP,Junco,hyemalis,Passerellidae,6303,Yes,Edge,Lower
2011-11-16,7.0,MP,Spizelloides,arborea,Passerellidae,1262,Yes,Edge,Lower
2011-11-16,7.0,MP,Junco,hyemalis,Passerellidae,6303,Yes,Edge,Lower
2011-11-16,7.0,CHI,Junco,hyemalis,Passerellidae,6303,Yes,Edge,Lower
2011-11-16,7.0,MP,Junco,hyemalis,Passerellidae,6303,Yes,Edge,Lower
2011-11-16,7.0,MP,Junco,hyemalis,Passerellidae,6303,Yes,Edge,Lower
2011-11-16,7.0,CHI,Junco,hyemalis,Passerellidae,6303,Yes,Edge,Lower
2011-11-16,7.0,MP,Spizelloides,arborea,Passerellidae,1262,Yes,Edge,Lower
2011-11-16,7.0,CHI,Junco,hyemalis,Passerellidae,6303,Yes,Edge,Lower
2011-11-16,7.0,CHI,Junco,hyemalis,Passerellidae,6303,Yes,Edge,Lower
2011-11-16,7.0,MP,Junco,hyemalis,Passerellidae,6303,Yes,Edge,Lower
2011-11-16,7.0,CHI,Junco,hyemalis,Passerellidae,6303,Yes,Edge,Lower
2011-11-17,7.0,CHI,Junco,hyemalis,Passerellidae,6303,Yes,Edge,Lower
2011-11-17,7.0,CHI,Junco,hyemalis,Passerellidae,6303,Yes,Edge,Lower
2011-11-17,7.0,CHI,Spizelloides,arborea,Passerellidae,1262,Yes,Edge,Lower
2011-11-17,7.0,CHI,Junco,hyemalis,Passerellidae,6303,Yes,Edge,Lower
2011-11-17,7.0,CHI,Junco,hyemalis,Passerellidae,6303,Yes,Edge,Lower
2011-11-17,7.0,MP,Junco,hyemalis,Passerellidae,6303,Yes,Edge,Lower
2011-11-17,7.0,CHI,Junco,hyemalis,Passerellidae,6303,Yes,Edge,Lower
2011-11-18,7.0,MP,Junco,hyemalis,Passerellidae,6303,Yes,Edge,Lower
2011-11-18,7.0,MP,Junco,hyemalis,Passerellidae,6303,Yes,Edge,Lower
2011-11-18,7.0,MP,Junco,hyemalis,Passerellidae,6303,Yes,Edge,Lower
2011-11-18,7.0,MP,Junco,hyemalis,Passerellidae,6303,Yes,Edge,Lower
2011-11-19,7.0,MP,Junco,hyemalis,Passerellidae,6303,Yes,Edge,Lower
2011-11-20,7.0,MP,Spizelloides,arborea,Passerellidae,1262,Yes,Edge,Lower
2011-11-20,7.0,MP,Spizelloides,arborea,Passerellidae,1262,Yes,Edge,Lower
2011-11-20,7.0,MP,Spizelloides,arborea,Passerellidae,1262,Yes,Edge,Lower
2011-11-20,7.0,MP,Junco,hyemalis,Passerellidae,6303,Yes,Edge,Lower
2011-11-20,7.0,CHI,Zonotrichia,albicollis,Passerellidae,10133,Yes,Forest,Lower
2011-11-21,7.0,CHI,Junco,hyemalis,Passerellidae,6303,Yes,Edge,Lower
2011-11-21,7.0,CHI,Spizelloides,arborea,Passerellidae,1262,Yes,Edge,Lower
2011-11-23,7.0,CHI,Junco,hyemalis,Passerellidae,6303,Yes,Edge,Lower
2011-11-26,7.0,MP,Spizelloides,arborea,Passerellidae,1262,Yes,Edge,Lower
2011-11-27,7.0,MP,Spizelloides,arborea,Passerellidae,1262,Yes,Edge,Lower
2011-11-30,7.0,CHI,Junco,hyemalis,Passerellidae,6303,Yes,Edge,Lower
2012-03-07,14.0,MP,Melospiza,melodia,Passerellidae,5124,Yes,Edge,Lower
2012-03-07,14.0,MP,Melospiza,melodia,Passerellidae,5124,Yes,Edge,Lower
2012-03-07,14.0,MP,Melospiza,melodia,Passerellidae,5124,Yes,Edge,Lower
2012-03-07,14.0,MP,Melospiza,melodia,Passerellidae,5124,Yes,Edge,Lower
2012-03-07,14.0,MP,Melospiza,melodia,Passerellidae,5124,Yes,Edge,Lower
2012-03-07,14.0,MP,Passerella,iliaca,Passerellidae,2443,Yes,Edge,Lower
2012-03-08,14.0,MP,Melospiza,melodia,Passerellidae,5124,Yes,Edge,Lower
2012-03-08,14.0,MP,Melospiza,melodia,Passerellidae,5124,Yes,Edge,Lower
2012-03-08,14.0,MP,Melospiza,melodia,Passerellidae,5124,Yes,Edge,Lower
2012-03-09,14.0,MP,Melospiza,melodia,Passerellidae,5124,Yes,Edge,Lower
2012-03-09,14.0,MP,Melospiza,melodia,Passerellidae,5124,Yes,Edge,Lower
2012-03-09,14.0,MP,Melospiza,melodia,Passerellidae,5124,Yes,Edge,Lower
2012-03-12,14.0,MP,Spizelloides,arborea,Passerellidae,1262,Yes,Edge,Lower
2012-03-12,14.0,MP,Melospiza,melodia,Passerellidae,5124,Yes,Edge,Lower
2012-03-12,14.0,MP,Melospiza,melodia,Passerellidae,5124,Yes,Edge,Lower
2012-03-12,14.0,MP,Melospiza,melodia,Passerellidae,5124,Yes,Edge,Lower
2012-03-12,14.0,MP,Melospiza,melodia,Passerellidae,5124,Yes,Edge,Lower
2012-03-12,14.0,MP,Melospiza,melodia,Passerellidae,5124,Yes,Edge,Lower
2012-03-12,14.0,MP,Melospiza,melodia,Passerellidae,5124,Yes,Edge,Lower
2012-03-12,14.0,MP,Melospiza,melodia,Passerellidae,5124,Yes,Edge,Lower
2012-03-12,14.0,MP,Junco,hyemalis,Passerellidae,6303,Yes,Edge,Lower
2012-03-13,14.0,MP,Passerella,iliaca,Passerellidae,2443,Yes,Edge,Lower
2012-03-13,14.0,MP,Passerella,iliaca,Passerellidae,2443,Yes,Edge,Lower
2012-03-13,14.0,MP,Spizelloides,arborea,Passerellidae,1262,Yes,Edge,Lower
2012-03-13,14.0,MP,Melospiza,melodia,Passerellidae,5124,Yes,Edge,Lower
2012-03-13,14.0,MP,Melospiza,melodia,Passerellidae,5124,Yes,Edge,Lower
2012-03-13,14.0,MP,Melospiza,melodia,Passerellidae,5124,Yes,Edge,Lower
2012-03-14,14.0,MP,Melospiza,melodia,Passerellidae,5124,Yes,Edge,Lower
2012-03-14,14.0,MP,Passerella,iliaca,Passerellidae,2443,Yes,Edge,Lower
2012-03-14,14.0,MP,Passerella,iliaca,Passerellidae,2443,Yes,Edge,Lower
2012-03-14,14.0,MP,Melospiza,melodia,Passerellidae,5124,Yes,Edge,Lower
2012-03-14,14.0,MP,Passerella,iliaca,Passerellidae,2443,Yes,Edge,Lower
2012-03-14,14.0,MP,Passerella,iliaca,Passerellidae,2443,Yes,Edge,Lower
2012-03-14,14.0,MP,Melospiza,melodia,Passerellidae,5124,Yes,Edge,Lower
2012-03-14,14.0,MP,Passerella,iliaca,Passerellidae,2443,Yes,Edge,Lower
2012-03-14,14.0,MP,Passerella,iliaca,Passerellidae,2443,Yes,Edge,Lower
2012-03-14,14.0,MP,Melospiza,melodia,Passerellidae,5124,Yes,Edge,Lower
2012-03-14,14.0,MP,Melospiza,melodia,Passerellidae,5124,Yes,Edge,Lower
2012-03-14,14.0,MP,Melospiza,melodia,Passerellidae,5124,Yes,Edge,Lower
2012-03-14,14.0,MP,Melospiza,melodia,Passerellidae,5124,Yes,Edge,Lower
2012-03-14,14.0,MP,Melospiza,melodia,Passerellidae,5124,Yes,Edge,Lower
2012-03-14,14.0,MP,Melospiza,melodia,Passerellidae,5124,Yes,Edge,Lower
2012-03-14,14.0,MP,Melospiza,melodia,Passerellidae,5124,Yes,Edge,Lower
2012-03-15,14.0,MP,Spizelloides,arborea,Passerellidae,1262,Yes,Edge,Lower
2012-03-15,14.0,MP,Spizelloides,arborea,Passerellidae,1262,Yes,Edge,Lower
2012-03-15,14.0,MP,Spizelloides,arborea,Passerellidae,1262,Yes,Edge,Lower
2012-03-15,14.0,MP,Spizelloides,arborea,Passerellidae,1262,Yes,Edge,Lower
2012-03-15,14.0,CHI,Passerella,iliaca,Passerellidae,2443,Yes,Edge,Lower
2012-03-15,14.0,MP,Passerella,iliaca,Passerellidae,2443,Yes,Edge,Lower
2012-03-15,14.0,MP,Passerella,iliaca,Passerellidae,2443,Yes,Edge,Lower
2012-03-15,14.0,MP,Passerella,iliaca,Passerellidae,2443,Yes,Edge,Lower
2012-03-15,14.0,CHI,Passerella,iliaca,Passerellidae,2443,Yes,Edge,Lower
2012-03-15,14.0,MP,Spizelloides,arborea,Passerellidae,1262,Yes,Edge,Lower
2012-03-15,14.0,MP,Junco,hyemalis,Passerellidae,6303,Yes,Edge,Lower
2012-03-15,14.0,MP,Passerella,iliaca,Passerellidae,2443,Yes,Edge,Lower
2012-03-15,14.0,MP,Passerella,iliaca,Passerellidae,2443,Yes,Edge,Lower
2012-03-15,14.0,MP,Melospiza,melodia,Passerellidae,5124,Yes,Edge,Lower
2012-03-15,14.0,MP,Junco,hyemalis,Passerellidae,6303,Yes,Edge,Lower
2012-03-15,14.0,MP,Melospiza,melodia,Passerellidae,5124,Yes,Edge,Lower
2012-03-15,14.0,MP,Melospiza,melodia,Passerellidae,5124,Yes,Edge,Lower
2012-03-15,14.0,MP,Junco,hyemalis,Passerellidae,6303,Yes,Edge,Lower
2012-03-15,14.0,CHI,Melospiza,melodia,Passerellidae,5124,Yes,Edge,Lower
2012-03-15,14.0,MP,Melospiza,melodia,Passerellidae,5124,Yes,Edge,Lower
2012-03-15,14.0,MP,Melospiza,melodia,Passerellidae,5124,Yes,Edge,Lower
2012-03-15,14.0,MP,Passerella,iliaca,Passerellidae,2443,Yes,Edge,Lower
2012-03-15,14.0,CHI,Melospiza,melodia,Passerellidae,5124,Yes,Edge,Lower
2012-03-15,14.0,MP,Melospiza,melodia,Passerellidae,5124,Yes,Edge,Lower
2012-03-15,14.0,CHI,Passerella,iliaca,Passerellidae,2443,Yes,Edge,Lower
2012-03-15,14.0,MP,Melospiza,melodia,Passerellidae,5124,Yes,Edge,Lower
2012-03-15,14.0,MP,Passerella,iliaca,Passerellidae,2443,Yes,Edge,Lower
2012-03-16,14.0,MP,Melospiza,melodia,Passerellidae,5124,Yes,Edge,Lower
2012-03-16,14.0,CHI,Melospiza,melodia,Passerellidae,5124,Yes,Edge,Lower
2012-03-16,14.0,MP,Melospiza,melodia,Passerellidae,5124,Yes,Edge,Lower
2012-03-16,14.0,MP,Melospiza,melodia,Passerellidae,5124,Yes,Edge,Lower
2012-03-16,14.0,CHI,troglodytes,hiemalis,Troglodytidae,474,No,Forest,Lower
2012-03-16,14.0,MP,Junco,hyemalis,Passerellidae,6303,Yes,Edge,Lower
2012-03-16,14.0,MP,Passerella,iliaca,Passerellidae,2443,Yes,Edge,Lower
2012-03-16,14.0,MP,Melospiza,melodia,Passerellidae,5124,Yes,Edge,Lower
2012-03-16,14.0,CHI,Passerella,iliaca,Passerellidae,2443,Yes,Edge,Lower
2012-03-16,14.0,MP,Spizelloides,arborea,Passerellidae,1262,Yes,Edge,Lower
2012-03-17,11.0,MP,Spizelloides,arborea,Passerellidae,1262,Yes,Edge,Lower
2012-03-17,11.0,MP,Melospiza,melodia,Passerellidae,5124,Yes,Edge,Lower
2012-03-17,11.0,CHI,Regulus,satrapa,Regulidae,1029,Yes,Forest,Upper
2012-03-17,11.0,CHI,Passerella,iliaca,Passerellidae,2443,Yes,Edge,Lower
2012-03-17,11.0,MP,Melospiza,melodia,Passerellidae,5124,Yes,Edge,Lower
2012-03-17,11.0,MP,Melospiza,melodia,Passerellidae,5124,Yes,Edge,Lower
2012-03-17,11.0,CHI,Melospiza,melodia,Passerellidae,5124,Yes,Edge,Lower
2012-03-17,11.0,MP,Passerella,iliaca,Passerellidae,2443,Yes,Edge,Lower
2012-03-17,11.0,MP,Passerella,iliaca,Passerellidae,2443,Yes,Edge,Lower
2012-03-17,11.0,MP,Passerella,iliaca,Passerellidae,2443,Yes,Edge,Lower
2012-03-17,11.0,CHI,Passerella,iliaca,Passerellidae,2443,Yes,Edge,Lower
2012-03-17,11.0,MP,Melospiza,melodia,Passerellidae,5124,Yes,Edge,Lower
2012-03-17,11.0,MP,Melospiza,melodia,Passerellidae,5124,Yes,Edge,Lower
2012-03-17,11.0,CHI,Passerella,iliaca,Passerellidae,2443,Yes,Edge,Lower
2012-03-19,11.0,MP,Passerella,iliaca,Passerellidae,2443,Yes,Edge,Lower
2012-03-19,11.0,CHI,Passerella,iliaca,Passerellidae,2443,Yes,Edge,Lower
2012-03-19,11.0,CHI,Passerella,iliaca,Passerellidae,2443,Yes,Edge,Lower
2012-03-19,11.0,MP,Passerella,iliaca,Passerellidae,2443,Yes,Edge,Lower
2012-03-19,11.0,MP,Passerella,iliaca,Passerellidae,2443,Yes,Edge,Lower
2012-03-19,11.0,MP,Melospiza,melodia,Passerellidae,5124,Yes,Edge,Lower
2012-03-19,11.0,MP,Passerella,iliaca,Passerellidae,2443,Yes,Edge,Lower
2012-03-19,11.0,CHI,Melospiza,melodia,Passerellidae,5124,Yes,Edge,Lower
2012-03-19,11.0,MP,Melospiza,melodia,Passerellidae,5124,Yes,Edge,Lower
2012-03-19,11.0,MP,Passerella,iliaca,Passerellidae,2443,Yes,Edge,Lower
2012-03-19,11.0,CHI,Passerella,iliaca,Passerellidae,2443,Yes,Edge,Lower
2012-03-19,11.0,MP,Passerella,iliaca,Passerellidae,2443,Yes,Edge,Lower
2012-03-19,11.0,MP,Passerella,iliaca,Passerellidae,2443,Yes,Edge,Lower
2012-03-19,11.0,MP,Passerella,iliaca,Passerellidae,2443,Yes,Edge,Lower
2012-03-20,11.0,MP,Melospiza,melodia,Passerellidae,5124,Yes,Edge,Lower
2012-03-20,11.0,CHI,Melospiza,melodia,Passerellidae,5124,Yes,Edge,Lower
2012-03-20,11.0,MP,Passerella,iliaca,Passerellidae,2443,Yes,Edge,Lower
2012-03-20,11.0,MP,Melospiza,melodia,Passerellidae,5124,Yes,Edge,Lower
2012-03-20,11.0,MP,Melospiza,melodia,Passerellidae,5124,Yes,Edge,Lower
2012-03-20,11.0,CHI,Melospiza,melodia,Passerellidae,5124,Yes,Edge,Lower
2012-03-20,11.0,MP,Melospiza,melodia,Passerellidae,5124,Yes,Edge,Lower
2012-03-20,11.0,MP,Melospiza,melodia,Passerellidae,5124,Yes,Edge,Lower
2012-03-20,11.0,MP,Passerella,iliaca,Passerellidae,2443,Yes,Edge,Lower
2012-03-20,11.0,MP,Junco,hyemalis,Passerellidae,6303,Yes,Edge,Lower
2012-03-20,11.0,CHI,Passerella,iliaca,Passerellidae,2443,Yes,Edge,Lower
2012-03-20,11.0,CHI,Junco,hyemalis,Passerellidae,6303,Yes,Edge,Lower
2012-03-20,11.0,CHI,Passerella,iliaca,Passerellidae,2443,Yes,Edge,Lower
2012-03-20,11.0,CHI,Passerella,iliaca,Passerellidae,2443,Yes,Edge,Lower
2012-03-21,13.0,MP,Passerella,iliaca,Passerellidae,2443,Yes,Edge,Lower
2012-03-21,13.0,CHI,Melospiza,melodia,Passerellidae,5124,Yes,Edge,Lower
2012-03-21,13.0,CHI,Melospiza,melodia,Passerellidae,5124,Yes,Edge,Lower
2012-03-21,13.0,CHI,Melospiza,melodia,Passerellidae,5124,Yes,Edge,Lower
2012-03-21,13.0,CHI,Catharus,guttatus,Turdidae,3729,Yes,Forest,Lower
2012-03-22,14.0,CHI,Junco,hyemalis,Passerellidae,6303,Yes,Edge,Lower
2012-03-22,14.0,CHI,Junco,hyemalis,Passerellidae,6303,Yes,Edge,Lower
2012-03-23,7.0,MP,Passerella,iliaca,Passerellidae,2443,Yes,Edge,Lower
2012-03-23,7.0,MP,Melospiza,melodia,Passerellidae,5124,Yes,Edge,Lower
2012-03-24,7.0,CHI,Junco,hyemalis,Passerellidae,6303,Yes,Edge,Lower
2012-03-24,7.0,CHI,Junco,hyemalis,Passerellidae,6303,Yes,Edge,Lower
2012-03-25,7.0,MP,Junco,hyemalis,Passerellidae,6303,Yes,Edge,Lower
2012-03-25,7.0,CHI,Regulus,satrapa,Regulidae,1029,Yes,Forest,Upper
2012-03-28,4.0,CHI,Junco,hyemalis,Passerellidae,6303,Yes,Edge,Lower
2012-03-28,4.0,CHI,Regulus,satrapa,Regulidae,1029,Yes,Forest,Upper
2012-03-28,4.0,CHI,Junco,hyemalis,Passerellidae,6303,Yes,Edge,Lower
2012-03-28,4.0,CHI,Regulus,satrapa,Regulidae,1029,Yes,Forest,Upper
2012-03-29,4.0,CHI,Regulus,satrapa,Regulidae,1029,Yes,Forest,Upper
2012-03-30,4.0,CHI,dumetella,carolinensis,Mimidae,599,no,edge,Lower
2012-03-30,4.0,CHI,Zonotrichia,albicollis,Passerellidae,10133,Yes,Forest,Lower
2012-03-30,4.0,CHI,Parkesia,noveboracensis,Parulidae,916,Yes,Forest,Lower
2012-03-30,4.0,CHI,Zonotrichia,albicollis,Passerellidae,10133,Yes,Forest,Lower
2012-03-30,4.0,CHI,Zonotrichia,albicollis,Passerellidae,10133,Yes,Forest,Lower
2012-03-30,4.0,CHI,Zonotrichia,albicollis,Passerellidae,10133,Yes,Forest,Lower
2012-03-30,4.0,CHI,Zonotrichia,albicollis,Passerellidae,10133,Yes,Forest,Lower
2012-03-30,4.0,CHI,Seiurus,aurocapilla,Parulidae,4580,Yes,Forest,Lower
2012-03-31,5.0,CHI,Melospiza,melodia,Passerellidae,5124,Yes,Edge,Lower
2012-04-01,5.0,MP,Regulus,satrapa,Regulidae,1029,Yes,Forest,Upper
2012-04-01,5.0,MP,Catharus,guttatus,Turdidae,3729,Yes,Forest,Lower
2012-04-03,5.0,CHI,Junco,hyemalis,Passerellidae,6303,Yes,Edge,Lower
2012-04-03,5.0,CHI,Junco,hyemalis,Passerellidae,6303,Yes,Edge,Lower
2012-04-03,5.0,CHI,Zonotrichia,albicollis,Passerellidae,10133,Yes,Forest,Lower
2012-04-03,5.0,CHI,Zonotrichia,albicollis,Passerellidae,10133,Yes,Forest,Lower
2012-04-03,5.0,CHI,Mniotilta,varia,Parulidae,620,Yes,Forest,Upper
2012-04-03,5.0,CHI,Zonotrichia,albicollis,Passerellidae,10133,Yes,Forest,Lower
2012-04-05,7.0,MP,Spizella,pusilla,Passerellidae,325,Yes,Open,Lower
2012-04-05,7.0,CHI,Junco,hyemalis,Passerellidae,6303,Yes,Edge,Lower
2012-04-05,7.0,CHI,Junco,hyemalis,Passerellidae,6303,Yes,Edge,Lower
2012-04-06,7.0,CHI,Junco,hyemalis,Passerellidae,6303,Yes,Edge,Lower
2012-04-09,4.0,CHI,Melospiza,melodia,Passerellidae,5124,Yes,Edge,Lower
2012-04-09,4.0,CHI,Junco,hyemalis,Passerellidae,6303,Yes,Edge,Lower
2012-04-09,4.0,CHI,Junco,hyemalis,Passerellidae,6303,Yes,Edge,Lower
2012-04-09,4.0,CHI,Regulus,calendula,Regulidae,416,No,Forest,Upper
2012-04-12,9.0,CHI,Junco,hyemalis,Passerellidae,6303,Yes,Edge,Lower
2012-04-13,4.0,MP,Catharus,guttatus,Turdidae,3729,Yes,Forest,Lower
2012-04-13,4.0,CHI,Zonotrichia,albicollis,Passerellidae,10133,Yes,Forest,Lower
2012-04-14,4.0,CHI,Catharus,guttatus,Turdidae,3729,Yes,Forest,Lower
2012-04-14,4.0,CHI,Setophaga,pinus,Parulidae,49,Yes,Forest,Upper
2012-04-14,4.0,MP,Pipilo,erythrophthalmus,Passerellidae,82,Rare,Edge,Lower
2012-04-14,4.0,CHI,Catharus,guttatus,Turdidae,3729,Yes,Forest,Lower
2012-04-15,6.0,CHI,troglodytes,hiemalis,Troglodytidae,474,No,Forest,Lower
2012-04-15,6.0,CHI,Zonotrichia,albicollis,Passerellidae,10133,Yes,Forest,Lower
2012-04-15,6.0,CHI,Catharus,guttatus,Turdidae,3729,Yes,Forest,Lower
2012-04-15,6.0,CHI,Catharus,guttatus,Turdidae,3729,Yes,Forest,Lower
2012-04-15,6.0,CHI,Junco,hyemalis,Passerellidae,6303,Yes,Edge,Lower
2012-04-15,6.0,CHI,Zonotrichia,albicollis,Passerellidae,10133,Yes,Forest,Lower
2012-04-15,6.0,CHI,Zonotrichia,albicollis,Passerellidae,10133,Yes,Forest,Lower
2012-04-15,6.0,CHI,Zonotrichia,albicollis,Passerellidae,10133,Yes,Forest,Lower
2012-04-15,6.0,CHI,Zonotrichia,albicollis,Passerellidae,10133,Yes,Forest,Lower
2012-04-15,6.0,CHI,Zonotrichia,albicollis,Passerellidae,10133,Yes,Forest,Lower
2012-04-16,7.0,CHI,Zonotrichia,albicollis,Passerellidae,10133,Yes,Forest,Lower
2012-04-16,7.0,CHI,Zonotrichia,albicollis,Passerellidae,10133,Yes,Forest,Lower
2012-04-16,7.0,MP,Zonotrichia,albicollis,Passerellidae,10133,Yes,Forest,Lower
2012-04-16,7.0,CHI,Zonotrichia,albicollis,Passerellidae,10133,Yes,Forest,Lower
2012-04-16,7.0,MP,Zonotrichia,albicollis,Passerellidae,10133,Yes,Forest,Lower
2012-04-16,7.0,MP,Zonotrichia,albicollis,Passerellidae,10133,Yes,Forest,Lower
2012-04-16,7.0,CHI,Zonotrichia,albicollis,Passerellidae,10133,Yes,Forest,Lower
2012-04-16,7.0,CHI,Toxostoma,rufum,Mimidae,166,No,Edge,Lower
2012-04-17,3.0,MP,Zonotrichia,albicollis,Passerellidae,10133,Yes,Forest,Lower
2012-04-17,3.0,MP,Zonotrichia,albicollis,Passerellidae,10133,Yes,Forest,Lower
2012-04-17,3.0,CHI,Catharus,guttatus,Turdidae,3729,Yes,Forest,Lower
2012-04-17,3.0,CHI,Catharus,guttatus,Turdidae,3729,Yes,Forest,Lower
2012-04-17,3.0,CHI,Toxostoma,rufum,Mimidae,166,No,Edge,Lower
2012-04-18,3.0,CHI,Catharus,guttatus,Turdidae,3729,Yes,Forest,Lower
2012-04-18,3.0,CHI,Parkesia,noveboracensis,Parulidae,916,Yes,Forest,Lower
2012-04-18,3.0,CHI,Zonotrichia,albicollis,Passerellidae,10133,Yes,Forest,Lower
2012-04-18,3.0,CHI,Zonotrichia,albicollis,Passerellidae,10133,Yes,Forest,Lower
2012-04-19,3.0,CHI,Zonotrichia,albicollis,Passerellidae,10133,Yes,Forest,Lower
2012-04-19,3.0,CHI,Zonotrichia,albicollis,Passerellidae,10133,Yes,Forest,Lower
2012-04-19,3.0,CHI,Zonotrichia,albicollis,Passerellidae,10133,Yes,Forest,Lower
2012-04-19,3.0,CHI,Zonotrichia,albicollis,Passerellidae,10133,Yes,Forest,Lower
2012-04-19,3.0,CHI,Zonotrichia,albicollis,Passerellidae,10133,Yes,Forest,Lower
2012-04-19,3.0,CHI,Zonotrichia,albicollis,Passerellidae,10133,Yes,Forest,Lower
2012-04-19,3.0,MP,Zonotrichia,albicollis,Passerellidae,10133,Yes,Forest,Lower
2012-04-19,3.0,CHI,Zonotrichia,albicollis,Passerellidae,10133,Yes,Forest,Lower
2012-04-19,3.0,CHI,Zonotrichia,albicollis,Passerellidae,10133,Yes,Forest,Lower
2012-04-19,3.0,CHI,Zonotrichia,albicollis,Passerellidae,10133,Yes,Forest,Lower
2012-04-19,3.0,MP,Catharus,guttatus,Turdidae,3729,Yes,Forest,Lower
2012-04-19,3.0,CHI,Toxostoma,rufum,Mimidae,166,No,Edge,Lower
2012-04-19,3.0,MP,Catharus,guttatus,Turdidae,3729,Yes,Forest,Lower
2012-04-19,3.0,CHI,Catharus,guttatus,Turdidae,3729,Yes,Forest,Lower
2012-04-20,3.0,CHI,Zonotrichia,albicollis,Passerellidae,10133,Yes,Forest,Lower
2012-04-20,3.0,CHI,Zonotrichia,albicollis,Passerellidae,10133,Yes,Forest,Lower
2012-04-20,3.0,CHI,Toxostoma,rufum,Mimidae,166,No,Edge,Lower
2012-04-20,3.0,CHI,Zonotrichia,albicollis,Passerellidae,10133,Yes,Forest,Lower
2012-04-20,3.0,CHI,Zonotrichia,albicollis,Passerellidae,10133,Yes,Forest,Lower
2012-04-20,3.0,CHI,Zonotrichia,albicollis,Passerellidae,10133,Yes,Forest,Lower
2012-04-20,3.0,CHI,Catharus,guttatus,Turdidae,3729,Yes,Forest,Lower
2012-04-20,3.0,CHI,Zonotrichia,albicollis,Passerellidae,10133,Yes,Forest,Lower
2012-04-20,3.0,CHI,Catharus,guttatus,Turdidae,3729,Yes,Forest,Lower
2012-04-20,3.0,CHI,Zonotrichia,albicollis,Passerellidae,10133,Yes,Forest,Lower
2012-04-20,3.0,CHI,Catharus,guttatus,Turdidae,3729,Yes,Forest,Lower
2012-04-20,3.0,CHI,Zonotrichia,albicollis,Passerellidae,10133,Yes,Forest,Lower
2012-04-20,3.0,CHI,Zonotrichia,albicollis,Passerellidae,10133,Yes,Forest,Lower
2012-04-20,3.0,CHI,Spizella,passerina,Passerellidae,68,Yes,Edge,Lower
2012-04-20,3.0,CHI,Zonotrichia,albicollis,Passerellidae,10133,Yes,Forest,Lower
2012-04-20,3.0,CHI,Zonotrichia,albicollis,Passerellidae,10133,Yes,Forest,Lower
2012-04-20,3.0,CHI,Zonotrichia,albicollis,Passerellidae,10133,Yes,Forest,Lower
2012-04-20,3.0,CHI,Zonotrichia,albicollis,Passerellidae,10133,Yes,Forest,Lower
2012-04-20,3.0,CHI,Zonotrichia,albicollis,Passerellidae,10133,Yes,Forest,Lower
2012-04-20,3.0,CHI,Hylocichla,mustelina,Turdidae,500,Yes,Forest,Lower
2012-04-20,3.0,CHI,Zonotrichia,albicollis,Passerellidae,10133,Yes,Forest,Lower
2012-04-20,3.0,CHI,Zonotrichia,albicollis,Passerellidae,10133,Yes,Forest,Lower
2012-04-20,3.0,CHI,Zonotrichia,albicollis,Passerellidae,10133,Yes,Forest,Lower
2012-04-20,3.0,CHI,Zonotrichia,albicollis,Passerellidae,10133,Yes,Forest,Lower
2012-04-20,3.0,CHI,Zonotrichia,albicollis,Passerellidae,10133,Yes,Forest,Lower
2012-04-20,3.0,CHI,Catharus,guttatus,Turdidae,3729,Yes,Forest,Lower
2012-04-20,3.0,CHI,Zonotrichia,albicollis,Passerellidae,10133,Yes,Forest,Lower
2012-04-20,3.0,CHI,Zonotrichia,albicollis,Passerellidae,10133,Yes,Forest,Lower
2012-04-20,3.0,CHI,Zonotrichia,albicollis,Passerellidae,10133,Yes,Forest,Lower
2012-04-20,3.0,CHI,Zonotrichia,albicollis,Passerellidae,10133,Yes,Forest,Lower
2012-04-20,3.0,CHI,Zonotrichia,albicollis,Passerellidae,10133,Yes,Forest,Lower
2012-04-20,3.0,CHI,Zonotrichia,albicollis,Passerellidae,10133,Yes,Forest,Lower
2012-04-20,3.0,CHI,Zonotrichia,albicollis,Passerellidae,10133,Yes,Forest,Lower
2012-04-20,3.0,CHI,Zonotrichia,albicollis,Passerellidae,10133,Yes,Forest,Lower
2012-04-20,3.0,CHI,Zonotrichia,albicollis,Passerellidae,10133,Yes,Forest,Lower
2012-04-20,3.0,CHI,Zonotrichia,albicollis,Passerellidae,10133,Yes,Forest,Lower
2012-04-20,3.0,CHI,Zonotrichia,albicollis,Passerellidae,10133,Yes,Forest,Lower
2012-04-20,3.0,CHI,Zonotrichia,albicollis,Passerellidae,10133,Yes,Forest,Lower
2012-04-20,3.0,CHI,Zonotrichia,albicollis,Passerellidae,10133,Yes,Forest,Lower
2012-04-20,3.0,CHI,Zonotrichia,albicollis,Passerellidae,10133,Yes,Forest,Lower
2012-04-20,3.0,CHI,Zonotrichia,albicollis,Passerellidae,10133,Yes,Forest,Lower
2012-04-20,3.0,CHI,Zonotrichia,albicollis,Passerellidae,10133,Yes,Forest,Lower
2012-04-20,3.0,CHI,Zonotrichia,albicollis,Passerellidae,10133,Yes,Forest,Lower
2012-04-20,3.0,CHI,Zonotrichia,albicollis,Passerellidae,10133,Yes,Forest,Lower
2012-04-20,3.0,CHI,Zonotrichia,albicollis,Passerellidae,10133,Yes,Forest,Lower
2012-04-20,3.0,CHI,Zonotrichia,albicollis,Passerellidae,10133,Yes,Forest,Lower
2012-04-20,3.0,CHI,Zonotrichia,albicollis,Passerellidae,10133,Yes,Forest,Lower
2012-04-21,3.0,CHI,Catharus,guttatus,Turdidae,3729,Yes,Forest,Lower
2012-04-21,3.0,CHI,Zonotrichia,albicollis,Passerellidae,10133,Yes,Forest,Lower
2012-04-21,3.0,CHI,Zonotrichia,albicollis,Passerellidae,10133,Yes,Forest,Lower
2012-04-21,3.0,CHI,Zonotrichia,albicollis,Passerellidae,10133,Yes,Forest,Lower
2012-04-21,3.0,CHI,Zonotrichia,albicollis,Passerellidae,10133,Yes,Forest,Lower
2012-04-22,3.0,CHI,Junco,hyemalis,Passerellidae,6303,Yes,Edge,Lower
2012-04-22,3.0,CHI,Junco,hyemalis,Passerellidae,6303,Yes,Edge,Lower
2012-04-22,3.0,CHI,Zonotrichia,albicollis,Passerellidae,10133,Yes,Forest,Lower
2012-04-22,3.0,CHI,Toxostoma,rufum,Mimidae,166,No,Edge,Lower
2012-04-22,3.0,CHI,Zonotrichia,albicollis,Passerellidae,10133,Yes,Forest,Lower
2012-04-22,3.0,CHI,Catharus,guttatus,Turdidae,3729,Yes,Forest,Lower
2012-04-22,3.0,CHI,Zonotrichia,albicollis,Passerellidae,10133,Yes,Forest,Lower
2012-04-22,3.0,CHI,Zonotrichia,albicollis,Passerellidae,10133,Yes,Forest,Lower
2012-04-22,3.0,CHI,Zonotrichia,albicollis,Passerellidae,10133,Yes,Forest,Lower
2012-04-22,3.0,CHI,Zonotrichia,albicollis,Passerellidae,10133,Yes,Forest,Lower
2012-04-22,3.0,CHI,Zonotrichia,albicollis,Passerellidae,10133,Yes,Forest,Lower
2012-04-22,3.0,CHI,Catharus,guttatus,Turdidae,3729,Yes,Forest,Lower
2012-04-22,3.0,CHI,Zonotrichia,albicollis,Passerellidae,10133,Yes,Forest,Lower
2012-04-23,3.0,CHI,Catharus,guttatus,Turdidae,3729,Yes,Forest,Lower
2012-04-23,3.0,CHI,Zonotrichia,albicollis,Passerellidae,10133,Yes,Forest,Lower
2012-04-23,3.0,CHI,Zonotrichia,albicollis,Passerellidae,10133,Yes,Forest,Lower
2012-04-25,13.0,CHI,Setophaga,coronata,Parulidae,887,yes,forest,Upper
2012-04-25,13.0,CHI,Parkesia,noveboracensis,Parulidae,916,Yes,Forest,Lower
2012-04-25,13.0,CHI,Setophaga,palmarum,Parulidae,694,Yes,Edge,Lower
2012-04-25,13.0,CHI,Toxostoma,rufum,Mimidae,166,No,Edge,Lower
2012-04-25,13.0,CHI,Catharus,guttatus,Turdidae,3729,Yes,Forest,Lower
2012-04-25,13.0,CHI,Catharus,guttatus,Turdidae,3729,Yes,Forest,Lower
2012-04-26,13.0,CHI,Zonotrichia,albicollis,Passerellidae,10133,Yes,Forest,Lower
2012-04-26,13.0,CHI,Catharus,guttatus,Turdidae,3729,Yes,Forest,Lower
2012-04-26,13.0,CHI,Zonotrichia,albicollis,Passerellidae,10133,Yes,Forest,Lower
2012-04-26,13.0,CHI,Zonotrichia,albicollis,Passerellidae,10133,Yes,Forest,Lower
2012-04-26,13.0,CHI,Catharus,guttatus,Turdidae,3729,Yes,Forest,Lower
2012-04-26,13.0,CHI,Setophaga,pinus,Parulidae,49,Yes,Forest,Upper
2012-04-26,13.0,CHI,Zonotrichia,albicollis,Passerellidae,10133,Yes,Forest,Lower
2012-04-26,13.0,CHI,Zonotrichia,albicollis,Passerellidae,10133,Yes,Forest,Lower
2012-04-26,13.0,CHI,Zonotrichia,albicollis,Passerellidae,10133,Yes,Forest,Lower
2012-04-26,13.0,CHI,Zonotrichia,albicollis,Passerellidae,10133,Yes,Forest,Lower
2012-04-26,13.0,CHI,Zonotrichia,albicollis,Passerellidae,10133,Yes,Forest,Lower
2012-04-26,13.0,CHI,Zonotrichia,albicollis,Passerellidae,10133,Yes,Forest,Lower
2012-04-26,13.0,CHI,Zonotrichia,albicollis,Passerellidae,10133,Yes,Forest,Lower
2012-04-26,13.0,CHI,Zonotrichia,albicollis,Passerellidae,10133,Yes,Forest,Lower
2012-04-26,13.0,CHI,Zonotrichia,albicollis,Passerellidae,10133,Yes,Forest,Lower
2012-04-26,13.0,CHI,Zonotrichia,albicollis,Passerellidae,10133,Yes,Forest,Lower
2012-04-26,13.0,CHI,Zonotrichia,albicollis,Passerellidae,10133,Yes,Forest,Lower
2012-04-26,13.0,CHI,Zonotrichia,albicollis,Passerellidae,10133,Yes,Forest,Lower
2012-04-26,13.0,CHI,Zonotrichia,albicollis,Passerellidae,10133,Yes,Forest,Lower
2012-04-26,13.0,CHI,Catharus,guttatus,Turdidae,3729,Yes,Forest,Lower
2012-04-26,13.0,CHI,Catharus,guttatus,Turdidae,3729,Yes,Forest,Lower
2012-04-26,13.0,CHI,Zonotrichia,albicollis,Passerellidae,10133,Yes,Forest,Lower
2012-04-26,13.0,CHI,Zonotrichia,albicollis,Passerellidae,10133,Yes,Forest,Lower
2012-04-26,13.0,CHI,Zonotrichia,albicollis,Passerellidae,10133,Yes,Forest,Lower
2012-04-26,13.0,CHI,Zonotrichia,albicollis,Passerellidae,10133,Yes,Forest,Lower
2012-04-26,13.0,CHI,Zonotrichia,albicollis,Passerellidae,10133,Yes,Forest,Lower
2012-04-26,13.0,CHI,Zonotrichia,albicollis,Passerellidae,10133,Yes,Forest,Lower
2012-04-26,13.0,CHI,Zonotrichia,albicollis,Passerellidae,10133,Yes,Forest,Lower
2012-04-26,13.0,CHI,Zonotrichia,albicollis,Passerellidae,10133,Yes,Forest,Lower
2012-04-26,13.0,CHI,Zonotrichia,albicollis,Passerellidae,10133,Yes,Forest,Lower
2012-04-26,13.0,CHI,Mniotilta,varia,Parulidae,620,Yes,Forest,Upper
2012-04-26,13.0,CHI,Zonotrichia,albicollis,Passerellidae,10133,Yes,Forest,Lower
2012-04-26,13.0,CHI,Zonotrichia,albicollis,Passerellidae,10133,Yes,Forest,Lower
2012-04-26,13.0,CHI,Zonotrichia,albicollis,Passerellidae,10133,Yes,Forest,Lower
2012-04-26,13.0,CHI,Zonotrichia,albicollis,Passerellidae,10133,Yes,Forest,Lower
2012-04-26,13.0,CHI,Zonotrichia,albicollis,Passerellidae,10133,Yes,Forest,Lower
2012-04-26,13.0,CHI,Zonotrichia,albicollis,Passerellidae,10133,Yes,Forest,Lower
2012-04-26,13.0,CHI,Zonotrichia,albicollis,Passerellidae,10133,Yes,Forest,Lower
2012-04-26,13.0,CHI,Parkesia,noveboracensis,Parulidae,916,Yes,Forest,Lower
2012-04-27,3.0,CHI,Catharus,guttatus,Turdidae,3729,Yes,Forest,Lower
2012-04-27,3.0,CHI,Zonotrichia,albicollis,Passerellidae,10133,Yes,Forest,Lower
2012-04-27,3.0,CHI,Zonotrichia,albicollis,Passerellidae,10133,Yes,Forest,Lower
2012-04-27,3.0,CHI,Zonotrichia,albicollis,Passerellidae,10133,Yes,Forest,Lower
2012-04-28,3.0,CHI,Zonotrichia,albicollis,Passerellidae,10133,Yes,Forest,Lower
2012-04-28,3.0,CHI,Zonotrichia,albicollis,Passerellidae,10133,Yes,Forest,Lower
2012-04-28,3.0,CHI,Zonotrichia,albicollis,Passerellidae,10133,Yes,Forest,Lower
2012-04-28,3.0,CHI,Zonotrichia,albicollis,Passerellidae,10133,Yes,Forest,Lower
2012-04-29,3.0,CHI,Zonotrichia,albicollis,Passerellidae,10133,Yes,Forest,Lower
2012-04-29,3.0,CHI,Zonotrichia,albicollis,Passerellidae,10133,Yes,Forest,Lower
2012-04-30,16.0,CHI,Zonotrichia,albicollis,Passerellidae,10133,Yes,Forest,Lower
2012-04-30,16.0,CHI,Zonotrichia,albicollis,Passerellidae,10133,Yes,Forest,Lower
2012-04-30,16.0,CHI,Catharus,guttatus,Turdidae,3729,Yes,Forest,Lower
2012-05-01,8.0,CHI,Catharus,guttatus,Turdidae,3729,Yes,Forest,Lower
2012-05-01,8.0,CHI,Mniotilta,varia,Parulidae,620,Yes,Forest,Upper
2012-05-01,8.0,CHI,Seiurus,aurocapilla,Parulidae,4580,Yes,Forest,Lower
2012-05-01,8.0,CHI,Seiurus,aurocapilla,Parulidae,4580,Yes,Forest,Lower
2012-05-01,8.0,CHI,Zonotrichia,albicollis,Passerellidae,10133,Yes,Forest,Lower
2012-05-01,8.0,CHI,Zonotrichia,albicollis,Passerellidae,10133,Yes,Forest,Lower
2012-05-01,8.0,CHI,Mniotilta,varia,Parulidae,620,Yes,Forest,Upper
2012-05-03,8.0,CHI,Seiurus,aurocapilla,Parulidae,4580,Yes,Forest,Lower
2012-05-03,8.0,CHI,Passerina,cyanea,Cardinalidae,725,yes,edge,Upper
2012-05-03,8.0,CHI,Seiurus,aurocapilla,Parulidae,4580,Yes,Forest,Lower
2012-05-03,8.0,CHI,Passerina,cyanea,Cardinalidae,725,yes,edge,Upper
2012-05-03,8.0,CHI,Passerina,cyanea,Cardinalidae,725,yes,edge,Upper
2012-05-03,8.0,CHI,Passerina,cyanea,Cardinalidae,725,yes,edge,Upper
2012-05-03,8.0,CHI,Seiurus,aurocapilla,Parulidae,4580,Yes,Forest,Lower
2012-05-03,8.0,CHI,Passerina,cyanea,Cardinalidae,725,yes,edge,Upper
2012-05-03,8.0,MP,Zonotrichia,albicollis,Passerellidae,10133,Yes,Forest,Lower
2012-05-03,8.0,CHI,Zonotrichia,albicollis,Passerellidae,10133,Yes,Forest,Lower
2012-05-03,8.0,CHI,Setophaga,palmarum,Parulidae,694,Yes,Edge,Lower
2012-05-03,8.0,CHI,Melospiza,lincolnii,Passerellidae,2029,yes,edge,Lower
2012-05-03,8.0,MP,Melospiza,lincolnii,Passerellidae,2029,yes,edge,Lower
2012-05-03,8.0,CHI,Mniotilta,varia,Parulidae,620,Yes,Forest,Upper
2012-05-03,8.0,CHI,Geothlypis,trichas,Parulidae,1555,Yes,Open,Lower
2012-05-03,8.0,MP,Oreothlypis,ruficapilla,Parulidae,1690,Yes,Forest,Upper
2012-05-03,8.0,CHI,Oreothlypis,ruficapilla,Parulidae,1690,Yes,Forest,Upper
2012-05-03,8.0,CHI,Hylocichla,mustelina,Turdidae,500,Yes,Forest,Lower
2012-05-03,8.0,CHI,Hylocichla,mustelina,Turdidae,500,Yes,Forest,Lower
2012-05-03,8.0,CHI,Zonotrichia,albicollis,Passerellidae,10133,Yes,Forest,Lower
2012-05-03,8.0,CHI,dumetella,carolinensis,Mimidae,599,no,edge,Lower
2012-05-03,8.0,CHI,Zonotrichia,albicollis,Passerellidae,10133,Yes,Forest,Lower
2012-05-03,8.0,CHI,Seiurus,aurocapilla,Parulidae,4580,Yes,Forest,Lower
2012-05-03,8.0,CHI,Zonotrichia,albicollis,Passerellidae,10133,Yes,Forest,Lower
2012-05-03,8.0,CHI,Zonotrichia,albicollis,Passerellidae,10133,Yes,Forest,Lower
2012-05-03,8.0,CHI,Zonotrichia,albicollis,Passerellidae,10133,Yes,Forest,Lower
2012-05-03,8.0,CHI,Zonotrichia,albicollis,Passerellidae,10133,Yes,Forest,Lower
2012-05-03,8.0,CHI,Zonotrichia,albicollis,Passerellidae,10133,Yes,Forest,Lower
2012-05-03,8.0,CHI,Zonotrichia,albicollis,Passerellidae,10133,Yes,Forest,Lower
2012-05-03,8.0,CHI,Zonotrichia,albicollis,Passerellidae,10133,Yes,Forest,Lower
2012-05-03,8.0,CHI,Seiurus,aurocapilla,Parulidae,4580,Yes,Forest,Lower
2012-05-03,8.0,CHI,Zonotrichia,albicollis,Passerellidae,10133,Yes,Forest,Lower
2012-05-03,8.0,CHI,Zonotrichia,albicollis,Passerellidae,10133,Yes,Forest,Lower
2012-05-03,8.0,CHI,Zonotrichia,albicollis,Passerellidae,10133,Yes,Forest,Lower
2012-05-03,8.0,CHI,Zonotrichia,albicollis,Passerellidae,10133,Yes,Forest,Lower
2012-05-04,5.0,CHI,Seiurus,aurocapilla,Parulidae,4580,Yes,Forest,Lower
2012-05-04,5.0,CHI,Seiurus,aurocapilla,Parulidae,4580,Yes,Forest,Lower
2012-05-04,5.0,CHI,Seiurus,aurocapilla,Parulidae,4580,Yes,Forest,Lower
2012-05-04,5.0,CHI,Seiurus,aurocapilla,Parulidae,4580,Yes,Forest,Lower
2012-05-04,5.0,MP,Pheucticus,ludovicianus,Cardinalidae,397,Yes,Forest,Upper
2012-05-04,5.0,CHI,Seiurus,aurocapilla,Parulidae,4580,Yes,Forest,Lower
2012-05-04,5.0,CHI,Pheucticus,ludovicianus,Cardinalidae,397,Yes,Forest,Upper
2012-05-04,5.0,CHI,Pheucticus,ludovicianus,Cardinalidae,397,Yes,Forest,Upper
2012-05-04,5.0,CHI,Seiurus,aurocapilla,Parulidae,4580,Yes,Forest,Lower
2012-05-04,5.0,CHI,Seiurus,aurocapilla,Parulidae,4580,Yes,Forest,Lower
2012-05-04,5.0,MP,Catharus,fuscescens,Turdidae,727,Yes,Forest,Lower
2012-05-04,5.0,MP,Seiurus,aurocapilla,Parulidae,4580,Yes,Forest,Lower
2012-05-04,5.0,MP,Seiurus,aurocapilla,Parulidae,4580,Yes,Forest,Lower
2012-05-04,5.0,CHI,Parkesia,noveboracensis,Parulidae,916,Yes,Forest,Lower
2012-05-04,5.0,CHI,Mniotilta,varia,Parulidae,620,Yes,Forest,Upper
2012-05-04,5.0,CHI,Seiurus,aurocapilla,Parulidae,4580,Yes,Forest,Lower
2012-05-04,5.0,CHI,Mniotilta,varia,Parulidae,620,Yes,Forest,Upper
2012-05-04,5.0,CHI,Zonotrichia,albicollis,Passerellidae,10133,Yes,Forest,Lower
2012-05-04,5.0,MP,Zonotrichia,albicollis,Passerellidae,10133,Yes,Forest,Lower
2012-05-04,5.0,CHI,Zonotrichia,albicollis,Passerellidae,10133,Yes,Forest,Lower
2012-05-04,5.0,CHI,Zonotrichia,albicollis,Passerellidae,10133,Yes,Forest,Lower
2012-05-04,5.0,CHI,Zonotrichia,albicollis,Passerellidae,10133,Yes,Forest,Lower
2012-05-04,5.0,CHI,Setophaga,coronata,Parulidae,887,yes,forest,Upper
2012-05-04,5.0,MP,dumetella,carolinensis,Mimidae,599,no,edge,Lower
2012-05-04,5.0,MP,dumetella,carolinensis,Mimidae,599,no,edge,Lower
2012-05-04,5.0,CHI,Setophaga,coronata,Parulidae,887,yes,forest,Upper
2012-05-04,5.0,CHI,Parkesia,noveboracensis,Parulidae,916,Yes,Forest,Lower
2012-05-04,5.0,CHI,Melospiza,lincolnii,Passerellidae,2029,yes,edge,Lower
2012-05-05,5.0,CHI,Setophaga,virens,Parulidae,223,Yes,Forest,Upper
2012-05-05,5.0,CHI,Seiurus,aurocapilla,Parulidae,4580,Yes,Forest,Lower
2012-05-05,5.0,CHI,Zonotrichia,albicollis,Passerellidae,10133,Yes,Forest,Lower
2012-05-05,5.0,CHI,Oreothlypis,ruficapilla,Parulidae,1690,Yes,Forest,Upper
2012-05-05,5.0,CHI,Zonotrichia,albicollis,Passerellidae,10133,Yes,Forest,Lower
2012-05-05,5.0,CHI,Zonotrichia,albicollis,Passerellidae,10133,Yes,Forest,Lower
2012-05-05,5.0,CHI,Parkesia,noveboracensis,Parulidae,916,Yes,Forest,Lower
2012-05-05,5.0,CHI,dumetella,carolinensis,Mimidae,599,no,edge,Lower
2012-05-05,5.0,CHI,Seiurus,aurocapilla,Parulidae,4580,Yes,Forest,Lower
2012-05-05,5.0,CHI,Oreothlypis,ruficapilla,Parulidae,1690,Yes,Forest,Upper
2012-05-05,5.0,CHI,Pheucticus,ludovicianus,Cardinalidae,397,Yes,Forest,Upper
2012-05-06,3.0,CHI,Oreothlypis,peregrina,Parulidae,2515,Yes,Edge,Upper
2012-05-06,3.0,CHI,Zonotrichia,albicollis,Passerellidae,10133,Yes,Forest,Lower
2012-05-06,3.0,MP,Seiurus,aurocapilla,Parulidae,4580,Yes,Forest,Lower
2012-05-06,3.0,CHI,dumetella,carolinensis,Mimidae,599,no,edge,Lower
2012-05-06,3.0,CHI,Zonotrichia,albicollis,Passerellidae,10133,Yes,Forest,Lower
2012-05-06,3.0,CHI,Catharus,guttatus,Turdidae,3729,Yes,Forest,Lower
2012-05-06,3.0,CHI,Zonotrichia,albicollis,Passerellidae,10133,Yes,Forest,Lower
2012-05-06,3.0,CHI,Hylocichla,mustelina,Turdidae,500,Yes,Forest,Lower
2012-05-06,3.0,CHI,Pheucticus,ludovicianus,Cardinalidae,397,Yes,Forest,Upper
2012-05-06,3.0,CHI,Oreothlypis,ruficapilla,Parulidae,1690,Yes,Forest,Upper
2012-05-06,3.0,CHI,Passerina,cyanea,Cardinalidae,725,yes,edge,Upper
2012-05-06,3.0,CHI,Passerina,cyanea,Cardinalidae,725,yes,edge,Upper
2012-05-06,3.0,CHI,Geothlypis,trichas,Parulidae,1555,Yes,Open,Lower
2012-05-06,3.0,CHI,Hylocichla,mustelina,Turdidae,500,Yes,Forest,Lower
2012-05-06,3.0,CHI,Hylocichla,mustelina,Turdidae,500,Yes,Forest,Lower
2012-05-06,3.0,MP,Setophaga,virens,Parulidae,223,Yes,Forest,Upper
2012-05-07,3.0,CHI,Seiurus,aurocapilla,Parulidae,4580,Yes,Forest,Lower
2012-05-07,3.0,CHI,Geothlypis,trichas,Parulidae,1555,Yes,Open,Lower
2012-05-07,3.0,CHI,Mniotilta,varia,Parulidae,620,Yes,Forest,Upper
2012-05-07,3.0,CHI,Oreothlypis,ruficapilla,Parulidae,1690,Yes,Forest,Upper
2012-05-07,3.0,CHI,Seiurus,aurocapilla,Parulidae,4580,Yes,Forest,Lower
2012-05-07,3.0,CHI,Seiurus,aurocapilla,Parulidae,4580,Yes,Forest,Lower
2012-05-07,3.0,CHI,Seiurus,aurocapilla,Parulidae,4580,Yes,Forest,Lower
2012-05-07,3.0,CHI,Seiurus,aurocapilla,Parulidae,4580,Yes,Forest,Lower
2012-05-07,3.0,CHI,Seiurus,aurocapilla,Parulidae,4580,Yes,Forest,Lower
2012-05-07,3.0,CHI,Zonotrichia,albicollis,Passerellidae,10133,Yes,Forest,Lower
2012-05-07,3.0,CHI,Seiurus,aurocapilla,Parulidae,4580,Yes,Forest,Lower
2012-05-07,3.0,CHI,Seiurus,aurocapilla,Parulidae,4580,Yes,Forest,Lower
2012-05-07,3.0,CHI,Seiurus,aurocapilla,Parulidae,4580,Yes,Forest,Lower
2012-05-07,3.0,CHI,Seiurus,aurocapilla,Parulidae,4580,Yes,Forest,Lower
2012-05-07,3.0,CHI,Pheucticus,ludovicianus,Cardinalidae,397,Yes,Forest,Upper
2012-05-07,3.0,CHI,Setophaga,coronata,Parulidae,887,yes,forest,Upper
2012-05-07,3.0,MP,catharus,ustulatus,Turdidae,2331,Yes,Forest,Lower
2012-05-07,3.0,CHI,Seiurus,aurocapilla,Parulidae,4580,Yes,Forest,Lower
2012-05-07,3.0,CHI,Parkesia,noveboracensis,Parulidae,916,Yes,Forest,Lower
2012-05-08,3.0,CHI,Zonotrichia,albicollis,Passerellidae,10133,Yes,Forest,Lower
2012-05-08,3.0,CHI,Seiurus,aurocapilla,Parulidae,4580,Yes,Forest,Lower
2012-05-08,3.0,CHI,Zonotrichia,albicollis,Passerellidae,10133,Yes,Forest,Lower
2012-05-08,3.0,CHI,Regulus,calendula,Regulidae,416,No,Forest,Upper
2012-05-08,3.0,CHI,Piranga,olivacea,Cardinalidae,127,Yes,Forest,Upper
2012-05-08,3.0,CHI,Seiurus,aurocapilla,Parulidae,4580,Yes,Forest,Lower
2012-05-08,3.0,CHI,Seiurus,aurocapilla,Parulidae,4580,Yes,Forest,Lower
2012-05-08,3.0,CHI,Seiurus,aurocapilla,Parulidae,4580,Yes,Forest,Lower
2012-05-08,3.0,CHI,Troglodytes,aedon,Troglodytidae,104,No,Edge,Lower
2012-05-08,3.0,CHI,Seiurus,aurocapilla,Parulidae,4580,Yes,Forest,Lower
2012-05-08,3.0,CHI,Seiurus,aurocapilla,Parulidae,4580,Yes,Forest,Lower
2012-05-08,3.0,CHI,Oreothlypis,peregrina,Parulidae,2515,Yes,Edge,Upper
2012-05-08,3.0,CHI,Parkesia,noveboracensis,Parulidae,916,Yes,Forest,Lower
2012-05-08,3.0,CHI,Seiurus,aurocapilla,Parulidae,4580,Yes,Forest,Lower
2012-05-09,3.0,CHI,Seiurus,aurocapilla,Parulidae,4580,Yes,Forest,Lower
2012-05-09,3.0,CHI,Seiurus,aurocapilla,Parulidae,4580,Yes,Forest,Lower
2012-05-09,3.0,CHI,Zonotrichia,albicollis,Passerellidae,10133,Yes,Forest,Lower
2012-05-09,3.0,CHI,Mniotilta,varia,Parulidae,620,Yes,Forest,Upper
2012-05-09,3.0,CHI,Seiurus,aurocapilla,Parulidae,4580,Yes,Forest,Lower
2012-05-09,3.0,CHI,Parkesia,noveboracensis,Parulidae,916,Yes,Forest,Lower
2012-05-09,3.0,CHI,vireo,solitarius,Vireonidae,18,No,Forest,Upper
2012-05-09,3.0,CHI,Zonotrichia,albicollis,Passerellidae,10133,Yes,Forest,Lower
2012-05-09,3.0,MP,Hylocichla,mustelina,Turdidae,500,Yes,Forest,Lower
2012-05-09,3.0,CHI,Seiurus,aurocapilla,Parulidae,4580,Yes,Forest,Lower
2012-05-09,3.0,CHI,Seiurus,aurocapilla,Parulidae,4580,Yes,Forest,Lower
2012-05-09,3.0,CHI,Zonotrichia,albicollis,Passerellidae,10133,Yes,Forest,Lower
2012-05-09,3.0,CHI,Passerina,cyanea,Cardinalidae,725,yes,edge,Upper
2012-05-10,5.0,CHI,Seiurus,aurocapilla,Parulidae,4580,Yes,Forest,Lower
2012-05-10,5.0,CHI,Seiurus,aurocapilla,Parulidae,4580,Yes,Forest,Lower
2012-05-10,5.0,CHI,Seiurus,aurocapilla,Parulidae,4580,Yes,Forest,Lower
2012-05-10,5.0,CHI,Hylocichla,mustelina,Turdidae,500,Yes,Forest,Lower
2012-05-10,5.0,CHI,Zonotrichia,albicollis,Passerellidae,10133,Yes,Forest,Lower
2012-05-10,5.0,CHI,Zonotrichia,albicollis,Passerellidae,10133,Yes,Forest,Lower
2012-05-10,5.0,CHI,Seiurus,aurocapilla,Parulidae,4580,Yes,Forest,Lower
2012-05-10,5.0,CHI,Zonotrichia,albicollis,Passerellidae,10133,Yes,Forest,Lower
2012-05-10,5.0,CHI,Zonotrichia,albicollis,Passerellidae,10133,Yes,Forest,Lower
2012-05-11,5.0,CHI,Icterus,galbula,Icteridae,83,Yes,Edge,Upper
2012-05-11,5.0,CHI,Setophaga,fusca,Parulidae,201,Yes,Forest,Upper
2012-05-11,5.0,CHI,Oreothlypis,ruficapilla,Parulidae,1690,Yes,Forest,Upper
2012-05-11,5.0,CHI,Pheucticus,ludovicianus,Cardinalidae,397,Yes,Forest,Upper
2012-05-11,5.0,CHI,Setophaga,palmarum,Parulidae,694,Yes,Edge,Lower
2012-05-12,6.0,CHI,Passerina,cyanea,Cardinalidae,725,yes,edge,Upper
2012-05-12,6.0,CHI,Piranga,olivacea,Cardinalidae,127,Yes,Forest,Upper
2012-05-12,6.0,CHI,Seiurus,aurocapilla,Parulidae,4580,Yes,Forest,Lower
2012-05-12,6.0,CHI,Oreothlypis,peregrina,Parulidae,2515,Yes,Edge,Upper
2012-05-12,6.0,CHI,Mniotilta,varia,Parulidae,620,Yes,Forest,Upper
2012-05-12,6.0,CHI,Mniotilta,varia,Parulidae,620,Yes,Forest,Upper
2012-05-12,6.0,CHI,Setophaga,magnolia,Parulidae,1224,yes,forest,Upper
2012-05-12,6.0,CHI,Oreothlypis,ruficapilla,Parulidae,1690,Yes,Forest,Upper
2012-05-12,6.0,CHI,Setophaga,magnolia,Parulidae,1224,yes,forest,Upper
2012-05-12,6.0,CHI,Cardellina,canadensis,Parulidae,241,Yes,Forest,Lower
2012-05-12,6.0,CHI,Oreothlypis,ruficapilla,Parulidae,1690,Yes,Forest,Upper
2012-05-12,6.0,CHI,Catharus,minimus,Turdidae,822,Yes,Forest,Lower
2012-05-12,6.0,MP,Catharus,minimus,Turdidae,822,Yes,Forest,Lower
2012-05-12,6.0,CHI,Passerina,cyanea,Cardinalidae,725,yes,edge,Upper
2012-05-12,6.0,CHI,Mniotilta,varia,Parulidae,620,Yes,Forest,Upper
2012-05-12,6.0,CHI,catharus,ustulatus,Turdidae,2331,Yes,Forest,Lower
2012-05-12,6.0,MP,Seiurus,aurocapilla,Parulidae,4580,Yes,Forest,Lower
2012-05-12,6.0,MP,Seiurus,aurocapilla,Parulidae,4580,Yes,Forest,Lower
2012-05-12,6.0,CHI,Empidonax,minimus,Tyrannidae,96,No,Edge,Upper
2012-05-12,6.0,CHI,Zonotrichia,albicollis,Passerellidae,10133,Yes,Forest,Lower
2012-05-12,6.0,CHI,Seiurus,aurocapilla,Parulidae,4580,Yes,Forest,Lower
2012-05-12,6.0,CHI,Melospiza,lincolnii,Passerellidae,2029,yes,edge,Lower
2012-05-12,6.0,CHI,Seiurus,aurocapilla,Parulidae,4580,Yes,Forest,Lower
2012-05-12,6.0,CHI,Seiurus,aurocapilla,Parulidae,4580,Yes,Forest,Lower
2012-05-12,6.0,CHI,Seiurus,aurocapilla,Parulidae,4580,Yes,Forest,Lower
2012-05-12,6.0,CHI,Zonotrichia,albicollis,Passerellidae,10133,Yes,Forest,Lower
2012-05-12,6.0,CHI,Icterus,galbula,Icteridae,83,Yes,Edge,Upper
2012-05-12,6.0,CHI,Setophaga,pensylvanica,Parulidae,303,Yes,Edge,Upper
2012-05-13,5.0,CHI,Catharus,minimus,Turdidae,822,Yes,Forest,Lower
2012-05-13,5.0,CHI,Setophaga,pensylvanica,Parulidae,303,Yes,Edge,Upper
2012-05-13,5.0,MP,Hylocichla,mustelina,Turdidae,500,Yes,Forest,Lower
2012-05-13,5.0,CHI,Hylocichla,mustelina,Turdidae,500,Yes,Forest,Lower
2012-05-13,5.0,CHI,Catharus,fuscescens,Turdidae,727,Yes,Forest,Lower
2012-05-14,5.0,CHI,Seiurus,aurocapilla,Parulidae,4580,Yes,Forest,Lower
2012-05-14,5.0,CHI,Passerina,cyanea,Cardinalidae,725,yes,edge,Upper
2012-05-14,5.0,CHI,Passerina,cyanea,Cardinalidae,725,yes,edge,Upper
2012-05-14,5.0,CHI,Oreothlypis,peregrina,Parulidae,2515,Yes,Edge,Upper
2012-05-14,5.0,CHI,Oreothlypis,peregrina,Parulidae,2515,Yes,Edge,Upper
2012-05-14,5.0,CHI,Oreothlypis,ruficapilla,Parulidae,1690,Yes,Forest,Upper
2012-05-14,5.0,CHI,Setophaga,americana,Parulidae,59,Yes,Forest,Upper
2012-05-15,3.0,CHI,Oreothlypis,peregrina,Parulidae,2515,Yes,Edge,Upper
2012-05-15,3.0,MP,Parkesia,noveboracensis,Parulidae,916,Yes,Forest,Lower
2012-05-15,3.0,CHI,Oreothlypis,peregrina,Parulidae,2515,Yes,Edge,Upper
2012-05-15,3.0,CHI,Oreothlypis,peregrina,Parulidae,2515,Yes,Edge,Upper
2012-05-15,3.0,CHI,Setophaga,tigrina,Parulidae,182,Yes,Forest,Upper
2012-05-15,3.0,MP,Parkesia,noveboracensis,Parulidae,916,Yes,Forest,Lower
2012-05-15,3.0,CHI,Piranga,rubra,Cardinalidae,9,Yes,Forest,Upper
2012-05-15,3.0,CHI,Setophaga,americana,Parulidae,59,Yes,Forest,Upper
2012-05-15,3.0,CHI,Seiurus,aurocapilla,Parulidae,4580,Yes,Forest,Lower
2012-05-15,3.0,CHI,geothlypis,philadelphia,Parulidae,430,Yes,Edge,Lower
2012-05-15,3.0,CHI,Seiurus,aurocapilla,Parulidae,4580,Yes,Forest,Lower
2012-05-16,3.0,CHI,Passerina,cyanea,Cardinalidae,725,yes,edge,Upper
2012-05-16,3.0,CHI,Seiurus,aurocapilla,Parulidae,4580,Yes,Forest,Lower
2012-05-16,3.0,CHI,Setophaga,fusca,Parulidae,201,Yes,Forest,Upper
2012-05-16,3.0,CHI,Seiurus,aurocapilla,Parulidae,4580,Yes,Forest,Lower
2012-05-17,3.0,CHI,Geothlypis,trichas,Parulidae,1555,Yes,Open,Lower
2012-05-17,3.0,CHI,Seiurus,aurocapilla,Parulidae,4580,Yes,Forest,Lower
2012-05-17,3.0,CHI,Seiurus,aurocapilla,Parulidae,4580,Yes,Forest,Lower
2012-05-17,3.0,CHI,Passerina,cyanea,Cardinalidae,725,yes,edge,Upper
2012-05-17,3.0,CHI,Seiurus,aurocapilla,Parulidae,4580,Yes,Forest,Lower
2012-05-17,3.0,CHI,Oreothlypis,ruficapilla,Parulidae,1690,Yes,Forest,Upper
2012-05-17,3.0,CHI,Geothlypis,trichas,Parulidae,1555,Yes,Open,Lower
2012-05-17,3.0,CHI,Setophaga,magnolia,Parulidae,1224,yes,forest,Upper
2012-05-17,3.0,CHI,cistothorus,palustris,Troglodytidae,91,No,Open,Lower
2012-05-24,3.0,MP,Catharus,minimus,Turdidae,822,Yes,Forest,Lower
2012-05-24,3.0,CHI,Passerina,cyanea,Cardinalidae,725,yes,edge,Upper
2012-05-24,3.0,CHI,icteria,virens,Icteriidae,15,no,edge,Lower
2012-05-25,4.0,CHI,Zonotrichia,albicollis,Passerellidae,10133,Yes,Forest,Lower
2012-05-25,4.0,CHI,Hylocichla,mustelina,Turdidae,500,Yes,Forest,Lower
2012-05-25,4.0,CHI,Vireo,olivaceus,Vireonidae,133,No,Forest,Upper
2012-05-25,4.0,CHI,Catharus,minimus,Turdidae,822,Yes,Forest,Lower
2012-05-25,4.0,CHI,catharus,ustulatus,Turdidae,2331,Yes,Forest,Lower
2012-05-25,4.0,CHI,Passerina,cyanea,Cardinalidae,725,yes,edge,Upper
2012-05-25,4.0,CHI,Cardellina,canadensis,Parulidae,241,Yes,Forest,Lower
2012-05-25,4.0,CHI,Setophaga,pensylvanica,Parulidae,303,Yes,Edge,Upper
2012-05-25,4.0,CHI,Passerina,cyanea,Cardinalidae,725,yes,edge,Upper
2012-05-25,4.0,CHI,Cardellina,canadensis,Parulidae,241,Yes,Forest,Lower
2012-05-25,4.0,CHI,Icterus,galbula,Icteridae,83,Yes,Edge,Upper
2012-05-26,4.0,CHI,Setophaga,striata,Parulidae,787,Yes,Forest,Upper
2012-05-26,4.0,CHI,Geothlypis,trichas,Parulidae,1555,Yes,Open,Lower
2012-05-26,4.0,CHI,Cardellina,canadensis,Parulidae,241,Yes,Forest,Lower
2012-05-26,4.0,CHI,Seiurus,aurocapilla,Parulidae,4580,Yes,Forest,Lower
2012-08-14,4.0,CHI,Parkesia,noveboracensis,Parulidae,916,Yes,Forest,Lower
2012-08-14,4.0,CHI,Oreothlypis,peregrina,Parulidae,2515,Yes,Edge,Upper
2012-08-15,4.0,CHI,Seiurus,aurocapilla,Parulidae,4580,Yes,Forest,Lower
2012-08-15,4.0,CHI,Setophaga,fusca,Parulidae,201,Yes,Forest,Upper
2012-08-17,4.0,CHI,Parkesia,noveboracensis,Parulidae,916,Yes,Forest,Lower
2012-08-18,4.0,CHI,Parkesia,noveboracensis,Parulidae,916,Yes,Forest,Lower
2012-08-18,4.0,CHI,Seiurus,aurocapilla,Parulidae,4580,Yes,Forest,Lower
2012-08-18,4.0,CHI,Oreothlypis,peregrina,Parulidae,2515,Yes,Edge,Upper
2012-08-18,4.0,CHI,Oreothlypis,peregrina,Parulidae,2515,Yes,Edge,Upper
2012-08-18,4.0,CHI,Empidonax,flaviventris,Tyrannidae,68,No,Forest,Upper
2012-08-18,4.0,CHI,Oreothlypis,peregrina,Parulidae,2515,Yes,Edge,Upper
2012-08-18,4.0,CHI,setophaga,ruticilla,Parulidae,868,Yes,Edge,Upper
2012-08-19,4.0,CHI,Mniotilta,varia,Parulidae,620,Yes,Forest,Upper
2012-08-19,4.0,CHI,Parkesia,noveboracensis,Parulidae,916,Yes,Forest,Lower
2012-08-19,4.0,CHI,catharus,ustulatus,Turdidae,2331,Yes,Forest,Lower
2012-08-20,4.0,CHI,Setophaga,fusca,Parulidae,201,Yes,Forest,Upper
2012-08-20,4.0,CHI,Oporornis,agilis,Parulidae,365,Yes,Forest,Lower
2012-08-20,4.0,CHI,Setophaga,magnolia,Parulidae,1224,yes,forest,Upper
2012-08-20,4.0,CHI,Seiurus,aurocapilla,Parulidae,4580,Yes,Forest,Lower
2012-08-20,4.0,CHI,Setophaga,fusca,Parulidae,201,Yes,Forest,Upper
2012-08-20,4.0,CHI,Mniotilta,varia,Parulidae,620,Yes,Forest,Upper
2012-08-20,4.0,CHI,Mniotilta,varia,Parulidae,620,Yes,Forest,Upper
2012-08-20,4.0,CHI,Oreothlypis,peregrina,Parulidae,2515,Yes,Edge,Upper
2012-08-20,4.0,CHI,Setophaga,magnolia,Parulidae,1224,yes,forest,Upper
2012-08-20,4.0,CHI,Icterus,galbula,Icteridae,83,Yes,Edge,Upper
2012-08-20,4.0,CHI,Setophaga,pensylvanica,Parulidae,303,Yes,Edge,Upper
2012-08-20,4.0,CHI,Cardellina,canadensis,Parulidae,241,Yes,Forest,Lower
2012-08-21,4.0,CHI,Setophaga,fusca,Parulidae,201,Yes,Forest,Upper
2012-08-21,4.0,CHI,catharus,ustulatus,Turdidae,2331,Yes,Forest,Lower
2012-08-21,4.0,CHI,geothlypis,philadelphia,Parulidae,430,Yes,Edge,Lower
2012-08-21,4.0,CHI,Seiurus,aurocapilla,Parulidae,4580,Yes,Forest,Lower
2012-08-21,4.0,CHI,Seiurus,aurocapilla,Parulidae,4580,Yes,Forest,Lower
2012-08-21,4.0,CHI,Setophaga,caerulescens,Parulidae,183,Yes,Forest,Upper
2012-08-23,4.0,CHI,Catharus,fuscescens,Turdidae,727,Yes,Forest,Lower
2012-08-23,4.0,CHI,Oreothlypis,peregrina,Parulidae,2515,Yes,Edge,Upper
2012-08-23,4.0,CHI,Oreothlypis,peregrina,Parulidae,2515,Yes,Edge,Upper
2012-08-24,14.0,CHI,Oreothlypis,peregrina,Parulidae,2515,Yes,Edge,Upper
2012-08-24,14.0,CHI,Oreothlypis,peregrina,Parulidae,2515,Yes,Edge,Upper
2012-08-26,4.0,CHI,Seiurus,aurocapilla,Parulidae,4580,Yes,Forest,Lower
2012-08-26,4.0,CHI,Setophaga,petechia,Parulidae,77,Yes,Edge,Upper
2012-08-26,4.0,CHI,geothlypis,philadelphia,Parulidae,430,Yes,Edge,Lower
2012-08-26,4.0,CHI,Oreothlypis,peregrina,Parulidae,2515,Yes,Edge,Upper
2012-08-26,4.0,CHI,setophaga,ruticilla,Parulidae,868,Yes,Edge,Upper
2012-08-26,4.0,CHI,Oreothlypis,peregrina,Parulidae,2515,Yes,Edge,Upper
2012-08-26,4.0,CHI,Oreothlypis,peregrina,Parulidae,2515,Yes,Edge,Upper
2012-08-27,14.0,CHI,Setophaga,pensylvanica,Parulidae,303,Yes,Edge,Upper
2012-08-27,14.0,CHI,Cardellina,canadensis,Parulidae,241,Yes,Forest,Lower
2012-08-27,14.0,CHI,Setophaga,magnolia,Parulidae,1224,yes,forest,Upper
2012-08-27,14.0,CHI,Seiurus,aurocapilla,Parulidae,4580,Yes,Forest,Lower
2012-08-27,14.0,CHI,catharus,ustulatus,Turdidae,2331,Yes,Forest,Lower
2012-08-27,14.0,CHI,Parkesia,noveboracensis,Parulidae,916,Yes,Forest,Lower
2012-08-27,14.0,CHI,Oreothlypis,peregrina,Parulidae,2515,Yes,Edge,Upper
2012-08-27,14.0,CHI,Oreothlypis,peregrina,Parulidae,2515,Yes,Edge,Upper
2012-08-27,14.0,CHI,Oreothlypis,peregrina,Parulidae,2515,Yes,Edge,Upper
2012-08-27,14.0,CHI,Catharus,fuscescens,Turdidae,727,Yes,Forest,Lower
2012-08-28,17.0,CHI,Setophaga,caerulescens,Parulidae,183,Yes,Forest,Upper
2012-08-28,17.0,CHI,Cardellina,canadensis,Parulidae,241,Yes,Forest,Lower
2012-08-28,17.0,CHI,Melospiza,melodia,Passerellidae,5124,Yes,Edge,Lower
2012-08-28,17.0,CHI,Parkesia,noveboracensis,Parulidae,916,Yes,Forest,Lower
2012-08-28,17.0,CHI,geothlypis,philadelphia,Parulidae,430,Yes,Edge,Lower
2012-08-28,17.0,CHI,Mniotilta,varia,Parulidae,620,Yes,Forest,Upper
2012-08-28,17.0,CHI,Oreothlypis,peregrina,Parulidae,2515,Yes,Edge,Upper
2012-08-28,17.0,CHI,Oreothlypis,peregrina,Parulidae,2515,Yes,Edge,Upper
2012-08-28,17.0,MP,Catharus,fuscescens,Turdidae,727,Yes,Forest,Lower
2012-08-28,17.0,CHI,Setophaga,virens,Parulidae,223,Yes,Forest,Upper
2012-08-28,17.0,CHI,Setophaga,magnolia,Parulidae,1224,yes,forest,Upper
2012-08-28,17.0,CHI,Setophaga,magnolia,Parulidae,1224,yes,forest,Upper
2012-08-28,17.0,CHI,Cardellina,canadensis,Parulidae,241,Yes,Forest,Lower
2012-08-28,17.0,CHI,Empidonax,minimus,Tyrannidae,96,No,Edge,Upper
2012-08-28,17.0,CHI,Setophaga,magnolia,Parulidae,1224,yes,forest,Upper
2012-08-28,17.0,CHI,catharus,ustulatus,Turdidae,2331,Yes,Forest,Lower
2012-08-28,17.0,CHI,Seiurus,aurocapilla,Parulidae,4580,Yes,Forest,Lower
2012-08-28,17.0,CHI,Vireo,olivaceus,Vireonidae,133,No,Forest,Upper
2012-08-28,17.0,CHI,Seiurus,aurocapilla,Parulidae,4580,Yes,Forest,Lower
2012-08-28,17.0,CHI,catharus,ustulatus,Turdidae,2331,Yes,Forest,Lower
2012-08-28,17.0,CHI,Empidonax,flaviventris,Tyrannidae,68,No,Forest,Upper
2012-08-28,17.0,CHI,catharus,ustulatus,Turdidae,2331,Yes,Forest,Lower
2012-08-28,17.0,CHI,Setophaga,magnolia,Parulidae,1224,yes,forest,Upper
2012-08-28,17.0,CHI,catharus,ustulatus,Turdidae,2331,Yes,Forest,Lower
2012-08-28,17.0,CHI,setophaga,ruticilla,Parulidae,868,Yes,Edge,Upper
2012-08-28,17.0,CHI,Sitta,canadensis,Sittidae,260,Yes,Forest,Upper
2012-08-28,17.0,CHI,Seiurus,aurocapilla,Parulidae,4580,Yes,Forest,Lower
2012-08-28,17.0,CHI,Setophaga,pensylvanica,Parulidae,303,Yes,Edge,Upper
2012-08-29,17.0,CHI,Oreothlypis,ruficapilla,Parulidae,1690,Yes,Forest,Upper
2012-08-29,17.0,CHI,Oreothlypis,ruficapilla,Parulidae,1690,Yes,Forest,Upper
2012-08-29,17.0,MP,Seiurus,aurocapilla,Parulidae,4580,Yes,Forest,Lower
2012-08-29,17.0,CHI,setophaga,ruticilla,Parulidae,868,Yes,Edge,Upper
2012-08-29,17.0,CHI,Seiurus,aurocapilla,Parulidae,4580,Yes,Forest,Lower
2012-08-29,17.0,CHI,Geothlypis,trichas,Parulidae,1555,Yes,Open,Lower
2012-08-29,17.0,CHI,Oreothlypis,peregrina,Parulidae,2515,Yes,Edge,Upper
2012-08-29,17.0,MP,catharus,ustulatus,Turdidae,2331,Yes,Forest,Lower
2012-08-30,17.0,CHI,Seiurus,aurocapilla,Parulidae,4580,Yes,Forest,Lower
2012-08-30,17.0,MP,Oreothlypis,ruficapilla,Parulidae,1690,Yes,Forest,Upper
2012-08-30,17.0,CHI,Setophaga,striata,Parulidae,787,Yes,Forest,Upper
2012-08-30,17.0,CHI,Cardellina,canadensis,Parulidae,241,Yes,Forest,Lower
2012-08-30,17.0,MP,geothlypis,philadelphia,Parulidae,430,Yes,Edge,Lower
2012-08-30,17.0,CHI,Seiurus,aurocapilla,Parulidae,4580,Yes,Forest,Lower
2012-08-30,17.0,CHI,Setophaga,magnolia,Parulidae,1224,yes,forest,Upper
2012-08-31,17.0,MP,Sitta,canadensis,Sittidae,260,Yes,Forest,Upper
2012-08-31,17.0,CHI,Parkesia,noveboracensis,Parulidae,916,Yes,Forest,Lower
2012-08-31,17.0,MP,Seiurus,aurocapilla,Parulidae,4580,Yes,Forest,Lower
2012-08-31,17.0,CHI,Parkesia,noveboracensis,Parulidae,916,Yes,Forest,Lower
2012-08-31,17.0,CHI,Parkesia,noveboracensis,Parulidae,916,Yes,Forest,Lower
2012-08-31,17.0,CHI,Parkesia,noveboracensis,Parulidae,916,Yes,Forest,Lower
2012-08-31,17.0,CHI,Parkesia,noveboracensis,Parulidae,916,Yes,Forest,Lower
2012-08-31,17.0,MP,Seiurus,aurocapilla,Parulidae,4580,Yes,Forest,Lower
2012-08-31,17.0,MP,Setophaga,virens,Parulidae,223,Yes,Forest,Upper
2012-08-31,17.0,CHI,Seiurus,aurocapilla,Parulidae,4580,Yes,Forest,Lower
2012-08-31,17.0,MP,Catharus,fuscescens,Turdidae,727,Yes,Forest,Lower
2012-08-31,17.0,MP,Seiurus,aurocapilla,Parulidae,4580,Yes,Forest,Lower
2012-09-01,17.0,CHI,catharus,ustulatus,Turdidae,2331,Yes,Forest,Lower
2012-09-01,17.0,CHI,Sitta,canadensis,Sittidae,260,Yes,Forest,Upper
2012-09-01,17.0,CHI,catharus,ustulatus,Turdidae,2331,Yes,Forest,Lower
2012-09-01,17.0,CHI,catharus,ustulatus,Turdidae,2331,Yes,Forest,Lower
2012-09-01,17.0,CHI,Sitta,canadensis,Sittidae,260,Yes,Forest,Upper
2012-09-01,17.0,CHI,Sitta,canadensis,Sittidae,260,Yes,Forest,Upper
2012-09-01,17.0,CHI,catharus,ustulatus,Turdidae,2331,Yes,Forest,Lower
2012-09-01,17.0,MP,catharus,ustulatus,Turdidae,2331,Yes,Forest,Lower
2012-09-01,17.0,CHI,Seiurus,aurocapilla,Parulidae,4580,Yes,Forest,Lower
2012-09-01,17.0,CHI,catharus,ustulatus,Turdidae,2331,Yes,Forest,Lower
2012-09-01,17.0,CHI,Sitta,canadensis,Sittidae,260,Yes,Forest,Upper
2012-09-01,17.0,MP,catharus,ustulatus,Turdidae,2331,Yes,Forest,Lower
2012-09-01,17.0,CHI,Sitta,canadensis,Sittidae,260,Yes,Forest,Upper
2012-09-01,17.0,CHI,Setophaga,magnolia,Parulidae,1224,yes,forest,Upper
2012-09-01,17.0,CHI,Mniotilta,varia,Parulidae,620,Yes,Forest,Upper
2012-09-01,17.0,MP,catharus,ustulatus,Turdidae,2331,Yes,Forest,Lower
2012-09-01,17.0,CHI,Geothlypis,trichas,Parulidae,1555,Yes,Open,Lower
2012-09-01,17.0,CHI,Oreothlypis,ruficapilla,Parulidae,1690,Yes,Forest,Upper
2012-09-01,17.0,CHI,Oreothlypis,peregrina,Parulidae,2515,Yes,Edge,Upper
2012-09-01,17.0,CHI,Setophaga,striata,Parulidae,787,Yes,Forest,Upper
2012-09-01,17.0,MP,catharus,ustulatus,Turdidae,2331,Yes,Forest,Lower
2012-09-01,17.0,CHI,catharus,ustulatus,Turdidae,2331,Yes,Forest,Lower
2012-09-01,17.0,CHI,Setophaga,pensylvanica,Parulidae,303,Yes,Edge,Upper
2012-09-01,17.0,MP,Oreothlypis,peregrina,Parulidae,2515,Yes,Edge,Upper
2012-09-02,17.0,CHI,Oreothlypis,peregrina,Parulidae,2515,Yes,Edge,Upper
2012-09-02,17.0,MP,catharus,ustulatus,Turdidae,2331,Yes,Forest,Lower
2012-09-02,17.0,CHI,catharus,ustulatus,Turdidae,2331,Yes,Forest,Lower
2012-09-02,17.0,CHI,geothlypis,philadelphia,Parulidae,430,Yes,Edge,Lower
2012-09-02,17.0,CHI,Cardellina,canadensis,Parulidae,241,Yes,Forest,Lower
2012-09-02,17.0,CHI,Parkesia,noveboracensis,Parulidae,916,Yes,Forest,Lower
2012-09-02,17.0,CHI,Parkesia,noveboracensis,Parulidae,916,Yes,Forest,Lower
2012-09-02,17.0,CHI,Parkesia,noveboracensis,Parulidae,916,Yes,Forest,Lower
2012-09-02,17.0,MP,Oreothlypis,ruficapilla,Parulidae,1690,Yes,Forest,Upper
2012-09-02,17.0,CHI,Setophaga,fusca,Parulidae,201,Yes,Forest,Upper
2012-09-02,17.0,CHI,Cardellina,pusilla,Parulidae,185,Yes,Edge,Lower
2012-09-02,17.0,CHI,Geothlypis,trichas,Parulidae,1555,Yes,Open,Lower
2012-09-02,17.0,CHI,Oporornis,agilis,Parulidae,365,Yes,Forest,Lower
2012-09-02,17.0,CHI,Setophaga,castanea,Parulidae,287,Yes,Forest,Upper
2012-09-02,17.0,CHI,Setophaga,castanea,Parulidae,287,Yes,Forest,Upper
2012-09-02,17.0,CHI,Geothlypis,trichas,Parulidae,1555,Yes,Open,Lower
2012-09-02,17.0,CHI,Seiurus,aurocapilla,Parulidae,4580,Yes,Forest,Lower
2012-09-03,17.0,MP,Oreothlypis,ruficapilla,Parulidae,1690,Yes,Forest,Upper
2012-09-03,17.0,MP,Oreothlypis,ruficapilla,Parulidae,1690,Yes,Forest,Upper
2012-09-03,17.0,CHI,Parkesia,noveboracensis,Parulidae,916,Yes,Forest,Lower
2012-09-03,17.0,CHI,geothlypis,philadelphia,Parulidae,430,Yes,Edge,Lower
2012-09-03,17.0,MP,Setophaga,virens,Parulidae,223,Yes,Forest,Upper
2012-09-03,17.0,CHI,Setophaga,palmarum,Parulidae,694,Yes,Edge,Lower
2012-09-03,17.0,CHI,catharus,ustulatus,Turdidae,2331,Yes,Forest,Lower
2012-09-03,17.0,CHI,catharus,ustulatus,Turdidae,2331,Yes,Forest,Lower
2012-09-03,17.0,MP,Oreothlypis,ruficapilla,Parulidae,1690,Yes,Forest,Upper
2012-09-03,17.0,CHI,Oreothlypis,ruficapilla,Parulidae,1690,Yes,Forest,Upper
2012-09-03,17.0,CHI,Oporornis,agilis,Parulidae,365,Yes,Forest,Lower
2012-09-03,17.0,CHI,Oreothlypis,peregrina,Parulidae,2515,Yes,Edge,Upper
2012-09-03,17.0,CHI,Sitta,canadensis,Sittidae,260,Yes,Forest,Upper
2012-09-03,17.0,CHI,Oporornis,agilis,Parulidae,365,Yes,Forest,Lower
2012-09-03,17.0,CHI,Oreothlypis,ruficapilla,Parulidae,1690,Yes,Forest,Upper
2012-09-04,17.0,CHI,Pheucticus,ludovicianus,Cardinalidae,397,Yes,Forest,Upper
2012-09-04,17.0,CHI,Oreothlypis,peregrina,Parulidae,2515,Yes,Edge,Upper
2012-09-04,17.0,CHI,Oreothlypis,peregrina,Parulidae,2515,Yes,Edge,Upper
2012-09-04,17.0,CHI,setophaga,ruticilla,Parulidae,868,Yes,Edge,Upper
2012-09-04,17.0,CHI,Setophaga,castanea,Parulidae,287,Yes,Forest,Upper
2012-09-04,17.0,CHI,Setophaga,tigrina,Parulidae,182,Yes,Forest,Upper
2012-09-04,17.0,CHI,Vermivora,cyanoptera,Parulidae,16,Yes,Edge,Upper
2012-09-04,17.0,CHI,setophaga,ruticilla,Parulidae,868,Yes,Edge,Upper
2012-09-04,17.0,CHI,Mniotilta,varia,Parulidae,620,Yes,Forest,Upper
2012-09-04,17.0,CHI,catharus,ustulatus,Turdidae,2331,Yes,Forest,Lower
2012-09-04,17.0,CHI,catharus,ustulatus,Turdidae,2331,Yes,Forest,Lower
2012-09-04,17.0,CHI,Setophaga,virens,Parulidae,223,Yes,Forest,Upper
2012-09-04,17.0,CHI,Mniotilta,varia,Parulidae,620,Yes,Forest,Upper
2012-09-04,17.0,CHI,Mniotilta,varia,Parulidae,620,Yes,Forest,Upper
2012-09-04,17.0,CHI,Seiurus,aurocapilla,Parulidae,4580,Yes,Forest,Lower
2012-09-05,17.0,CHI,setophaga,ruticilla,Parulidae,868,Yes,Edge,Upper
2012-09-05,17.0,CHI,Seiurus,aurocapilla,Parulidae,4580,Yes,Forest,Lower
2012-09-05,17.0,CHI,catharus,ustulatus,Turdidae,2331,Yes,Forest,Lower
2012-09-05,17.0,MP,Seiurus,aurocapilla,Parulidae,4580,Yes,Forest,Lower
2012-09-05,17.0,CHI,Seiurus,aurocapilla,Parulidae,4580,Yes,Forest,Lower
2012-09-05,17.0,CHI,Oreothlypis,peregrina,Parulidae,2515,Yes,Edge,Upper
2012-09-05,17.0,CHI,Catharus,fuscescens,Turdidae,727,Yes,Forest,Lower
2012-09-05,17.0,MP,catharus,ustulatus,Turdidae,2331,Yes,Forest,Lower
2012-09-05,17.0,CHI,Geothlypis,trichas,Parulidae,1555,Yes,Open,Lower
2012-09-05,17.0,CHI,Parkesia,noveboracensis,Parulidae,916,Yes,Forest,Lower
2012-09-05,17.0,CHI,Seiurus,aurocapilla,Parulidae,4580,Yes,Forest,Lower
2012-09-05,17.0,CHI,catharus,ustulatus,Turdidae,2331,Yes,Forest,Lower
2012-09-06,17.0,CHI,catharus,ustulatus,Turdidae,2331,Yes,Forest,Lower
2012-09-06,17.0,CHI,Mniotilta,varia,Parulidae,620,Yes,Forest,Upper
2012-09-06,17.0,CHI,catharus,ustulatus,Turdidae,2331,Yes,Forest,Lower
2012-09-06,17.0,CHI,Mniotilta,varia,Parulidae,620,Yes,Forest,Upper
2012-09-06,17.0,CHI,catharus,ustulatus,Turdidae,2331,Yes,Forest,Lower
2012-09-06,17.0,MP,Catharus,fuscescens,Turdidae,727,Yes,Forest,Lower
2012-09-06,17.0,MP,catharus,ustulatus,Turdidae,2331,Yes,Forest,Lower
2012-09-06,17.0,CHI,catharus,ustulatus,Turdidae,2331,Yes,Forest,Lower
2012-09-06,17.0,CHI,catharus,ustulatus,Turdidae,2331,Yes,Forest,Lower
2012-09-06,17.0,CHI,catharus,ustulatus,Turdidae,2331,Yes,Forest,Lower
2012-09-06,17.0,CHI,catharus,ustulatus,Turdidae,2331,Yes,Forest,Lower
2012-09-06,17.0,CHI,catharus,ustulatus,Turdidae,2331,Yes,Forest,Lower
2012-09-06,17.0,CHI,Sitta,canadensis,Sittidae,260,Yes,Forest,Upper
2012-09-06,17.0,CHI,Cistothorus,platensis,Troglodytidae,60,no,open,Lower
2012-09-06,17.0,MP,catharus,ustulatus,Turdidae,2331,Yes,Forest,Lower
2012-09-06,17.0,CHI,catharus,ustulatus,Turdidae,2331,Yes,Forest,Lower
2012-09-06,17.0,MP,catharus,ustulatus,Turdidae,2331,Yes,Forest,Lower
2012-09-06,17.0,MP,catharus,ustulatus,Turdidae,2331,Yes,Forest,Lower
2012-09-06,17.0,CHI,catharus,ustulatus,Turdidae,2331,Yes,Forest,Lower
2012-09-06,17.0,CHI,catharus,ustulatus,Turdidae,2331,Yes,Forest,Lower
2012-09-06,17.0,CHI,Setophaga,castanea,Parulidae,287,Yes,Forest,Upper
2012-09-06,17.0,CHI,Setophaga,magnolia,Parulidae,1224,yes,forest,Upper
2012-09-06,17.0,CHI,setophaga,ruticilla,Parulidae,868,Yes,Edge,Upper
2012-09-06,17.0,CHI,setophaga,ruticilla,Parulidae,868,Yes,Edge,Upper
2012-09-06,17.0,CHI,setophaga,ruticilla,Parulidae,868,Yes,Edge,Upper
2012-09-06,17.0,CHI,setophaga,ruticilla,Parulidae,868,Yes,Edge,Upper
2012-09-06,17.0,CHI,Oreothlypis,ruficapilla,Parulidae,1690,Yes,Forest,Upper
2012-09-06,17.0,CHI,Seiurus,aurocapilla,Parulidae,4580,Yes,Forest,Lower
2012-09-06,17.0,MP,Seiurus,aurocapilla,Parulidae,4580,Yes,Forest,Lower
2012-09-06,17.0,MP,Seiurus,aurocapilla,Parulidae,4580,Yes,Forest,Lower
2012-09-06,17.0,CHI,Seiurus,aurocapilla,Parulidae,4580,Yes,Forest,Lower
2012-09-06,17.0,CHI,Seiurus,aurocapilla,Parulidae,4580,Yes,Forest,Lower
2012-09-06,17.0,CHI,Seiurus,aurocapilla,Parulidae,4580,Yes,Forest,Lower
2012-09-06,17.0,CHI,Seiurus,aurocapilla,Parulidae,4580,Yes,Forest,Lower
2012-09-06,17.0,CHI,Seiurus,aurocapilla,Parulidae,4580,Yes,Forest,Lower
2012-09-06,17.0,CHI,Seiurus,aurocapilla,Parulidae,4580,Yes,Forest,Lower
2012-09-06,17.0,MP,setophaga,ruticilla,Parulidae,868,Yes,Edge,Upper
2012-09-06,17.0,CHI,Oporornis,agilis,Parulidae,365,Yes,Forest,Lower
2012-09-06,17.0,CHI,Oporornis,agilis,Parulidae,365,Yes,Forest,Lower
2012-09-06,17.0,CHI,Hylocichla,mustelina,Turdidae,500,Yes,Forest,Lower
2012-09-06,17.0,CHI,Setophaga,castanea,Parulidae,287,Yes,Forest,Upper
2012-09-06,17.0,CHI,Vireo,philadelphicus,Vireonidae,12,No,Forest,Upper
2012-09-06,17.0,CHI,Catharus,minimus,Turdidae,822,Yes,Forest,Lower
2012-09-06,17.0,MP,dumetella,carolinensis,Mimidae,599,no,edge,Lower
2012-09-06,17.0,CHI,Oreothlypis,peregrina,Parulidae,2515,Yes,Edge,Upper
2012-09-06,17.0,CHI,Setophaga,magnolia,Parulidae,1224,yes,forest,Upper
2012-09-06,17.0,CHI,Setophaga,magnolia,Parulidae,1224,yes,forest,Upper
2012-09-06,17.0,CHI,Sitta,canadensis,Sittidae,260,Yes,Forest,Upper
2012-09-06,17.0,CHI,Catharus,minimus,Turdidae,822,Yes,Forest,Lower
2012-09-06,17.0,CHI,Catharus,minimus,Turdidae,822,Yes,Forest,Lower
2012-09-06,17.0,MP,Catharus,minimus,Turdidae,822,Yes,Forest,Lower
2012-09-06,17.0,CHI,catharus,ustulatus,Turdidae,2331,Yes,Forest,Lower
2012-09-06,17.0,CHI,Oreothlypis,peregrina,Parulidae,2515,Yes,Edge,Upper
2012-09-06,17.0,CHI,Oreothlypis,peregrina,Parulidae,2515,Yes,Edge,Upper
2012-09-06,17.0,CHI,catharus,ustulatus,Turdidae,2331,Yes,Forest,Lower
2012-09-06,17.0,CHI,Oreothlypis,peregrina,Parulidae,2515,Yes,Edge,Upper
2012-09-06,17.0,CHI,Oreothlypis,peregrina,Parulidae,2515,Yes,Edge,Upper
2012-09-06,17.0,CHI,Oreothlypis,peregrina,Parulidae,2515,Yes,Edge,Upper
2012-09-06,17.0,MP,Oreothlypis,peregrina,Parulidae,2515,Yes,Edge,Upper
2012-09-06,17.0,CHI,Oreothlypis,peregrina,Parulidae,2515,Yes,Edge,Upper
2012-09-06,17.0,CHI,Oreothlypis,peregrina,Parulidae,2515,Yes,Edge,Upper
2012-09-06,17.0,CHI,Oreothlypis,peregrina,Parulidae,2515,Yes,Edge,Upper
2012-09-06,17.0,CHI,Oreothlypis,peregrina,Parulidae,2515,Yes,Edge,Upper
2012-09-06,17.0,CHI,Oreothlypis,peregrina,Parulidae,2515,Yes,Edge,Upper
2012-09-07,17.0,CHI,Setophaga,magnolia,Parulidae,1224,yes,forest,Upper
2012-09-07,17.0,CHI,catharus,ustulatus,Turdidae,2331,Yes,Forest,Lower
2012-09-07,17.0,MP,Oporornis,agilis,Parulidae,365,Yes,Forest,Lower
2012-09-07,17.0,CHI,catharus,ustulatus,Turdidae,2331,Yes,Forest,Lower
2012-09-07,17.0,CHI,Seiurus,aurocapilla,Parulidae,4580,Yes,Forest,Lower
2012-09-07,17.0,CHI,Oreothlypis,peregrina,Parulidae,2515,Yes,Edge,Upper
2012-09-07,17.0,CHI,Oreothlypis,peregrina,Parulidae,2515,Yes,Edge,Upper
2012-09-07,17.0,MP,dumetella,carolinensis,Mimidae,599,no,edge,Lower
2012-09-08,17.0,CHI,Setophaga,magnolia,Parulidae,1224,yes,forest,Upper
2012-09-08,17.0,CHI,Oreothlypis,peregrina,Parulidae,2515,Yes,Edge,Upper
2012-09-08,17.0,CHI,Oreothlypis,peregrina,Parulidae,2515,Yes,Edge,Upper
2012-09-08,17.0,CHI,Oreothlypis,peregrina,Parulidae,2515,Yes,Edge,Upper
2012-09-08,17.0,CHI,Catharus,minimus,Turdidae,822,Yes,Forest,Lower
2012-09-08,17.0,CHI,Setophaga,magnolia,Parulidae,1224,yes,forest,Upper
2012-09-08,17.0,CHI,Catharus,minimus,Turdidae,822,Yes,Forest,Lower
2012-09-08,17.0,CHI,Catharus,minimus,Turdidae,822,Yes,Forest,Lower
2012-09-08,17.0,CHI,Catharus,minimus,Turdidae,822,Yes,Forest,Lower
2012-09-08,17.0,CHI,Catharus,minimus,Turdidae,822,Yes,Forest,Lower
2012-09-08,17.0,CHI,catharus,ustulatus,Turdidae,2331,Yes,Forest,Lower
2012-09-08,17.0,CHI,Vermivora,chrysoptera,Parulidae,53,Yes,Edge,Upper
2012-09-08,17.0,MP,setophaga,ruticilla,Parulidae,868,Yes,Edge,Upper
2012-09-08,17.0,CHI,setophaga,ruticilla,Parulidae,868,Yes,Edge,Upper
2012-09-08,17.0,CHI,Sitta,canadensis,Sittidae,260,Yes,Forest,Upper
2012-09-08,17.0,CHI,Oreothlypis,ruficapilla,Parulidae,1690,Yes,Forest,Upper
2012-09-08,17.0,MP,Oporornis,agilis,Parulidae,365,Yes,Forest,Lower
2012-09-08,17.0,MP,Oporornis,agilis,Parulidae,365,Yes,Forest,Lower
2012-09-08,17.0,CHI,Catharus,minimus,Turdidae,822,Yes,Forest,Lower
2012-09-08,17.0,CHI,catharus,ustulatus,Turdidae,2331,Yes,Forest,Lower
2012-09-08,17.0,CHI,Catharus,minimus,Turdidae,822,Yes,Forest,Lower
2012-09-08,17.0,CHI,catharus,ustulatus,Turdidae,2331,Yes,Forest,Lower
2012-09-08,17.0,CHI,Parkesia,noveboracensis,Parulidae,916,Yes,Forest,Lower
2012-09-08,17.0,MP,Parkesia,noveboracensis,Parulidae,916,Yes,Forest,Lower
2012-09-08,17.0,CHI,catharus,ustulatus,Turdidae,2331,Yes,Forest,Lower
2012-09-08,17.0,MP,Seiurus,aurocapilla,Parulidae,4580,Yes,Forest,Lower
2012-09-08,17.0,CHI,Seiurus,aurocapilla,Parulidae,4580,Yes,Forest,Lower
2012-09-08,17.0,CHI,Seiurus,aurocapilla,Parulidae,4580,Yes,Forest,Lower
2012-09-08,17.0,CHI,catharus,ustulatus,Turdidae,2331,Yes,Forest,Lower
2012-09-08,17.0,CHI,catharus,ustulatus,Turdidae,2331,Yes,Forest,Lower
2012-09-08,17.0,CHI,Seiurus,aurocapilla,Parulidae,4580,Yes,Forest,Lower
2012-09-08,17.0,CHI,Zonotrichia,albicollis,Passerellidae,10133,Yes,Forest,Lower
2012-09-08,17.0,CHI,Oreothlypis,peregrina,Parulidae,2515,Yes,Edge,Upper
2012-09-08,17.0,MP,catharus,ustulatus,Turdidae,2331,Yes,Forest,Lower
2012-09-08,17.0,CHI,catharus,ustulatus,Turdidae,2331,Yes,Forest,Lower
2012-09-08,17.0,CHI,catharus,ustulatus,Turdidae,2331,Yes,Forest,Lower
2012-09-08,17.0,CHI,catharus,ustulatus,Turdidae,2331,Yes,Forest,Lower
2012-09-09,17.0,CHI,Geothlypis,trichas,Parulidae,1555,Yes,Open,Lower
2012-09-09,17.0,CHI,Hylocichla,mustelina,Turdidae,500,Yes,Forest,Lower
2012-09-09,17.0,CHI,Hylocichla,mustelina,Turdidae,500,Yes,Forest,Lower
2012-09-09,17.0,CHI,Hylocichla,mustelina,Turdidae,500,Yes,Forest,Lower
2012-09-09,17.0,CHI,setophaga,ruticilla,Parulidae,868,Yes,Edge,Upper
2012-09-09,17.0,CHI,setophaga,ruticilla,Parulidae,868,Yes,Edge,Upper
2012-09-09,17.0,CHI,setophaga,ruticilla,Parulidae,868,Yes,Edge,Upper
2012-09-09,17.0,MP,geothlypis,philadelphia,Parulidae,430,Yes,Edge,Lower
2012-09-09,17.0,CHI,catharus,ustulatus,Turdidae,2331,Yes,Forest,Lower
2012-09-09,17.0,MP,Setophaga,striata,Parulidae,787,Yes,Forest,Upper
2012-09-09,17.0,CHI,Setophaga,palmarum,Parulidae,694,Yes,Edge,Lower
2012-09-09,17.0,CHI,Catharus,minimus,Turdidae,822,Yes,Forest,Lower
2012-09-09,17.0,CHI,Catharus,minimus,Turdidae,822,Yes,Forest,Lower
2012-09-09,17.0,CHI,Setophaga,magnolia,Parulidae,1224,yes,forest,Upper
2012-09-09,17.0,MP,catharus,ustulatus,Turdidae,2331,Yes,Forest,Lower
2012-09-09,17.0,CHI,catharus,ustulatus,Turdidae,2331,Yes,Forest,Lower
2012-09-09,17.0,CHI,catharus,ustulatus,Turdidae,2331,Yes,Forest,Lower
2012-09-09,17.0,CHI,Setophaga,caerulescens,Parulidae,183,Yes,Forest,Upper
2012-09-09,17.0,CHI,Catharus,minimus,Turdidae,822,Yes,Forest,Lower
2012-09-09,17.0,CHI,Pheucticus,ludovicianus,Cardinalidae,397,Yes,Forest,Upper
2012-09-09,17.0,CHI,Seiurus,aurocapilla,Parulidae,4580,Yes,Forest,Lower
2012-09-09,17.0,CHI,Seiurus,aurocapilla,Parulidae,4580,Yes,Forest,Lower
2012-09-09,17.0,CHI,Seiurus,aurocapilla,Parulidae,4580,Yes,Forest,Lower
2012-09-09,17.0,CHI,Seiurus,aurocapilla,Parulidae,4580,Yes,Forest,Lower
2012-09-09,17.0,MP,Seiurus,aurocapilla,Parulidae,4580,Yes,Forest,Lower
2012-09-09,17.0,CHI,Seiurus,aurocapilla,Parulidae,4580,Yes,Forest,Lower
2012-09-09,17.0,CHI,Seiurus,aurocapilla,Parulidae,4580,Yes,Forest,Lower
2012-09-09,17.0,CHI,Seiurus,aurocapilla,Parulidae,4580,Yes,Forest,Lower
2012-09-09,17.0,CHI,Oreothlypis,peregrina,Parulidae,2515,Yes,Edge,Upper
2012-09-09,17.0,CHI,Zonotrichia,albicollis,Passerellidae,10133,Yes,Forest,Lower
2012-09-09,17.0,MP,Oreothlypis,ruficapilla,Parulidae,1690,Yes,Forest,Upper
2012-09-09,17.0,CHI,Sitta,canadensis,Sittidae,260,Yes,Forest,Upper
2012-09-09,17.0,CHI,Oreothlypis,ruficapilla,Parulidae,1690,Yes,Forest,Upper
2012-09-09,17.0,CHI,Oreothlypis,ruficapilla,Parulidae,1690,Yes,Forest,Upper
2012-09-09,17.0,CHI,Sitta,canadensis,Sittidae,260,Yes,Forest,Upper
2012-09-09,17.0,CHI,Seiurus,aurocapilla,Parulidae,4580,Yes,Forest,Lower
2012-09-10,17.0,CHI,Mniotilta,varia,Parulidae,620,Yes,Forest,Upper
2012-09-10,17.0,CHI,Mniotilta,varia,Parulidae,620,Yes,Forest,Upper
2012-09-10,17.0,CHI,setophaga,ruticilla,Parulidae,868,Yes,Edge,Upper
2012-09-10,17.0,MP,Oreothlypis,ruficapilla,Parulidae,1690,Yes,Forest,Upper
2012-09-10,17.0,CHI,Oreothlypis,ruficapilla,Parulidae,1690,Yes,Forest,Upper
2012-09-10,17.0,MP,Melospiza,lincolnii,Passerellidae,2029,yes,edge,Lower
2012-09-10,17.0,CHI,Mniotilta,varia,Parulidae,620,Yes,Forest,Upper
2012-09-10,17.0,CHI,Mniotilta,varia,Parulidae,620,Yes,Forest,Upper
2012-09-10,17.0,CHI,Setophaga,magnolia,Parulidae,1224,yes,forest,Upper
2012-09-10,17.0,CHI,Geothlypis,trichas,Parulidae,1555,Yes,Open,Lower
2012-09-10,17.0,CHI,Setophaga,castanea,Parulidae,287,Yes,Forest,Upper
2012-09-10,17.0,CHI,Setophaga,fusca,Parulidae,201,Yes,Forest,Upper
2012-09-10,17.0,MP,Catharus,minimus,Turdidae,822,Yes,Forest,Lower
2012-09-10,17.0,CHI,Oreothlypis,ruficapilla,Parulidae,1690,Yes,Forest,Upper
2012-09-10,17.0,CHI,Oreothlypis,ruficapilla,Parulidae,1690,Yes,Forest,Upper
2012-09-10,17.0,MP,Oreothlypis,ruficapilla,Parulidae,1690,Yes,Forest,Upper
2012-09-10,17.0,MP,Pheucticus,ludovicianus,Cardinalidae,397,Yes,Forest,Upper
2012-09-10,17.0,CHI,catharus,ustulatus,Turdidae,2331,Yes,Forest,Lower
2012-09-10,17.0,CHI,catharus,ustulatus,Turdidae,2331,Yes,Forest,Lower
2012-09-10,17.0,CHI,catharus,ustulatus,Turdidae,2331,Yes,Forest,Lower
2012-09-10,17.0,CHI,catharus,ustulatus,Turdidae,2331,Yes,Forest,Lower
2012-09-10,17.0,CHI,catharus,ustulatus,Turdidae,2331,Yes,Forest,Lower
2012-09-10,17.0,CHI,Cistothorus,platensis,Troglodytidae,60,no,open,Lower
2012-09-10,17.0,CHI,catharus,ustulatus,Turdidae,2331,Yes,Forest,Lower
2012-09-10,17.0,CHI,Oreothlypis,peregrina,Parulidae,2515,Yes,Edge,Upper
2012-09-10,17.0,MP,Oreothlypis,peregrina,Parulidae,2515,Yes,Edge,Upper
2012-09-10,17.0,CHI,Seiurus,aurocapilla,Parulidae,4580,Yes,Forest,Lower
2012-09-10,17.0,CHI,Seiurus,aurocapilla,Parulidae,4580,Yes,Forest,Lower
2012-09-10,17.0,CHI,Seiurus,aurocapilla,Parulidae,4580,Yes,Forest,Lower
2012-09-10,17.0,CHI,Oreothlypis,peregrina,Parulidae,2515,Yes,Edge,Upper
2012-09-10,17.0,CHI,Piranga,olivacea,Cardinalidae,127,Yes,Forest,Upper
2012-09-10,17.0,CHI,Seiurus,aurocapilla,Parulidae,4580,Yes,Forest,Lower
2012-09-10,17.0,CHI,Seiurus,aurocapilla,Parulidae,4580,Yes,Forest,Lower
2012-09-10,17.0,CHI,Setophaga,pensylvanica,Parulidae,303,Yes,Edge,Upper
2012-09-10,17.0,CHI,Setophaga,caerulescens,Parulidae,183,Yes,Forest,Upper
2012-09-10,17.0,CHI,Sitta,canadensis,Sittidae,260,Yes,Forest,Upper
2012-09-10,17.0,CHI,Setophaga,striata,Parulidae,787,Yes,Forest,Upper
2012-09-10,17.0,CHI,Sitta,canadensis,Sittidae,260,Yes,Forest,Upper
2012-09-10,17.0,CHI,Sitta,canadensis,Sittidae,260,Yes,Forest,Upper
2012-09-10,17.0,MP,Sitta,canadensis,Sittidae,260,Yes,Forest,Upper
2012-09-10,17.0,CHI,cistothorus,palustris,Troglodytidae,91,No,Open,Lower
2012-09-10,17.0,CHI,Zonotrichia,albicollis,Passerellidae,10133,Yes,Forest,Lower
2012-09-10,17.0,CHI,Setophaga,caerulescens,Parulidae,183,Yes,Forest,Upper
2012-09-11,17.0,CHI,Catharus,minimus,Turdidae,822,Yes,Forest,Lower
2012-09-11,17.0,MP,Zonotrichia,albicollis,Passerellidae,10133,Yes,Forest,Lower
2012-09-11,17.0,CHI,Oreothlypis,ruficapilla,Parulidae,1690,Yes,Forest,Upper
2012-09-11,17.0,CHI,Setophaga,castanea,Parulidae,287,Yes,Forest,Upper
2012-09-11,17.0,CHI,Setophaga,magnolia,Parulidae,1224,yes,forest,Upper
2012-09-11,17.0,CHI,Parkesia,noveboracensis,Parulidae,916,Yes,Forest,Lower
2012-09-11,17.0,CHI,Setophaga,pensylvanica,Parulidae,303,Yes,Edge,Upper
2012-09-11,17.0,CHI,Toxostoma,rufum,Mimidae,166,No,Edge,Lower
2012-09-11,17.0,CHI,catharus,ustulatus,Turdidae,2331,Yes,Forest,Lower
2012-09-11,17.0,CHI,dumetella,carolinensis,Mimidae,599,no,edge,Lower
2012-09-11,17.0,CHI,Catharus,minimus,Turdidae,822,Yes,Forest,Lower
2012-09-11,17.0,CHI,Oreothlypis,peregrina,Parulidae,2515,Yes,Edge,Upper
2012-09-11,17.0,CHI,Seiurus,aurocapilla,Parulidae,4580,Yes,Forest,Lower
2012-09-11,17.0,CHI,Oreothlypis,ruficapilla,Parulidae,1690,Yes,Forest,Upper
2012-09-12,17.0,CHI,Setophaga,virens,Parulidae,223,Yes,Forest,Upper
2012-09-12,17.0,CHI,Setophaga,pensylvanica,Parulidae,303,Yes,Edge,Upper
2012-09-12,17.0,CHI,Seiurus,aurocapilla,Parulidae,4580,Yes,Forest,Lower
2012-09-12,17.0,CHI,Sitta,canadensis,Sittidae,260,Yes,Forest,Upper
2012-09-12,17.0,CHI,Seiurus,aurocapilla,Parulidae,4580,Yes,Forest,Lower
2012-09-12,17.0,CHI,Seiurus,aurocapilla,Parulidae,4580,Yes,Forest,Lower
2012-09-12,17.0,CHI,Oreothlypis,peregrina,Parulidae,2515,Yes,Edge,Upper
2012-09-12,17.0,CHI,Oreothlypis,peregrina,Parulidae,2515,Yes,Edge,Upper
2012-09-12,17.0,CHI,Setophaga,palmarum,Parulidae,694,Yes,Edge,Lower
2012-09-12,17.0,CHI,Oreothlypis,ruficapilla,Parulidae,1690,Yes,Forest,Upper
2012-09-12,17.0,CHI,Setophaga,striata,Parulidae,787,Yes,Forest,Upper
2012-09-13,17.0,MP,catharus,ustulatus,Turdidae,2331,Yes,Forest,Lower
2012-09-13,17.0,CHI,Setophaga,magnolia,Parulidae,1224,yes,forest,Upper
2012-09-13,17.0,CHI,Setophaga,magnolia,Parulidae,1224,yes,forest,Upper
2012-09-13,17.0,CHI,Setophaga,magnolia,Parulidae,1224,yes,forest,Upper
2012-09-13,17.0,CHI,Setophaga,magnolia,Parulidae,1224,yes,forest,Upper
2012-09-13,17.0,CHI,Seiurus,aurocapilla,Parulidae,4580,Yes,Forest,Lower
2012-09-13,17.0,CHI,Setophaga,castanea,Parulidae,287,Yes,Forest,Upper
2012-09-13,17.0,CHI,Seiurus,aurocapilla,Parulidae,4580,Yes,Forest,Lower
2012-09-13,17.0,CHI,Seiurus,aurocapilla,Parulidae,4580,Yes,Forest,Lower
2012-09-13,17.0,CHI,Seiurus,aurocapilla,Parulidae,4580,Yes,Forest,Lower
2012-09-13,17.0,CHI,Seiurus,aurocapilla,Parulidae,4580,Yes,Forest,Lower
2012-09-13,17.0,CHI,setophaga,ruticilla,Parulidae,868,Yes,Edge,Upper
2012-09-13,17.0,MP,Seiurus,aurocapilla,Parulidae,4580,Yes,Forest,Lower
2012-09-13,17.0,CHI,Setophaga,magnolia,Parulidae,1224,yes,forest,Upper
2012-09-13,17.0,CHI,Setophaga,magnolia,Parulidae,1224,yes,forest,Upper
2012-09-13,17.0,CHI,Setophaga,magnolia,Parulidae,1224,yes,forest,Upper
2012-09-13,17.0,CHI,Setophaga,magnolia,Parulidae,1224,yes,forest,Upper
2012-09-13,17.0,CHI,Setophaga,magnolia,Parulidae,1224,yes,forest,Upper
2012-09-13,17.0,CHI,Setophaga,magnolia,Parulidae,1224,yes,forest,Upper
2012-09-13,17.0,CHI,Setophaga,magnolia,Parulidae,1224,yes,forest,Upper
2012-09-13,17.0,CHI,Setophaga,magnolia,Parulidae,1224,yes,forest,Upper
2012-09-13,17.0,CHI,Seiurus,aurocapilla,Parulidae,4580,Yes,Forest,Lower
2012-09-13,17.0,CHI,Seiurus,aurocapilla,Parulidae,4580,Yes,Forest,Lower
2012-09-13,17.0,CHI,Seiurus,aurocapilla,Parulidae,4580,Yes,Forest,Lower
2012-09-13,17.0,CHI,Hylocichla,mustelina,Turdidae,500,Yes,Forest,Lower
2012-09-13,17.0,CHI,Setophaga,magnolia,Parulidae,1224,yes,forest,Upper
2012-09-13,17.0,CHI,setophaga,ruticilla,Parulidae,868,Yes,Edge,Upper
2012-09-13,17.0,CHI,Seiurus,aurocapilla,Parulidae,4580,Yes,Forest,Lower
2012-09-13,17.0,CHI,setophaga,ruticilla,Parulidae,868,Yes,Edge,Upper
2012-09-13,17.0,MP,catharus,ustulatus,Turdidae,2331,Yes,Forest,Lower
2012-09-13,17.0,MP,catharus,ustulatus,Turdidae,2331,Yes,Forest,Lower
2012-09-13,17.0,CHI,catharus,ustulatus,Turdidae,2331,Yes,Forest,Lower
2012-09-13,17.0,MP,catharus,ustulatus,Turdidae,2331,Yes,Forest,Lower
2012-09-13,17.0,MP,catharus,ustulatus,Turdidae,2331,Yes,Forest,Lower
2012-09-13,17.0,CHI,catharus,ustulatus,Turdidae,2331,Yes,Forest,Lower
2012-09-13,17.0,CHI,catharus,ustulatus,Turdidae,2331,Yes,Forest,Lower
2012-09-13,17.0,CHI,catharus,ustulatus,Turdidae,2331,Yes,Forest,Lower
2012-09-13,17.0,MP,catharus,ustulatus,Turdidae,2331,Yes,Forest,Lower
2012-09-13,17.0,MP,catharus,ustulatus,Turdidae,2331,Yes,Forest,Lower
2012-09-13,17.0,CHI,catharus,ustulatus,Turdidae,2331,Yes,Forest,Lower
2012-09-13,17.0,CHI,catharus,ustulatus,Turdidae,2331,Yes,Forest,Lower
2012-09-13,17.0,CHI,catharus,ustulatus,Turdidae,2331,Yes,Forest,Lower
2012-09-13,17.0,CHI,Seiurus,aurocapilla,Parulidae,4580,Yes,Forest,Lower
2012-09-13,17.0,CHI,geothlypis,philadelphia,Parulidae,430,Yes,Edge,Lower
2012-09-13,17.0,CHI,Oreothlypis,peregrina,Parulidae,2515,Yes,Edge,Upper
2012-09-13,17.0,CHI,Oreothlypis,peregrina,Parulidae,2515,Yes,Edge,Upper
2012-09-13,17.0,CHI,Oreothlypis,peregrina,Parulidae,2515,Yes,Edge,Upper
2012-09-13,17.0,MP,Geothlypis,trichas,Parulidae,1555,Yes,Open,Lower
2012-09-13,17.0,CHI,Oreothlypis,peregrina,Parulidae,2515,Yes,Edge,Upper
2012-09-13,17.0,CHI,Geothlypis,trichas,Parulidae,1555,Yes,Open,Lower
2012-09-13,17.0,CHI,Geothlypis,trichas,Parulidae,1555,Yes,Open,Lower
2012-09-13,17.0,MP,Melospiza,lincolnii,Passerellidae,2029,yes,edge,Lower
2012-09-13,17.0,CHI,Melospiza,lincolnii,Passerellidae,2029,yes,edge,Lower
2012-09-13,17.0,CHI,catharus,ustulatus,Turdidae,2331,Yes,Forest,Lower
2012-09-13,17.0,CHI,Oreothlypis,peregrina,Parulidae,2515,Yes,Edge,Upper
2012-09-13,17.0,CHI,Seiurus,aurocapilla,Parulidae,4580,Yes,Forest,Lower
2012-09-13,17.0,CHI,Setophaga,petechia,Parulidae,77,Yes,Edge,Upper
2012-09-13,17.0,CHI,Oreothlypis,peregrina,Parulidae,2515,Yes,Edge,Upper
2012-09-13,17.0,CHI,Oreothlypis,peregrina,Parulidae,2515,Yes,Edge,Upper
2012-09-13,17.0,CHI,Oreothlypis,peregrina,Parulidae,2515,Yes,Edge,Upper
2012-09-13,17.0,CHI,Oreothlypis,peregrina,Parulidae,2515,Yes,Edge,Upper
2012-09-13,17.0,CHI,Oreothlypis,peregrina,Parulidae,2515,Yes,Edge,Upper
2012-09-13,17.0,CHI,Parkesia,noveboracensis,Parulidae,916,Yes,Forest,Lower
2012-09-13,17.0,CHI,Catharus,minimus,Turdidae,822,Yes,Forest,Lower
2012-09-13,17.0,MP,Catharus,minimus,Turdidae,822,Yes,Forest,Lower
2012-09-13,17.0,CHI,Mniotilta,varia,Parulidae,620,Yes,Forest,Upper
2012-09-13,17.0,CHI,Mniotilta,varia,Parulidae,620,Yes,Forest,Upper
2012-09-13,17.0,CHI,Parkesia,noveboracensis,Parulidae,916,Yes,Forest,Lower
2012-09-13,17.0,MP,Catharus,minimus,Turdidae,822,Yes,Forest,Lower
2012-09-13,17.0,CHI,Setophaga,palmarum,Parulidae,694,Yes,Edge,Lower
2012-09-13,17.0,CHI,Setophaga,caerulescens,Parulidae,183,Yes,Forest,Upper
2012-09-13,17.0,MP,Catharus,minimus,Turdidae,822,Yes,Forest,Lower
2012-09-13,17.0,CHI,Setophaga,palmarum,Parulidae,694,Yes,Edge,Lower
2012-09-13,17.0,CHI,Mniotilta,varia,Parulidae,620,Yes,Forest,Upper
2012-09-13,17.0,MP,Setophaga,palmarum,Parulidae,694,Yes,Edge,Lower
2012-09-13,17.0,CHI,Mniotilta,varia,Parulidae,620,Yes,Forest,Upper
2012-09-13,17.0,MP,Setophaga,palmarum,Parulidae,694,Yes,Edge,Lower
2012-09-13,17.0,CHI,Mniotilta,varia,Parulidae,620,Yes,Forest,Upper
2012-09-13,17.0,CHI,Parkesia,noveboracensis,Parulidae,916,Yes,Forest,Lower
2012-09-13,17.0,CHI,Mniotilta,varia,Parulidae,620,Yes,Forest,Upper
2012-09-13,17.0,MP,Catharus,minimus,Turdidae,822,Yes,Forest,Lower
2012-09-13,17.0,MP,Catharus,minimus,Turdidae,822,Yes,Forest,Lower
2012-09-13,17.0,CHI,Parkesia,noveboracensis,Parulidae,916,Yes,Forest,Lower
2012-09-13,17.0,MP,Catharus,minimus,Turdidae,822,Yes,Forest,Lower
2012-09-13,17.0,CHI,Oreothlypis,peregrina,Parulidae,2515,Yes,Edge,Upper
2012-09-13,17.0,MP,Oreothlypis,peregrina,Parulidae,2515,Yes,Edge,Upper
2012-09-13,17.0,MP,Catharus,minimus,Turdidae,822,Yes,Forest,Lower
2012-09-13,17.0,CHI,Parkesia,noveboracensis,Parulidae,916,Yes,Forest,Lower
2012-09-13,17.0,CHI,Oreothlypis,peregrina,Parulidae,2515,Yes,Edge,Upper
2012-09-13,17.0,CHI,Catharus,minimus,Turdidae,822,Yes,Forest,Lower
2012-09-13,17.0,CHI,Mniotilta,varia,Parulidae,620,Yes,Forest,Upper
2012-09-13,17.0,CHI,Mniotilta,varia,Parulidae,620,Yes,Forest,Upper
2012-09-13,17.0,CHI,Seiurus,aurocapilla,Parulidae,4580,Yes,Forest,Lower
2012-09-13,17.0,CHI,Mniotilta,varia,Parulidae,620,Yes,Forest,Upper
2012-09-13,17.0,CHI,Sitta,canadensis,Sittidae,260,Yes,Forest,Upper
2012-09-13,17.0,CHI,Sitta,canadensis,Sittidae,260,Yes,Forest,Upper
2012-09-13,17.0,CHI,Sitta,canadensis,Sittidae,260,Yes,Forest,Upper
2012-09-13,17.0,CHI,Seiurus,aurocapilla,Parulidae,4580,Yes,Forest,Lower
2012-09-13,17.0,CHI,Seiurus,aurocapilla,Parulidae,4580,Yes,Forest,Lower
2012-09-13,17.0,CHI,Seiurus,aurocapilla,Parulidae,4580,Yes,Forest,Lower
2012-09-13,17.0,MP,Oreothlypis,peregrina,Parulidae,2515,Yes,Edge,Upper
2012-09-13,17.0,MP,Seiurus,aurocapilla,Parulidae,4580,Yes,Forest,Lower
2012-09-13,17.0,CHI,Mniotilta,varia,Parulidae,620,Yes,Forest,Upper
2012-09-13,17.0,CHI,Setophaga,caerulescens,Parulidae,183,Yes,Forest,Upper
2012-09-13,17.0,CHI,Seiurus,aurocapilla,Parulidae,4580,Yes,Forest,Lower
2012-09-13,17.0,CHI,Setophaga,caerulescens,Parulidae,183,Yes,Forest,Upper
2012-09-13,17.0,MP,Oreothlypis,peregrina,Parulidae,2515,Yes,Edge,Upper
2012-09-13,17.0,MP,Setophaga,striata,Parulidae,787,Yes,Forest,Upper
2012-09-13,17.0,CHI,Setophaga,striata,Parulidae,787,Yes,Forest,Upper
2012-09-13,17.0,MP,Setophaga,striata,Parulidae,787,Yes,Forest,Upper
2012-09-13,17.0,CHI,Catharus,minimus,Turdidae,822,Yes,Forest,Lower
2012-09-13,17.0,CHI,Mniotilta,varia,Parulidae,620,Yes,Forest,Upper
2012-09-13,17.0,CHI,Setophaga,virens,Parulidae,223,Yes,Forest,Upper
2012-09-13,17.0,MP,Catharus,fuscescens,Turdidae,727,Yes,Forest,Lower
2012-09-13,17.0,MP,Catharus,fuscescens,Turdidae,727,Yes,Forest,Lower
2012-09-13,17.0,CHI,Cistothorus,platensis,Troglodytidae,60,no,open,Lower
2012-09-14,17.0,CHI,Geothlypis,trichas,Parulidae,1555,Yes,Open,Lower
2012-09-14,17.0,CHI,setophaga,ruticilla,Parulidae,868,Yes,Edge,Upper
2012-09-14,17.0,CHI,Setophaga,virens,Parulidae,223,Yes,Forest,Upper
2012-09-14,17.0,CHI,Geothlypis,trichas,Parulidae,1555,Yes,Open,Lower
2012-09-14,17.0,CHI,setophaga,ruticilla,Parulidae,868,Yes,Edge,Upper
2012-09-14,17.0,CHI,setophaga,ruticilla,Parulidae,868,Yes,Edge,Upper
2012-09-14,17.0,CHI,Geothlypis,trichas,Parulidae,1555,Yes,Open,Lower
2012-09-14,17.0,CHI,Geothlypis,trichas,Parulidae,1555,Yes,Open,Lower
2012-09-14,17.0,MP,Melospiza,lincolnii,Passerellidae,2029,yes,edge,Lower
2012-09-14,17.0,CHI,setophaga,ruticilla,Parulidae,868,Yes,Edge,Upper
2012-09-14,17.0,CHI,Pheucticus,ludovicianus,Cardinalidae,397,Yes,Forest,Upper
2012-09-14,17.0,CHI,Geothlypis,trichas,Parulidae,1555,Yes,Open,Lower
2012-09-14,17.0,MP,Sitta,canadensis,Sittidae,260,Yes,Forest,Upper
2012-09-14,17.0,CHI,Setophaga,fusca,Parulidae,201,Yes,Forest,Upper
2012-09-14,17.0,CHI,Oreothlypis,ruficapilla,Parulidae,1690,Yes,Forest,Upper
2012-09-14,17.0,CHI,Oporornis,agilis,Parulidae,365,Yes,Forest,Lower
2012-09-14,17.0,CHI,Oporornis,agilis,Parulidae,365,Yes,Forest,Lower
2012-09-14,17.0,CHI,Setophaga,castanea,Parulidae,287,Yes,Forest,Upper
2012-09-14,17.0,CHI,Oporornis,agilis,Parulidae,365,Yes,Forest,Lower
2012-09-14,17.0,CHI,catharus,ustulatus,Turdidae,2331,Yes,Forest,Lower
2012-09-14,17.0,CHI,catharus,ustulatus,Turdidae,2331,Yes,Forest,Lower
2012-09-14,17.0,CHI,catharus,ustulatus,Turdidae,2331,Yes,Forest,Lower
2012-09-14,17.0,CHI,catharus,ustulatus,Turdidae,2331,Yes,Forest,Lower
2012-09-14,17.0,CHI,catharus,ustulatus,Turdidae,2331,Yes,Forest,Lower
2012-09-14,17.0,CHI,catharus,ustulatus,Turdidae,2331,Yes,Forest,Lower
2012-09-14,17.0,CHI,catharus,ustulatus,Turdidae,2331,Yes,Forest,Lower
2012-09-14,17.0,CHI,catharus,ustulatus,Turdidae,2331,Yes,Forest,Lower
2012-09-14,17.0,CHI,catharus,ustulatus,Turdidae,2331,Yes,Forest,Lower
2012-09-14,17.0,CHI,catharus,ustulatus,Turdidae,2331,Yes,Forest,Lower
2012-09-14,17.0,CHI,Zonotrichia,albicollis,Passerellidae,10133,Yes,Forest,Lower
2012-09-14,17.0,CHI,Zonotrichia,albicollis,Passerellidae,10133,Yes,Forest,Lower
2012-09-14,17.0,CHI,catharus,ustulatus,Turdidae,2331,Yes,Forest,Lower
2012-09-14,17.0,CHI,Melospiza,lincolnii,Passerellidae,2029,yes,edge,Lower
2012-09-14,17.0,CHI,catharus,ustulatus,Turdidae,2331,Yes,Forest,Lower
2012-09-14,17.0,CHI,catharus,ustulatus,Turdidae,2331,Yes,Forest,Lower
2012-09-14,17.0,CHI,catharus,ustulatus,Turdidae,2331,Yes,Forest,Lower
2012-09-14,17.0,CHI,catharus,ustulatus,Turdidae,2331,Yes,Forest,Lower
2012-09-14,17.0,MP,catharus,ustulatus,Turdidae,2331,Yes,Forest,Lower
2012-09-14,17.0,MP,catharus,ustulatus,Turdidae,2331,Yes,Forest,Lower
2012-09-14,17.0,CHI,vireo,solitarius,Vireonidae,18,No,Forest,Upper
2012-09-14,17.0,CHI,catharus,ustulatus,Turdidae,2331,Yes,Forest,Lower
2012-09-14,17.0,CHI,Setophaga,striata,Parulidae,787,Yes,Forest,Upper
2012-09-14,17.0,CHI,Seiurus,aurocapilla,Parulidae,4580,Yes,Forest,Lower
2012-09-14,17.0,CHI,Seiurus,aurocapilla,Parulidae,4580,Yes,Forest,Lower
2012-09-14,17.0,CHI,Seiurus,aurocapilla,Parulidae,4580,Yes,Forest,Lower
2012-09-14,17.0,CHI,Seiurus,aurocapilla,Parulidae,4580,Yes,Forest,Lower
2012-09-14,17.0,CHI,Seiurus,aurocapilla,Parulidae,4580,Yes,Forest,Lower
2012-09-14,17.0,CHI,Seiurus,aurocapilla,Parulidae,4580,Yes,Forest,Lower
2012-09-14,17.0,CHI,Seiurus,aurocapilla,Parulidae,4580,Yes,Forest,Lower
2012-09-14,17.0,CHI,Seiurus,aurocapilla,Parulidae,4580,Yes,Forest,Lower
2012-09-14,17.0,CHI,Seiurus,aurocapilla,Parulidae,4580,Yes,Forest,Lower
2012-09-14,17.0,CHI,Seiurus,aurocapilla,Parulidae,4580,Yes,Forest,Lower
2012-09-14,17.0,CHI,Seiurus,aurocapilla,Parulidae,4580,Yes,Forest,Lower
2012-09-14,17.0,CHI,dumetella,carolinensis,Mimidae,599,no,edge,Lower
2012-09-14,17.0,CHI,Catharus,minimus,Turdidae,822,Yes,Forest,Lower
2012-09-14,17.0,CHI,Catharus,minimus,Turdidae,822,Yes,Forest,Lower
2012-09-14,17.0,CHI,Catharus,minimus,Turdidae,822,Yes,Forest,Lower
2012-09-14,17.0,MP,Parkesia,noveboracensis,Parulidae,916,Yes,Forest,Lower
2012-09-14,17.0,CHI,Oreothlypis,peregrina,Parulidae,2515,Yes,Edge,Upper
2012-09-14,17.0,CHI,Parkesia,noveboracensis,Parulidae,916,Yes,Forest,Lower
2012-09-14,17.0,CHI,Oreothlypis,peregrina,Parulidae,2515,Yes,Edge,Upper
2012-09-14,17.0,CHI,Oreothlypis,peregrina,Parulidae,2515,Yes,Edge,Upper
2012-09-14,17.0,CHI,Oreothlypis,peregrina,Parulidae,2515,Yes,Edge,Upper
2012-09-14,17.0,CHI,Oreothlypis,peregrina,Parulidae,2515,Yes,Edge,Upper
2012-09-14,17.0,CHI,Oreothlypis,peregrina,Parulidae,2515,Yes,Edge,Upper
2012-09-14,17.0,CHI,Oreothlypis,peregrina,Parulidae,2515,Yes,Edge,Upper
2012-09-14,17.0,CHI,cistothorus,palustris,Troglodytidae,91,No,Open,Lower
2012-09-14,17.0,CHI,Oreothlypis,peregrina,Parulidae,2515,Yes,Edge,Upper
2012-09-14,17.0,CHI,Oreothlypis,peregrina,Parulidae,2515,Yes,Edge,Upper
2012-09-14,17.0,MP,Parkesia,noveboracensis,Parulidae,916,Yes,Forest,Lower
2012-09-14,17.0,CHI,Catharus,minimus,Turdidae,822,Yes,Forest,Lower
2012-09-14,17.0,MP,catharus,ustulatus,Turdidae,2331,Yes,Forest,Lower
2012-09-14,17.0,CHI,Vireo,olivaceus,Vireonidae,133,No,Forest,Upper
2012-09-14,17.0,CHI,Setophaga,tigrina,Parulidae,182,Yes,Forest,Upper
2012-09-14,17.0,MP,Setophaga,magnolia,Parulidae,1224,yes,forest,Upper
2012-09-14,17.0,MP,Setophaga,magnolia,Parulidae,1224,yes,forest,Upper
2012-09-14,17.0,CHI,Setophaga,magnolia,Parulidae,1224,yes,forest,Upper
2012-09-14,17.0,CHI,Setophaga,striata,Parulidae,787,Yes,Forest,Upper
2012-09-14,17.0,CHI,Vireo,olivaceus,Vireonidae,133,No,Forest,Upper
2012-09-14,17.0,CHI,Setophaga,magnolia,Parulidae,1224,yes,forest,Upper
2012-09-14,17.0,CHI,Catharus,minimus,Turdidae,822,Yes,Forest,Lower
2012-09-14,17.0,CHI,Setophaga,striata,Parulidae,787,Yes,Forest,Upper
2012-09-14,17.0,CHI,Setophaga,striata,Parulidae,787,Yes,Forest,Upper
2012-09-14,17.0,CHI,Setophaga,striata,Parulidae,787,Yes,Forest,Upper
2012-09-14,17.0,CHI,Setophaga,striata,Parulidae,787,Yes,Forest,Upper
2012-09-14,17.0,MP,Mniotilta,varia,Parulidae,620,Yes,Forest,Upper
2012-09-14,17.0,CHI,Mniotilta,varia,Parulidae,620,Yes,Forest,Upper
2012-09-14,17.0,CHI,Catharus,minimus,Turdidae,822,Yes,Forest,Lower
2012-09-14,17.0,CHI,Setophaga,striata,Parulidae,787,Yes,Forest,Upper
2012-09-14,17.0,CHI,Setophaga,striata,Parulidae,787,Yes,Forest,Upper
2012-09-14,17.0,CHI,Catharus,minimus,Turdidae,822,Yes,Forest,Lower
2012-09-14,17.0,CHI,Setophaga,tigrina,Parulidae,182,Yes,Forest,Upper
2012-09-15,17.0,MP,Cistothorus,platensis,Troglodytidae,60,no,open,Lower
2012-09-15,17.0,MP,Setophaga,striata,Parulidae,787,Yes,Forest,Upper
2012-09-15,17.0,CHI,Setophaga,castanea,Parulidae,287,Yes,Forest,Upper
2012-09-15,17.0,CHI,Geothlypis,trichas,Parulidae,1555,Yes,Open,Lower
2012-09-15,17.0,CHI,dumetella,carolinensis,Mimidae,599,no,edge,Lower
2012-09-15,17.0,CHI,Pheucticus,ludovicianus,Cardinalidae,397,Yes,Forest,Upper
2012-09-15,17.0,CHI,Pheucticus,ludovicianus,Cardinalidae,397,Yes,Forest,Upper
2012-09-15,17.0,CHI,Pheucticus,ludovicianus,Cardinalidae,397,Yes,Forest,Upper
2012-09-15,17.0,CHI,Oreothlypis,peregrina,Parulidae,2515,Yes,Edge,Upper
2012-09-15,17.0,CHI,Oreothlypis,peregrina,Parulidae,2515,Yes,Edge,Upper
2012-09-15,17.0,MP,Setophaga,castanea,Parulidae,287,Yes,Forest,Upper
2012-09-15,17.0,CHI,Setophaga,castanea,Parulidae,287,Yes,Forest,Upper
2012-09-15,17.0,MP,Pheucticus,ludovicianus,Cardinalidae,397,Yes,Forest,Upper
2012-09-15,17.0,CHI,Setophaga,castanea,Parulidae,287,Yes,Forest,Upper
2012-09-15,17.0,CHI,Geothlypis,trichas,Parulidae,1555,Yes,Open,Lower
2012-09-15,17.0,CHI,Geothlypis,trichas,Parulidae,1555,Yes,Open,Lower
2012-09-15,17.0,CHI,vireo,solitarius,Vireonidae,18,No,Forest,Upper
2012-09-15,17.0,CHI,Melospiza,lincolnii,Passerellidae,2029,yes,edge,Lower
2012-09-15,17.0,MP,Melospiza,lincolnii,Passerellidae,2029,yes,edge,Lower
2012-09-15,17.0,CHI,Melospiza,lincolnii,Passerellidae,2029,yes,edge,Lower
2012-09-15,17.0,CHI,Setophaga,magnolia,Parulidae,1224,yes,forest,Upper
2012-09-15,17.0,CHI,Troglodytes,aedon,Troglodytidae,104,No,Edge,Lower
2012-09-15,17.0,CHI,catharus,ustulatus,Turdidae,2331,Yes,Forest,Lower
2012-09-15,17.0,CHI,catharus,ustulatus,Turdidae,2331,Yes,Forest,Lower
2012-09-15,17.0,CHI,catharus,ustulatus,Turdidae,2331,Yes,Forest,Lower
2012-09-15,17.0,CHI,catharus,ustulatus,Turdidae,2331,Yes,Forest,Lower
2012-09-15,17.0,MP,catharus,ustulatus,Turdidae,2331,Yes,Forest,Lower
2012-09-15,17.0,CHI,catharus,ustulatus,Turdidae,2331,Yes,Forest,Lower
2012-09-15,17.0,CHI,catharus,ustulatus,Turdidae,2331,Yes,Forest,Lower
2012-09-15,17.0,CHI,Piranga,olivacea,Cardinalidae,127,Yes,Forest,Upper
2012-09-15,17.0,CHI,Seiurus,aurocapilla,Parulidae,4580,Yes,Forest,Lower
2012-09-15,17.0,CHI,Oreothlypis,peregrina,Parulidae,2515,Yes,Edge,Upper
2012-09-15,17.0,CHI,Oreothlypis,ruficapilla,Parulidae,1690,Yes,Forest,Upper
2012-09-15,17.0,MP,Oreothlypis,ruficapilla,Parulidae,1690,Yes,Forest,Upper
2012-09-15,17.0,MP,Oreothlypis,ruficapilla,Parulidae,1690,Yes,Forest,Upper
2012-09-15,17.0,CHI,Oreothlypis,ruficapilla,Parulidae,1690,Yes,Forest,Upper
2012-09-15,17.0,CHI,Setophaga,pensylvanica,Parulidae,303,Yes,Edge,Upper
2012-09-15,17.0,CHI,Setophaga,palmarum,Parulidae,694,Yes,Edge,Lower
2012-09-15,17.0,CHI,Catharus,minimus,Turdidae,822,Yes,Forest,Lower
2012-09-15,17.0,MP,Catharus,minimus,Turdidae,822,Yes,Forest,Lower
2012-09-15,17.0,MP,Catharus,minimus,Turdidae,822,Yes,Forest,Lower
2012-09-15,17.0,CHI,Catharus,minimus,Turdidae,822,Yes,Forest,Lower
2012-09-15,17.0,CHI,setophaga,ruticilla,Parulidae,868,Yes,Edge,Upper
2012-09-15,17.0,CHI,setophaga,ruticilla,Parulidae,868,Yes,Edge,Upper
2012-09-15,17.0,CHI,setophaga,ruticilla,Parulidae,868,Yes,Edge,Upper
2012-09-15,17.0,CHI,Zonotrichia,albicollis,Passerellidae,10133,Yes,Forest,Lower
2012-09-15,17.0,CHI,Mniotilta,varia,Parulidae,620,Yes,Forest,Upper
2012-09-15,17.0,CHI,Mniotilta,varia,Parulidae,620,Yes,Forest,Upper
2012-09-15,17.0,CHI,Mniotilta,varia,Parulidae,620,Yes,Forest,Upper
2012-09-15,17.0,CHI,Mniotilta,varia,Parulidae,620,Yes,Forest,Upper
2012-09-15,17.0,CHI,Mniotilta,varia,Parulidae,620,Yes,Forest,Upper
2012-09-15,17.0,CHI,Mniotilta,varia,Parulidae,620,Yes,Forest,Upper
2012-09-15,17.0,CHI,Parkesia,noveboracensis,Parulidae,916,Yes,Forest,Lower
2012-09-15,17.0,CHI,Sitta,canadensis,Sittidae,260,Yes,Forest,Upper
2012-09-15,17.0,CHI,Sitta,canadensis,Sittidae,260,Yes,Forest,Upper
2012-09-15,17.0,CHI,Setophaga,americana,Parulidae,59,Yes,Forest,Upper
2012-09-15,17.0,CHI,Setophaga,americana,Parulidae,59,Yes,Forest,Upper
2012-09-15,17.0,CHI,Oreothlypis,ruficapilla,Parulidae,1690,Yes,Forest,Upper
2012-09-15,17.0,CHI,Oreothlypis,ruficapilla,Parulidae,1690,Yes,Forest,Upper
2012-09-15,17.0,CHI,Catharus,minimus,Turdidae,822,Yes,Forest,Lower
2012-09-15,17.0,CHI,Seiurus,aurocapilla,Parulidae,4580,Yes,Forest,Lower
2012-09-15,17.0,CHI,Seiurus,aurocapilla,Parulidae,4580,Yes,Forest,Lower
2012-09-15,17.0,CHI,Seiurus,aurocapilla,Parulidae,4580,Yes,Forest,Lower
2012-09-15,17.0,CHI,Seiurus,aurocapilla,Parulidae,4580,Yes,Forest,Lower
2012-09-15,17.0,CHI,Setophaga,fusca,Parulidae,201,Yes,Forest,Upper
2012-09-15,17.0,CHI,Seiurus,aurocapilla,Parulidae,4580,Yes,Forest,Lower
2012-09-15,17.0,CHI,Seiurus,aurocapilla,Parulidae,4580,Yes,Forest,Lower
2012-09-15,17.0,CHI,Seiurus,aurocapilla,Parulidae,4580,Yes,Forest,Lower
2012-09-15,17.0,MP,Seiurus,aurocapilla,Parulidae,4580,Yes,Forest,Lower
2012-09-15,17.0,MP,Seiurus,aurocapilla,Parulidae,4580,Yes,Forest,Lower
2012-09-15,17.0,CHI,Seiurus,aurocapilla,Parulidae,4580,Yes,Forest,Lower
2012-09-15,17.0,CHI,Seiurus,aurocapilla,Parulidae,4580,Yes,Forest,Lower
2012-09-15,17.0,CHI,Seiurus,aurocapilla,Parulidae,4580,Yes,Forest,Lower
2012-09-15,17.0,CHI,Seiurus,aurocapilla,Parulidae,4580,Yes,Forest,Lower
2012-09-15,17.0,CHI,Oreothlypis,peregrina,Parulidae,2515,Yes,Edge,Upper
2012-09-15,17.0,CHI,Empidonax,minimus,Tyrannidae,96,No,Edge,Upper
2012-09-16,17.0,CHI,Setophaga,pensylvanica,Parulidae,303,Yes,Edge,Upper
2012-09-16,17.0,CHI,catharus,ustulatus,Turdidae,2331,Yes,Forest,Lower
2012-09-16,17.0,CHI,catharus,ustulatus,Turdidae,2331,Yes,Forest,Lower
2012-09-16,17.0,CHI,catharus,ustulatus,Turdidae,2331,Yes,Forest,Lower
2012-09-16,17.0,CHI,Pheucticus,ludovicianus,Cardinalidae,397,Yes,Forest,Upper
2012-09-16,17.0,CHI,Oreothlypis,peregrina,Parulidae,2515,Yes,Edge,Upper
2012-09-16,17.0,CHI,catharus,ustulatus,Turdidae,2331,Yes,Forest,Lower
2012-09-16,17.0,CHI,Zonotrichia,albicollis,Passerellidae,10133,Yes,Forest,Lower
2012-09-16,17.0,CHI,Setophaga,striata,Parulidae,787,Yes,Forest,Upper
2012-09-16,17.0,MP,Zonotrichia,albicollis,Passerellidae,10133,Yes,Forest,Lower
2012-09-16,17.0,CHI,Mniotilta,varia,Parulidae,620,Yes,Forest,Upper
2012-09-16,17.0,CHI,dumetella,carolinensis,Mimidae,599,no,edge,Lower
2012-09-16,17.0,CHI,Oporornis,agilis,Parulidae,365,Yes,Forest,Lower
2012-09-16,17.0,MP,Setophaga,castanea,Parulidae,287,Yes,Forest,Upper
2012-09-16,17.0,MP,Seiurus,aurocapilla,Parulidae,4580,Yes,Forest,Lower
2012-09-16,17.0,CHI,Seiurus,aurocapilla,Parulidae,4580,Yes,Forest,Lower
2012-09-16,17.0,CHI,Setophaga,castanea,Parulidae,287,Yes,Forest,Upper
2012-09-16,17.0,CHI,Oreothlypis,ruficapilla,Parulidae,1690,Yes,Forest,Upper
2012-09-16,17.0,CHI,Oreothlypis,ruficapilla,Parulidae,1690,Yes,Forest,Upper
2012-09-16,17.0,CHI,Oreothlypis,ruficapilla,Parulidae,1690,Yes,Forest,Upper
2012-09-16,17.0,CHI,Oreothlypis,ruficapilla,Parulidae,1690,Yes,Forest,Upper
2012-09-16,17.0,MP,Seiurus,aurocapilla,Parulidae,4580,Yes,Forest,Lower
2012-09-16,17.0,CHI,Seiurus,aurocapilla,Parulidae,4580,Yes,Forest,Lower
2012-09-16,17.0,CHI,setophaga,ruticilla,Parulidae,868,Yes,Edge,Upper
2012-09-16,17.0,CHI,Melospiza,lincolnii,Passerellidae,2029,yes,edge,Lower
2012-09-16,17.0,CHI,Setophaga,magnolia,Parulidae,1224,yes,forest,Upper
2012-09-16,17.0,CHI,Vermivora,chrysoptera,Parulidae,53,Yes,Edge,Upper
2012-09-16,17.0,CHI,Sitta,canadensis,Sittidae,260,Yes,Forest,Upper
2012-09-16,17.0,CHI,Geothlypis,trichas,Parulidae,1555,Yes,Open,Lower
2012-09-17,17.0,CHI,Parkesia,noveboracensis,Parulidae,916,Yes,Forest,Lower
2012-09-17,17.0,CHI,Seiurus,aurocapilla,Parulidae,4580,Yes,Forest,Lower
2012-09-17,17.0,CHI,Seiurus,aurocapilla,Parulidae,4580,Yes,Forest,Lower
2012-09-17,17.0,CHI,Seiurus,aurocapilla,Parulidae,4580,Yes,Forest,Lower
2012-09-17,17.0,CHI,Mniotilta,varia,Parulidae,620,Yes,Forest,Upper
2012-09-17,17.0,CHI,catharus,ustulatus,Turdidae,2331,Yes,Forest,Lower
2012-09-17,17.0,CHI,catharus,ustulatus,Turdidae,2331,Yes,Forest,Lower
2012-09-17,17.0,CHI,Setophaga,caerulescens,Parulidae,183,Yes,Forest,Upper
2012-09-17,17.0,CHI,setophaga,ruticilla,Parulidae,868,Yes,Edge,Upper
2012-09-17,17.0,CHI,Sitta,canadensis,Sittidae,260,Yes,Forest,Upper
2012-09-17,17.0,CHI,catharus,ustulatus,Turdidae,2331,Yes,Forest,Lower
2012-09-17,17.0,CHI,catharus,ustulatus,Turdidae,2331,Yes,Forest,Lower
2012-09-17,17.0,CHI,Seiurus,aurocapilla,Parulidae,4580,Yes,Forest,Lower
2012-09-17,17.0,CHI,Seiurus,aurocapilla,Parulidae,4580,Yes,Forest,Lower
2012-09-17,17.0,MP,Catharus,minimus,Turdidae,822,Yes,Forest,Lower
2012-09-17,17.0,CHI,Seiurus,aurocapilla,Parulidae,4580,Yes,Forest,Lower
2012-09-17,17.0,CHI,Setophaga,magnolia,Parulidae,1224,yes,forest,Upper
2012-09-17,17.0,CHI,Setophaga,magnolia,Parulidae,1224,yes,forest,Upper
2012-09-17,17.0,CHI,Seiurus,aurocapilla,Parulidae,4580,Yes,Forest,Lower
2012-09-17,17.0,CHI,Setophaga,castanea,Parulidae,287,Yes,Forest,Upper
2012-09-17,17.0,CHI,Seiurus,aurocapilla,Parulidae,4580,Yes,Forest,Lower
2012-09-17,17.0,CHI,Mniotilta,varia,Parulidae,620,Yes,Forest,Upper
2012-09-17,17.0,CHI,Seiurus,aurocapilla,Parulidae,4580,Yes,Forest,Lower
2012-09-17,17.0,MP,Oreothlypis,peregrina,Parulidae,2515,Yes,Edge,Upper
2012-09-17,17.0,CHI,Oreothlypis,peregrina,Parulidae,2515,Yes,Edge,Upper
2012-09-17,17.0,CHI,Setophaga,striata,Parulidae,787,Yes,Forest,Upper
2012-09-17,17.0,CHI,Oreothlypis,peregrina,Parulidae,2515,Yes,Edge,Upper
2012-09-17,17.0,CHI,Seiurus,aurocapilla,Parulidae,4580,Yes,Forest,Lower
2012-09-17,17.0,CHI,Oreothlypis,peregrina,Parulidae,2515,Yes,Edge,Upper
2012-09-17,17.0,CHI,Oreothlypis,peregrina,Parulidae,2515,Yes,Edge,Upper
2012-09-17,17.0,CHI,Oreothlypis,peregrina,Parulidae,2515,Yes,Edge,Upper
2012-09-17,17.0,CHI,Oreothlypis,peregrina,Parulidae,2515,Yes,Edge,Upper
2012-09-18,17.0,CHI,Seiurus,aurocapilla,Parulidae,4580,Yes,Forest,Lower
2012-09-18,17.0,MP,Seiurus,aurocapilla,Parulidae,4580,Yes,Forest,Lower
2012-09-18,17.0,CHI,Seiurus,aurocapilla,Parulidae,4580,Yes,Forest,Lower
2012-09-18,17.0,CHI,Setophaga,virens,Parulidae,223,Yes,Forest,Upper
2012-09-18,17.0,CHI,Parkesia,noveboracensis,Parulidae,916,Yes,Forest,Lower
2012-09-18,17.0,CHI,catharus,ustulatus,Turdidae,2331,Yes,Forest,Lower
2012-09-18,17.0,CHI,Setophaga,palmarum,Parulidae,694,Yes,Edge,Lower
2012-09-18,17.0,CHI,Mniotilta,varia,Parulidae,620,Yes,Forest,Upper
2012-09-18,17.0,CHI,catharus,ustulatus,Turdidae,2331,Yes,Forest,Lower
2012-09-18,17.0,CHI,Setophaga,palmarum,Parulidae,694,Yes,Edge,Lower
2012-09-18,17.0,CHI,Setophaga,palmarum,Parulidae,694,Yes,Edge,Lower
2012-09-18,17.0,CHI,catharus,ustulatus,Turdidae,2331,Yes,Forest,Lower
2012-09-18,17.0,CHI,catharus,ustulatus,Turdidae,2331,Yes,Forest,Lower
2012-09-18,17.0,CHI,catharus,ustulatus,Turdidae,2331,Yes,Forest,Lower
2012-09-18,17.0,CHI,Catharus,minimus,Turdidae,822,Yes,Forest,Lower
2012-09-18,17.0,MP,Zonotrichia,albicollis,Passerellidae,10133,Yes,Forest,Lower
2012-09-18,17.0,CHI,Catharus,minimus,Turdidae,822,Yes,Forest,Lower
2012-09-18,17.0,CHI,Setophaga,caerulescens,Parulidae,183,Yes,Forest,Upper
2012-09-18,17.0,CHI,Catharus,minimus,Turdidae,822,Yes,Forest,Lower
2012-09-18,17.0,CHI,Seiurus,aurocapilla,Parulidae,4580,Yes,Forest,Lower
2012-09-18,17.0,CHI,Seiurus,aurocapilla,Parulidae,4580,Yes,Forest,Lower
2012-09-18,17.0,CHI,Seiurus,aurocapilla,Parulidae,4580,Yes,Forest,Lower
2012-09-18,17.0,CHI,Seiurus,aurocapilla,Parulidae,4580,Yes,Forest,Lower
2012-09-18,17.0,CHI,Catharus,minimus,Turdidae,822,Yes,Forest,Lower
2012-09-18,17.0,CHI,Mniotilta,varia,Parulidae,620,Yes,Forest,Upper
2012-09-18,17.0,CHI,catharus,ustulatus,Turdidae,2331,Yes,Forest,Lower
2012-09-18,17.0,CHI,catharus,ustulatus,Turdidae,2331,Yes,Forest,Lower
2012-09-18,17.0,CHI,catharus,ustulatus,Turdidae,2331,Yes,Forest,Lower
2012-09-18,17.0,CHI,Seiurus,aurocapilla,Parulidae,4580,Yes,Forest,Lower
2012-09-18,17.0,MP,Setophaga,palmarum,Parulidae,694,Yes,Edge,Lower
2012-09-18,17.0,CHI,catharus,ustulatus,Turdidae,2331,Yes,Forest,Lower
2012-09-18,17.0,CHI,Geothlypis,trichas,Parulidae,1555,Yes,Open,Lower
2012-09-18,17.0,CHI,Parkesia,noveboracensis,Parulidae,916,Yes,Forest,Lower
2012-09-18,17.0,CHI,Geothlypis,trichas,Parulidae,1555,Yes,Open,Lower
2012-09-18,17.0,CHI,setophaga,ruticilla,Parulidae,868,Yes,Edge,Upper
2012-09-18,17.0,CHI,setophaga,ruticilla,Parulidae,868,Yes,Edge,Upper
2012-09-18,17.0,CHI,Setophaga,pensylvanica,Parulidae,303,Yes,Edge,Upper
2012-09-18,17.0,CHI,Sitta,canadensis,Sittidae,260,Yes,Forest,Upper
2012-09-18,17.0,CHI,Sitta,canadensis,Sittidae,260,Yes,Forest,Upper
2012-09-18,17.0,CHI,Setophaga,pensylvanica,Parulidae,303,Yes,Edge,Upper
2012-09-18,17.0,CHI,Vireo,olivaceus,Vireonidae,133,No,Forest,Upper
2012-09-18,17.0,CHI,Sitta,canadensis,Sittidae,260,Yes,Forest,Upper
2012-09-18,17.0,CHI,Setophaga,fusca,Parulidae,201,Yes,Forest,Upper
2012-09-18,17.0,MP,Melospiza,lincolnii,Passerellidae,2029,yes,edge,Lower
2012-09-19,17.0,CHI,Catharus,minimus,Turdidae,822,Yes,Forest,Lower
2012-09-19,17.0,CHI,Setophaga,caerulescens,Parulidae,183,Yes,Forest,Upper
2012-09-19,17.0,MP,Setophaga,coronata,Parulidae,887,yes,forest,Upper
2012-09-19,17.0,CHI,catharus,ustulatus,Turdidae,2331,Yes,Forest,Lower
2012-09-19,17.0,MP,catharus,ustulatus,Turdidae,2331,Yes,Forest,Lower
2012-09-19,17.0,MP,catharus,ustulatus,Turdidae,2331,Yes,Forest,Lower
2012-09-19,17.0,MP,Setophaga,coronata,Parulidae,887,yes,forest,Upper
2012-09-19,17.0,CHI,Seiurus,aurocapilla,Parulidae,4580,Yes,Forest,Lower
2012-09-19,17.0,MP,Catharus,minimus,Turdidae,822,Yes,Forest,Lower
2012-09-19,17.0,CHI,Geothlypis,trichas,Parulidae,1555,Yes,Open,Lower
2012-09-19,17.0,CHI,Passerina,cyanea,Cardinalidae,725,yes,edge,Upper
2012-09-19,17.0,CHI,Vireo,olivaceus,Vireonidae,133,No,Forest,Upper
2012-09-19,17.0,CHI,Vireo,olivaceus,Vireonidae,133,No,Forest,Upper
2012-09-19,17.0,CHI,dumetella,carolinensis,Mimidae,599,no,edge,Lower
2012-09-19,17.0,CHI,setophaga,ruticilla,Parulidae,868,Yes,Edge,Upper
2012-09-19,17.0,CHI,setophaga,ruticilla,Parulidae,868,Yes,Edge,Upper
2012-09-19,17.0,CHI,setophaga,ruticilla,Parulidae,868,Yes,Edge,Upper
2012-09-19,17.0,CHI,setophaga,ruticilla,Parulidae,868,Yes,Edge,Upper
2012-09-19,17.0,CHI,geothlypis,philadelphia,Parulidae,430,Yes,Edge,Lower
2012-09-19,17.0,MP,Junco,hyemalis,Passerellidae,6303,Yes,Edge,Lower
2012-09-19,17.0,MP,Catharus,minimus,Turdidae,822,Yes,Forest,Lower
2012-09-19,17.0,CHI,Setophaga,striata,Parulidae,787,Yes,Forest,Upper
2012-09-19,17.0,CHI,Setophaga,virens,Parulidae,223,Yes,Forest,Upper
2012-09-19,17.0,CHI,Seiurus,aurocapilla,Parulidae,4580,Yes,Forest,Lower
2012-09-19,17.0,MP,Setophaga,magnolia,Parulidae,1224,yes,forest,Upper
2012-09-19,17.0,CHI,Seiurus,aurocapilla,Parulidae,4580,Yes,Forest,Lower
2012-09-19,17.0,MP,Parkesia,noveboracensis,Parulidae,916,Yes,Forest,Lower
2012-09-19,17.0,CHI,Seiurus,aurocapilla,Parulidae,4580,Yes,Forest,Lower
2012-09-19,17.0,CHI,Setophaga,fusca,Parulidae,201,Yes,Forest,Upper
2012-09-19,17.0,CHI,Parkesia,noveboracensis,Parulidae,916,Yes,Forest,Lower
2012-09-19,17.0,CHI,Sitta,canadensis,Sittidae,260,Yes,Forest,Upper
2012-09-19,17.0,CHI,Parkesia,noveboracensis,Parulidae,916,Yes,Forest,Lower
2012-09-19,17.0,CHI,Setophaga,magnolia,Parulidae,1224,yes,forest,Upper
2012-09-19,17.0,CHI,Setophaga,magnolia,Parulidae,1224,yes,forest,Upper
2012-09-19,17.0,CHI,Seiurus,aurocapilla,Parulidae,4580,Yes,Forest,Lower
2012-09-19,17.0,CHI,Seiurus,aurocapilla,Parulidae,4580,Yes,Forest,Lower
2012-09-19,17.0,CHI,Seiurus,aurocapilla,Parulidae,4580,Yes,Forest,Lower
2012-09-19,17.0,CHI,Seiurus,aurocapilla,Parulidae,4580,Yes,Forest,Lower
2012-09-19,17.0,MP,Seiurus,aurocapilla,Parulidae,4580,Yes,Forest,Lower
2012-09-19,17.0,CHI,Mniotilta,varia,Parulidae,620,Yes,Forest,Upper
2012-09-19,17.0,CHI,Setophaga,magnolia,Parulidae,1224,yes,forest,Upper
2012-09-19,17.0,CHI,Oreothlypis,ruficapilla,Parulidae,1690,Yes,Forest,Upper
2012-09-19,17.0,MP,Pheucticus,ludovicianus,Cardinalidae,397,Yes,Forest,Upper
2012-09-19,17.0,MP,Oreothlypis,peregrina,Parulidae,2515,Yes,Edge,Upper
2012-09-19,17.0,CHI,Seiurus,aurocapilla,Parulidae,4580,Yes,Forest,Lower
2012-09-19,17.0,CHI,Setophaga,magnolia,Parulidae,1224,yes,forest,Upper
2012-09-20,15.0,CHI,setophaga,ruticilla,Parulidae,868,Yes,Edge,Upper
2012-09-20,15.0,CHI,setophaga,ruticilla,Parulidae,868,Yes,Edge,Upper
2012-09-20,15.0,CHI,catharus,ustulatus,Turdidae,2331,Yes,Forest,Lower
2012-09-20,15.0,CHI,Geothlypis,trichas,Parulidae,1555,Yes,Open,Lower
2012-09-20,15.0,CHI,Geothlypis,trichas,Parulidae,1555,Yes,Open,Lower
2012-09-20,15.0,CHI,catharus,ustulatus,Turdidae,2331,Yes,Forest,Lower
2012-09-20,15.0,CHI,catharus,ustulatus,Turdidae,2331,Yes,Forest,Lower
2012-09-20,15.0,CHI,Oporornis,agilis,Parulidae,365,Yes,Forest,Lower
2012-09-20,15.0,CHI,Geothlypis,trichas,Parulidae,1555,Yes,Open,Lower
2012-09-20,15.0,CHI,Hylocichla,mustelina,Turdidae,500,Yes,Forest,Lower
2012-09-20,15.0,CHI,Sitta,canadensis,Sittidae,260,Yes,Forest,Upper
2012-09-20,15.0,CHI,setophaga,ruticilla,Parulidae,868,Yes,Edge,Upper
2012-09-20,15.0,CHI,Sitta,canadensis,Sittidae,260,Yes,Forest,Upper
2012-09-20,15.0,CHI,Sitta,canadensis,Sittidae,260,Yes,Forest,Upper
2012-09-20,15.0,CHI,Sitta,canadensis,Sittidae,260,Yes,Forest,Upper
2012-09-20,15.0,CHI,Parkesia,noveboracensis,Parulidae,916,Yes,Forest,Lower
2012-09-20,15.0,CHI,Zonotrichia,leucophrys,Passerellidae,1090,Yes,Edge,Lower
2012-09-20,15.0,MP,Mniotilta,varia,Parulidae,620,Yes,Forest,Upper
2012-09-20,15.0,CHI,Mniotilta,varia,Parulidae,620,Yes,Forest,Upper
2012-09-20,15.0,CHI,Seiurus,aurocapilla,Parulidae,4580,Yes,Forest,Lower
2012-09-20,15.0,CHI,Mniotilta,varia,Parulidae,620,Yes,Forest,Upper
2012-09-20,15.0,CHI,Seiurus,aurocapilla,Parulidae,4580,Yes,Forest,Lower
2012-09-20,15.0,MP,Seiurus,aurocapilla,Parulidae,4580,Yes,Forest,Lower
2012-09-20,15.0,CHI,Seiurus,aurocapilla,Parulidae,4580,Yes,Forest,Lower
2012-09-20,15.0,CHI,setophaga,ruticilla,Parulidae,868,Yes,Edge,Upper
2012-09-20,15.0,CHI,Seiurus,aurocapilla,Parulidae,4580,Yes,Forest,Lower
2012-09-20,15.0,CHI,Seiurus,aurocapilla,Parulidae,4580,Yes,Forest,Lower
2012-09-20,15.0,CHI,Seiurus,aurocapilla,Parulidae,4580,Yes,Forest,Lower
2012-09-20,15.0,CHI,Seiurus,aurocapilla,Parulidae,4580,Yes,Forest,Lower
2012-09-20,15.0,MP,Seiurus,aurocapilla,Parulidae,4580,Yes,Forest,Lower
2012-09-20,15.0,CHI,Seiurus,aurocapilla,Parulidae,4580,Yes,Forest,Lower
2012-09-20,15.0,CHI,Seiurus,aurocapilla,Parulidae,4580,Yes,Forest,Lower
2012-09-20,15.0,CHI,Seiurus,aurocapilla,Parulidae,4580,Yes,Forest,Lower
2012-09-20,15.0,CHI,Seiurus,aurocapilla,Parulidae,4580,Yes,Forest,Lower
2012-09-20,15.0,CHI,Seiurus,aurocapilla,Parulidae,4580,Yes,Forest,Lower
2012-09-20,15.0,CHI,Setophaga,pensylvanica,Parulidae,303,Yes,Edge,Upper
2012-09-20,15.0,CHI,setophaga,ruticilla,Parulidae,868,Yes,Edge,Upper
2012-09-20,15.0,CHI,setophaga,ruticilla,Parulidae,868,Yes,Edge,Upper
2012-09-20,15.0,CHI,Seiurus,aurocapilla,Parulidae,4580,Yes,Forest,Lower
2012-09-20,15.0,CHI,Seiurus,aurocapilla,Parulidae,4580,Yes,Forest,Lower
2012-09-20,15.0,CHI,Parkesia,noveboracensis,Parulidae,916,Yes,Forest,Lower
2012-09-20,15.0,CHI,Setophaga,magnolia,Parulidae,1224,yes,forest,Upper
2012-09-20,15.0,MP,Setophaga,coronata,Parulidae,887,yes,forest,Upper
2012-09-20,15.0,CHI,Oreothlypis,peregrina,Parulidae,2515,Yes,Edge,Upper
2012-09-20,15.0,CHI,Setophaga,magnolia,Parulidae,1224,yes,forest,Upper
2012-09-20,15.0,CHI,Setophaga,magnolia,Parulidae,1224,yes,forest,Upper
2012-09-20,15.0,CHI,Setophaga,virens,Parulidae,223,Yes,Forest,Upper
2012-09-20,15.0,CHI,Oreothlypis,peregrina,Parulidae,2515,Yes,Edge,Upper
2012-09-20,15.0,CHI,Setophaga,magnolia,Parulidae,1224,yes,forest,Upper
2012-09-20,15.0,CHI,Oreothlypis,peregrina,Parulidae,2515,Yes,Edge,Upper
2012-09-20,15.0,CHI,Catharus,minimus,Turdidae,822,Yes,Forest,Lower
2012-09-20,15.0,CHI,Oreothlypis,peregrina,Parulidae,2515,Yes,Edge,Upper
2012-09-20,15.0,CHI,Oreothlypis,peregrina,Parulidae,2515,Yes,Edge,Upper
2012-09-20,15.0,CHI,Setophaga,castanea,Parulidae,287,Yes,Forest,Upper
2012-09-20,15.0,CHI,Oreothlypis,peregrina,Parulidae,2515,Yes,Edge,Upper
2012-09-20,15.0,CHI,Oreothlypis,peregrina,Parulidae,2515,Yes,Edge,Upper
2012-09-20,15.0,CHI,Catharus,minimus,Turdidae,822,Yes,Forest,Lower
2012-09-20,15.0,CHI,Setophaga,magnolia,Parulidae,1224,yes,forest,Upper
2012-09-20,15.0,CHI,Oreothlypis,peregrina,Parulidae,2515,Yes,Edge,Upper
2012-09-21,12.0,CHI,Oreothlypis,peregrina,Parulidae,2515,Yes,Edge,Upper
2012-09-21,12.0,CHI,cistothorus,palustris,Troglodytidae,91,No,Open,Lower
2012-09-21,12.0,CHI,Setophaga,caerulescens,Parulidae,183,Yes,Forest,Upper
2012-09-21,12.0,CHI,Cardellina,pusilla,Parulidae,185,Yes,Edge,Lower
2012-09-21,12.0,MP,Oreothlypis,peregrina,Parulidae,2515,Yes,Edge,Upper
2012-09-21,12.0,CHI,Sitta,canadensis,Sittidae,260,Yes,Forest,Upper
2012-09-21,12.0,CHI,Sitta,canadensis,Sittidae,260,Yes,Forest,Upper
2012-09-21,12.0,CHI,Setophaga,magnolia,Parulidae,1224,yes,forest,Upper
2012-09-21,12.0,CHI,Setophaga,magnolia,Parulidae,1224,yes,forest,Upper
2012-09-21,12.0,CHI,Setophaga,magnolia,Parulidae,1224,yes,forest,Upper
2012-09-21,12.0,CHI,Setophaga,magnolia,Parulidae,1224,yes,forest,Upper
2012-09-21,12.0,CHI,Toxostoma,rufum,Mimidae,166,No,Edge,Lower
2012-09-21,12.0,CHI,Mniotilta,varia,Parulidae,620,Yes,Forest,Upper
2012-09-21,12.0,CHI,Setophaga,magnolia,Parulidae,1224,yes,forest,Upper
2012-09-21,12.0,CHI,Setophaga,magnolia,Parulidae,1224,yes,forest,Upper
2012-09-21,12.0,CHI,Setophaga,magnolia,Parulidae,1224,yes,forest,Upper
2012-09-21,12.0,CHI,Mniotilta,varia,Parulidae,620,Yes,Forest,Upper
2012-09-21,12.0,CHI,Parkesia,noveboracensis,Parulidae,916,Yes,Forest,Lower
2012-09-21,12.0,CHI,Parkesia,noveboracensis,Parulidae,916,Yes,Forest,Lower
2012-09-21,12.0,CHI,Parkesia,noveboracensis,Parulidae,916,Yes,Forest,Lower
2012-09-21,12.0,CHI,Geothlypis,trichas,Parulidae,1555,Yes,Open,Lower
2012-09-21,12.0,MP,Geothlypis,trichas,Parulidae,1555,Yes,Open,Lower
2012-09-21,12.0,CHI,Setophaga,castanea,Parulidae,287,Yes,Forest,Upper
2012-09-21,12.0,CHI,Pheucticus,ludovicianus,Cardinalidae,397,Yes,Forest,Upper
2012-09-21,12.0,CHI,Oreothlypis,peregrina,Parulidae,2515,Yes,Edge,Upper
2012-09-21,12.0,CHI,Seiurus,aurocapilla,Parulidae,4580,Yes,Forest,Lower
2012-09-21,12.0,CHI,Setophaga,magnolia,Parulidae,1224,yes,forest,Upper
2012-09-21,12.0,MP,Seiurus,aurocapilla,Parulidae,4580,Yes,Forest,Lower
2012-09-21,12.0,CHI,Seiurus,aurocapilla,Parulidae,4580,Yes,Forest,Lower
2012-09-21,12.0,CHI,Seiurus,aurocapilla,Parulidae,4580,Yes,Forest,Lower
2012-09-21,12.0,CHI,Seiurus,aurocapilla,Parulidae,4580,Yes,Forest,Lower
2012-09-21,12.0,CHI,Seiurus,aurocapilla,Parulidae,4580,Yes,Forest,Lower
2012-09-21,12.0,CHI,Catharus,minimus,Turdidae,822,Yes,Forest,Lower
2012-09-21,12.0,CHI,Oporornis,agilis,Parulidae,365,Yes,Forest,Lower
2012-09-21,12.0,CHI,Oporornis,agilis,Parulidae,365,Yes,Forest,Lower
2012-09-21,12.0,CHI,Cistothorus,platensis,Troglodytidae,60,no,open,Lower
2012-09-21,12.0,CHI,Seiurus,aurocapilla,Parulidae,4580,Yes,Forest,Lower
2012-09-21,12.0,CHI,Setophaga,pensylvanica,Parulidae,303,Yes,Edge,Upper
2012-09-21,12.0,CHI,Setophaga,palmarum,Parulidae,694,Yes,Edge,Lower
2012-09-21,12.0,CHI,Oporornis,agilis,Parulidae,365,Yes,Forest,Lower
2012-09-21,12.0,CHI,catharus,ustulatus,Turdidae,2331,Yes,Forest,Lower
2012-09-21,12.0,CHI,Seiurus,aurocapilla,Parulidae,4580,Yes,Forest,Lower
2012-09-21,12.0,CHI,Seiurus,aurocapilla,Parulidae,4580,Yes,Forest,Lower
2012-09-21,12.0,CHI,Seiurus,aurocapilla,Parulidae,4580,Yes,Forest,Lower
2012-09-21,12.0,CHI,Seiurus,aurocapilla,Parulidae,4580,Yes,Forest,Lower
2012-09-21,12.0,CHI,Seiurus,aurocapilla,Parulidae,4580,Yes,Forest,Lower
2012-09-21,12.0,CHI,Setophaga,palmarum,Parulidae,694,Yes,Edge,Lower
2012-09-21,12.0,CHI,catharus,ustulatus,Turdidae,2331,Yes,Forest,Lower
2012-09-21,12.0,CHI,Seiurus,aurocapilla,Parulidae,4580,Yes,Forest,Lower
2012-09-21,12.0,CHI,catharus,ustulatus,Turdidae,2331,Yes,Forest,Lower
2012-09-22,13.0,CHI,Oreothlypis,peregrina,Parulidae,2515,Yes,Edge,Upper
2012-09-22,13.0,CHI,Oreothlypis,peregrina,Parulidae,2515,Yes,Edge,Upper
2012-09-22,13.0,MP,Catharus,minimus,Turdidae,822,Yes,Forest,Lower
2012-09-22,13.0,MP,Catharus,minimus,Turdidae,822,Yes,Forest,Lower
2012-09-22,13.0,CHI,Setophaga,magnolia,Parulidae,1224,yes,forest,Upper
2012-09-22,13.0,CHI,Passerina,cyanea,Cardinalidae,725,yes,edge,Upper
2012-09-22,13.0,CHI,Oreothlypis,peregrina,Parulidae,2515,Yes,Edge,Upper
2012-09-22,13.0,CHI,Oreothlypis,peregrina,Parulidae,2515,Yes,Edge,Upper
2012-09-22,13.0,CHI,Setophaga,magnolia,Parulidae,1224,yes,forest,Upper
2012-09-22,13.0,CHI,Setophaga,magnolia,Parulidae,1224,yes,forest,Upper
2012-09-22,13.0,CHI,Oreothlypis,peregrina,Parulidae,2515,Yes,Edge,Upper
2012-09-22,13.0,CHI,Oreothlypis,peregrina,Parulidae,2515,Yes,Edge,Upper
2012-09-22,13.0,CHI,Oreothlypis,peregrina,Parulidae,2515,Yes,Edge,Upper
2012-09-22,13.0,CHI,Oreothlypis,peregrina,Parulidae,2515,Yes,Edge,Upper
2012-09-22,13.0,CHI,Oreothlypis,peregrina,Parulidae,2515,Yes,Edge,Upper
2012-09-22,13.0,MP,Setophaga,fusca,Parulidae,201,Yes,Forest,Upper
2012-09-22,13.0,CHI,Setophaga,coronata,Parulidae,887,yes,forest,Upper
2012-09-22,13.0,CHI,Setophaga,virens,Parulidae,223,Yes,Forest,Upper
2012-09-22,13.0,MP,Catharus,minimus,Turdidae,822,Yes,Forest,Lower
2012-09-22,13.0,MP,Oreothlypis,ruficapilla,Parulidae,1690,Yes,Forest,Upper
2012-09-22,13.0,CHI,Setophaga,magnolia,Parulidae,1224,yes,forest,Upper
2012-09-22,13.0,CHI,Setophaga,magnolia,Parulidae,1224,yes,forest,Upper
2012-09-22,13.0,CHI,setophaga,ruticilla,Parulidae,868,Yes,Edge,Upper
2012-09-22,13.0,MP,Seiurus,aurocapilla,Parulidae,4580,Yes,Forest,Lower
2012-09-22,13.0,CHI,Seiurus,aurocapilla,Parulidae,4580,Yes,Forest,Lower
2012-09-22,13.0,CHI,Seiurus,aurocapilla,Parulidae,4580,Yes,Forest,Lower
2012-09-22,13.0,MP,Seiurus,aurocapilla,Parulidae,4580,Yes,Forest,Lower
2012-09-22,13.0,CHI,Seiurus,aurocapilla,Parulidae,4580,Yes,Forest,Lower
2012-09-22,13.0,CHI,Seiurus,aurocapilla,Parulidae,4580,Yes,Forest,Lower
2012-09-22,13.0,CHI,Seiurus,aurocapilla,Parulidae,4580,Yes,Forest,Lower
2012-09-22,13.0,MP,Seiurus,aurocapilla,Parulidae,4580,Yes,Forest,Lower
2012-09-22,13.0,CHI,Seiurus,aurocapilla,Parulidae,4580,Yes,Forest,Lower
2012-09-22,13.0,MP,Seiurus,aurocapilla,Parulidae,4580,Yes,Forest,Lower
2012-09-22,13.0,CHI,Setophaga,magnolia,Parulidae,1224,yes,forest,Upper
2012-09-22,13.0,MP,Seiurus,aurocapilla,Parulidae,4580,Yes,Forest,Lower
2012-09-22,13.0,CHI,Seiurus,aurocapilla,Parulidae,4580,Yes,Forest,Lower
2012-09-22,13.0,CHI,Seiurus,aurocapilla,Parulidae,4580,Yes,Forest,Lower
2012-09-22,13.0,CHI,Seiurus,aurocapilla,Parulidae,4580,Yes,Forest,Lower
2012-09-22,13.0,CHI,Seiurus,aurocapilla,Parulidae,4580,Yes,Forest,Lower
2012-09-22,13.0,CHI,Seiurus,aurocapilla,Parulidae,4580,Yes,Forest,Lower
2012-09-22,13.0,CHI,Seiurus,aurocapilla,Parulidae,4580,Yes,Forest,Lower
2012-09-22,13.0,CHI,Seiurus,aurocapilla,Parulidae,4580,Yes,Forest,Lower
2012-09-22,13.0,CHI,Seiurus,aurocapilla,Parulidae,4580,Yes,Forest,Lower
2012-09-22,13.0,CHI,Oreothlypis,ruficapilla,Parulidae,1690,Yes,Forest,Upper
2012-09-22,13.0,MP,Setophaga,magnolia,Parulidae,1224,yes,forest,Upper
2012-09-22,13.0,CHI,Mniotilta,varia,Parulidae,620,Yes,Forest,Upper
2012-09-22,13.0,CHI,Setophaga,coronata,Parulidae,887,yes,forest,Upper
2012-09-22,13.0,CHI,Seiurus,aurocapilla,Parulidae,4580,Yes,Forest,Lower
2012-09-22,13.0,CHI,Seiurus,aurocapilla,Parulidae,4580,Yes,Forest,Lower
2012-09-22,13.0,CHI,Catharus,minimus,Turdidae,822,Yes,Forest,Lower
2012-09-22,13.0,MP,catharus,ustulatus,Turdidae,2331,Yes,Forest,Lower
2012-09-22,13.0,CHI,Setophaga,striata,Parulidae,787,Yes,Forest,Upper
2012-09-22,13.0,CHI,Setophaga,striata,Parulidae,787,Yes,Forest,Upper
2012-09-22,13.0,MP,catharus,ustulatus,Turdidae,2331,Yes,Forest,Lower
2012-09-22,13.0,CHI,Setophaga,pinus,Parulidae,49,Yes,Forest,Upper
2012-09-22,13.0,MP,Pheucticus,ludovicianus,Cardinalidae,397,Yes,Forest,Upper
2012-09-22,13.0,CHI,Catharus,fuscescens,Turdidae,727,Yes,Forest,Lower
2012-09-23,12.0,CHI,dumetella,carolinensis,Mimidae,599,no,edge,Lower
2012-09-23,12.0,CHI,Seiurus,aurocapilla,Parulidae,4580,Yes,Forest,Lower
2012-09-23,12.0,CHI,Oreothlypis,ruficapilla,Parulidae,1690,Yes,Forest,Upper
2012-09-23,12.0,CHI,setophaga,ruticilla,Parulidae,868,Yes,Edge,Upper
2012-09-23,12.0,CHI,Oreothlypis,peregrina,Parulidae,2515,Yes,Edge,Upper
2012-09-23,12.0,CHI,Spizella,pallida,Passerellidae,50,Yes,Open,Lower
2012-09-23,12.0,CHI,Oreothlypis,peregrina,Parulidae,2515,Yes,Edge,Upper
2012-09-23,12.0,CHI,Oreothlypis,peregrina,Parulidae,2515,Yes,Edge,Upper
2012-09-23,12.0,CHI,Setophaga,castanea,Parulidae,287,Yes,Forest,Upper
2012-09-23,12.0,CHI,Setophaga,castanea,Parulidae,287,Yes,Forest,Upper
2012-09-23,12.0,CHI,Pheucticus,ludovicianus,Cardinalidae,397,Yes,Forest,Upper
2012-09-23,12.0,CHI,Setophaga,castanea,Parulidae,287,Yes,Forest,Upper
2012-09-23,12.0,CHI,Catharus,minimus,Turdidae,822,Yes,Forest,Lower
2012-09-23,12.0,MP,Seiurus,aurocapilla,Parulidae,4580,Yes,Forest,Lower
2012-09-23,12.0,CHI,Oreothlypis,ruficapilla,Parulidae,1690,Yes,Forest,Upper
2012-09-23,12.0,CHI,Sitta,canadensis,Sittidae,260,Yes,Forest,Upper
2012-09-23,12.0,CHI,Sitta,canadensis,Sittidae,260,Yes,Forest,Upper
2012-09-23,12.0,CHI,Sitta,canadensis,Sittidae,260,Yes,Forest,Upper
2012-09-23,12.0,CHI,Seiurus,aurocapilla,Parulidae,4580,Yes,Forest,Lower
2012-09-23,12.0,CHI,Seiurus,aurocapilla,Parulidae,4580,Yes,Forest,Lower
2012-09-23,12.0,CHI,Seiurus,aurocapilla,Parulidae,4580,Yes,Forest,Lower
2012-09-23,12.0,CHI,Oreothlypis,ruficapilla,Parulidae,1690,Yes,Forest,Upper
2012-09-23,12.0,CHI,Catharus,minimus,Turdidae,822,Yes,Forest,Lower
2012-09-23,12.0,CHI,Oreothlypis,ruficapilla,Parulidae,1690,Yes,Forest,Upper
2012-09-23,12.0,CHI,setophaga,ruticilla,Parulidae,868,Yes,Edge,Upper
2012-09-23,12.0,CHI,Setophaga,magnolia,Parulidae,1224,yes,forest,Upper
2012-09-23,12.0,CHI,Setophaga,magnolia,Parulidae,1224,yes,forest,Upper
2012-09-23,12.0,CHI,Seiurus,aurocapilla,Parulidae,4580,Yes,Forest,Lower
2012-09-23,12.0,MP,Catharus,minimus,Turdidae,822,Yes,Forest,Lower
2012-09-23,12.0,CHI,Catharus,minimus,Turdidae,822,Yes,Forest,Lower
2012-09-23,12.0,CHI,Geothlypis,trichas,Parulidae,1555,Yes,Open,Lower
2012-09-23,12.0,CHI,Sitta,canadensis,Sittidae,260,Yes,Forest,Upper
2012-09-23,12.0,CHI,Sitta,canadensis,Sittidae,260,Yes,Forest,Upper
2012-09-23,12.0,CHI,Oreothlypis,peregrina,Parulidae,2515,Yes,Edge,Upper
2012-09-23,12.0,CHI,Setophaga,striata,Parulidae,787,Yes,Forest,Upper
2012-09-23,12.0,CHI,Geothlypis,trichas,Parulidae,1555,Yes,Open,Lower
2012-09-23,12.0,CHI,Vireo,olivaceus,Vireonidae,133,No,Forest,Upper
2012-09-23,12.0,CHI,Geothlypis,trichas,Parulidae,1555,Yes,Open,Lower
2012-09-23,12.0,CHI,Zonotrichia,albicollis,Passerellidae,10133,Yes,Forest,Lower
2012-09-23,12.0,CHI,Zonotrichia,albicollis,Passerellidae,10133,Yes,Forest,Lower
2012-09-23,12.0,CHI,Zonotrichia,albicollis,Passerellidae,10133,Yes,Forest,Lower
2012-09-23,12.0,CHI,Geothlypis,trichas,Parulidae,1555,Yes,Open,Lower
2012-09-23,12.0,CHI,cistothorus,palustris,Troglodytidae,91,No,Open,Lower
2012-09-23,12.0,CHI,Setophaga,pensylvanica,Parulidae,303,Yes,Edge,Upper
2012-09-23,12.0,CHI,Melospiza,lincolnii,Passerellidae,2029,yes,edge,Lower
2012-09-23,12.0,CHI,Setophaga,virens,Parulidae,223,Yes,Forest,Upper
2012-09-23,12.0,CHI,Setophaga,palmarum,Parulidae,694,Yes,Edge,Lower
2012-09-23,12.0,CHI,Oreothlypis,ruficapilla,Parulidae,1690,Yes,Forest,Upper
2012-09-23,12.0,CHI,Setophaga,magnolia,Parulidae,1224,yes,forest,Upper
2012-09-23,12.0,CHI,Setophaga,fusca,Parulidae,201,Yes,Forest,Upper
2012-09-23,12.0,CHI,Junco,hyemalis,Passerellidae,6303,Yes,Edge,Lower
2012-09-23,12.0,CHI,Setophaga,palmarum,Parulidae,694,Yes,Edge,Lower
2012-09-23,12.0,CHI,Seiurus,aurocapilla,Parulidae,4580,Yes,Forest,Lower
2012-09-23,12.0,CHI,Seiurus,aurocapilla,Parulidae,4580,Yes,Forest,Lower
2012-09-23,12.0,CHI,Setophaga,striata,Parulidae,787,Yes,Forest,Upper
2012-09-23,12.0,CHI,Setophaga,magnolia,Parulidae,1224,yes,forest,Upper
2012-09-23,12.0,MP,Parkesia,noveboracensis,Parulidae,916,Yes,Forest,Lower
2012-09-23,12.0,CHI,Seiurus,aurocapilla,Parulidae,4580,Yes,Forest,Lower
2012-09-23,12.0,CHI,Oreothlypis,ruficapilla,Parulidae,1690,Yes,Forest,Upper
2012-09-23,12.0,CHI,Setophaga,magnolia,Parulidae,1224,yes,forest,Upper
2012-09-23,12.0,CHI,Sitta,canadensis,Sittidae,260,Yes,Forest,Upper
2012-09-23,12.0,CHI,Seiurus,aurocapilla,Parulidae,4580,Yes,Forest,Lower
2012-09-23,12.0,CHI,Seiurus,aurocapilla,Parulidae,4580,Yes,Forest,Lower
2012-09-23,12.0,CHI,catharus,ustulatus,Turdidae,2331,Yes,Forest,Lower
2012-09-23,12.0,CHI,Seiurus,aurocapilla,Parulidae,4580,Yes,Forest,Lower
2012-09-24,12.0,CHI,troglodytes,hiemalis,Troglodytidae,474,No,Forest,Lower
2012-09-24,12.0,CHI,Setophaga,magnolia,Parulidae,1224,yes,forest,Upper
2012-09-24,12.0,CHI,Setophaga,magnolia,Parulidae,1224,yes,forest,Upper
2012-09-24,12.0,CHI,Setophaga,castanea,Parulidae,287,Yes,Forest,Upper
2012-09-24,12.0,CHI,Setophaga,magnolia,Parulidae,1224,yes,forest,Upper
2012-09-24,12.0,CHI,Setophaga,castanea,Parulidae,287,Yes,Forest,Upper
2012-09-24,12.0,CHI,catharus,ustulatus,Turdidae,2331,Yes,Forest,Lower
2012-09-24,12.0,CHI,catharus,ustulatus,Turdidae,2331,Yes,Forest,Lower
2012-09-24,12.0,CHI,Sitta,canadensis,Sittidae,260,Yes,Forest,Upper
2012-09-24,12.0,CHI,catharus,ustulatus,Turdidae,2331,Yes,Forest,Lower
2012-09-24,12.0,CHI,Setophaga,magnolia,Parulidae,1224,yes,forest,Upper
2012-09-24,12.0,CHI,Oreothlypis,peregrina,Parulidae,2515,Yes,Edge,Upper
2012-09-24,12.0,CHI,Oreothlypis,peregrina,Parulidae,2515,Yes,Edge,Upper
2012-09-24,12.0,CHI,Regulus,satrapa,Regulidae,1029,Yes,Forest,Upper
2012-09-24,12.0,CHI,Setophaga,coronata,Parulidae,887,yes,forest,Upper
2012-09-24,12.0,CHI,Oreothlypis,peregrina,Parulidae,2515,Yes,Edge,Upper
2012-09-24,12.0,CHI,Oreothlypis,peregrina,Parulidae,2515,Yes,Edge,Upper
2012-09-24,12.0,CHI,Vireo,olivaceus,Vireonidae,133,No,Forest,Upper
2012-09-24,12.0,CHI,Vireo,olivaceus,Vireonidae,133,No,Forest,Upper
2012-09-24,12.0,CHI,Oreothlypis,peregrina,Parulidae,2515,Yes,Edge,Upper
2012-09-24,12.0,CHI,Setophaga,fusca,Parulidae,201,Yes,Forest,Upper
2012-09-24,12.0,CHI,Geothlypis,trichas,Parulidae,1555,Yes,Open,Lower
2012-09-24,12.0,CHI,Setophaga,castanea,Parulidae,287,Yes,Forest,Upper
2012-09-24,12.0,CHI,Mniotilta,varia,Parulidae,620,Yes,Forest,Upper
2012-09-24,12.0,CHI,Setophaga,magnolia,Parulidae,1224,yes,forest,Upper
2012-09-24,12.0,CHI,Oreothlypis,peregrina,Parulidae,2515,Yes,Edge,Upper
2012-09-24,12.0,CHI,Sitta,canadensis,Sittidae,260,Yes,Forest,Upper
2012-09-24,12.0,CHI,Setophaga,virens,Parulidae,223,Yes,Forest,Upper
2012-09-24,12.0,CHI,Oreothlypis,peregrina,Parulidae,2515,Yes,Edge,Upper
2012-09-24,12.0,CHI,Seiurus,aurocapilla,Parulidae,4580,Yes,Forest,Lower
2012-09-24,12.0,MP,Oreothlypis,peregrina,Parulidae,2515,Yes,Edge,Upper
2012-09-24,12.0,CHI,Seiurus,aurocapilla,Parulidae,4580,Yes,Forest,Lower
2012-09-24,12.0,MP,Seiurus,aurocapilla,Parulidae,4580,Yes,Forest,Lower
2012-09-24,12.0,CHI,Seiurus,aurocapilla,Parulidae,4580,Yes,Forest,Lower
2012-09-24,12.0,CHI,Seiurus,aurocapilla,Parulidae,4580,Yes,Forest,Lower
2012-09-24,12.0,MP,Seiurus,aurocapilla,Parulidae,4580,Yes,Forest,Lower
2012-09-24,12.0,CHI,Oreothlypis,ruficapilla,Parulidae,1690,Yes,Forest,Upper
2012-09-24,12.0,CHI,Oporornis,agilis,Parulidae,365,Yes,Forest,Lower
2012-09-25,12.0,CHI,Mniotilta,varia,Parulidae,620,Yes,Forest,Upper
2012-09-25,12.0,CHI,Geothlypis,trichas,Parulidae,1555,Yes,Open,Lower
2012-09-25,12.0,MP,Seiurus,aurocapilla,Parulidae,4580,Yes,Forest,Lower
2012-09-25,12.0,MP,Geothlypis,trichas,Parulidae,1555,Yes,Open,Lower
2012-09-25,12.0,CHI,Geothlypis,trichas,Parulidae,1555,Yes,Open,Lower
2012-09-25,12.0,CHI,Oreothlypis,peregrina,Parulidae,2515,Yes,Edge,Upper
2012-09-25,12.0,CHI,Oreothlypis,peregrina,Parulidae,2515,Yes,Edge,Upper
2012-09-25,12.0,CHI,Seiurus,aurocapilla,Parulidae,4580,Yes,Forest,Lower
2012-09-25,12.0,MP,Seiurus,aurocapilla,Parulidae,4580,Yes,Forest,Lower
2012-09-25,12.0,MP,Geothlypis,trichas,Parulidae,1555,Yes,Open,Lower
2012-09-25,12.0,CHI,Seiurus,aurocapilla,Parulidae,4580,Yes,Forest,Lower
2012-09-25,12.0,CHI,Cardellina,pusilla,Parulidae,185,Yes,Edge,Lower
2012-09-25,12.0,CHI,Seiurus,aurocapilla,Parulidae,4580,Yes,Forest,Lower
2012-09-25,12.0,CHI,Zonotrichia,albicollis,Passerellidae,10133,Yes,Forest,Lower
2012-09-25,12.0,CHI,Oreothlypis,peregrina,Parulidae,2515,Yes,Edge,Upper
2012-09-25,12.0,CHI,Zonotrichia,albicollis,Passerellidae,10133,Yes,Forest,Lower
2012-09-25,12.0,CHI,Sitta,canadensis,Sittidae,260,Yes,Forest,Upper
2012-09-25,12.0,CHI,Sitta,canadensis,Sittidae,260,Yes,Forest,Upper
2012-09-26,6.0,CHI,Oreothlypis,peregrina,Parulidae,2515,Yes,Edge,Upper
2012-09-26,6.0,CHI,Zonotrichia,albicollis,Passerellidae,10133,Yes,Forest,Lower
2012-09-26,6.0,CHI,Zonotrichia,albicollis,Passerellidae,10133,Yes,Forest,Lower
2012-09-26,6.0,CHI,Mniotilta,varia,Parulidae,620,Yes,Forest,Upper
2012-09-26,6.0,CHI,Zonotrichia,albicollis,Passerellidae,10133,Yes,Forest,Lower
2012-09-26,6.0,CHI,troglodytes,hiemalis,Troglodytidae,474,No,Forest,Lower
2012-09-26,6.0,CHI,Zonotrichia,albicollis,Passerellidae,10133,Yes,Forest,Lower
2012-09-26,6.0,CHI,Zonotrichia,albicollis,Passerellidae,10133,Yes,Forest,Lower
2012-09-26,6.0,CHI,Setophaga,castanea,Parulidae,287,Yes,Forest,Upper
2012-09-26,6.0,CHI,Setophaga,castanea,Parulidae,287,Yes,Forest,Upper
2012-09-26,6.0,CHI,Zonotrichia,albicollis,Passerellidae,10133,Yes,Forest,Lower
2012-09-26,6.0,CHI,Seiurus,aurocapilla,Parulidae,4580,Yes,Forest,Lower
2012-09-26,6.0,CHI,Zonotrichia,albicollis,Passerellidae,10133,Yes,Forest,Lower
2012-09-26,6.0,CHI,Zonotrichia,albicollis,Passerellidae,10133,Yes,Forest,Lower
2012-09-26,6.0,CHI,Setophaga,magnolia,Parulidae,1224,yes,forest,Upper
2012-09-26,6.0,CHI,Seiurus,aurocapilla,Parulidae,4580,Yes,Forest,Lower
2012-09-26,6.0,CHI,Zonotrichia,albicollis,Passerellidae,10133,Yes,Forest,Lower
2012-09-26,6.0,CHI,Setophaga,magnolia,Parulidae,1224,yes,forest,Upper
2012-09-26,6.0,MP,Setophaga,magnolia,Parulidae,1224,yes,forest,Upper
2012-09-26,6.0,CHI,Zonotrichia,albicollis,Passerellidae,10133,Yes,Forest,Lower
2012-09-26,6.0,CHI,Setophaga,virens,Parulidae,223,Yes,Forest,Upper
2012-09-26,6.0,CHI,Zonotrichia,albicollis,Passerellidae,10133,Yes,Forest,Lower
2012-09-26,6.0,CHI,Melospiza,lincolnii,Passerellidae,2029,yes,edge,Lower
2012-09-26,6.0,CHI,Zonotrichia,albicollis,Passerellidae,10133,Yes,Forest,Lower
2012-09-26,6.0,CHI,Seiurus,aurocapilla,Parulidae,4580,Yes,Forest,Lower
2012-09-26,6.0,CHI,Melospiza,lincolnii,Passerellidae,2029,yes,edge,Lower
2012-09-26,6.0,CHI,Melospiza,lincolnii,Passerellidae,2029,yes,edge,Lower
2012-09-26,6.0,CHI,Seiurus,aurocapilla,Parulidae,4580,Yes,Forest,Lower
2012-09-26,6.0,CHI,Seiurus,aurocapilla,Parulidae,4580,Yes,Forest,Lower
2012-09-26,6.0,CHI,Zonotrichia,albicollis,Passerellidae,10133,Yes,Forest,Lower
2012-09-26,6.0,CHI,Oreothlypis,peregrina,Parulidae,2515,Yes,Edge,Upper
2012-09-26,6.0,CHI,Oreothlypis,peregrina,Parulidae,2515,Yes,Edge,Upper
2012-09-26,6.0,CHI,Seiurus,aurocapilla,Parulidae,4580,Yes,Forest,Lower
2012-09-26,6.0,CHI,Melospiza,melodia,Passerellidae,5124,Yes,Edge,Lower
2012-09-26,6.0,CHI,Melospiza,lincolnii,Passerellidae,2029,yes,edge,Lower
2012-09-26,6.0,CHI,Oreothlypis,ruficapilla,Parulidae,1690,Yes,Forest,Upper
2012-09-26,6.0,CHI,Catharus,minimus,Turdidae,822,Yes,Forest,Lower
2012-09-26,6.0,CHI,Setophaga,coronata,Parulidae,887,yes,forest,Upper
2012-09-26,6.0,CHI,Oreothlypis,ruficapilla,Parulidae,1690,Yes,Forest,Upper
2012-09-26,6.0,CHI,setophaga,ruticilla,Parulidae,868,Yes,Edge,Upper
2012-09-26,6.0,CHI,setophaga,ruticilla,Parulidae,868,Yes,Edge,Upper
2012-09-26,6.0,CHI,Oreothlypis,ruficapilla,Parulidae,1690,Yes,Forest,Upper
2012-09-26,6.0,CHI,Junco,hyemalis,Passerellidae,6303,Yes,Edge,Lower
2012-09-26,6.0,CHI,Junco,hyemalis,Passerellidae,6303,Yes,Edge,Lower
2012-09-26,6.0,CHI,Geothlypis,trichas,Parulidae,1555,Yes,Open,Lower
2012-09-26,6.0,CHI,Setophaga,pinus,Parulidae,49,Yes,Forest,Upper
2012-09-26,6.0,CHI,Setophaga,striata,Parulidae,787,Yes,Forest,Upper
2012-09-26,6.0,CHI,Junco,hyemalis,Passerellidae,6303,Yes,Edge,Lower
2012-09-26,6.0,CHI,Junco,hyemalis,Passerellidae,6303,Yes,Edge,Lower
2012-09-26,6.0,CHI,Setophaga,coronata,Parulidae,887,yes,forest,Upper
2012-09-26,6.0,CHI,Oreothlypis,peregrina,Parulidae,2515,Yes,Edge,Upper
2012-09-26,6.0,CHI,Catharus,minimus,Turdidae,822,Yes,Forest,Lower
2012-09-26,6.0,CHI,Catharus,minimus,Turdidae,822,Yes,Forest,Lower
2012-09-26,6.0,CHI,Catharus,minimus,Turdidae,822,Yes,Forest,Lower
2012-09-26,6.0,CHI,Geothlypis,trichas,Parulidae,1555,Yes,Open,Lower
2012-09-26,6.0,CHI,Setophaga,palmarum,Parulidae,694,Yes,Edge,Lower
2012-09-26,6.0,CHI,Setophaga,palmarum,Parulidae,694,Yes,Edge,Lower
2012-09-26,6.0,CHI,Setophaga,palmarum,Parulidae,694,Yes,Edge,Lower
2012-09-26,6.0,CHI,Setophaga,palmarum,Parulidae,694,Yes,Edge,Lower
2012-09-26,6.0,CHI,Geothlypis,trichas,Parulidae,1555,Yes,Open,Lower
2012-09-26,6.0,MP,Setophaga,striata,Parulidae,787,Yes,Forest,Upper
2012-09-26,6.0,CHI,Setophaga,striata,Parulidae,787,Yes,Forest,Upper
2012-09-26,6.0,CHI,Setophaga,striata,Parulidae,787,Yes,Forest,Upper
2012-09-26,6.0,CHI,Setophaga,coronata,Parulidae,887,yes,forest,Upper
2012-09-26,6.0,CHI,Vireo,olivaceus,Vireonidae,133,No,Forest,Upper
2012-09-26,6.0,MP,troglodytes,hiemalis,Troglodytidae,474,No,Forest,Lower
2012-09-26,6.0,CHI,Seiurus,aurocapilla,Parulidae,4580,Yes,Forest,Lower
2012-09-26,6.0,CHI,Seiurus,aurocapilla,Parulidae,4580,Yes,Forest,Lower
2012-09-26,6.0,MP,catharus,ustulatus,Turdidae,2331,Yes,Forest,Lower
2012-09-26,6.0,CHI,catharus,ustulatus,Turdidae,2331,Yes,Forest,Lower
2012-09-26,6.0,CHI,Seiurus,aurocapilla,Parulidae,4580,Yes,Forest,Lower
2012-09-26,6.0,CHI,Seiurus,aurocapilla,Parulidae,4580,Yes,Forest,Lower
2012-09-26,6.0,CHI,Seiurus,aurocapilla,Parulidae,4580,Yes,Forest,Lower
2012-09-26,6.0,CHI,Seiurus,aurocapilla,Parulidae,4580,Yes,Forest,Lower
2012-09-26,6.0,CHI,catharus,ustulatus,Turdidae,2331,Yes,Forest,Lower
2012-09-26,6.0,CHI,Oreothlypis,peregrina,Parulidae,2515,Yes,Edge,Upper
2012-09-26,6.0,CHI,Catharus,guttatus,Turdidae,3729,Yes,Forest,Lower
2012-09-26,6.0,CHI,Catharus,guttatus,Turdidae,3729,Yes,Forest,Lower
2012-09-26,6.0,CHI,Catharus,guttatus,Turdidae,3729,Yes,Forest,Lower
2012-09-26,6.0,CHI,Catharus,guttatus,Turdidae,3729,Yes,Forest,Lower
2012-09-26,6.0,CHI,Setophaga,magnolia,Parulidae,1224,yes,forest,Upper
2012-09-26,6.0,CHI,catharus,ustulatus,Turdidae,2331,Yes,Forest,Lower
2012-09-26,6.0,CHI,catharus,ustulatus,Turdidae,2331,Yes,Forest,Lower
2012-09-26,6.0,CHI,catharus,ustulatus,Turdidae,2331,Yes,Forest,Lower
2012-09-26,6.0,CHI,catharus,ustulatus,Turdidae,2331,Yes,Forest,Lower
2012-09-26,6.0,CHI,Sitta,canadensis,Sittidae,260,Yes,Forest,Upper
2012-09-26,6.0,CHI,Sitta,canadensis,Sittidae,260,Yes,Forest,Upper
2012-09-26,6.0,CHI,Sitta,canadensis,Sittidae,260,Yes,Forest,Upper
2012-09-26,6.0,CHI,Sitta,canadensis,Sittidae,260,Yes,Forest,Upper
2012-09-26,6.0,CHI,Catharus,minimus,Turdidae,822,Yes,Forest,Lower
2012-09-26,6.0,CHI,Catharus,minimus,Turdidae,822,Yes,Forest,Lower
2012-09-26,6.0,CHI,Melospiza,lincolnii,Passerellidae,2029,yes,edge,Lower
2012-09-26,6.0,CHI,cistothorus,palustris,Troglodytidae,91,No,Open,Lower
2012-09-26,6.0,CHI,troglodytes,hiemalis,Troglodytidae,474,No,Forest,Lower
2012-09-26,6.0,CHI,Oreothlypis,peregrina,Parulidae,2515,Yes,Edge,Upper
2012-09-26,6.0,CHI,Catharus,guttatus,Turdidae,3729,Yes,Forest,Lower
2012-09-26,6.0,CHI,Oreothlypis,peregrina,Parulidae,2515,Yes,Edge,Upper
2012-09-26,6.0,CHI,Regulus,satrapa,Regulidae,1029,Yes,Forest,Upper
2012-09-26,6.0,CHI,Setophaga,magnolia,Parulidae,1224,yes,forest,Upper
2012-09-26,6.0,CHI,Setophaga,magnolia,Parulidae,1224,yes,forest,Upper
2012-09-26,6.0,CHI,Oreothlypis,peregrina,Parulidae,2515,Yes,Edge,Upper
2012-09-26,6.0,CHI,Regulus,satrapa,Regulidae,1029,Yes,Forest,Upper
2012-09-26,6.0,CHI,Regulus,satrapa,Regulidae,1029,Yes,Forest,Upper
2012-09-26,6.0,CHI,Regulus,satrapa,Regulidae,1029,Yes,Forest,Upper
2012-09-26,6.0,CHI,Regulus,satrapa,Regulidae,1029,Yes,Forest,Upper
2012-09-26,6.0,CHI,Regulus,satrapa,Regulidae,1029,Yes,Forest,Upper
2012-09-26,6.0,CHI,Catharus,guttatus,Turdidae,3729,Yes,Forest,Lower
2012-09-26,6.0,CHI,Oreothlypis,peregrina,Parulidae,2515,Yes,Edge,Upper
2012-09-26,6.0,CHI,Setophaga,magnolia,Parulidae,1224,yes,forest,Upper
2012-09-26,6.0,CHI,Seiurus,aurocapilla,Parulidae,4580,Yes,Forest,Lower
2012-09-26,6.0,CHI,Seiurus,aurocapilla,Parulidae,4580,Yes,Forest,Lower
2012-09-26,6.0,CHI,Melospiza,lincolnii,Passerellidae,2029,yes,edge,Lower
2012-09-26,6.0,CHI,Catharus,guttatus,Turdidae,3729,Yes,Forest,Lower
2012-09-26,6.0,CHI,Geothlypis,trichas,Parulidae,1555,Yes,Open,Lower
2012-09-26,6.0,CHI,Geothlypis,trichas,Parulidae,1555,Yes,Open,Lower
2012-09-26,6.0,CHI,Seiurus,aurocapilla,Parulidae,4580,Yes,Forest,Lower
2012-09-26,6.0,CHI,Setophaga,magnolia,Parulidae,1224,yes,forest,Upper
2012-09-26,6.0,CHI,dumetella,carolinensis,Mimidae,599,no,edge,Lower
2012-09-26,6.0,CHI,Seiurus,aurocapilla,Parulidae,4580,Yes,Forest,Lower
2012-09-27,8.0,CHI,Oreothlypis,ruficapilla,Parulidae,1690,Yes,Forest,Upper
2012-09-27,8.0,CHI,Junco,hyemalis,Passerellidae,6303,Yes,Edge,Lower
2012-09-27,8.0,CHI,Seiurus,aurocapilla,Parulidae,4580,Yes,Forest,Lower
2012-09-27,8.0,CHI,Oreothlypis,ruficapilla,Parulidae,1690,Yes,Forest,Upper
2012-09-27,8.0,CHI,Oreothlypis,peregrina,Parulidae,2515,Yes,Edge,Upper
2012-09-27,8.0,CHI,Oreothlypis,ruficapilla,Parulidae,1690,Yes,Forest,Upper
2012-09-27,8.0,MP,Oreothlypis,ruficapilla,Parulidae,1690,Yes,Forest,Upper
2012-09-27,8.0,CHI,Oreothlypis,ruficapilla,Parulidae,1690,Yes,Forest,Upper
2012-09-27,8.0,MP,Oreothlypis,ruficapilla,Parulidae,1690,Yes,Forest,Upper
2012-09-27,8.0,CHI,Oreothlypis,ruficapilla,Parulidae,1690,Yes,Forest,Upper
2012-09-27,8.0,MP,troglodytes,hiemalis,Troglodytidae,474,No,Forest,Lower
2012-09-27,8.0,CHI,Oporornis,agilis,Parulidae,365,Yes,Forest,Lower
2012-09-27,8.0,CHI,Melospiza,lincolnii,Passerellidae,2029,yes,edge,Lower
2012-09-27,8.0,CHI,Seiurus,aurocapilla,Parulidae,4580,Yes,Forest,Lower
2012-09-27,8.0,MP,Oreothlypis,ruficapilla,Parulidae,1690,Yes,Forest,Upper
2012-09-27,8.0,CHI,Melospiza,lincolnii,Passerellidae,2029,yes,edge,Lower
2012-09-27,8.0,MP,Melospiza,lincolnii,Passerellidae,2029,yes,edge,Lower
2012-09-27,8.0,CHI,Oreothlypis,ruficapilla,Parulidae,1690,Yes,Forest,Upper
2012-09-27,8.0,CHI,Oreothlypis,ruficapilla,Parulidae,1690,Yes,Forest,Upper
2012-09-27,8.0,MP,Zonotrichia,albicollis,Passerellidae,10133,Yes,Forest,Lower
2012-09-27,8.0,CHI,Junco,hyemalis,Passerellidae,6303,Yes,Edge,Lower
2012-09-27,8.0,CHI,Zonotrichia,albicollis,Passerellidae,10133,Yes,Forest,Lower
2012-09-27,8.0,CHI,Zonotrichia,albicollis,Passerellidae,10133,Yes,Forest,Lower
2012-09-27,8.0,CHI,Catharus,minimus,Turdidae,822,Yes,Forest,Lower
2012-09-27,8.0,CHI,Parkesia,noveboracensis,Parulidae,916,Yes,Forest,Lower
2012-09-27,8.0,CHI,Zonotrichia,albicollis,Passerellidae,10133,Yes,Forest,Lower
2012-09-27,8.0,CHI,Zonotrichia,albicollis,Passerellidae,10133,Yes,Forest,Lower
2012-09-27,8.0,CHI,Zonotrichia,albicollis,Passerellidae,10133,Yes,Forest,Lower
2012-09-27,8.0,MP,Setophaga,striata,Parulidae,787,Yes,Forest,Upper
2012-09-27,8.0,CHI,Mniotilta,varia,Parulidae,620,Yes,Forest,Upper
2012-09-27,8.0,CHI,Regulus,satrapa,Regulidae,1029,Yes,Forest,Upper
2012-09-27,8.0,CHI,Zonotrichia,albicollis,Passerellidae,10133,Yes,Forest,Lower
2012-09-27,8.0,CHI,Zonotrichia,albicollis,Passerellidae,10133,Yes,Forest,Lower
2012-09-27,8.0,CHI,Zonotrichia,albicollis,Passerellidae,10133,Yes,Forest,Lower
2012-09-27,8.0,MP,Zonotrichia,albicollis,Passerellidae,10133,Yes,Forest,Lower
2012-09-27,8.0,CHI,Zonotrichia,albicollis,Passerellidae,10133,Yes,Forest,Lower
2012-09-27,8.0,MP,Zonotrichia,albicollis,Passerellidae,10133,Yes,Forest,Lower
2012-09-27,8.0,CHI,Zonotrichia,albicollis,Passerellidae,10133,Yes,Forest,Lower
2012-09-27,8.0,CHI,Zonotrichia,albicollis,Passerellidae,10133,Yes,Forest,Lower
2012-09-27,8.0,CHI,Zonotrichia,albicollis,Passerellidae,10133,Yes,Forest,Lower
2012-09-27,8.0,MP,Zonotrichia,albicollis,Passerellidae,10133,Yes,Forest,Lower
2012-09-27,8.0,CHI,Zonotrichia,albicollis,Passerellidae,10133,Yes,Forest,Lower
2012-09-27,8.0,CHI,Zonotrichia,albicollis,Passerellidae,10133,Yes,Forest,Lower
2012-09-27,8.0,CHI,Zonotrichia,albicollis,Passerellidae,10133,Yes,Forest,Lower
2012-09-27,8.0,CHI,Zonotrichia,albicollis,Passerellidae,10133,Yes,Forest,Lower
2012-09-27,8.0,CHI,Zonotrichia,albicollis,Passerellidae,10133,Yes,Forest,Lower
2012-09-27,8.0,MP,Melospiza,melodia,Passerellidae,5124,Yes,Edge,Lower
2012-09-27,8.0,MP,Parkesia,noveboracensis,Parulidae,916,Yes,Forest,Lower
2012-09-27,8.0,CHI,Geothlypis,trichas,Parulidae,1555,Yes,Open,Lower
2012-09-27,8.0,CHI,Sitta,canadensis,Sittidae,260,Yes,Forest,Upper
2012-09-27,8.0,MP,Geothlypis,trichas,Parulidae,1555,Yes,Open,Lower
2012-09-27,8.0,CHI,Sitta,canadensis,Sittidae,260,Yes,Forest,Upper
2012-09-27,8.0,CHI,Sitta,canadensis,Sittidae,260,Yes,Forest,Upper
2012-09-27,8.0,CHI,Oreothlypis,celata,Parulidae,227,Yes,Edge,Lower
2012-09-27,8.0,CHI,Sitta,canadensis,Sittidae,260,Yes,Forest,Upper
2012-09-27,8.0,CHI,Zonotrichia,albicollis,Passerellidae,10133,Yes,Forest,Lower
2012-09-27,8.0,CHI,Setophaga,castanea,Parulidae,287,Yes,Forest,Upper
2012-09-27,8.0,MP,Sitta,canadensis,Sittidae,260,Yes,Forest,Upper
2012-09-27,8.0,MP,Setophaga,magnolia,Parulidae,1224,yes,forest,Upper
2012-09-27,8.0,CHI,Zonotrichia,albicollis,Passerellidae,10133,Yes,Forest,Lower
2012-09-27,8.0,CHI,Sitta,canadensis,Sittidae,260,Yes,Forest,Upper
2012-09-27,8.0,CHI,setophaga,ruticilla,Parulidae,868,Yes,Edge,Upper
2012-09-27,8.0,CHI,Geothlypis,trichas,Parulidae,1555,Yes,Open,Lower
2012-09-27,8.0,MP,Geothlypis,trichas,Parulidae,1555,Yes,Open,Lower
2012-09-27,8.0,MP,Geothlypis,trichas,Parulidae,1555,Yes,Open,Lower
2012-09-27,8.0,CHI,Troglodytes,aedon,Troglodytidae,104,No,Edge,Lower
2012-09-27,8.0,CHI,Setophaga,palmarum,Parulidae,694,Yes,Edge,Lower
2012-09-27,8.0,CHI,Catharus,minimus,Turdidae,822,Yes,Forest,Lower
2012-09-28,11.0,CHI,Zonotrichia,albicollis,Passerellidae,10133,Yes,Forest,Lower
2012-09-28,11.0,CHI,Regulus,calendula,Regulidae,416,No,Forest,Upper
2012-09-28,11.0,CHI,Oreothlypis,celata,Parulidae,227,Yes,Edge,Lower
2012-09-28,11.0,MP,Oreothlypis,celata,Parulidae,227,Yes,Edge,Lower
2012-09-28,11.0,CHI,geothlypis,philadelphia,Parulidae,430,Yes,Edge,Lower
2012-09-28,11.0,CHI,Junco,hyemalis,Passerellidae,6303,Yes,Edge,Lower
2012-09-28,11.0,CHI,catharus,ustulatus,Turdidae,2331,Yes,Forest,Lower
2012-09-28,11.0,CHI,Cistothorus,platensis,Troglodytidae,60,no,open,Lower
2012-09-28,11.0,MP,Zonotrichia,albicollis,Passerellidae,10133,Yes,Forest,Lower
2012-09-28,11.0,CHI,Seiurus,aurocapilla,Parulidae,4580,Yes,Forest,Lower
2012-09-28,11.0,CHI,Seiurus,aurocapilla,Parulidae,4580,Yes,Forest,Lower
2012-09-28,11.0,CHI,Melospiza,lincolnii,Passerellidae,2029,yes,edge,Lower
2012-09-28,11.0,MP,Melospiza,lincolnii,Passerellidae,2029,yes,edge,Lower
2012-09-28,11.0,MP,Melospiza,lincolnii,Passerellidae,2029,yes,edge,Lower
2012-09-28,11.0,CHI,Melospiza,lincolnii,Passerellidae,2029,yes,edge,Lower
2012-09-28,11.0,CHI,Setophaga,coronata,Parulidae,887,yes,forest,Upper
2012-09-28,11.0,CHI,Setophaga,coronata,Parulidae,887,yes,forest,Upper
2012-09-28,11.0,CHI,Setophaga,magnolia,Parulidae,1224,yes,forest,Upper
2012-09-28,11.0,MP,Zonotrichia,albicollis,Passerellidae,10133,Yes,Forest,Lower
2012-09-28,11.0,CHI,Passerella,iliaca,Passerellidae,2443,Yes,Edge,Lower
2012-09-28,11.0,CHI,Oreothlypis,ruficapilla,Parulidae,1690,Yes,Forest,Upper
2012-09-28,11.0,CHI,Seiurus,aurocapilla,Parulidae,4580,Yes,Forest,Lower
2012-09-28,11.0,CHI,Seiurus,aurocapilla,Parulidae,4580,Yes,Forest,Lower
2012-09-28,11.0,CHI,Setophaga,castanea,Parulidae,287,Yes,Forest,Upper
2012-09-28,11.0,CHI,Zonotrichia,albicollis,Passerellidae,10133,Yes,Forest,Lower
2012-09-28,11.0,CHI,Zonotrichia,albicollis,Passerellidae,10133,Yes,Forest,Lower
2012-09-28,11.0,CHI,Zonotrichia,albicollis,Passerellidae,10133,Yes,Forest,Lower
2012-09-28,11.0,CHI,Oreothlypis,ruficapilla,Parulidae,1690,Yes,Forest,Upper
2012-09-28,11.0,CHI,dumetella,carolinensis,Mimidae,599,no,edge,Lower
2012-09-29,12.0,MP,Setophaga,coronata,Parulidae,887,yes,forest,Upper
2012-09-29,12.0,CHI,Setophaga,coronata,Parulidae,887,yes,forest,Upper
2012-09-29,12.0,MP,Melospiza,lincolnii,Passerellidae,2029,yes,edge,Lower
2012-09-29,12.0,CHI,Setophaga,caerulescens,Parulidae,183,Yes,Forest,Upper
2012-09-29,12.0,CHI,Setophaga,magnolia,Parulidae,1224,yes,forest,Upper
2012-09-29,12.0,CHI,Setophaga,palmarum,Parulidae,694,Yes,Edge,Lower
2012-09-29,12.0,CHI,Setophaga,palmarum,Parulidae,694,Yes,Edge,Lower
2012-09-29,12.0,CHI,Setophaga,palmarum,Parulidae,694,Yes,Edge,Lower
2012-09-29,12.0,CHI,catharus,ustulatus,Turdidae,2331,Yes,Forest,Lower
2012-09-29,12.0,CHI,catharus,ustulatus,Turdidae,2331,Yes,Forest,Lower
2012-09-29,12.0,CHI,Sitta,canadensis,Sittidae,260,Yes,Forest,Upper
2012-09-29,12.0,CHI,Sitta,canadensis,Sittidae,260,Yes,Forest,Upper
2012-09-29,12.0,CHI,Junco,hyemalis,Passerellidae,6303,Yes,Edge,Lower
2012-09-29,12.0,MP,Catharus,minimus,Turdidae,822,Yes,Forest,Lower
2012-09-29,12.0,CHI,Passerella,iliaca,Passerellidae,2443,Yes,Edge,Lower
2012-09-29,12.0,CHI,Sitta,canadensis,Sittidae,260,Yes,Forest,Upper
2012-09-29,12.0,CHI,dumetella,carolinensis,Mimidae,599,no,edge,Lower
2012-09-29,12.0,CHI,Oreothlypis,peregrina,Parulidae,2515,Yes,Edge,Upper
2012-09-29,12.0,CHI,Sitta,canadensis,Sittidae,260,Yes,Forest,Upper
2012-09-29,12.0,CHI,Oreothlypis,peregrina,Parulidae,2515,Yes,Edge,Upper
2012-09-29,12.0,CHI,Oreothlypis,peregrina,Parulidae,2515,Yes,Edge,Upper
2012-09-29,12.0,CHI,setophaga,ruticilla,Parulidae,868,Yes,Edge,Upper
2012-09-29,12.0,CHI,Catharus,guttatus,Turdidae,3729,Yes,Forest,Lower
2012-09-29,12.0,CHI,Catharus,guttatus,Turdidae,3729,Yes,Forest,Lower
2012-09-29,12.0,CHI,Setophaga,palmarum,Parulidae,694,Yes,Edge,Lower
2012-09-29,12.0,CHI,Oreothlypis,ruficapilla,Parulidae,1690,Yes,Forest,Upper
2012-09-29,12.0,CHI,Setophaga,magnolia,Parulidae,1224,yes,forest,Upper
2012-09-29,12.0,CHI,Setophaga,magnolia,Parulidae,1224,yes,forest,Upper
2012-09-29,12.0,CHI,Oreothlypis,ruficapilla,Parulidae,1690,Yes,Forest,Upper
2012-09-29,12.0,CHI,Oreothlypis,ruficapilla,Parulidae,1690,Yes,Forest,Upper
2012-09-29,12.0,CHI,Setophaga,magnolia,Parulidae,1224,yes,forest,Upper
2012-09-29,12.0,CHI,Oreothlypis,ruficapilla,Parulidae,1690,Yes,Forest,Upper
2012-09-29,12.0,CHI,Oreothlypis,ruficapilla,Parulidae,1690,Yes,Forest,Upper
2012-09-29,12.0,CHI,Setophaga,magnolia,Parulidae,1224,yes,forest,Upper
2012-09-29,12.0,CHI,Zonotrichia,albicollis,Passerellidae,10133,Yes,Forest,Lower
2012-09-29,12.0,CHI,Setophaga,magnolia,Parulidae,1224,yes,forest,Upper
2012-09-29,12.0,CHI,Zonotrichia,albicollis,Passerellidae,10133,Yes,Forest,Lower
2012-09-29,12.0,MP,Zonotrichia,albicollis,Passerellidae,10133,Yes,Forest,Lower
2012-09-29,12.0,CHI,Setophaga,pinus,Parulidae,49,Yes,Forest,Upper
2012-09-29,12.0,CHI,Setophaga,caerulescens,Parulidae,183,Yes,Forest,Upper
2012-09-29,12.0,CHI,Zonotrichia,albicollis,Passerellidae,10133,Yes,Forest,Lower
2012-09-29,12.0,CHI,Zonotrichia,albicollis,Passerellidae,10133,Yes,Forest,Lower
2012-09-30,12.0,CHI,Catharus,guttatus,Turdidae,3729,Yes,Forest,Lower
2012-09-30,12.0,CHI,Sitta,canadensis,Sittidae,260,Yes,Forest,Upper
2012-09-30,12.0,CHI,Catharus,guttatus,Turdidae,3729,Yes,Forest,Lower
2012-09-30,12.0,CHI,Catharus,guttatus,Turdidae,3729,Yes,Forest,Lower
2012-09-30,12.0,CHI,Sitta,canadensis,Sittidae,260,Yes,Forest,Upper
2012-09-30,12.0,CHI,Sitta,canadensis,Sittidae,260,Yes,Forest,Upper
2012-09-30,12.0,CHI,Catharus,guttatus,Turdidae,3729,Yes,Forest,Lower
2012-09-30,12.0,CHI,Mniotilta,varia,Parulidae,620,Yes,Forest,Upper
2012-09-30,12.0,CHI,Catharus,guttatus,Turdidae,3729,Yes,Forest,Lower
2012-09-30,12.0,CHI,Catharus,guttatus,Turdidae,3729,Yes,Forest,Lower
2012-09-30,12.0,CHI,Setophaga,palmarum,Parulidae,694,Yes,Edge,Lower
2012-09-30,12.0,CHI,Sitta,canadensis,Sittidae,260,Yes,Forest,Upper
2012-09-30,12.0,CHI,Melospiza,lincolnii,Passerellidae,2029,yes,edge,Lower
2012-09-30,12.0,CHI,Melospiza,lincolnii,Passerellidae,2029,yes,edge,Lower
2012-09-30,12.0,CHI,Catharus,guttatus,Turdidae,3729,Yes,Forest,Lower
2012-09-30,12.0,CHI,catharus,ustulatus,Turdidae,2331,Yes,Forest,Lower
2012-09-30,12.0,CHI,Junco,hyemalis,Passerellidae,6303,Yes,Edge,Lower
2012-09-30,12.0,CHI,Junco,hyemalis,Passerellidae,6303,Yes,Edge,Lower
2012-09-30,12.0,CHI,Setophaga,magnolia,Parulidae,1224,yes,forest,Upper
2012-09-30,12.0,CHI,Setophaga,magnolia,Parulidae,1224,yes,forest,Upper
2012-09-30,12.0,CHI,Setophaga,magnolia,Parulidae,1224,yes,forest,Upper
2012-09-30,12.0,CHI,Setophaga,magnolia,Parulidae,1224,yes,forest,Upper
2012-09-30,12.0,CHI,Regulus,satrapa,Regulidae,1029,Yes,Forest,Upper
2012-09-30,12.0,CHI,Regulus,satrapa,Regulidae,1029,Yes,Forest,Upper
2012-09-30,12.0,CHI,Regulus,satrapa,Regulidae,1029,Yes,Forest,Upper
2012-09-30,12.0,CHI,Regulus,satrapa,Regulidae,1029,Yes,Forest,Upper
2012-09-30,12.0,CHI,Regulus,satrapa,Regulidae,1029,Yes,Forest,Upper
2012-09-30,12.0,CHI,Regulus,calendula,Regulidae,416,No,Forest,Upper
2012-09-30,12.0,CHI,Passerella,iliaca,Passerellidae,2443,Yes,Edge,Lower
2012-09-30,12.0,CHI,Regulus,satrapa,Regulidae,1029,Yes,Forest,Upper
2012-09-30,12.0,CHI,Regulus,satrapa,Regulidae,1029,Yes,Forest,Upper
2012-09-30,12.0,CHI,Junco,hyemalis,Passerellidae,6303,Yes,Edge,Lower
2012-09-30,12.0,CHI,Regulus,satrapa,Regulidae,1029,Yes,Forest,Upper
2012-09-30,12.0,MP,troglodytes,hiemalis,Troglodytidae,474,No,Forest,Lower
2012-09-30,12.0,CHI,Setophaga,coronata,Parulidae,887,yes,forest,Upper
2012-09-30,12.0,CHI,Setophaga,coronata,Parulidae,887,yes,forest,Upper
2012-09-30,12.0,CHI,Junco,hyemalis,Passerellidae,6303,Yes,Edge,Lower
2012-09-30,12.0,CHI,Junco,hyemalis,Passerellidae,6303,Yes,Edge,Lower
2012-09-30,12.0,CHI,Junco,hyemalis,Passerellidae,6303,Yes,Edge,Lower
2012-09-30,12.0,CHI,Junco,hyemalis,Passerellidae,6303,Yes,Edge,Lower
2012-09-30,12.0,CHI,Junco,hyemalis,Passerellidae,6303,Yes,Edge,Lower
2012-09-30,12.0,CHI,Oporornis,agilis,Parulidae,365,Yes,Forest,Lower
2012-09-30,12.0,CHI,Setophaga,coronata,Parulidae,887,yes,forest,Upper
2012-09-30,12.0,CHI,Junco,hyemalis,Passerellidae,6303,Yes,Edge,Lower
2012-09-30,12.0,CHI,Junco,hyemalis,Passerellidae,6303,Yes,Edge,Lower
2012-09-30,12.0,CHI,Junco,hyemalis,Passerellidae,6303,Yes,Edge,Lower
2012-09-30,12.0,CHI,troglodytes,hiemalis,Troglodytidae,474,No,Forest,Lower
2012-09-30,12.0,CHI,Geothlypis,trichas,Parulidae,1555,Yes,Open,Lower
2012-09-30,12.0,CHI,Regulus,satrapa,Regulidae,1029,Yes,Forest,Upper
2012-09-30,12.0,CHI,Zonotrichia,albicollis,Passerellidae,10133,Yes,Forest,Lower
2012-09-30,12.0,CHI,Setophaga,striata,Parulidae,787,Yes,Forest,Upper
2012-09-30,12.0,CHI,Zonotrichia,albicollis,Passerellidae,10133,Yes,Forest,Lower
2012-09-30,12.0,CHI,Zonotrichia,albicollis,Passerellidae,10133,Yes,Forest,Lower
2012-09-30,12.0,CHI,Zonotrichia,albicollis,Passerellidae,10133,Yes,Forest,Lower
2012-09-30,12.0,CHI,Zonotrichia,albicollis,Passerellidae,10133,Yes,Forest,Lower
2012-09-30,12.0,CHI,Zonotrichia,albicollis,Passerellidae,10133,Yes,Forest,Lower
2012-09-30,12.0,CHI,Zonotrichia,albicollis,Passerellidae,10133,Yes,Forest,Lower
2012-09-30,12.0,CHI,Zonotrichia,albicollis,Passerellidae,10133,Yes,Forest,Lower
2012-09-30,12.0,CHI,Zonotrichia,albicollis,Passerellidae,10133,Yes,Forest,Lower
2012-09-30,12.0,CHI,Setophaga,tigrina,Parulidae,182,Yes,Forest,Upper
2012-09-30,12.0,CHI,Zonotrichia,leucophrys,Passerellidae,1090,Yes,Edge,Lower
2012-09-30,12.0,CHI,Zonotrichia,leucophrys,Passerellidae,1090,Yes,Edge,Lower
2012-09-30,12.0,CHI,Zonotrichia,leucophrys,Passerellidae,1090,Yes,Edge,Lower
2012-09-30,12.0,CHI,Melospiza,melodia,Passerellidae,5124,Yes,Edge,Lower
2012-09-30,12.0,CHI,Zonotrichia,albicollis,Passerellidae,10133,Yes,Forest,Lower
2012-09-30,12.0,CHI,Zonotrichia,albicollis,Passerellidae,10133,Yes,Forest,Lower
2012-09-30,12.0,CHI,Zonotrichia,albicollis,Passerellidae,10133,Yes,Forest,Lower
2012-09-30,12.0,CHI,Zonotrichia,albicollis,Passerellidae,10133,Yes,Forest,Lower
2012-09-30,12.0,CHI,Oreothlypis,ruficapilla,Parulidae,1690,Yes,Forest,Upper
2012-09-30,12.0,CHI,Oreothlypis,ruficapilla,Parulidae,1690,Yes,Forest,Upper
2012-09-30,12.0,CHI,Oreothlypis,ruficapilla,Parulidae,1690,Yes,Forest,Upper
2012-09-30,12.0,CHI,Oreothlypis,ruficapilla,Parulidae,1690,Yes,Forest,Upper
2012-09-30,12.0,CHI,Zonotrichia,albicollis,Passerellidae,10133,Yes,Forest,Lower
2012-09-30,12.0,CHI,dumetella,carolinensis,Mimidae,599,no,edge,Lower
2012-09-30,12.0,CHI,Zonotrichia,albicollis,Passerellidae,10133,Yes,Forest,Lower
2012-09-30,12.0,CHI,Setophaga,striata,Parulidae,787,Yes,Forest,Upper
2012-09-30,12.0,CHI,Zonotrichia,albicollis,Passerellidae,10133,Yes,Forest,Lower
2012-09-30,12.0,CHI,Zonotrichia,albicollis,Passerellidae,10133,Yes,Forest,Lower
2012-09-30,12.0,CHI,Zonotrichia,albicollis,Passerellidae,10133,Yes,Forest,Lower
2012-09-30,12.0,CHI,Zonotrichia,albicollis,Passerellidae,10133,Yes,Forest,Lower
2012-09-30,12.0,CHI,Zonotrichia,albicollis,Passerellidae,10133,Yes,Forest,Lower
2012-09-30,12.0,CHI,Zonotrichia,albicollis,Passerellidae,10133,Yes,Forest,Lower
2012-09-30,12.0,CHI,Zonotrichia,albicollis,Passerellidae,10133,Yes,Forest,Lower
2012-10-01,12.0,CHI,Regulus,satrapa,Regulidae,1029,Yes,Forest,Upper
2012-10-01,12.0,CHI,Geothlypis,trichas,Parulidae,1555,Yes,Open,Lower
2012-10-01,12.0,CHI,Catharus,minimus,Turdidae,822,Yes,Forest,Lower
2012-10-01,12.0,CHI,Zonotrichia,leucophrys,Passerellidae,1090,Yes,Edge,Lower
2012-10-01,12.0,CHI,Setophaga,magnolia,Parulidae,1224,yes,forest,Upper
2012-10-01,12.0,CHI,Setophaga,coronata,Parulidae,887,yes,forest,Upper
2012-10-01,12.0,CHI,Oreothlypis,ruficapilla,Parulidae,1690,Yes,Forest,Upper
2012-10-01,12.0,CHI,Zonotrichia,leucophrys,Passerellidae,1090,Yes,Edge,Lower
2012-10-01,12.0,CHI,Junco,hyemalis,Passerellidae,6303,Yes,Edge,Lower
2012-10-01,12.0,CHI,Junco,hyemalis,Passerellidae,6303,Yes,Edge,Lower
2012-10-01,12.0,CHI,Junco,hyemalis,Passerellidae,6303,Yes,Edge,Lower
2012-10-01,12.0,CHI,Zonotrichia,albicollis,Passerellidae,10133,Yes,Forest,Lower
2012-10-02,12.0,CHI,Regulus,satrapa,Regulidae,1029,Yes,Forest,Upper
2012-10-02,12.0,CHI,Zonotrichia,albicollis,Passerellidae,10133,Yes,Forest,Lower
2012-10-02,12.0,CHI,Zonotrichia,albicollis,Passerellidae,10133,Yes,Forest,Lower
2012-10-02,12.0,CHI,Zonotrichia,albicollis,Passerellidae,10133,Yes,Forest,Lower
2012-10-02,12.0,CHI,Sitta,canadensis,Sittidae,260,Yes,Forest,Upper
2012-10-02,12.0,CHI,Setophaga,coronata,Parulidae,887,yes,forest,Upper
2012-10-02,12.0,CHI,Passerella,iliaca,Passerellidae,2443,Yes,Edge,Lower
2012-10-02,12.0,CHI,Geothlypis,trichas,Parulidae,1555,Yes,Open,Lower
2012-10-02,12.0,CHI,Geothlypis,trichas,Parulidae,1555,Yes,Open,Lower
2012-10-02,12.0,CHI,troglodytes,hiemalis,Troglodytidae,474,No,Forest,Lower
2012-10-02,12.0,CHI,troglodytes,hiemalis,Troglodytidae,474,No,Forest,Lower
2012-10-02,12.0,CHI,Regulus,satrapa,Regulidae,1029,Yes,Forest,Upper
2012-10-02,12.0,CHI,troglodytes,hiemalis,Troglodytidae,474,No,Forest,Lower
2012-10-02,12.0,CHI,Catharus,minimus,Turdidae,822,Yes,Forest,Lower
2012-10-02,12.0,CHI,Setophaga,striata,Parulidae,787,Yes,Forest,Upper
2012-10-02,12.0,CHI,Setophaga,castanea,Parulidae,287,Yes,Forest,Upper
2012-10-02,12.0,CHI,Oreothlypis,peregrina,Parulidae,2515,Yes,Edge,Upper
2012-10-02,12.0,CHI,Setophaga,palmarum,Parulidae,694,Yes,Edge,Lower
2012-10-02,12.0,CHI,Zonotrichia,albicollis,Passerellidae,10133,Yes,Forest,Lower
2012-10-02,12.0,CHI,Oreothlypis,peregrina,Parulidae,2515,Yes,Edge,Upper
2012-10-02,12.0,CHI,Zonotrichia,albicollis,Passerellidae,10133,Yes,Forest,Lower
2012-10-02,12.0,CHI,Zonotrichia,albicollis,Passerellidae,10133,Yes,Forest,Lower
2012-10-02,12.0,CHI,Catharus,guttatus,Turdidae,3729,Yes,Forest,Lower
2012-10-02,12.0,CHI,Catharus,guttatus,Turdidae,3729,Yes,Forest,Lower
2012-10-02,12.0,CHI,Junco,hyemalis,Passerellidae,6303,Yes,Edge,Lower
2012-10-02,12.0,CHI,Catharus,guttatus,Turdidae,3729,Yes,Forest,Lower
2012-10-02,12.0,CHI,Junco,hyemalis,Passerellidae,6303,Yes,Edge,Lower
2012-10-02,12.0,CHI,Catharus,guttatus,Turdidae,3729,Yes,Forest,Lower
2012-10-02,12.0,CHI,Junco,hyemalis,Passerellidae,6303,Yes,Edge,Lower
2012-10-02,12.0,CHI,Junco,hyemalis,Passerellidae,6303,Yes,Edge,Lower
2012-10-02,12.0,CHI,Catharus,guttatus,Turdidae,3729,Yes,Forest,Lower
2012-10-02,12.0,CHI,Setophaga,magnolia,Parulidae,1224,yes,forest,Upper
2012-10-02,12.0,CHI,Zonotrichia,albicollis,Passerellidae,10133,Yes,Forest,Lower
2012-10-02,12.0,CHI,Junco,hyemalis,Passerellidae,6303,Yes,Edge,Lower
2012-10-02,12.0,CHI,Junco,hyemalis,Passerellidae,6303,Yes,Edge,Lower
2012-10-02,12.0,CHI,Junco,hyemalis,Passerellidae,6303,Yes,Edge,Lower
2012-10-02,12.0,CHI,Junco,hyemalis,Passerellidae,6303,Yes,Edge,Lower
2012-10-02,12.0,CHI,Zonotrichia,albicollis,Passerellidae,10133,Yes,Forest,Lower
2012-10-02,12.0,CHI,Zonotrichia,albicollis,Passerellidae,10133,Yes,Forest,Lower
2012-10-02,12.0,CHI,Zonotrichia,albicollis,Passerellidae,10133,Yes,Forest,Lower
2012-10-02,12.0,CHI,Zonotrichia,albicollis,Passerellidae,10133,Yes,Forest,Lower
2012-10-02,12.0,CHI,Zonotrichia,albicollis,Passerellidae,10133,Yes,Forest,Lower
2012-10-02,12.0,CHI,Junco,hyemalis,Passerellidae,6303,Yes,Edge,Lower
2012-10-02,12.0,CHI,Oreothlypis,peregrina,Parulidae,2515,Yes,Edge,Upper
2012-10-03,17.0,CHI,Zonotrichia,albicollis,Passerellidae,10133,Yes,Forest,Lower
2012-10-03,17.0,CHI,Melospiza,lincolnii,Passerellidae,2029,yes,edge,Lower
2012-10-03,17.0,CHI,Melospiza,lincolnii,Passerellidae,2029,yes,edge,Lower
2012-10-03,17.0,CHI,Zonotrichia,albicollis,Passerellidae,10133,Yes,Forest,Lower
2012-10-03,17.0,CHI,Zonotrichia,albicollis,Passerellidae,10133,Yes,Forest,Lower
2012-10-03,17.0,CHI,Zonotrichia,albicollis,Passerellidae,10133,Yes,Forest,Lower
2012-10-03,17.0,CHI,Zonotrichia,albicollis,Passerellidae,10133,Yes,Forest,Lower
2012-10-03,17.0,CHI,Seiurus,aurocapilla,Parulidae,4580,Yes,Forest,Lower
2012-10-03,17.0,CHI,Melospiza,lincolnii,Passerellidae,2029,yes,edge,Lower
2012-10-03,17.0,CHI,Zonotrichia,albicollis,Passerellidae,10133,Yes,Forest,Lower
2012-10-03,17.0,CHI,Zonotrichia,albicollis,Passerellidae,10133,Yes,Forest,Lower
2012-10-03,17.0,CHI,Zonotrichia,albicollis,Passerellidae,10133,Yes,Forest,Lower
2012-10-03,17.0,CHI,Zonotrichia,albicollis,Passerellidae,10133,Yes,Forest,Lower
2012-10-03,17.0,CHI,troglodytes,hiemalis,Troglodytidae,474,No,Forest,Lower
2012-10-03,17.0,CHI,Regulus,calendula,Regulidae,416,No,Forest,Upper
2012-10-03,17.0,CHI,Zonotrichia,albicollis,Passerellidae,10133,Yes,Forest,Lower
2012-10-03,17.0,CHI,Zonotrichia,albicollis,Passerellidae,10133,Yes,Forest,Lower
2012-10-03,17.0,CHI,Passerella,iliaca,Passerellidae,2443,Yes,Edge,Lower
2012-10-03,17.0,CHI,Geothlypis,trichas,Parulidae,1555,Yes,Open,Lower
2012-10-03,17.0,CHI,Setophaga,magnolia,Parulidae,1224,yes,forest,Upper
2012-10-03,17.0,CHI,Zonotrichia,albicollis,Passerellidae,10133,Yes,Forest,Lower
2012-10-03,17.0,CHI,Setophaga,virens,Parulidae,223,Yes,Forest,Upper
2012-10-03,17.0,CHI,Junco,hyemalis,Passerellidae,6303,Yes,Edge,Lower
2012-10-03,17.0,CHI,Melospiza,melodia,Passerellidae,5124,Yes,Edge,Lower
2012-10-03,17.0,CHI,Melospiza,lincolnii,Passerellidae,2029,yes,edge,Lower
2012-10-03,17.0,CHI,Junco,hyemalis,Passerellidae,6303,Yes,Edge,Lower
2012-10-03,17.0,CHI,Zonotrichia,leucophrys,Passerellidae,1090,Yes,Edge,Lower
2012-10-03,17.0,CHI,Oreothlypis,ruficapilla,Parulidae,1690,Yes,Forest,Upper
2012-10-04,14.0,CHI,Zonotrichia,albicollis,Passerellidae,10133,Yes,Forest,Lower
2012-10-04,14.0,CHI,Zonotrichia,albicollis,Passerellidae,10133,Yes,Forest,Lower
2012-10-04,14.0,CHI,Zonotrichia,albicollis,Passerellidae,10133,Yes,Forest,Lower
2012-10-04,14.0,CHI,Zonotrichia,albicollis,Passerellidae,10133,Yes,Forest,Lower
2012-10-04,14.0,CHI,Zonotrichia,albicollis,Passerellidae,10133,Yes,Forest,Lower
2012-10-04,14.0,CHI,Zonotrichia,albicollis,Passerellidae,10133,Yes,Forest,Lower
2012-10-04,14.0,CHI,Zonotrichia,albicollis,Passerellidae,10133,Yes,Forest,Lower
2012-10-04,14.0,CHI,Zonotrichia,albicollis,Passerellidae,10133,Yes,Forest,Lower
2012-10-04,14.0,CHI,Seiurus,aurocapilla,Parulidae,4580,Yes,Forest,Lower
2012-10-04,14.0,CHI,Oporornis,agilis,Parulidae,365,Yes,Forest,Lower
2012-10-04,14.0,CHI,Catharus,guttatus,Turdidae,3729,Yes,Forest,Lower
2012-10-04,14.0,CHI,Setophaga,caerulescens,Parulidae,183,Yes,Forest,Upper
2012-10-04,14.0,CHI,Oreothlypis,peregrina,Parulidae,2515,Yes,Edge,Upper
2012-10-04,14.0,CHI,Setophaga,palmarum,Parulidae,694,Yes,Edge,Lower
2012-10-04,14.0,CHI,Zonotrichia,albicollis,Passerellidae,10133,Yes,Forest,Lower
2012-10-04,14.0,MP,Zonotrichia,leucophrys,Passerellidae,1090,Yes,Edge,Lower
2012-10-04,14.0,CHI,Regulus,satrapa,Regulidae,1029,Yes,Forest,Upper
2012-10-04,14.0,CHI,Oporornis,agilis,Parulidae,365,Yes,Forest,Lower
2012-10-04,14.0,CHI,catharus,ustulatus,Turdidae,2331,Yes,Forest,Lower
2012-10-04,14.0,MP,Seiurus,aurocapilla,Parulidae,4580,Yes,Forest,Lower
2012-10-05,17.0,CHI,Zonotrichia,albicollis,Passerellidae,10133,Yes,Forest,Lower
2012-10-05,17.0,CHI,Oreothlypis,peregrina,Parulidae,2515,Yes,Edge,Upper
2012-10-05,17.0,MP,Passerella,iliaca,Passerellidae,2443,Yes,Edge,Lower
2012-10-05,17.0,CHI,Passerina,cyanea,Cardinalidae,725,yes,edge,Upper
2012-10-05,17.0,MP,Melospiza,lincolnii,Passerellidae,2029,yes,edge,Lower
2012-10-05,17.0,MP,Zonotrichia,albicollis,Passerellidae,10133,Yes,Forest,Lower
2012-10-05,17.0,MP,Zonotrichia,albicollis,Passerellidae,10133,Yes,Forest,Lower
2012-10-05,17.0,MP,Zonotrichia,albicollis,Passerellidae,10133,Yes,Forest,Lower
2012-10-05,17.0,MP,Zonotrichia,albicollis,Passerellidae,10133,Yes,Forest,Lower
2012-10-05,17.0,CHI,Zonotrichia,albicollis,Passerellidae,10133,Yes,Forest,Lower
2012-10-05,17.0,MP,Zonotrichia,albicollis,Passerellidae,10133,Yes,Forest,Lower
2012-10-05,17.0,CHI,Zonotrichia,albicollis,Passerellidae,10133,Yes,Forest,Lower
2012-10-05,17.0,MP,Zonotrichia,albicollis,Passerellidae,10133,Yes,Forest,Lower
2012-10-05,17.0,CHI,dumetella,carolinensis,Mimidae,599,no,edge,Lower
2012-10-05,17.0,MP,Oreothlypis,peregrina,Parulidae,2515,Yes,Edge,Upper
2012-10-05,17.0,CHI,Geothlypis,trichas,Parulidae,1555,Yes,Open,Lower
2012-10-05,17.0,CHI,troglodytes,hiemalis,Troglodytidae,474,No,Forest,Lower
2012-10-05,17.0,CHI,Regulus,satrapa,Regulidae,1029,Yes,Forest,Upper
2012-10-05,17.0,MP,Setophaga,palmarum,Parulidae,694,Yes,Edge,Lower
2012-10-05,17.0,CHI,Setophaga,palmarum,Parulidae,694,Yes,Edge,Lower
2012-10-05,17.0,MP,Zonotrichia,albicollis,Passerellidae,10133,Yes,Forest,Lower
2012-10-05,17.0,CHI,Junco,hyemalis,Passerellidae,6303,Yes,Edge,Lower
2012-10-05,17.0,CHI,Pheucticus,ludovicianus,Cardinalidae,397,Yes,Forest,Upper
2012-10-05,17.0,CHI,Setophaga,pinus,Parulidae,49,Yes,Forest,Upper
2012-10-05,17.0,MP,Catharus,guttatus,Turdidae,3729,Yes,Forest,Lower
2012-10-05,17.0,CHI,Catharus,guttatus,Turdidae,3729,Yes,Forest,Lower
2012-10-05,17.0,MP,Seiurus,aurocapilla,Parulidae,4580,Yes,Forest,Lower
2012-10-05,17.0,MP,cistothorus,palustris,Troglodytidae,91,No,Open,Lower
2012-10-05,17.0,MP,cistothorus,palustris,Troglodytidae,91,No,Open,Lower
2012-10-05,17.0,CHI,Seiurus,aurocapilla,Parulidae,4580,Yes,Forest,Lower
2012-10-05,17.0,MP,Catharus,guttatus,Turdidae,3729,Yes,Forest,Lower
2012-10-05,17.0,MP,Catharus,guttatus,Turdidae,3729,Yes,Forest,Lower
2012-10-05,17.0,MP,Catharus,guttatus,Turdidae,3729,Yes,Forest,Lower
2012-10-05,17.0,MP,Parkesia,noveboracensis,Parulidae,916,Yes,Forest,Lower
2012-10-05,17.0,MP,Catharus,guttatus,Turdidae,3729,Yes,Forest,Lower
2012-10-05,17.0,MP,Contopus,virens,Tyrannidae,70,No,Forest,Upper
2012-10-05,17.0,MP,Oreothlypis,peregrina,Parulidae,2515,Yes,Edge,Upper
2012-10-05,17.0,CHI,Catharus,guttatus,Turdidae,3729,Yes,Forest,Lower
2012-10-05,17.0,MP,Junco,hyemalis,Passerellidae,6303,Yes,Edge,Lower
2012-10-05,17.0,MP,Passerella,iliaca,Passerellidae,2443,Yes,Edge,Lower
2012-10-05,17.0,MP,Junco,hyemalis,Passerellidae,6303,Yes,Edge,Lower
2012-10-05,17.0,CHI,Junco,hyemalis,Passerellidae,6303,Yes,Edge,Lower
2012-10-05,17.0,CHI,Catharus,guttatus,Turdidae,3729,Yes,Forest,Lower
2012-10-05,17.0,CHI,Oreothlypis,peregrina,Parulidae,2515,Yes,Edge,Upper
2012-10-05,17.0,CHI,Melospiza,lincolnii,Passerellidae,2029,yes,edge,Lower
2012-10-06,17.0,MP,Parkesia,noveboracensis,Parulidae,916,Yes,Forest,Lower
2012-10-06,17.0,MP,Zonotrichia,albicollis,Passerellidae,10133,Yes,Forest,Lower
2012-10-06,17.0,CHI,Zonotrichia,albicollis,Passerellidae,10133,Yes,Forest,Lower
2012-10-06,17.0,CHI,Junco,hyemalis,Passerellidae,6303,Yes,Edge,Lower
2012-10-06,17.0,CHI,Passerella,iliaca,Passerellidae,2443,Yes,Edge,Lower
2012-10-06,17.0,CHI,Sitta,canadensis,Sittidae,260,Yes,Forest,Upper
2012-10-06,17.0,CHI,Setophaga,coronata,Parulidae,887,yes,forest,Upper
2012-10-06,17.0,MP,Junco,hyemalis,Passerellidae,6303,Yes,Edge,Lower
2012-10-06,17.0,CHI,troglodytes,hiemalis,Troglodytidae,474,No,Forest,Lower
2012-10-06,17.0,CHI,Setophaga,magnolia,Parulidae,1224,yes,forest,Upper
2012-10-06,17.0,CHI,Junco,hyemalis,Passerellidae,6303,Yes,Edge,Lower
2012-10-06,17.0,CHI,Geothlypis,trichas,Parulidae,1555,Yes,Open,Lower
2012-10-06,17.0,CHI,Oreothlypis,peregrina,Parulidae,2515,Yes,Edge,Upper
2012-10-06,17.0,CHI,Passerina,cyanea,Cardinalidae,725,yes,edge,Upper
2012-10-06,17.0,MP,Zonotrichia,albicollis,Passerellidae,10133,Yes,Forest,Lower
2012-10-06,17.0,MP,Zonotrichia,albicollis,Passerellidae,10133,Yes,Forest,Lower
2012-10-06,17.0,CHI,Catharus,guttatus,Turdidae,3729,Yes,Forest,Lower
2012-10-06,17.0,CHI,Catharus,guttatus,Turdidae,3729,Yes,Forest,Lower
2012-10-06,17.0,MP,Catharus,guttatus,Turdidae,3729,Yes,Forest,Lower
2012-10-06,17.0,MP,Setophaga,coronata,Parulidae,887,yes,forest,Upper
2012-10-06,17.0,MP,Catharus,guttatus,Turdidae,3729,Yes,Forest,Lower
2012-10-06,17.0,CHI,Zonotrichia,albicollis,Passerellidae,10133,Yes,Forest,Lower
2012-10-06,17.0,CHI,Zonotrichia,albicollis,Passerellidae,10133,Yes,Forest,Lower
2012-10-07,17.0,CHI,catharus,ustulatus,Turdidae,2331,Yes,Forest,Lower
2012-10-07,17.0,CHI,Passerella,iliaca,Passerellidae,2443,Yes,Edge,Lower
2012-10-07,17.0,CHI,Catharus,guttatus,Turdidae,3729,Yes,Forest,Lower
2012-10-07,17.0,CHI,Regulus,calendula,Regulidae,416,No,Forest,Upper
2012-10-07,17.0,MP,Passerella,iliaca,Passerellidae,2443,Yes,Edge,Lower
2012-10-07,17.0,CHI,Passerella,iliaca,Passerellidae,2443,Yes,Edge,Lower
2012-10-07,17.0,MP,Passerella,iliaca,Passerellidae,2443,Yes,Edge,Lower
2012-10-07,17.0,CHI,Regulus,calendula,Regulidae,416,No,Forest,Upper
2012-10-07,17.0,CHI,Melospiza,lincolnii,Passerellidae,2029,yes,edge,Lower
2012-10-07,17.0,CHI,Setophaga,palmarum,Parulidae,694,Yes,Edge,Lower
2012-10-07,17.0,MP,Catharus,guttatus,Turdidae,3729,Yes,Forest,Lower
2012-10-07,17.0,MP,Zonotrichia,albicollis,Passerellidae,10133,Yes,Forest,Lower
2012-10-07,17.0,CHI,Zonotrichia,albicollis,Passerellidae,10133,Yes,Forest,Lower
2012-10-07,17.0,CHI,Zonotrichia,albicollis,Passerellidae,10133,Yes,Forest,Lower
2012-10-07,17.0,CHI,Zonotrichia,albicollis,Passerellidae,10133,Yes,Forest,Lower
2012-10-07,17.0,CHI,Zonotrichia,albicollis,Passerellidae,10133,Yes,Forest,Lower
2012-10-07,17.0,CHI,Zonotrichia,albicollis,Passerellidae,10133,Yes,Forest,Lower
2012-10-07,17.0,CHI,Zonotrichia,albicollis,Passerellidae,10133,Yes,Forest,Lower
2012-10-07,17.0,CHI,Zonotrichia,albicollis,Passerellidae,10133,Yes,Forest,Lower
2012-10-07,17.0,MP,Zonotrichia,albicollis,Passerellidae,10133,Yes,Forest,Lower
2012-10-07,17.0,CHI,Zonotrichia,albicollis,Passerellidae,10133,Yes,Forest,Lower
2012-10-07,17.0,CHI,Zonotrichia,albicollis,Passerellidae,10133,Yes,Forest,Lower
2012-10-07,17.0,CHI,Zonotrichia,albicollis,Passerellidae,10133,Yes,Forest,Lower
2012-10-07,17.0,CHI,Junco,hyemalis,Passerellidae,6303,Yes,Edge,Lower
2012-10-07,17.0,CHI,Junco,hyemalis,Passerellidae,6303,Yes,Edge,Lower
2012-10-07,17.0,CHI,Parkesia,noveboracensis,Parulidae,916,Yes,Forest,Lower
2012-10-07,17.0,CHI,Setophaga,pinus,Parulidae,49,Yes,Forest,Upper
2012-10-07,17.0,MP,Setophaga,coronata,Parulidae,887,yes,forest,Upper
2012-10-07,17.0,CHI,Oreothlypis,peregrina,Parulidae,2515,Yes,Edge,Upper
2012-10-07,17.0,MP,Setophaga,coronata,Parulidae,887,yes,forest,Upper
2012-10-07,17.0,CHI,Oreothlypis,peregrina,Parulidae,2515,Yes,Edge,Upper
2012-10-07,17.0,MP,Setophaga,palmarum,Parulidae,694,Yes,Edge,Lower
2012-10-07,17.0,CHI,Zonotrichia,albicollis,Passerellidae,10133,Yes,Forest,Lower
2012-10-07,17.0,CHI,Sitta,canadensis,Sittidae,260,Yes,Forest,Upper
2012-10-07,17.0,CHI,Zonotrichia,albicollis,Passerellidae,10133,Yes,Forest,Lower
2012-10-07,17.0,CHI,Catharus,guttatus,Turdidae,3729,Yes,Forest,Lower
2012-10-07,17.0,CHI,Catharus,guttatus,Turdidae,3729,Yes,Forest,Lower
2012-10-07,17.0,CHI,Catharus,guttatus,Turdidae,3729,Yes,Forest,Lower
2012-10-07,17.0,CHI,Catharus,guttatus,Turdidae,3729,Yes,Forest,Lower
2012-10-07,17.0,CHI,Sitta,canadensis,Sittidae,260,Yes,Forest,Upper
2012-10-08,17.0,MP,Oreothlypis,peregrina,Parulidae,2515,Yes,Edge,Upper
2012-10-08,17.0,CHI,Catharus,guttatus,Turdidae,3729,Yes,Forest,Lower
2012-10-08,17.0,CHI,Junco,hyemalis,Passerellidae,6303,Yes,Edge,Lower
2012-10-08,17.0,MP,Junco,hyemalis,Passerellidae,6303,Yes,Edge,Lower
2012-10-08,17.0,CHI,Oreothlypis,celata,Parulidae,227,Yes,Edge,Lower
2012-10-08,17.0,MP,Catharus,minimus,Turdidae,822,Yes,Forest,Lower
2012-10-08,17.0,MP,Zonotrichia,albicollis,Passerellidae,10133,Yes,Forest,Lower
2012-10-08,17.0,CHI,Zonotrichia,albicollis,Passerellidae,10133,Yes,Forest,Lower
2012-10-08,17.0,CHI,Zonotrichia,albicollis,Passerellidae,10133,Yes,Forest,Lower
2012-10-08,17.0,MP,Zonotrichia,albicollis,Passerellidae,10133,Yes,Forest,Lower
2012-10-08,17.0,MP,Zonotrichia,albicollis,Passerellidae,10133,Yes,Forest,Lower
2012-10-08,17.0,MP,Passerella,iliaca,Passerellidae,2443,Yes,Edge,Lower
2012-10-08,17.0,CHI,Zonotrichia,albicollis,Passerellidae,10133,Yes,Forest,Lower
2012-10-08,17.0,MP,Catharus,guttatus,Turdidae,3729,Yes,Forest,Lower
2012-10-08,17.0,MP,Zonotrichia,albicollis,Passerellidae,10133,Yes,Forest,Lower
2012-10-08,17.0,MP,Zonotrichia,albicollis,Passerellidae,10133,Yes,Forest,Lower
2012-10-08,17.0,CHI,Zonotrichia,albicollis,Passerellidae,10133,Yes,Forest,Lower
2012-10-08,17.0,MP,Zonotrichia,albicollis,Passerellidae,10133,Yes,Forest,Lower
2012-10-08,17.0,CHI,Catharus,guttatus,Turdidae,3729,Yes,Forest,Lower
2012-10-08,17.0,CHI,Catharus,guttatus,Turdidae,3729,Yes,Forest,Lower
2012-10-08,17.0,CHI,Catharus,guttatus,Turdidae,3729,Yes,Forest,Lower
2012-10-08,17.0,MP,Passerella,iliaca,Passerellidae,2443,Yes,Edge,Lower
2012-10-08,17.0,CHI,Setophaga,pensylvanica,Parulidae,303,Yes,Edge,Upper
2012-10-08,17.0,MP,Catharus,guttatus,Turdidae,3729,Yes,Forest,Lower
2012-10-08,17.0,CHI,Geothlypis,trichas,Parulidae,1555,Yes,Open,Lower
2012-10-08,17.0,CHI,Setophaga,coronata,Parulidae,887,yes,forest,Upper
2012-10-08,17.0,CHI,Regulus,satrapa,Regulidae,1029,Yes,Forest,Upper
2012-10-08,17.0,MP,Melospiza,lincolnii,Passerellidae,2029,yes,edge,Lower
2012-10-08,17.0,CHI,Melospiza,lincolnii,Passerellidae,2029,yes,edge,Lower
2012-10-08,17.0,MP,Melospiza,lincolnii,Passerellidae,2029,yes,edge,Lower
2012-10-08,17.0,MP,Regulus,satrapa,Regulidae,1029,Yes,Forest,Upper
2012-10-08,17.0,CHI,Setophaga,coronata,Parulidae,887,yes,forest,Upper
2012-10-08,17.0,MP,Geothlypis,trichas,Parulidae,1555,Yes,Open,Lower
2012-10-08,17.0,MP,Geothlypis,trichas,Parulidae,1555,Yes,Open,Lower
2012-10-09,17.0,MP,Catharus,guttatus,Turdidae,3729,Yes,Forest,Lower
2012-10-09,17.0,CHI,troglodytes,hiemalis,Troglodytidae,474,No,Forest,Lower
2012-10-09,17.0,CHI,Setophaga,palmarum,Parulidae,694,Yes,Edge,Lower
2012-10-09,17.0,CHI,Seiurus,aurocapilla,Parulidae,4580,Yes,Forest,Lower
2012-10-09,17.0,CHI,Zonotrichia,albicollis,Passerellidae,10133,Yes,Forest,Lower
2012-10-09,17.0,MP,Zonotrichia,albicollis,Passerellidae,10133,Yes,Forest,Lower
2012-10-09,17.0,MP,Zonotrichia,albicollis,Passerellidae,10133,Yes,Forest,Lower
2012-10-09,17.0,MP,Zonotrichia,albicollis,Passerellidae,10133,Yes,Forest,Lower
2012-10-09,17.0,MP,Zonotrichia,albicollis,Passerellidae,10133,Yes,Forest,Lower
2012-10-09,17.0,CHI,Zonotrichia,albicollis,Passerellidae,10133,Yes,Forest,Lower
2012-10-09,17.0,MP,Catharus,guttatus,Turdidae,3729,Yes,Forest,Lower
2012-10-09,17.0,MP,Zonotrichia,albicollis,Passerellidae,10133,Yes,Forest,Lower
2012-10-09,17.0,CHI,Oreothlypis,celata,Parulidae,227,Yes,Edge,Lower
2012-10-09,17.0,CHI,Sitta,canadensis,Sittidae,260,Yes,Forest,Upper
2012-10-10,15.0,CHI,Setophaga,palmarum,Parulidae,694,Yes,Edge,Lower
2012-10-10,15.0,CHI,Passerella,iliaca,Passerellidae,2443,Yes,Edge,Lower
2012-10-10,15.0,CHI,Passerella,iliaca,Passerellidae,2443,Yes,Edge,Lower
2012-10-10,15.0,CHI,Passerella,iliaca,Passerellidae,2443,Yes,Edge,Lower
2012-10-10,15.0,CHI,Passerella,iliaca,Passerellidae,2443,Yes,Edge,Lower
2012-10-10,15.0,CHI,Passerella,iliaca,Passerellidae,2443,Yes,Edge,Lower
2012-10-10,15.0,CHI,Passerella,iliaca,Passerellidae,2443,Yes,Edge,Lower
2012-10-10,15.0,MP,Passerella,iliaca,Passerellidae,2443,Yes,Edge,Lower
2012-10-10,15.0,CHI,Passerella,iliaca,Passerellidae,2443,Yes,Edge,Lower
2012-10-10,15.0,CHI,Passerella,iliaca,Passerellidae,2443,Yes,Edge,Lower
2012-10-10,15.0,CHI,Passerella,iliaca,Passerellidae,2443,Yes,Edge,Lower
2012-10-10,15.0,MP,Passerella,iliaca,Passerellidae,2443,Yes,Edge,Lower
2012-10-10,15.0,CHI,Passerella,iliaca,Passerellidae,2443,Yes,Edge,Lower
2012-10-10,15.0,CHI,Passerella,iliaca,Passerellidae,2443,Yes,Edge,Lower
2012-10-10,15.0,CHI,Regulus,satrapa,Regulidae,1029,Yes,Forest,Upper
2012-10-10,15.0,CHI,Setophaga,coronata,Parulidae,887,yes,forest,Upper
2012-10-10,15.0,CHI,Setophaga,coronata,Parulidae,887,yes,forest,Upper
2012-10-10,15.0,CHI,Junco,hyemalis,Passerellidae,6303,Yes,Edge,Lower
2012-10-10,15.0,CHI,Sitta,canadensis,Sittidae,260,Yes,Forest,Upper
2012-10-10,15.0,CHI,Catharus,guttatus,Turdidae,3729,Yes,Forest,Lower
2012-10-10,15.0,CHI,Oreothlypis,peregrina,Parulidae,2515,Yes,Edge,Upper
2012-10-10,15.0,CHI,Catharus,guttatus,Turdidae,3729,Yes,Forest,Lower
2012-10-10,15.0,CHI,Setophaga,coronata,Parulidae,887,yes,forest,Upper
2012-10-10,15.0,CHI,Junco,hyemalis,Passerellidae,6303,Yes,Edge,Lower
2012-10-10,15.0,MP,Junco,hyemalis,Passerellidae,6303,Yes,Edge,Lower
2012-10-10,15.0,CHI,Setophaga,palmarum,Parulidae,694,Yes,Edge,Lower
2012-10-10,15.0,CHI,Passerella,iliaca,Passerellidae,2443,Yes,Edge,Lower
2012-10-10,15.0,CHI,Passerella,iliaca,Passerellidae,2443,Yes,Edge,Lower
2012-10-10,15.0,CHI,Passerella,iliaca,Passerellidae,2443,Yes,Edge,Lower
2012-10-10,15.0,MP,Zonotrichia,albicollis,Passerellidae,10133,Yes,Forest,Lower
2012-10-10,15.0,MP,Zonotrichia,albicollis,Passerellidae,10133,Yes,Forest,Lower
2012-10-10,15.0,MP,Zonotrichia,albicollis,Passerellidae,10133,Yes,Forest,Lower
2012-10-10,15.0,CHI,Setophaga,palmarum,Parulidae,694,Yes,Edge,Lower
2012-10-10,15.0,CHI,Zonotrichia,albicollis,Passerellidae,10133,Yes,Forest,Lower
2012-10-10,15.0,CHI,Melospiza,melodia,Passerellidae,5124,Yes,Edge,Lower
2012-10-10,15.0,CHI,Passerella,iliaca,Passerellidae,2443,Yes,Edge,Lower
2012-10-10,15.0,MP,Passerella,iliaca,Passerellidae,2443,Yes,Edge,Lower
2012-10-10,15.0,MP,Passerella,iliaca,Passerellidae,2443,Yes,Edge,Lower
2012-10-10,15.0,CHI,Zonotrichia,albicollis,Passerellidae,10133,Yes,Forest,Lower
2012-10-11,15.0,CHI,Zonotrichia,albicollis,Passerellidae,10133,Yes,Forest,Lower
2012-10-11,15.0,MP,Catharus,guttatus,Turdidae,3729,Yes,Forest,Lower
2012-10-11,15.0,MP,Geothlypis,trichas,Parulidae,1555,Yes,Open,Lower
2012-10-11,15.0,CHI,Regulus,calendula,Regulidae,416,No,Forest,Upper
2012-10-11,15.0,CHI,Catharus,guttatus,Turdidae,3729,Yes,Forest,Lower
2012-10-11,15.0,MP,Zonotrichia,albicollis,Passerellidae,10133,Yes,Forest,Lower
2012-10-11,15.0,MP,Zonotrichia,albicollis,Passerellidae,10133,Yes,Forest,Lower
2012-10-11,15.0,CHI,Setophaga,pinus,Parulidae,49,Yes,Forest,Upper
2012-10-11,15.0,MP,Zonotrichia,albicollis,Passerellidae,10133,Yes,Forest,Lower
2012-10-11,15.0,CHI,Junco,hyemalis,Passerellidae,6303,Yes,Edge,Lower
2012-10-11,15.0,MP,Junco,hyemalis,Passerellidae,6303,Yes,Edge,Lower
2012-10-11,15.0,CHI,Zonotrichia,albicollis,Passerellidae,10133,Yes,Forest,Lower
2012-10-11,15.0,MP,Melospiza,lincolnii,Passerellidae,2029,yes,edge,Lower
2012-10-11,15.0,CHI,Geothlypis,trichas,Parulidae,1555,Yes,Open,Lower
2012-10-11,15.0,CHI,Junco,hyemalis,Passerellidae,6303,Yes,Edge,Lower
2012-10-11,15.0,CHI,Seiurus,aurocapilla,Parulidae,4580,Yes,Forest,Lower
2012-10-11,15.0,MP,Catharus,guttatus,Turdidae,3729,Yes,Forest,Lower
2012-10-11,15.0,CHI,Catharus,guttatus,Turdidae,3729,Yes,Forest,Lower
2012-10-11,15.0,MP,Catharus,guttatus,Turdidae,3729,Yes,Forest,Lower
2012-10-11,15.0,CHI,Catharus,guttatus,Turdidae,3729,Yes,Forest,Lower
2012-10-11,15.0,CHI,Zonotrichia,albicollis,Passerellidae,10133,Yes,Forest,Lower
2012-10-11,15.0,CHI,Geothlypis,trichas,Parulidae,1555,Yes,Open,Lower
2012-10-11,15.0,MP,Junco,hyemalis,Passerellidae,6303,Yes,Edge,Lower
2012-10-11,15.0,CHI,Zonotrichia,albicollis,Passerellidae,10133,Yes,Forest,Lower
2012-10-11,15.0,MP,Catharus,guttatus,Turdidae,3729,Yes,Forest,Lower
2012-10-11,15.0,MP,Melospiza,lincolnii,Passerellidae,2029,yes,edge,Lower
2012-10-11,15.0,MP,Regulus,satrapa,Regulidae,1029,Yes,Forest,Upper
2012-10-11,15.0,CHI,Zonotrichia,albicollis,Passerellidae,10133,Yes,Forest,Lower
2012-10-11,15.0,MP,Zonotrichia,albicollis,Passerellidae,10133,Yes,Forest,Lower
2012-10-11,15.0,MP,Regulus,satrapa,Regulidae,1029,Yes,Forest,Upper
2012-10-11,15.0,CHI,Zonotrichia,albicollis,Passerellidae,10133,Yes,Forest,Lower
2012-10-11,15.0,MP,Zonotrichia,albicollis,Passerellidae,10133,Yes,Forest,Lower
2012-10-11,15.0,MP,Zonotrichia,albicollis,Passerellidae,10133,Yes,Forest,Lower
2012-10-11,15.0,CHI,Zonotrichia,albicollis,Passerellidae,10133,Yes,Forest,Lower
2012-10-11,15.0,CHI,Zonotrichia,albicollis,Passerellidae,10133,Yes,Forest,Lower
2012-10-11,15.0,MP,Setophaga,coronata,Parulidae,887,yes,forest,Upper
2012-10-11,15.0,MP,Melospiza,lincolnii,Passerellidae,2029,yes,edge,Lower
2012-10-11,15.0,CHI,Setophaga,coronata,Parulidae,887,yes,forest,Upper
2012-10-11,15.0,MP,Melospiza,lincolnii,Passerellidae,2029,yes,edge,Lower
2012-10-11,15.0,CHI,Catharus,guttatus,Turdidae,3729,Yes,Forest,Lower
2012-10-11,15.0,MP,Melospiza,melodia,Passerellidae,5124,Yes,Edge,Lower
2012-10-11,15.0,CHI,Zonotrichia,albicollis,Passerellidae,10133,Yes,Forest,Lower
2012-10-11,15.0,MP,Zonotrichia,albicollis,Passerellidae,10133,Yes,Forest,Lower
2012-10-11,15.0,CHI,Zonotrichia,albicollis,Passerellidae,10133,Yes,Forest,Lower
2012-10-11,15.0,CHI,Zonotrichia,albicollis,Passerellidae,10133,Yes,Forest,Lower
2012-10-11,15.0,MP,Zonotrichia,albicollis,Passerellidae,10133,Yes,Forest,Lower
2012-10-11,15.0,CHI,Zonotrichia,albicollis,Passerellidae,10133,Yes,Forest,Lower
2012-10-11,15.0,MP,Zonotrichia,albicollis,Passerellidae,10133,Yes,Forest,Lower
2012-10-11,15.0,MP,Zonotrichia,albicollis,Passerellidae,10133,Yes,Forest,Lower
2012-10-11,15.0,MP,Zonotrichia,albicollis,Passerellidae,10133,Yes,Forest,Lower
2012-10-11,15.0,MP,Catharus,guttatus,Turdidae,3729,Yes,Forest,Lower
2012-10-11,15.0,CHI,Zonotrichia,albicollis,Passerellidae,10133,Yes,Forest,Lower
2012-10-11,15.0,MP,Zonotrichia,albicollis,Passerellidae,10133,Yes,Forest,Lower
2012-10-11,15.0,MP,Melospiza,lincolnii,Passerellidae,2029,yes,edge,Lower
2012-10-11,15.0,MP,Melospiza,melodia,Passerellidae,5124,Yes,Edge,Lower
2012-10-11,15.0,MP,Junco,hyemalis,Passerellidae,6303,Yes,Edge,Lower
2012-10-11,15.0,MP,Passerella,iliaca,Passerellidae,2443,Yes,Edge,Lower
2012-10-11,15.0,MP,Catharus,guttatus,Turdidae,3729,Yes,Forest,Lower
2012-10-11,15.0,CHI,Passerella,iliaca,Passerellidae,2443,Yes,Edge,Lower
2012-10-11,15.0,CHI,Catharus,guttatus,Turdidae,3729,Yes,Forest,Lower
2012-10-11,15.0,CHI,Oreothlypis,celata,Parulidae,227,Yes,Edge,Lower
2012-10-11,15.0,CHI,Passerella,iliaca,Passerellidae,2443,Yes,Edge,Lower
2012-10-11,15.0,MP,Passerella,iliaca,Passerellidae,2443,Yes,Edge,Lower
2012-10-11,15.0,MP,Passerella,iliaca,Passerellidae,2443,Yes,Edge,Lower
2012-10-12,12.0,CHI,Junco,hyemalis,Passerellidae,6303,Yes,Edge,Lower
2012-10-12,12.0,CHI,Regulus,satrapa,Regulidae,1029,Yes,Forest,Upper
2012-10-12,12.0,CHI,Catharus,guttatus,Turdidae,3729,Yes,Forest,Lower
2012-10-12,12.0,CHI,Junco,hyemalis,Passerellidae,6303,Yes,Edge,Lower
2012-10-12,12.0,CHI,Junco,hyemalis,Passerellidae,6303,Yes,Edge,Lower
2012-10-12,12.0,CHI,Junco,hyemalis,Passerellidae,6303,Yes,Edge,Lower
2012-10-12,12.0,CHI,Zonotrichia,albicollis,Passerellidae,10133,Yes,Forest,Lower
2012-10-12,12.0,CHI,Junco,hyemalis,Passerellidae,6303,Yes,Edge,Lower
2012-10-12,12.0,CHI,Junco,hyemalis,Passerellidae,6303,Yes,Edge,Lower
2012-10-12,12.0,CHI,Catharus,guttatus,Turdidae,3729,Yes,Forest,Lower
2012-10-12,12.0,CHI,Passerella,iliaca,Passerellidae,2443,Yes,Edge,Lower
2012-10-12,12.0,CHI,Passerella,iliaca,Passerellidae,2443,Yes,Edge,Lower
2012-10-12,12.0,CHI,Passerella,iliaca,Passerellidae,2443,Yes,Edge,Lower
2012-10-12,12.0,MP,Passerella,iliaca,Passerellidae,2443,Yes,Edge,Lower
2012-10-12,12.0,CHI,Junco,hyemalis,Passerellidae,6303,Yes,Edge,Lower
2012-10-12,12.0,CHI,Passerella,iliaca,Passerellidae,2443,Yes,Edge,Lower
2012-10-12,12.0,CHI,Passerella,iliaca,Passerellidae,2443,Yes,Edge,Lower
2012-10-12,12.0,CHI,Passerella,iliaca,Passerellidae,2443,Yes,Edge,Lower
2012-10-12,12.0,CHI,Passerella,iliaca,Passerellidae,2443,Yes,Edge,Lower
2012-10-12,12.0,MP,Passerella,iliaca,Passerellidae,2443,Yes,Edge,Lower
2012-10-12,12.0,CHI,Setophaga,palmarum,Parulidae,694,Yes,Edge,Lower
2012-10-12,12.0,CHI,Regulus,satrapa,Regulidae,1029,Yes,Forest,Upper
2012-10-12,12.0,CHI,Regulus,satrapa,Regulidae,1029,Yes,Forest,Upper
2012-10-12,12.0,CHI,Passerella,iliaca,Passerellidae,2443,Yes,Edge,Lower
2012-10-12,12.0,CHI,Zonotrichia,albicollis,Passerellidae,10133,Yes,Forest,Lower
2012-10-12,12.0,CHI,Catharus,guttatus,Turdidae,3729,Yes,Forest,Lower
2012-10-12,12.0,CHI,Catharus,guttatus,Turdidae,3729,Yes,Forest,Lower
2012-10-12,12.0,MP,Melospiza,lincolnii,Passerellidae,2029,yes,edge,Lower
2012-10-12,12.0,CHI,Zonotrichia,albicollis,Passerellidae,10133,Yes,Forest,Lower
2012-10-12,12.0,CHI,Zonotrichia,albicollis,Passerellidae,10133,Yes,Forest,Lower
2012-10-12,12.0,CHI,Zonotrichia,albicollis,Passerellidae,10133,Yes,Forest,Lower
2012-10-12,12.0,CHI,Zonotrichia,albicollis,Passerellidae,10133,Yes,Forest,Lower
2012-10-12,12.0,CHI,Junco,hyemalis,Passerellidae,6303,Yes,Edge,Lower
2012-10-12,12.0,CHI,Junco,hyemalis,Passerellidae,6303,Yes,Edge,Lower
2012-10-12,12.0,CHI,Junco,hyemalis,Passerellidae,6303,Yes,Edge,Lower
2012-10-12,12.0,CHI,Junco,hyemalis,Passerellidae,6303,Yes,Edge,Lower
2012-10-12,12.0,CHI,Junco,hyemalis,Passerellidae,6303,Yes,Edge,Lower
2012-10-12,12.0,CHI,Junco,hyemalis,Passerellidae,6303,Yes,Edge,Lower
2012-10-12,12.0,CHI,Junco,hyemalis,Passerellidae,6303,Yes,Edge,Lower
2012-10-12,12.0,CHI,Junco,hyemalis,Passerellidae,6303,Yes,Edge,Lower
2012-10-12,12.0,CHI,Junco,hyemalis,Passerellidae,6303,Yes,Edge,Lower
2012-10-12,12.0,CHI,Junco,hyemalis,Passerellidae,6303,Yes,Edge,Lower
2012-10-12,12.0,CHI,troglodytes,hiemalis,Troglodytidae,474,No,Forest,Lower
2012-10-12,12.0,CHI,Junco,hyemalis,Passerellidae,6303,Yes,Edge,Lower
2012-10-12,12.0,CHI,Zonotrichia,albicollis,Passerellidae,10133,Yes,Forest,Lower
2012-10-12,12.0,CHI,Zonotrichia,albicollis,Passerellidae,10133,Yes,Forest,Lower
2012-10-12,12.0,CHI,Catharus,guttatus,Turdidae,3729,Yes,Forest,Lower
2012-10-12,12.0,CHI,Regulus,satrapa,Regulidae,1029,Yes,Forest,Upper
2012-10-12,12.0,CHI,Junco,hyemalis,Passerellidae,6303,Yes,Edge,Lower
2012-10-12,12.0,CHI,Catharus,guttatus,Turdidae,3729,Yes,Forest,Lower
2012-10-12,12.0,CHI,Catharus,guttatus,Turdidae,3729,Yes,Forest,Lower
2012-10-12,12.0,CHI,Passerella,iliaca,Passerellidae,2443,Yes,Edge,Lower
2012-10-12,12.0,CHI,Zonotrichia,albicollis,Passerellidae,10133,Yes,Forest,Lower
2012-10-12,12.0,CHI,Zonotrichia,albicollis,Passerellidae,10133,Yes,Forest,Lower
2012-10-12,12.0,CHI,Junco,hyemalis,Passerellidae,6303,Yes,Edge,Lower
2012-10-12,12.0,CHI,Regulus,satrapa,Regulidae,1029,Yes,Forest,Upper
2012-10-12,12.0,CHI,Junco,hyemalis,Passerellidae,6303,Yes,Edge,Lower
2012-10-12,12.0,CHI,Regulus,satrapa,Regulidae,1029,Yes,Forest,Upper
2012-10-12,12.0,CHI,Regulus,satrapa,Regulidae,1029,Yes,Forest,Upper
2012-10-12,12.0,MP,Zonotrichia,albicollis,Passerellidae,10133,Yes,Forest,Lower
2012-10-12,12.0,CHI,Zonotrichia,albicollis,Passerellidae,10133,Yes,Forest,Lower
2012-10-12,12.0,CHI,Zonotrichia,albicollis,Passerellidae,10133,Yes,Forest,Lower
2012-10-12,12.0,CHI,Zonotrichia,albicollis,Passerellidae,10133,Yes,Forest,Lower
2012-10-12,12.0,CHI,Catharus,guttatus,Turdidae,3729,Yes,Forest,Lower
2012-10-12,12.0,CHI,Zonotrichia,albicollis,Passerellidae,10133,Yes,Forest,Lower
2012-10-12,12.0,CHI,Sitta,canadensis,Sittidae,260,Yes,Forest,Upper
2012-10-12,12.0,CHI,Sitta,canadensis,Sittidae,260,Yes,Forest,Upper
2012-10-12,12.0,CHI,Sitta,canadensis,Sittidae,260,Yes,Forest,Upper
2012-10-12,12.0,CHI,Zonotrichia,albicollis,Passerellidae,10133,Yes,Forest,Lower
2012-10-12,12.0,CHI,Junco,hyemalis,Passerellidae,6303,Yes,Edge,Lower
2012-10-12,12.0,CHI,Junco,hyemalis,Passerellidae,6303,Yes,Edge,Lower
2012-10-12,12.0,CHI,Catharus,guttatus,Turdidae,3729,Yes,Forest,Lower
2012-10-12,12.0,CHI,Setophaga,coronata,Parulidae,887,yes,forest,Upper
2012-10-12,12.0,CHI,Catharus,guttatus,Turdidae,3729,Yes,Forest,Lower
2012-10-12,12.0,CHI,Junco,hyemalis,Passerellidae,6303,Yes,Edge,Lower
2012-10-12,12.0,CHI,Sitta,canadensis,Sittidae,260,Yes,Forest,Upper
2012-10-12,12.0,CHI,Junco,hyemalis,Passerellidae,6303,Yes,Edge,Lower
2012-10-12,12.0,CHI,Zonotrichia,leucophrys,Passerellidae,1090,Yes,Edge,Lower
2012-10-12,12.0,CHI,Catharus,guttatus,Turdidae,3729,Yes,Forest,Lower
2012-10-12,12.0,CHI,Junco,hyemalis,Passerellidae,6303,Yes,Edge,Lower
2012-10-12,12.0,CHI,Junco,hyemalis,Passerellidae,6303,Yes,Edge,Lower
2012-10-12,12.0,CHI,Regulus,satrapa,Regulidae,1029,Yes,Forest,Upper
2012-10-12,12.0,CHI,Regulus,satrapa,Regulidae,1029,Yes,Forest,Upper
2012-10-12,12.0,CHI,Regulus,satrapa,Regulidae,1029,Yes,Forest,Upper
2012-10-12,12.0,CHI,Regulus,satrapa,Regulidae,1029,Yes,Forest,Upper
2012-10-12,12.0,CHI,Regulus,satrapa,Regulidae,1029,Yes,Forest,Upper
2012-10-12,12.0,CHI,Junco,hyemalis,Passerellidae,6303,Yes,Edge,Lower
2012-10-12,12.0,MP,Zonotrichia,albicollis,Passerellidae,10133,Yes,Forest,Lower
2012-10-12,12.0,CHI,Setophaga,magnolia,Parulidae,1224,yes,forest,Upper
2012-10-12,12.0,CHI,Junco,hyemalis,Passerellidae,6303,Yes,Edge,Lower
2012-10-12,12.0,CHI,Melospiza,melodia,Passerellidae,5124,Yes,Edge,Lower
2012-10-12,12.0,CHI,Regulus,calendula,Regulidae,416,No,Forest,Upper
2012-10-12,12.0,CHI,Catharus,guttatus,Turdidae,3729,Yes,Forest,Lower
2012-10-12,12.0,CHI,Catharus,guttatus,Turdidae,3729,Yes,Forest,Lower
2012-10-12,12.0,CHI,Zonotrichia,albicollis,Passerellidae,10133,Yes,Forest,Lower
2012-10-12,12.0,CHI,Setophaga,coronata,Parulidae,887,yes,forest,Upper
2012-10-12,12.0,CHI,Zonotrichia,albicollis,Passerellidae,10133,Yes,Forest,Lower
2012-10-12,12.0,CHI,Junco,hyemalis,Passerellidae,6303,Yes,Edge,Lower
2012-10-12,12.0,CHI,Catharus,guttatus,Turdidae,3729,Yes,Forest,Lower
2012-10-12,12.0,CHI,Catharus,guttatus,Turdidae,3729,Yes,Forest,Lower
2012-10-12,12.0,CHI,Junco,hyemalis,Passerellidae,6303,Yes,Edge,Lower
2012-10-12,12.0,CHI,Zonotrichia,albicollis,Passerellidae,10133,Yes,Forest,Lower
2012-10-12,12.0,CHI,Junco,hyemalis,Passerellidae,6303,Yes,Edge,Lower
2012-10-13,15.0,MP,Passerella,iliaca,Passerellidae,2443,Yes,Edge,Lower
2012-10-13,15.0,CHI,Junco,hyemalis,Passerellidae,6303,Yes,Edge,Lower
2012-10-13,15.0,MP,Melospiza,lincolnii,Passerellidae,2029,yes,edge,Lower
2012-10-13,15.0,CHI,Setophaga,coronata,Parulidae,887,yes,forest,Upper
2012-10-13,15.0,CHI,Setophaga,coronata,Parulidae,887,yes,forest,Upper
2012-10-13,15.0,MP,Junco,hyemalis,Passerellidae,6303,Yes,Edge,Lower
2012-10-13,15.0,MP,Junco,hyemalis,Passerellidae,6303,Yes,Edge,Lower
2012-10-13,15.0,CHI,Regulus,satrapa,Regulidae,1029,Yes,Forest,Upper
2012-10-13,15.0,CHI,Regulus,satrapa,Regulidae,1029,Yes,Forest,Upper
2012-10-13,15.0,CHI,Junco,hyemalis,Passerellidae,6303,Yes,Edge,Lower
2012-10-13,15.0,CHI,Junco,hyemalis,Passerellidae,6303,Yes,Edge,Lower
2012-10-13,15.0,CHI,Catharus,guttatus,Turdidae,3729,Yes,Forest,Lower
2012-10-13,15.0,CHI,Catharus,guttatus,Turdidae,3729,Yes,Forest,Lower
2012-10-13,15.0,MP,Regulus,calendula,Regulidae,416,No,Forest,Upper
2012-10-13,15.0,CHI,Toxostoma,rufum,Mimidae,166,No,Edge,Lower
2012-10-13,15.0,CHI,Junco,hyemalis,Passerellidae,6303,Yes,Edge,Lower
2012-10-13,15.0,MP,Junco,hyemalis,Passerellidae,6303,Yes,Edge,Lower
2012-10-13,15.0,CHI,Oreothlypis,peregrina,Parulidae,2515,Yes,Edge,Upper
2012-10-13,15.0,CHI,Zonotrichia,leucophrys,Passerellidae,1090,Yes,Edge,Lower
2012-10-13,15.0,MP,Oreothlypis,celata,Parulidae,227,Yes,Edge,Lower
2012-10-13,15.0,CHI,Regulus,calendula,Regulidae,416,No,Forest,Upper
2012-10-13,15.0,CHI,Oreothlypis,ruficapilla,Parulidae,1690,Yes,Forest,Upper
2012-10-13,15.0,CHI,troglodytes,hiemalis,Troglodytidae,474,No,Forest,Lower
2012-10-13,15.0,MP,Zonotrichia,albicollis,Passerellidae,10133,Yes,Forest,Lower
2012-10-13,15.0,MP,Zonotrichia,albicollis,Passerellidae,10133,Yes,Forest,Lower
2012-10-13,15.0,MP,Zonotrichia,albicollis,Passerellidae,10133,Yes,Forest,Lower
2012-10-13,15.0,CHI,Zonotrichia,albicollis,Passerellidae,10133,Yes,Forest,Lower
2012-10-13,15.0,CHI,Zonotrichia,albicollis,Passerellidae,10133,Yes,Forest,Lower
2012-10-13,15.0,CHI,Zonotrichia,albicollis,Passerellidae,10133,Yes,Forest,Lower
2012-10-13,15.0,CHI,Oreothlypis,celata,Parulidae,227,Yes,Edge,Lower
2012-10-13,15.0,MP,Catharus,guttatus,Turdidae,3729,Yes,Forest,Lower
2012-10-13,15.0,CHI,Junco,hyemalis,Passerellidae,6303,Yes,Edge,Lower
2012-10-13,15.0,MP,Catharus,guttatus,Turdidae,3729,Yes,Forest,Lower
2012-10-13,15.0,MP,Zonotrichia,leucophrys,Passerellidae,1090,Yes,Edge,Lower
2012-10-13,15.0,CHI,Catharus,guttatus,Turdidae,3729,Yes,Forest,Lower
2012-10-15,13.0,CHI,Zonotrichia,albicollis,Passerellidae,10133,Yes,Forest,Lower
2012-10-15,13.0,CHI,Setophaga,coronata,Parulidae,887,yes,forest,Upper
2012-10-15,13.0,CHI,Catharus,guttatus,Turdidae,3729,Yes,Forest,Lower
2012-10-15,13.0,CHI,Seiurus,aurocapilla,Parulidae,4580,Yes,Forest,Lower
2012-10-15,13.0,CHI,Catharus,guttatus,Turdidae,3729,Yes,Forest,Lower
2012-10-15,13.0,CHI,Catharus,guttatus,Turdidae,3729,Yes,Forest,Lower
2012-10-15,13.0,CHI,Zonotrichia,leucophrys,Passerellidae,1090,Yes,Edge,Lower
2012-10-15,13.0,MP,Catharus,guttatus,Turdidae,3729,Yes,Forest,Lower
2012-10-15,13.0,MP,Catharus,guttatus,Turdidae,3729,Yes,Forest,Lower
2012-10-15,13.0,CHI,Seiurus,aurocapilla,Parulidae,4580,Yes,Forest,Lower
2012-10-15,13.0,MP,Setophaga,palmarum,Parulidae,694,Yes,Edge,Lower
2012-10-15,13.0,CHI,Junco,hyemalis,Passerellidae,6303,Yes,Edge,Lower
2012-10-15,13.0,MP,Zonotrichia,albicollis,Passerellidae,10133,Yes,Forest,Lower
2012-10-15,13.0,CHI,Zonotrichia,albicollis,Passerellidae,10133,Yes,Forest,Lower
2012-10-15,13.0,CHI,Zonotrichia,albicollis,Passerellidae,10133,Yes,Forest,Lower
2012-10-15,13.0,CHI,Passerella,iliaca,Passerellidae,2443,Yes,Edge,Lower
2012-10-15,13.0,CHI,Zonotrichia,albicollis,Passerellidae,10133,Yes,Forest,Lower
2012-10-15,13.0,CHI,Passerella,iliaca,Passerellidae,2443,Yes,Edge,Lower
2012-10-15,13.0,CHI,Junco,hyemalis,Passerellidae,6303,Yes,Edge,Lower
2012-10-16,6.0,CHI,Oreothlypis,ruficapilla,Parulidae,1690,Yes,Forest,Upper
2012-10-16,6.0,CHI,Catharus,guttatus,Turdidae,3729,Yes,Forest,Lower
2012-10-16,6.0,CHI,Catharus,guttatus,Turdidae,3729,Yes,Forest,Lower
2012-10-16,6.0,CHI,troglodytes,hiemalis,Troglodytidae,474,No,Forest,Lower
2012-10-16,6.0,MP,Junco,hyemalis,Passerellidae,6303,Yes,Edge,Lower
2012-10-16,6.0,CHI,Catharus,guttatus,Turdidae,3729,Yes,Forest,Lower
2012-10-16,6.0,CHI,Seiurus,aurocapilla,Parulidae,4580,Yes,Forest,Lower
2012-10-16,6.0,MP,Setophaga,coronata,Parulidae,887,yes,forest,Upper
2012-10-16,6.0,CHI,Melospiza,lincolnii,Passerellidae,2029,yes,edge,Lower
2012-10-16,6.0,CHI,Catharus,guttatus,Turdidae,3729,Yes,Forest,Lower
2012-10-16,6.0,CHI,Catharus,guttatus,Turdidae,3729,Yes,Forest,Lower
2012-10-16,6.0,MP,Zonotrichia,albicollis,Passerellidae,10133,Yes,Forest,Lower
2012-10-16,6.0,CHI,Catharus,guttatus,Turdidae,3729,Yes,Forest,Lower
2012-10-16,6.0,CHI,Junco,hyemalis,Passerellidae,6303,Yes,Edge,Lower
2012-10-16,6.0,CHI,Setophaga,coronata,Parulidae,887,yes,forest,Upper
2012-10-16,6.0,CHI,Regulus,satrapa,Regulidae,1029,Yes,Forest,Upper
2012-10-16,6.0,MP,Catharus,guttatus,Turdidae,3729,Yes,Forest,Lower
2012-10-16,6.0,CHI,Catharus,guttatus,Turdidae,3729,Yes,Forest,Lower
2012-10-17,9.0,CHI,Passerella,iliaca,Passerellidae,2443,Yes,Edge,Lower
2012-10-17,9.0,CHI,Zonotrichia,albicollis,Passerellidae,10133,Yes,Forest,Lower
2012-10-17,9.0,MP,Zonotrichia,albicollis,Passerellidae,10133,Yes,Forest,Lower
2012-10-18,10.0,CHI,Setophaga,palmarum,Parulidae,694,Yes,Edge,Lower
2012-10-18,10.0,CHI,Regulus,calendula,Regulidae,416,No,Forest,Upper
2012-10-18,10.0,CHI,Setophaga,coronata,Parulidae,887,yes,forest,Upper
2012-10-18,10.0,CHI,Zonotrichia,albicollis,Passerellidae,10133,Yes,Forest,Lower
2012-10-19,11.0,CHI,Junco,hyemalis,Passerellidae,6303,Yes,Edge,Lower
2012-10-20,4.0,CHI,Catharus,guttatus,Turdidae,3729,Yes,Forest,Lower
2012-10-20,4.0,CHI,Setophaga,coronata,Parulidae,887,yes,forest,Upper
2012-10-20,4.0,CHI,Catharus,guttatus,Turdidae,3729,Yes,Forest,Lower
2012-10-20,4.0,CHI,Catharus,guttatus,Turdidae,3729,Yes,Forest,Lower
2012-10-20,4.0,CHI,Catharus,guttatus,Turdidae,3729,Yes,Forest,Lower
2012-10-20,4.0,CHI,Catharus,guttatus,Turdidae,3729,Yes,Forest,Lower
2012-10-20,4.0,CHI,Catharus,guttatus,Turdidae,3729,Yes,Forest,Lower
2012-10-20,4.0,CHI,Oreothlypis,celata,Parulidae,227,Yes,Edge,Lower
2012-10-20,4.0,CHI,Catharus,guttatus,Turdidae,3729,Yes,Forest,Lower
2012-10-20,4.0,CHI,Zonotrichia,albicollis,Passerellidae,10133,Yes,Forest,Lower
2012-10-20,4.0,CHI,Zonotrichia,albicollis,Passerellidae,10133,Yes,Forest,Lower
2012-10-20,4.0,CHI,Zonotrichia,albicollis,Passerellidae,10133,Yes,Forest,Lower
2012-10-20,4.0,CHI,Junco,hyemalis,Passerellidae,6303,Yes,Edge,Lower
2012-10-20,4.0,CHI,Passerella,iliaca,Passerellidae,2443,Yes,Edge,Lower
2012-10-20,4.0,CHI,Passerella,iliaca,Passerellidae,2443,Yes,Edge,Lower
2012-10-20,4.0,CHI,Junco,hyemalis,Passerellidae,6303,Yes,Edge,Lower
2012-10-20,4.0,CHI,Junco,hyemalis,Passerellidae,6303,Yes,Edge,Lower
2012-10-20,4.0,CHI,Zonotrichia,albicollis,Passerellidae,10133,Yes,Forest,Lower
2012-10-20,4.0,CHI,Zonotrichia,albicollis,Passerellidae,10133,Yes,Forest,Lower
2012-10-20,4.0,CHI,Zonotrichia,albicollis,Passerellidae,10133,Yes,Forest,Lower
2012-10-20,4.0,CHI,Zonotrichia,albicollis,Passerellidae,10133,Yes,Forest,Lower
2012-10-20,4.0,CHI,Zonotrichia,albicollis,Passerellidae,10133,Yes,Forest,Lower
2012-10-20,4.0,CHI,Regulus,calendula,Regulidae,416,No,Forest,Upper
2012-10-20,4.0,CHI,Toxostoma,rufum,Mimidae,166,No,Edge,Lower
2012-10-20,4.0,MP,Melospiza,lincolnii,Passerellidae,2029,yes,edge,Lower
2012-10-20,4.0,CHI,Oreothlypis,ruficapilla,Parulidae,1690,Yes,Forest,Upper
2012-10-20,4.0,CHI,Zonotrichia,albicollis,Passerellidae,10133,Yes,Forest,Lower
2012-10-20,4.0,CHI,Oreothlypis,celata,Parulidae,227,Yes,Edge,Lower
2012-10-21,4.0,CHI,Zonotrichia,albicollis,Passerellidae,10133,Yes,Forest,Lower
2012-10-21,4.0,CHI,Zonotrichia,albicollis,Passerellidae,10133,Yes,Forest,Lower
2012-10-21,4.0,CHI,Zonotrichia,albicollis,Passerellidae,10133,Yes,Forest,Lower
2012-10-21,4.0,MP,Zonotrichia,albicollis,Passerellidae,10133,Yes,Forest,Lower
2012-10-21,4.0,CHI,Setophaga,coronata,Parulidae,887,yes,forest,Upper
2012-10-21,4.0,CHI,Zonotrichia,albicollis,Passerellidae,10133,Yes,Forest,Lower
2012-10-21,4.0,CHI,Zonotrichia,albicollis,Passerellidae,10133,Yes,Forest,Lower
2012-10-21,4.0,CHI,Catharus,guttatus,Turdidae,3729,Yes,Forest,Lower
2012-10-21,4.0,MP,Catharus,guttatus,Turdidae,3729,Yes,Forest,Lower
2012-10-21,4.0,CHI,Catharus,guttatus,Turdidae,3729,Yes,Forest,Lower
2012-10-21,4.0,CHI,Catharus,guttatus,Turdidae,3729,Yes,Forest,Lower
2012-10-21,4.0,CHI,Catharus,guttatus,Turdidae,3729,Yes,Forest,Lower
2012-10-21,4.0,MP,Catharus,guttatus,Turdidae,3729,Yes,Forest,Lower
2012-10-21,4.0,CHI,Catharus,guttatus,Turdidae,3729,Yes,Forest,Lower
2012-10-21,4.0,CHI,Catharus,guttatus,Turdidae,3729,Yes,Forest,Lower
2012-10-21,4.0,CHI,Catharus,guttatus,Turdidae,3729,Yes,Forest,Lower
2012-10-21,4.0,CHI,Catharus,guttatus,Turdidae,3729,Yes,Forest,Lower
2012-10-21,4.0,CHI,Zonotrichia,albicollis,Passerellidae,10133,Yes,Forest,Lower
2012-10-21,4.0,CHI,Zonotrichia,albicollis,Passerellidae,10133,Yes,Forest,Lower
2012-10-21,4.0,CHI,Zonotrichia,albicollis,Passerellidae,10133,Yes,Forest,Lower
2012-10-21,4.0,CHI,Zonotrichia,albicollis,Passerellidae,10133,Yes,Forest,Lower
2012-10-21,4.0,MP,Junco,hyemalis,Passerellidae,6303,Yes,Edge,Lower
2012-10-21,4.0,CHI,Junco,hyemalis,Passerellidae,6303,Yes,Edge,Lower
2012-10-21,4.0,CHI,Junco,hyemalis,Passerellidae,6303,Yes,Edge,Lower
2012-10-21,4.0,CHI,Junco,hyemalis,Passerellidae,6303,Yes,Edge,Lower
2012-10-21,4.0,CHI,Junco,hyemalis,Passerellidae,6303,Yes,Edge,Lower
2012-10-21,4.0,CHI,Junco,hyemalis,Passerellidae,6303,Yes,Edge,Lower
2012-10-21,4.0,CHI,Junco,hyemalis,Passerellidae,6303,Yes,Edge,Lower
2012-10-21,4.0,CHI,Junco,hyemalis,Passerellidae,6303,Yes,Edge,Lower
2012-10-21,4.0,CHI,Junco,hyemalis,Passerellidae,6303,Yes,Edge,Lower
2012-10-21,4.0,CHI,Junco,hyemalis,Passerellidae,6303,Yes,Edge,Lower
2012-10-21,4.0,CHI,Junco,hyemalis,Passerellidae,6303,Yes,Edge,Lower
2012-10-21,4.0,CHI,Junco,hyemalis,Passerellidae,6303,Yes,Edge,Lower
2012-10-21,4.0,MP,Junco,hyemalis,Passerellidae,6303,Yes,Edge,Lower
2012-10-21,4.0,CHI,Junco,hyemalis,Passerellidae,6303,Yes,Edge,Lower
2012-10-21,4.0,CHI,Regulus,satrapa,Regulidae,1029,Yes,Forest,Upper
2012-10-21,4.0,CHI,Junco,hyemalis,Passerellidae,6303,Yes,Edge,Lower
2012-10-21,4.0,CHI,Passerella,iliaca,Passerellidae,2443,Yes,Edge,Lower
2012-10-21,4.0,CHI,Passerella,iliaca,Passerellidae,2443,Yes,Edge,Lower
2012-10-21,4.0,CHI,Passerella,iliaca,Passerellidae,2443,Yes,Edge,Lower
2012-10-21,4.0,CHI,Passerella,iliaca,Passerellidae,2443,Yes,Edge,Lower
2012-10-21,4.0,CHI,Oreothlypis,ruficapilla,Parulidae,1690,Yes,Forest,Upper
2012-10-21,4.0,CHI,Melospiza,lincolnii,Passerellidae,2029,yes,edge,Lower
2012-10-21,4.0,CHI,Melospiza,lincolnii,Passerellidae,2029,yes,edge,Lower
2012-10-21,4.0,CHI,Zonotrichia,albicollis,Passerellidae,10133,Yes,Forest,Lower
2012-10-21,4.0,CHI,Oreothlypis,ruficapilla,Parulidae,1690,Yes,Forest,Upper
2012-10-21,4.0,CHI,Melospiza,melodia,Passerellidae,5124,Yes,Edge,Lower
2012-10-21,4.0,CHI,Zonotrichia,leucophrys,Passerellidae,1090,Yes,Edge,Lower
2012-10-21,4.0,CHI,Zonotrichia,leucophrys,Passerellidae,1090,Yes,Edge,Lower
2012-10-22,16.0,CHI,Catharus,guttatus,Turdidae,3729,Yes,Forest,Lower
2012-10-22,16.0,CHI,Setophaga,coronata,Parulidae,887,yes,forest,Upper
2012-10-22,16.0,CHI,Zonotrichia,albicollis,Passerellidae,10133,Yes,Forest,Lower
2012-10-22,16.0,CHI,Melospiza,lincolnii,Passerellidae,2029,yes,edge,Lower
2012-10-22,16.0,CHI,Zonotrichia,albicollis,Passerellidae,10133,Yes,Forest,Lower
2012-10-22,16.0,CHI,Catharus,guttatus,Turdidae,3729,Yes,Forest,Lower
2012-10-22,16.0,MP,Setophaga,palmarum,Parulidae,694,Yes,Edge,Lower
2012-10-22,16.0,CHI,Passerella,iliaca,Passerellidae,2443,Yes,Edge,Lower
2012-10-22,16.0,MP,Catharus,guttatus,Turdidae,3729,Yes,Forest,Lower
2012-10-22,16.0,CHI,Zonotrichia,albicollis,Passerellidae,10133,Yes,Forest,Lower
2012-10-22,16.0,CHI,Zonotrichia,albicollis,Passerellidae,10133,Yes,Forest,Lower
2012-10-22,16.0,CHI,Setophaga,coronata,Parulidae,887,yes,forest,Upper
2012-10-22,16.0,CHI,Catharus,guttatus,Turdidae,3729,Yes,Forest,Lower
2012-10-22,16.0,CHI,Zonotrichia,albicollis,Passerellidae,10133,Yes,Forest,Lower
2012-10-22,16.0,CHI,Oreothlypis,celata,Parulidae,227,Yes,Edge,Lower
2012-10-22,16.0,CHI,Zonotrichia,albicollis,Passerellidae,10133,Yes,Forest,Lower
2012-10-22,16.0,CHI,Zonotrichia,albicollis,Passerellidae,10133,Yes,Forest,Lower
2012-10-22,16.0,CHI,Zonotrichia,albicollis,Passerellidae,10133,Yes,Forest,Lower
2012-10-22,16.0,CHI,Zonotrichia,albicollis,Passerellidae,10133,Yes,Forest,Lower
2012-10-23,16.0,MP,Passerella,iliaca,Passerellidae,2443,Yes,Edge,Lower
2012-10-23,16.0,MP,Junco,hyemalis,Passerellidae,6303,Yes,Edge,Lower
2012-10-23,16.0,MP,Zonotrichia,albicollis,Passerellidae,10133,Yes,Forest,Lower
2012-10-24,16.0,MP,Junco,hyemalis,Passerellidae,6303,Yes,Edge,Lower
2012-10-24,16.0,MP,Junco,hyemalis,Passerellidae,6303,Yes,Edge,Lower
2012-10-24,16.0,MP,Zonotrichia,albicollis,Passerellidae,10133,Yes,Forest,Lower
2012-10-24,16.0,MP,Melospiza,melodia,Passerellidae,5124,Yes,Edge,Lower
2012-10-24,16.0,MP,Zonotrichia,albicollis,Passerellidae,10133,Yes,Forest,Lower
2012-10-24,16.0,MP,Junco,hyemalis,Passerellidae,6303,Yes,Edge,Lower
2012-10-25,14.0,CHI,Passerella,iliaca,Passerellidae,2443,Yes,Edge,Lower
2012-10-25,14.0,MP,Zonotrichia,leucophrys,Passerellidae,1090,Yes,Edge,Lower
2012-10-25,14.0,MP,Junco,hyemalis,Passerellidae,6303,Yes,Edge,Lower
2012-10-25,14.0,CHI,Zonotrichia,albicollis,Passerellidae,10133,Yes,Forest,Lower
2012-10-25,14.0,CHI,Catharus,guttatus,Turdidae,3729,Yes,Forest,Lower
2012-10-25,14.0,CHI,Zonotrichia,albicollis,Passerellidae,10133,Yes,Forest,Lower
2012-10-26,17.0,CHI,Setophaga,coronata,Parulidae,887,yes,forest,Upper
2012-10-26,17.0,CHI,Setophaga,coronata,Parulidae,887,yes,forest,Upper
2012-10-26,17.0,CHI,Passerella,iliaca,Passerellidae,2443,Yes,Edge,Lower
2012-10-26,17.0,MP,Catharus,guttatus,Turdidae,3729,Yes,Forest,Lower
2012-10-26,17.0,CHI,Passerella,iliaca,Passerellidae,2443,Yes,Edge,Lower
2012-10-26,17.0,CHI,Passerella,iliaca,Passerellidae,2443,Yes,Edge,Lower
2012-10-26,17.0,MP,Junco,hyemalis,Passerellidae,6303,Yes,Edge,Lower
2012-10-26,17.0,MP,Melospiza,melodia,Passerellidae,5124,Yes,Edge,Lower
2012-10-26,17.0,CHI,Junco,hyemalis,Passerellidae,6303,Yes,Edge,Lower
2012-10-26,17.0,CHI,Junco,hyemalis,Passerellidae,6303,Yes,Edge,Lower
2012-10-26,17.0,CHI,Setophaga,coronata,Parulidae,887,yes,forest,Upper
2012-10-26,17.0,MP,Melospiza,lincolnii,Passerellidae,2029,yes,edge,Lower
2012-10-26,17.0,MP,Junco,hyemalis,Passerellidae,6303,Yes,Edge,Lower
2012-10-26,17.0,CHI,Junco,hyemalis,Passerellidae,6303,Yes,Edge,Lower
2012-10-26,17.0,CHI,Junco,hyemalis,Passerellidae,6303,Yes,Edge,Lower
2012-10-26,17.0,MP,Setophaga,virens,Parulidae,223,Yes,Forest,Upper
2012-10-26,17.0,CHI,Setophaga,palmarum,Parulidae,694,Yes,Edge,Lower
2012-10-26,17.0,MP,Setophaga,palmarum,Parulidae,694,Yes,Edge,Lower
2012-10-26,17.0,CHI,Junco,hyemalis,Passerellidae,6303,Yes,Edge,Lower
2012-10-26,17.0,MP,Catharus,guttatus,Turdidae,3729,Yes,Forest,Lower
2012-10-26,17.0,CHI,Catharus,guttatus,Turdidae,3729,Yes,Forest,Lower
2012-10-26,17.0,MP,Catharus,guttatus,Turdidae,3729,Yes,Forest,Lower
2012-10-26,17.0,MP,Zonotrichia,albicollis,Passerellidae,10133,Yes,Forest,Lower
2012-10-26,17.0,MP,Junco,hyemalis,Passerellidae,6303,Yes,Edge,Lower
2012-10-26,17.0,CHI,Junco,hyemalis,Passerellidae,6303,Yes,Edge,Lower
2012-10-26,17.0,MP,Melospiza,melodia,Passerellidae,5124,Yes,Edge,Lower
2012-10-26,17.0,MP,Zonotrichia,albicollis,Passerellidae,10133,Yes,Forest,Lower
2012-10-26,17.0,CHI,Melospiza,melodia,Passerellidae,5124,Yes,Edge,Lower
2012-10-26,17.0,CHI,Zonotrichia,albicollis,Passerellidae,10133,Yes,Forest,Lower
2012-10-26,17.0,MP,Zonotrichia,albicollis,Passerellidae,10133,Yes,Forest,Lower
2012-10-27,17.0,CHI,Regulus,satrapa,Regulidae,1029,Yes,Forest,Upper
2012-10-27,17.0,CHI,Junco,hyemalis,Passerellidae,6303,Yes,Edge,Lower
2012-10-27,17.0,CHI,Regulus,satrapa,Regulidae,1029,Yes,Forest,Upper
2012-10-27,17.0,CHI,Regulus,satrapa,Regulidae,1029,Yes,Forest,Upper
2012-10-27,17.0,MP,Regulus,satrapa,Regulidae,1029,Yes,Forest,Upper
2012-10-27,17.0,CHI,Regulus,satrapa,Regulidae,1029,Yes,Forest,Upper
2012-10-27,17.0,MP,Junco,hyemalis,Passerellidae,6303,Yes,Edge,Lower
2012-10-27,17.0,CHI,dumetella,carolinensis,Mimidae,599,no,edge,Lower
2012-10-27,17.0,CHI,Spizelloides,arborea,Passerellidae,1262,Yes,Edge,Lower
2012-10-27,17.0,CHI,Oreothlypis,celata,Parulidae,227,Yes,Edge,Lower
2012-10-27,17.0,MP,Spizelloides,arborea,Passerellidae,1262,Yes,Edge,Lower
2012-10-27,17.0,MP,Catharus,guttatus,Turdidae,3729,Yes,Forest,Lower
2012-10-27,17.0,CHI,Catharus,guttatus,Turdidae,3729,Yes,Forest,Lower
2012-10-27,17.0,CHI,Zonotrichia,albicollis,Passerellidae,10133,Yes,Forest,Lower
2012-10-27,17.0,MP,Junco,hyemalis,Passerellidae,6303,Yes,Edge,Lower
2012-10-27,17.0,CHI,Zonotrichia,albicollis,Passerellidae,10133,Yes,Forest,Lower
2012-10-27,17.0,CHI,Junco,hyemalis,Passerellidae,6303,Yes,Edge,Lower
2012-10-27,17.0,CHI,Junco,hyemalis,Passerellidae,6303,Yes,Edge,Lower
2012-10-27,17.0,CHI,Junco,hyemalis,Passerellidae,6303,Yes,Edge,Lower
2012-10-27,17.0,CHI,Junco,hyemalis,Passerellidae,6303,Yes,Edge,Lower
2012-10-27,17.0,CHI,Zonotrichia,leucophrys,Passerellidae,1090,Yes,Edge,Lower
2012-10-27,17.0,CHI,Junco,hyemalis,Passerellidae,6303,Yes,Edge,Lower
2012-10-27,17.0,CHI,Junco,hyemalis,Passerellidae,6303,Yes,Edge,Lower
2012-10-27,17.0,CHI,Catharus,guttatus,Turdidae,3729,Yes,Forest,Lower
2012-10-27,17.0,CHI,Junco,hyemalis,Passerellidae,6303,Yes,Edge,Lower
2012-10-27,17.0,CHI,Junco,hyemalis,Passerellidae,6303,Yes,Edge,Lower
2012-10-27,17.0,CHI,Junco,hyemalis,Passerellidae,6303,Yes,Edge,Lower
2012-10-27,17.0,CHI,Junco,hyemalis,Passerellidae,6303,Yes,Edge,Lower
2012-10-27,17.0,MP,Junco,hyemalis,Passerellidae,6303,Yes,Edge,Lower
2012-10-27,17.0,CHI,Regulus,calendula,Regulidae,416,No,Forest,Upper
2012-10-27,17.0,CHI,Zonotrichia,albicollis,Passerellidae,10133,Yes,Forest,Lower
2012-10-27,17.0,CHI,Regulus,calendula,Regulidae,416,No,Forest,Upper
2012-10-27,17.0,CHI,Junco,hyemalis,Passerellidae,6303,Yes,Edge,Lower
2012-10-27,17.0,CHI,Junco,hyemalis,Passerellidae,6303,Yes,Edge,Lower
2012-10-27,17.0,CHI,Junco,hyemalis,Passerellidae,6303,Yes,Edge,Lower
2012-10-27,17.0,CHI,Geothlypis,trichas,Parulidae,1555,Yes,Open,Lower
2012-10-27,17.0,MP,Junco,hyemalis,Passerellidae,6303,Yes,Edge,Lower
2012-10-27,17.0,CHI,Passerella,iliaca,Passerellidae,2443,Yes,Edge,Lower
2012-10-27,17.0,CHI,Zonotrichia,albicollis,Passerellidae,10133,Yes,Forest,Lower
2012-10-27,17.0,CHI,Junco,hyemalis,Passerellidae,6303,Yes,Edge,Lower
2012-10-27,17.0,CHI,Junco,hyemalis,Passerellidae,6303,Yes,Edge,Lower
2012-10-27,17.0,MP,Junco,hyemalis,Passerellidae,6303,Yes,Edge,Lower
2012-10-27,17.0,CHI,Passerella,iliaca,Passerellidae,2443,Yes,Edge,Lower
2012-10-27,17.0,MP,Junco,hyemalis,Passerellidae,6303,Yes,Edge,Lower
2012-10-27,17.0,MP,Junco,hyemalis,Passerellidae,6303,Yes,Edge,Lower
2012-10-27,17.0,CHI,troglodytes,hiemalis,Troglodytidae,474,No,Forest,Lower
2012-10-27,17.0,CHI,troglodytes,hiemalis,Troglodytidae,474,No,Forest,Lower
2012-10-27,17.0,CHI,Junco,hyemalis,Passerellidae,6303,Yes,Edge,Lower
2012-10-27,17.0,CHI,troglodytes,hiemalis,Troglodytidae,474,No,Forest,Lower
2012-10-27,17.0,MP,Junco,hyemalis,Passerellidae,6303,Yes,Edge,Lower
2012-10-27,17.0,CHI,Passerella,iliaca,Passerellidae,2443,Yes,Edge,Lower
2012-10-27,17.0,MP,Junco,hyemalis,Passerellidae,6303,Yes,Edge,Lower
2012-10-27,17.0,MP,Junco,hyemalis,Passerellidae,6303,Yes,Edge,Lower
2012-10-27,17.0,CHI,Zonotrichia,albicollis,Passerellidae,10133,Yes,Forest,Lower
2012-10-27,17.0,MP,Junco,hyemalis,Passerellidae,6303,Yes,Edge,Lower
2012-10-27,17.0,CHI,Zonotrichia,albicollis,Passerellidae,10133,Yes,Forest,Lower
2012-10-27,17.0,MP,Junco,hyemalis,Passerellidae,6303,Yes,Edge,Lower
2012-10-27,17.0,CHI,Junco,hyemalis,Passerellidae,6303,Yes,Edge,Lower
2012-10-27,17.0,CHI,Regulus,satrapa,Regulidae,1029,Yes,Forest,Upper
2012-10-27,17.0,CHI,Regulus,satrapa,Regulidae,1029,Yes,Forest,Upper
2012-10-27,17.0,MP,Junco,hyemalis,Passerellidae,6303,Yes,Edge,Lower
2012-10-27,17.0,CHI,Passerella,iliaca,Passerellidae,2443,Yes,Edge,Lower
2012-10-28,17.0,MP,Junco,hyemalis,Passerellidae,6303,Yes,Edge,Lower
2012-10-28,17.0,CHI,Junco,hyemalis,Passerellidae,6303,Yes,Edge,Lower
2012-10-28,17.0,CHI,Setophaga,coronata,Parulidae,887,yes,forest,Upper
2012-10-28,17.0,CHI,Passerella,iliaca,Passerellidae,2443,Yes,Edge,Lower
2012-10-28,17.0,CHI,Passerella,iliaca,Passerellidae,2443,Yes,Edge,Lower
2012-10-28,17.0,CHI,Passerella,iliaca,Passerellidae,2443,Yes,Edge,Lower
2012-10-28,17.0,CHI,Junco,hyemalis,Passerellidae,6303,Yes,Edge,Lower
2012-10-28,17.0,CHI,Junco,hyemalis,Passerellidae,6303,Yes,Edge,Lower
2012-10-28,17.0,CHI,Regulus,satrapa,Regulidae,1029,Yes,Forest,Upper
2012-10-28,17.0,CHI,Junco,hyemalis,Passerellidae,6303,Yes,Edge,Lower
2012-10-28,17.0,CHI,Junco,hyemalis,Passerellidae,6303,Yes,Edge,Lower
2012-10-28,17.0,CHI,Junco,hyemalis,Passerellidae,6303,Yes,Edge,Lower
2012-10-28,17.0,CHI,Regulus,satrapa,Regulidae,1029,Yes,Forest,Upper
2012-10-28,17.0,CHI,Regulus,satrapa,Regulidae,1029,Yes,Forest,Upper
2012-10-28,17.0,CHI,Regulus,calendula,Regulidae,416,No,Forest,Upper
2012-10-28,17.0,CHI,troglodytes,hiemalis,Troglodytidae,474,No,Forest,Lower
2012-10-28,17.0,CHI,Spizelloides,arborea,Passerellidae,1262,Yes,Edge,Lower
2012-10-28,17.0,CHI,Regulus,calendula,Regulidae,416,No,Forest,Upper
2012-10-28,17.0,CHI,Regulus,satrapa,Regulidae,1029,Yes,Forest,Upper
2012-10-28,17.0,CHI,troglodytes,hiemalis,Troglodytidae,474,No,Forest,Lower
2012-10-28,17.0,CHI,troglodytes,hiemalis,Troglodytidae,474,No,Forest,Lower
2012-10-28,17.0,CHI,Setophaga,magnolia,Parulidae,1224,yes,forest,Upper
2012-10-28,17.0,CHI,Melospiza,melodia,Passerellidae,5124,Yes,Edge,Lower
2012-10-29,17.0,CHI,Zonotrichia,albicollis,Passerellidae,10133,Yes,Forest,Lower
2012-10-29,17.0,CHI,Passerella,iliaca,Passerellidae,2443,Yes,Edge,Lower
2012-10-29,17.0,MP,Spizelloides,arborea,Passerellidae,1262,Yes,Edge,Lower
2012-10-29,17.0,CHI,Regulus,satrapa,Regulidae,1029,Yes,Forest,Upper
2012-10-29,17.0,CHI,Catharus,guttatus,Turdidae,3729,Yes,Forest,Lower
2012-10-29,17.0,CHI,Spizelloides,arborea,Passerellidae,1262,Yes,Edge,Lower
2012-10-29,17.0,CHI,Junco,hyemalis,Passerellidae,6303,Yes,Edge,Lower
2012-10-29,17.0,CHI,Junco,hyemalis,Passerellidae,6303,Yes,Edge,Lower
2012-10-29,17.0,CHI,troglodytes,hiemalis,Troglodytidae,474,No,Forest,Lower
2012-10-29,17.0,MP,Spizelloides,arborea,Passerellidae,1262,Yes,Edge,Lower
2012-10-29,17.0,MP,Junco,hyemalis,Passerellidae,6303,Yes,Edge,Lower
2012-10-30,17.0,MP,Junco,hyemalis,Passerellidae,6303,Yes,Edge,Lower
2012-10-30,17.0,CHI,Toxostoma,rufum,Mimidae,166,No,Edge,Lower
2012-10-30,17.0,MP,Junco,hyemalis,Passerellidae,6303,Yes,Edge,Lower
2012-10-30,17.0,CHI,Seiurus,aurocapilla,Parulidae,4580,Yes,Forest,Lower
2012-10-30,17.0,MP,Spizelloides,arborea,Passerellidae,1262,Yes,Edge,Lower
2012-10-30,17.0,MP,Spizelloides,arborea,Passerellidae,1262,Yes,Edge,Lower
2012-10-30,17.0,MP,Junco,hyemalis,Passerellidae,6303,Yes,Edge,Lower
2012-10-30,17.0,MP,Junco,hyemalis,Passerellidae,6303,Yes,Edge,Lower
2012-10-30,17.0,CHI,Junco,hyemalis,Passerellidae,6303,Yes,Edge,Lower
2012-10-30,17.0,CHI,Junco,hyemalis,Passerellidae,6303,Yes,Edge,Lower
2012-10-30,17.0,CHI,Junco,hyemalis,Passerellidae,6303,Yes,Edge,Lower
2012-10-30,17.0,CHI,Junco,hyemalis,Passerellidae,6303,Yes,Edge,Lower
2012-10-31,17.0,MP,Junco,hyemalis,Passerellidae,6303,Yes,Edge,Lower
2012-10-31,17.0,MP,Junco,hyemalis,Passerellidae,6303,Yes,Edge,Lower
2012-10-31,17.0,CHI,Junco,hyemalis,Passerellidae,6303,Yes,Edge,Lower
2012-10-31,17.0,MP,Junco,hyemalis,Passerellidae,6303,Yes,Edge,Lower
2012-10-31,17.0,MP,Junco,hyemalis,Passerellidae,6303,Yes,Edge,Lower
2012-10-31,17.0,MP,Junco,hyemalis,Passerellidae,6303,Yes,Edge,Lower
2012-10-31,17.0,CHI,Passerella,iliaca,Passerellidae,2443,Yes,Edge,Lower
2012-10-31,17.0,MP,Catharus,guttatus,Turdidae,3729,Yes,Forest,Lower
2012-11-01,17.0,MP,Catharus,guttatus,Turdidae,3729,Yes,Forest,Lower
2012-11-01,17.0,CHI,Junco,hyemalis,Passerellidae,6303,Yes,Edge,Lower
2012-11-01,17.0,MP,Junco,hyemalis,Passerellidae,6303,Yes,Edge,Lower
2012-11-01,17.0,CHI,Catharus,guttatus,Turdidae,3729,Yes,Forest,Lower
2012-11-02,14.0,CHI,Junco,hyemalis,Passerellidae,6303,Yes,Edge,Lower
2012-11-02,14.0,CHI,Spizelloides,arborea,Passerellidae,1262,Yes,Edge,Lower
2012-11-02,14.0,CHI,Regulus,calendula,Regulidae,416,No,Forest,Upper
2012-11-02,14.0,CHI,Regulus,calendula,Regulidae,416,No,Forest,Upper
2012-11-02,14.0,CHI,Junco,hyemalis,Passerellidae,6303,Yes,Edge,Lower
2012-11-02,14.0,CHI,Junco,hyemalis,Passerellidae,6303,Yes,Edge,Lower
2012-11-02,14.0,CHI,Junco,hyemalis,Passerellidae,6303,Yes,Edge,Lower
2012-11-02,14.0,MP,Junco,hyemalis,Passerellidae,6303,Yes,Edge,Lower
2012-11-02,14.0,CHI,Junco,hyemalis,Passerellidae,6303,Yes,Edge,Lower
2012-11-02,14.0,CHI,Junco,hyemalis,Passerellidae,6303,Yes,Edge,Lower
2012-11-03,14.0,CHI,Junco,hyemalis,Passerellidae,6303,Yes,Edge,Lower
2012-11-04,4.0,CHI,Junco,hyemalis,Passerellidae,6303,Yes,Edge,Lower
2012-11-04,4.0,CHI,Junco,hyemalis,Passerellidae,6303,Yes,Edge,Lower
2012-11-04,4.0,CHI,Junco,hyemalis,Passerellidae,6303,Yes,Edge,Lower
2012-11-04,4.0,CHI,Junco,hyemalis,Passerellidae,6303,Yes,Edge,Lower
2012-11-04,4.0,CHI,Junco,hyemalis,Passerellidae,6303,Yes,Edge,Lower
2012-11-04,4.0,CHI,Zonotrichia,albicollis,Passerellidae,10133,Yes,Forest,Lower
2012-11-04,4.0,CHI,Melospiza,melodia,Passerellidae,5124,Yes,Edge,Lower
2012-11-04,4.0,CHI,Junco,hyemalis,Passerellidae,6303,Yes,Edge,Lower
2012-11-04,4.0,CHI,Zonotrichia,albicollis,Passerellidae,10133,Yes,Forest,Lower
2012-11-04,4.0,CHI,Catharus,guttatus,Turdidae,3729,Yes,Forest,Lower
2012-11-05,7.0,CHI,Junco,hyemalis,Passerellidae,6303,Yes,Edge,Lower
2012-11-05,7.0,CHI,Regulus,satrapa,Regulidae,1029,Yes,Forest,Upper
2012-11-05,7.0,CHI,Passerella,iliaca,Passerellidae,2443,Yes,Edge,Lower
2012-11-05,7.0,MP,Junco,hyemalis,Passerellidae,6303,Yes,Edge,Lower
2012-11-05,7.0,CHI,Zonotrichia,albicollis,Passerellidae,10133,Yes,Forest,Lower
2012-11-05,7.0,CHI,Junco,hyemalis,Passerellidae,6303,Yes,Edge,Lower
2012-11-08,7.0,CHI,Regulus,calendula,Regulidae,416,No,Forest,Upper
2012-11-08,7.0,CHI,troglodytes,hiemalis,Troglodytidae,474,No,Forest,Lower
2012-11-08,7.0,CHI,Junco,hyemalis,Passerellidae,6303,Yes,Edge,Lower
2012-11-08,7.0,CHI,Zonotrichia,albicollis,Passerellidae,10133,Yes,Forest,Lower
2012-11-08,7.0,CHI,Junco,hyemalis,Passerellidae,6303,Yes,Edge,Lower
2012-11-09,7.0,CHI,Spizelloides,arborea,Passerellidae,1262,Yes,Edge,Lower
2012-11-09,7.0,CHI,Junco,hyemalis,Passerellidae,6303,Yes,Edge,Lower
2012-11-12,6.0,CHI,Junco,hyemalis,Passerellidae,6303,Yes,Edge,Lower
2012-11-12,6.0,CHI,Setophaga,coronata,Parulidae,887,yes,forest,Upper
2012-11-13,7.0,MP,Passerella,iliaca,Passerellidae,2443,Yes,Edge,Lower
2012-11-13,7.0,CHI,Passerella,iliaca,Passerellidae,2443,Yes,Edge,Lower
2012-11-14,7.0,MP,Junco,hyemalis,Passerellidae,6303,Yes,Edge,Lower
2012-11-14,7.0,MP,Spizelloides,arborea,Passerellidae,1262,Yes,Edge,Lower
2012-11-17,7.0,MP,Spizelloides,arborea,Passerellidae,1262,Yes,Edge,Lower
2012-11-17,7.0,MP,Junco,hyemalis,Passerellidae,6303,Yes,Edge,Lower
2012-11-18,7.0,MP,Spizelloides,arborea,Passerellidae,1262,Yes,Edge,Lower
2012-11-19,7.0,CHI,Junco,hyemalis,Passerellidae,6303,Yes,Edge,Lower
2012-11-21,7.0,CHI,Junco,hyemalis,Passerellidae,6303,Yes,Edge,Lower
2012-11-21,7.0,CHI,Junco,hyemalis,Passerellidae,6303,Yes,Edge,Lower
2012-11-21,7.0,CHI,Junco,hyemalis,Passerellidae,6303,Yes,Edge,Lower
2012-11-21,7.0,MP,Spizelloides,arborea,Passerellidae,1262,Yes,Edge,Lower
2012-11-21,7.0,MP,Spizelloides,arborea,Passerellidae,1262,Yes,Edge,Lower
2012-11-21,7.0,MP,Spizelloides,arborea,Passerellidae,1262,Yes,Edge,Lower
2012-11-21,7.0,CHI,Junco,hyemalis,Passerellidae,6303,Yes,Edge,Lower
2012-11-21,7.0,MP,Junco,hyemalis,Passerellidae,6303,Yes,Edge,Lower
2012-11-23,7.0,MP,Spizelloides,arborea,Passerellidae,1262,Yes,Edge,Lower
2012-11-23,7.0,MP,Spizelloides,arborea,Passerellidae,1262,Yes,Edge,Lower
2012-11-23,7.0,MP,Spizelloides,arborea,Passerellidae,1262,Yes,Edge,Lower
2012-11-23,7.0,MP,Spizelloides,arborea,Passerellidae,1262,Yes,Edge,Lower
2012-11-23,7.0,MP,Junco,hyemalis,Passerellidae,6303,Yes,Edge,Lower
2012-11-23,7.0,MP,Spizelloides,arborea,Passerellidae,1262,Yes,Edge,Lower
2012-11-24,7.0,CHI,Passerella,iliaca,Passerellidae,2443,Yes,Edge,Lower
2012-11-26,7.0,MP,Spizelloides,arborea,Passerellidae,1262,Yes,Edge,Lower
2012-11-26,7.0,CHI,Spizelloides,arborea,Passerellidae,1262,Yes,Edge,Lower
2012-11-26,7.0,CHI,Spizelloides,arborea,Passerellidae,1262,Yes,Edge,Lower
2012-11-26,7.0,MP,Spizelloides,arborea,Passerellidae,1262,Yes,Edge,Lower
2012-11-27,7.0,CHI,Zonotrichia,albicollis,Passerellidae,10133,Yes,Forest,Lower
2012-11-30,7.0,MP,Spizelloides,arborea,Passerellidae,1262,Yes,Edge,Lower
2012-11-30,7.0,CHI,Spizelloides,arborea,Passerellidae,1262,Yes,Edge,Lower
2013-03-11,14.0,MP,Melospiza,melodia,Passerellidae,5124,Yes,Edge,Lower
2013-03-11,14.0,MP,Melospiza,melodia,Passerellidae,5124,Yes,Edge,Lower
2013-03-12,12.0,MP,Junco,hyemalis,Passerellidae,6303,Yes,Edge,Lower
2013-03-15,11.0,CHI,Passerella,iliaca,Passerellidae,2443,Yes,Edge,Lower
2013-03-19,14.0,CHI,Melospiza,melodia,Passerellidae,5124,Yes,Edge,Lower
2013-03-30,4.0,CHI,Regulus,satrapa,Regulidae,1029,Yes,Forest,Upper
2013-03-30,4.0,CHI,Melospiza,melodia,Passerellidae,5124,Yes,Edge,Lower
2013-03-30,4.0,CHI,Melospiza,melodia,Passerellidae,5124,Yes,Edge,Lower
2013-03-31,4.0,CHI,Sturnella,magna,Icteridae,13,Yes,Open,Lower
2013-03-31,4.0,CHI,Melospiza,melodia,Passerellidae,5124,Yes,Edge,Lower
2013-03-31,4.0,CHI,Melospiza,melodia,Passerellidae,5124,Yes,Edge,Lower
2013-03-31,4.0,CHI,Junco,hyemalis,Passerellidae,6303,Yes,Edge,Lower
2013-03-31,4.0,CHI,Melospiza,melodia,Passerellidae,5124,Yes,Edge,Lower
2013-03-31,4.0,CHI,Junco,hyemalis,Passerellidae,6303,Yes,Edge,Lower
2013-03-31,4.0,CHI,Melospiza,melodia,Passerellidae,5124,Yes,Edge,Lower
2013-04-01,4.0,CHI,Melospiza,melodia,Passerellidae,5124,Yes,Edge,Lower
2013-04-03,4.0,CHI,Melospiza,melodia,Passerellidae,5124,Yes,Edge,Lower
2013-04-04,4.0,CHI,Junco,hyemalis,Passerellidae,6303,Yes,Edge,Lower
2013-04-04,4.0,CHI,Regulus,satrapa,Regulidae,1029,Yes,Forest,Upper
2013-04-04,4.0,CHI,Melospiza,melodia,Passerellidae,5124,Yes,Edge,Lower
2013-04-04,4.0,CHI,Regulus,satrapa,Regulidae,1029,Yes,Forest,Upper
2013-04-04,4.0,CHI,Melospiza,melodia,Passerellidae,5124,Yes,Edge,Lower
2013-04-04,4.0,CHI,Melospiza,melodia,Passerellidae,5124,Yes,Edge,Lower
2013-04-05,4.0,CHI,Junco,hyemalis,Passerellidae,6303,Yes,Edge,Lower
2013-04-05,4.0,CHI,Junco,hyemalis,Passerellidae,6303,Yes,Edge,Lower
2013-04-05,4.0,CHI,Catharus,guttatus,Turdidae,3729,Yes,Forest,Lower
2013-04-06,6.0,CHI,Regulus,satrapa,Regulidae,1029,Yes,Forest,Upper
2013-04-06,6.0,CHI,Junco,hyemalis,Passerellidae,6303,Yes,Edge,Lower
2013-04-06,6.0,CHI,Regulus,satrapa,Regulidae,1029,Yes,Forest,Upper
2013-04-06,6.0,CHI,Regulus,satrapa,Regulidae,1029,Yes,Forest,Upper
2013-04-06,6.0,CHI,Melospiza,melodia,Passerellidae,5124,Yes,Edge,Lower
2013-04-06,6.0,CHI,Melospiza,melodia,Passerellidae,5124,Yes,Edge,Lower
2013-04-06,6.0,CHI,Passerella,iliaca,Passerellidae,2443,Yes,Edge,Lower
2013-04-06,6.0,CHI,Passerella,iliaca,Passerellidae,2443,Yes,Edge,Lower
2013-04-06,6.0,CHI,Junco,hyemalis,Passerellidae,6303,Yes,Edge,Lower
2013-04-07,6.0,CHI,Passerella,iliaca,Passerellidae,2443,Yes,Edge,Lower
2013-04-07,6.0,CHI,Passerella,iliaca,Passerellidae,2443,Yes,Edge,Lower
2013-04-07,6.0,CHI,Passerella,iliaca,Passerellidae,2443,Yes,Edge,Lower
2013-04-07,6.0,CHI,Regulus,satrapa,Regulidae,1029,Yes,Forest,Upper
2013-04-07,6.0,CHI,Catharus,guttatus,Turdidae,3729,Yes,Forest,Lower
2013-04-07,6.0,CHI,Melospiza,melodia,Passerellidae,5124,Yes,Edge,Lower
2013-04-07,6.0,CHI,Junco,hyemalis,Passerellidae,6303,Yes,Edge,Lower
2013-04-07,6.0,CHI,Junco,hyemalis,Passerellidae,6303,Yes,Edge,Lower
2013-04-07,6.0,CHI,Junco,hyemalis,Passerellidae,6303,Yes,Edge,Lower
2013-04-07,6.0,CHI,Melospiza,melodia,Passerellidae,5124,Yes,Edge,Lower
2013-04-07,6.0,CHI,Junco,hyemalis,Passerellidae,6303,Yes,Edge,Lower
2013-04-07,6.0,CHI,Passerella,iliaca,Passerellidae,2443,Yes,Edge,Lower
2013-04-07,6.0,CHI,Catharus,guttatus,Turdidae,3729,Yes,Forest,Lower
2013-04-07,6.0,CHI,Melospiza,melodia,Passerellidae,5124,Yes,Edge,Lower
2013-04-07,6.0,CHI,Catharus,guttatus,Turdidae,3729,Yes,Forest,Lower
2013-04-07,6.0,CHI,Spizelloides,arborea,Passerellidae,1262,Yes,Edge,Lower
2013-04-07,6.0,CHI,Passerella,iliaca,Passerellidae,2443,Yes,Edge,Lower
2013-04-08,6.0,CHI,Regulus,satrapa,Regulidae,1029,Yes,Forest,Upper
2013-04-08,6.0,CHI,Junco,hyemalis,Passerellidae,6303,Yes,Edge,Lower
2013-04-08,6.0,CHI,Junco,hyemalis,Passerellidae,6303,Yes,Edge,Lower
2013-04-08,6.0,MP,Melospiza,melodia,Passerellidae,5124,Yes,Edge,Lower
2013-04-08,6.0,MP,Passerella,iliaca,Passerellidae,2443,Yes,Edge,Lower
2013-04-08,6.0,CHI,Catharus,guttatus,Turdidae,3729,Yes,Forest,Lower
2013-04-08,6.0,MP,Melospiza,melodia,Passerellidae,5124,Yes,Edge,Lower
2013-04-08,6.0,CHI,troglodytes,hiemalis,Troglodytidae,474,No,Forest,Lower
2013-04-08,6.0,MP,Passerella,iliaca,Passerellidae,2443,Yes,Edge,Lower
2013-04-08,6.0,CHI,Passerella,iliaca,Passerellidae,2443,Yes,Edge,Lower
2013-04-08,6.0,CHI,Passerella,iliaca,Passerellidae,2443,Yes,Edge,Lower
2013-04-09,4.0,CHI,Passerella,iliaca,Passerellidae,2443,Yes,Edge,Lower
2013-04-09,4.0,CHI,Setophaga,petechia,Parulidae,77,Yes,Edge,Upper
2013-04-09,4.0,CHI,Catharus,guttatus,Turdidae,3729,Yes,Forest,Lower
2013-04-09,4.0,CHI,Passerella,iliaca,Passerellidae,2443,Yes,Edge,Lower
2013-04-09,4.0,CHI,Passerella,iliaca,Passerellidae,2443,Yes,Edge,Lower
2013-04-09,4.0,CHI,troglodytes,hiemalis,Troglodytidae,474,No,Forest,Lower
2013-04-09,4.0,CHI,Spizelloides,arborea,Passerellidae,1262,Yes,Edge,Lower
2013-04-09,4.0,CHI,Melospiza,melodia,Passerellidae,5124,Yes,Edge,Lower
2013-04-09,4.0,CHI,Catharus,guttatus,Turdidae,3729,Yes,Forest,Lower
2013-04-09,4.0,CHI,Regulus,calendula,Regulidae,416,No,Forest,Upper
2013-04-09,4.0,MP,Junco,hyemalis,Passerellidae,6303,Yes,Edge,Lower
2013-04-09,4.0,CHI,Junco,hyemalis,Passerellidae,6303,Yes,Edge,Lower
2013-04-09,4.0,MP,Melospiza,melodia,Passerellidae,5124,Yes,Edge,Lower
2013-04-09,4.0,CHI,Regulus,satrapa,Regulidae,1029,Yes,Forest,Upper
2013-04-09,4.0,CHI,Junco,hyemalis,Passerellidae,6303,Yes,Edge,Lower
2013-04-09,4.0,CHI,Catharus,guttatus,Turdidae,3729,Yes,Forest,Lower
2013-04-09,4.0,CHI,Catharus,guttatus,Turdidae,3729,Yes,Forest,Lower
2013-04-09,4.0,CHI,Regulus,satrapa,Regulidae,1029,Yes,Forest,Upper
2013-04-09,4.0,CHI,Catharus,guttatus,Turdidae,3729,Yes,Forest,Lower
2013-04-09,4.0,CHI,Regulus,satrapa,Regulidae,1029,Yes,Forest,Upper
2013-04-09,4.0,CHI,Regulus,satrapa,Regulidae,1029,Yes,Forest,Upper
2013-04-09,4.0,CHI,Catharus,guttatus,Turdidae,3729,Yes,Forest,Lower
2013-04-09,4.0,CHI,Catharus,guttatus,Turdidae,3729,Yes,Forest,Lower
2013-04-09,4.0,CHI,Catharus,guttatus,Turdidae,3729,Yes,Forest,Lower
2013-04-10,4.0,MP,Regulus,satrapa,Regulidae,1029,Yes,Forest,Upper
2013-04-11,7.0,CHI,Junco,hyemalis,Passerellidae,6303,Yes,Edge,Lower
2013-04-11,7.0,CHI,troglodytes,hiemalis,Troglodytidae,474,No,Forest,Lower
2013-04-12,14.0,MP,Catharus,guttatus,Turdidae,3729,Yes,Forest,Lower
2013-04-12,14.0,MP,Melospiza,melodia,Passerellidae,5124,Yes,Edge,Lower
2013-04-12,14.0,MP,Catharus,guttatus,Turdidae,3729,Yes,Forest,Lower
2013-04-13,6.0,CHI,Regulus,satrapa,Regulidae,1029,Yes,Forest,Upper
2013-04-14,7.0,CHI,Melospiza,melodia,Passerellidae,5124,Yes,Edge,Lower
2013-04-14,7.0,CHI,Catharus,guttatus,Turdidae,3729,Yes,Forest,Lower
2013-04-14,7.0,CHI,Catharus,guttatus,Turdidae,3729,Yes,Forest,Lower
2013-04-14,7.0,CHI,Catharus,guttatus,Turdidae,3729,Yes,Forest,Lower
2013-04-14,7.0,CHI,Catharus,guttatus,Turdidae,3729,Yes,Forest,Lower
2013-04-14,7.0,CHI,Regulus,satrapa,Regulidae,1029,Yes,Forest,Upper
2013-04-14,7.0,CHI,Regulus,satrapa,Regulidae,1029,Yes,Forest,Upper
2013-04-14,7.0,CHI,Regulus,satrapa,Regulidae,1029,Yes,Forest,Upper
2013-04-14,7.0,CHI,Catharus,guttatus,Turdidae,3729,Yes,Forest,Lower
2013-04-14,7.0,CHI,Junco,hyemalis,Passerellidae,6303,Yes,Edge,Lower
2013-04-14,7.0,CHI,Catharus,guttatus,Turdidae,3729,Yes,Forest,Lower
2013-04-14,7.0,CHI,Catharus,guttatus,Turdidae,3729,Yes,Forest,Lower
2013-04-15,7.0,CHI,Junco,hyemalis,Passerellidae,6303,Yes,Edge,Lower
2013-04-15,7.0,CHI,Regulus,satrapa,Regulidae,1029,Yes,Forest,Upper
2013-04-15,7.0,CHI,Catharus,guttatus,Turdidae,3729,Yes,Forest,Lower
2013-04-15,7.0,CHI,Catharus,guttatus,Turdidae,3729,Yes,Forest,Lower
2013-04-15,7.0,CHI,Regulus,satrapa,Regulidae,1029,Yes,Forest,Upper
2013-04-15,7.0,CHI,Regulus,satrapa,Regulidae,1029,Yes,Forest,Upper
2013-04-15,7.0,CHI,Regulus,satrapa,Regulidae,1029,Yes,Forest,Upper
2013-04-15,7.0,CHI,Regulus,satrapa,Regulidae,1029,Yes,Forest,Upper
2013-04-15,7.0,CHI,Passerella,iliaca,Passerellidae,2443,Yes,Edge,Lower
2013-04-15,7.0,CHI,Parkesia,motacilla,Parulidae,15,Yes,Forest,Lower
2013-04-15,7.0,CHI,Regulus,calendula,Regulidae,416,No,Forest,Upper
2013-04-16,5.0,CHI,Zonotrichia,albicollis,Passerellidae,10133,Yes,Forest,Lower
2013-04-16,5.0,CHI,Sayornis,phoebe,Tyrannidae,24,No,Edge,Upper
2013-04-16,5.0,CHI,Zonotrichia,albicollis,Passerellidae,10133,Yes,Forest,Lower
2013-04-17,6.0,CHI,Regulus,satrapa,Regulidae,1029,Yes,Forest,Upper
2013-04-17,6.0,CHI,Regulus,satrapa,Regulidae,1029,Yes,Forest,Upper
2013-04-17,6.0,CHI,Pipilo,erythrophthalmus,Passerellidae,82,Rare,Edge,Lower
2013-04-17,6.0,CHI,Melospiza,melodia,Passerellidae,5124,Yes,Edge,Lower
2013-04-17,6.0,CHI,Melospiza,melodia,Passerellidae,5124,Yes,Edge,Lower
2013-04-17,6.0,CHI,Melospiza,melodia,Passerellidae,5124,Yes,Edge,Lower
2013-04-19,5.0,CHI,Toxostoma,rufum,Mimidae,166,No,Edge,Lower
2013-04-19,5.0,CHI,Zonotrichia,albicollis,Passerellidae,10133,Yes,Forest,Lower
2013-04-19,5.0,CHI,Catharus,guttatus,Turdidae,3729,Yes,Forest,Lower
2013-04-20,4.0,MP,Setophaga,coronata,Parulidae,887,yes,forest,Upper
2013-04-20,4.0,CHI,Junco,hyemalis,Passerellidae,6303,Yes,Edge,Lower
2013-04-20,4.0,MP,Passerella,iliaca,Passerellidae,2443,Yes,Edge,Lower
2013-04-21,4.0,CHI,Catharus,guttatus,Turdidae,3729,Yes,Forest,Lower
2013-04-21,4.0,CHI,Setophaga,coronata,Parulidae,887,yes,forest,Upper
2013-04-21,4.0,CHI,Melospiza,melodia,Passerellidae,5124,Yes,Edge,Lower
2013-04-23,4.0,CHI,Zonotrichia,albicollis,Passerellidae,10133,Yes,Forest,Lower
2013-04-23,4.0,CHI,Regulus,calendula,Regulidae,416,No,Forest,Upper
2013-04-23,4.0,CHI,Zonotrichia,albicollis,Passerellidae,10133,Yes,Forest,Lower
2013-04-23,4.0,CHI,Regulus,satrapa,Regulidae,1029,Yes,Forest,Upper
2013-04-23,4.0,CHI,Catharus,guttatus,Turdidae,3729,Yes,Forest,Lower
2013-04-23,4.0,CHI,Catharus,guttatus,Turdidae,3729,Yes,Forest,Lower
2013-04-23,4.0,CHI,Zonotrichia,albicollis,Passerellidae,10133,Yes,Forest,Lower
2013-04-24,4.0,CHI,Catharus,guttatus,Turdidae,3729,Yes,Forest,Lower
2013-04-24,4.0,CHI,Regulus,calendula,Regulidae,416,No,Forest,Upper
2013-04-24,4.0,CHI,Troglodytes,aedon,Troglodytidae,104,No,Edge,Lower
2013-04-25,4.0,CHI,Setophaga,coronata,Parulidae,887,yes,forest,Upper
2013-04-25,4.0,CHI,Zonotrichia,albicollis,Passerellidae,10133,Yes,Forest,Lower
2013-04-26,4.0,CHI,Zonotrichia,albicollis,Passerellidae,10133,Yes,Forest,Lower
2013-04-27,6.0,CHI,Zonotrichia,albicollis,Passerellidae,10133,Yes,Forest,Lower
2013-04-27,6.0,CHI,Regulus,calendula,Regulidae,416,No,Forest,Upper
2013-04-27,6.0,CHI,Zonotrichia,albicollis,Passerellidae,10133,Yes,Forest,Lower
2013-04-27,6.0,CHI,Ammodramus,savannarum,Passerellidae,106,Yes,Open,Lower
2013-04-27,6.0,CHI,Zonotrichia,albicollis,Passerellidae,10133,Yes,Forest,Lower
2013-04-28,6.0,CHI,Zonotrichia,albicollis,Passerellidae,10133,Yes,Forest,Lower
2013-04-28,6.0,CHI,Zonotrichia,albicollis,Passerellidae,10133,Yes,Forest,Lower
2013-04-28,6.0,CHI,Junco,hyemalis,Passerellidae,6303,Yes,Edge,Lower
2013-04-28,6.0,CHI,Seiurus,aurocapilla,Parulidae,4580,Yes,Forest,Lower
2013-04-28,6.0,CHI,Seiurus,aurocapilla,Parulidae,4580,Yes,Forest,Lower
2013-04-28,6.0,CHI,Zonotrichia,albicollis,Passerellidae,10133,Yes,Forest,Lower
2013-04-28,6.0,CHI,Catharus,guttatus,Turdidae,3729,Yes,Forest,Lower
2013-04-28,6.0,CHI,Regulus,calendula,Regulidae,416,No,Forest,Upper
2013-04-29,6.0,CHI,Polioptila,caerulea,Polioptilidae,6,No,Forest,Upper
2013-04-29,6.0,CHI,Zonotrichia,albicollis,Passerellidae,10133,Yes,Forest,Lower
2013-04-30,6.0,MP,Catharus,fuscescens,Turdidae,727,Yes,Forest,Lower
2013-04-30,6.0,CHI,Zonotrichia,albicollis,Passerellidae,10133,Yes,Forest,Lower
2013-04-30,6.0,MP,Seiurus,aurocapilla,Parulidae,4580,Yes,Forest,Lower
2013-04-30,6.0,CHI,Zonotrichia,albicollis,Passerellidae,10133,Yes,Forest,Lower
2013-04-30,6.0,CHI,Zonotrichia,albicollis,Passerellidae,10133,Yes,Forest,Lower
2013-04-30,6.0,CHI,Zonotrichia,albicollis,Passerellidae,10133,Yes,Forest,Lower
2013-04-30,6.0,CHI,Zonotrichia,albicollis,Passerellidae,10133,Yes,Forest,Lower
2013-04-30,6.0,CHI,Setophaga,pinus,Parulidae,49,Yes,Forest,Upper
2013-04-30,6.0,CHI,Zonotrichia,albicollis,Passerellidae,10133,Yes,Forest,Lower
2013-04-30,6.0,CHI,Zonotrichia,albicollis,Passerellidae,10133,Yes,Forest,Lower
2013-04-30,6.0,CHI,Spizella,passerina,Passerellidae,68,Yes,Edge,Lower
2013-04-30,6.0,CHI,Zonotrichia,albicollis,Passerellidae,10133,Yes,Forest,Lower
2013-05-01,6.0,CHI,Passerina,cyanea,Cardinalidae,725,yes,edge,Upper
2013-05-01,6.0,MP,Melospiza,lincolnii,Passerellidae,2029,yes,edge,Lower
2013-05-01,6.0,MP,Oreothlypis,peregrina,Parulidae,2515,Yes,Edge,Upper
2013-05-01,6.0,CHI,Zonotrichia,albicollis,Passerellidae,10133,Yes,Forest,Lower
2013-05-01,6.0,CHI,Setophaga,palmarum,Parulidae,694,Yes,Edge,Lower
2013-05-01,6.0,CHI,Oreothlypis,ruficapilla,Parulidae,1690,Yes,Forest,Upper
2013-05-01,6.0,CHI,Mniotilta,varia,Parulidae,620,Yes,Forest,Upper
2013-05-01,6.0,CHI,Myiarchus,crinitus,Tyrannidae,28,No,Edge,Upper
2013-05-02,6.0,CHI,Zonotrichia,albicollis,Passerellidae,10133,Yes,Forest,Lower
2013-05-02,6.0,CHI,Catharus,guttatus,Turdidae,3729,Yes,Forest,Lower
2013-05-02,6.0,CHI,Zonotrichia,albicollis,Passerellidae,10133,Yes,Forest,Lower
2013-05-02,6.0,CHI,Zonotrichia,albicollis,Passerellidae,10133,Yes,Forest,Lower
2013-05-02,6.0,CHI,catharus,ustulatus,Turdidae,2331,Yes,Forest,Lower
2013-05-02,6.0,CHI,Mniotilta,varia,Parulidae,620,Yes,Forest,Upper
2013-05-02,6.0,CHI,Zonotrichia,albicollis,Passerellidae,10133,Yes,Forest,Lower
2013-05-02,6.0,CHI,Zonotrichia,albicollis,Passerellidae,10133,Yes,Forest,Lower
2013-05-02,6.0,CHI,Zonotrichia,albicollis,Passerellidae,10133,Yes,Forest,Lower
2013-05-02,6.0,CHI,Seiurus,aurocapilla,Parulidae,4580,Yes,Forest,Lower
2013-05-02,6.0,CHI,Setophaga,striata,Parulidae,787,Yes,Forest,Upper
2013-05-02,6.0,CHI,Setophaga,palmarum,Parulidae,694,Yes,Edge,Lower
2013-05-02,6.0,CHI,Setophaga,palmarum,Parulidae,694,Yes,Edge,Lower
2013-05-02,6.0,CHI,Sitta,canadensis,Sittidae,260,Yes,Forest,Upper
2013-05-02,6.0,CHI,Seiurus,aurocapilla,Parulidae,4580,Yes,Forest,Lower
2013-05-02,6.0,CHI,Seiurus,aurocapilla,Parulidae,4580,Yes,Forest,Lower
2013-05-02,6.0,CHI,Setophaga,fusca,Parulidae,201,Yes,Forest,Upper
2013-05-02,6.0,CHI,catharus,ustulatus,Turdidae,2331,Yes,Forest,Lower
2013-05-02,6.0,CHI,Oreothlypis,ruficapilla,Parulidae,1690,Yes,Forest,Upper
2013-05-02,6.0,CHI,Zonotrichia,albicollis,Passerellidae,10133,Yes,Forest,Lower
2013-05-02,6.0,CHI,Zonotrichia,albicollis,Passerellidae,10133,Yes,Forest,Lower
2013-05-02,6.0,CHI,Zonotrichia,albicollis,Passerellidae,10133,Yes,Forest,Lower
2013-05-02,6.0,CHI,Zonotrichia,albicollis,Passerellidae,10133,Yes,Forest,Lower
2013-05-02,6.0,MP,Zonotrichia,albicollis,Passerellidae,10133,Yes,Forest,Lower
2013-05-02,6.0,CHI,Zonotrichia,albicollis,Passerellidae,10133,Yes,Forest,Lower
2013-05-02,6.0,CHI,Zonotrichia,albicollis,Passerellidae,10133,Yes,Forest,Lower
2013-05-02,6.0,CHI,Zonotrichia,albicollis,Passerellidae,10133,Yes,Forest,Lower
2013-05-02,6.0,CHI,Zonotrichia,albicollis,Passerellidae,10133,Yes,Forest,Lower
2013-05-02,6.0,CHI,Zonotrichia,albicollis,Passerellidae,10133,Yes,Forest,Lower
2013-05-02,6.0,CHI,Zonotrichia,albicollis,Passerellidae,10133,Yes,Forest,Lower
2013-05-02,6.0,CHI,Zonotrichia,albicollis,Passerellidae,10133,Yes,Forest,Lower
2013-05-02,6.0,CHI,Zonotrichia,albicollis,Passerellidae,10133,Yes,Forest,Lower
2013-05-02,6.0,CHI,Zonotrichia,albicollis,Passerellidae,10133,Yes,Forest,Lower
2013-05-02,6.0,CHI,Zonotrichia,albicollis,Passerellidae,10133,Yes,Forest,Lower
2013-05-02,6.0,CHI,Regulus,calendula,Regulidae,416,No,Forest,Upper
2013-05-02,6.0,CHI,Zonotrichia,albicollis,Passerellidae,10133,Yes,Forest,Lower
2013-05-02,6.0,CHI,Zonotrichia,albicollis,Passerellidae,10133,Yes,Forest,Lower
2013-05-02,6.0,CHI,Zonotrichia,albicollis,Passerellidae,10133,Yes,Forest,Lower
2013-05-02,6.0,CHI,Zonotrichia,albicollis,Passerellidae,10133,Yes,Forest,Lower
2013-05-02,6.0,CHI,Zonotrichia,albicollis,Passerellidae,10133,Yes,Forest,Lower
2013-05-03,6.0,CHI,Zonotrichia,albicollis,Passerellidae,10133,Yes,Forest,Lower
2013-05-03,6.0,CHI,Junco,hyemalis,Passerellidae,6303,Yes,Edge,Lower
2013-05-03,6.0,CHI,Zonotrichia,albicollis,Passerellidae,10133,Yes,Forest,Lower
2013-05-03,6.0,CHI,Oreothlypis,peregrina,Parulidae,2515,Yes,Edge,Upper
2013-05-05,4.0,CHI,Setophaga,pensylvanica,Parulidae,303,Yes,Edge,Upper
2013-05-05,4.0,CHI,Geothlypis,trichas,Parulidae,1555,Yes,Open,Lower
2013-05-05,4.0,CHI,Oreothlypis,peregrina,Parulidae,2515,Yes,Edge,Upper
2013-05-05,4.0,CHI,Seiurus,aurocapilla,Parulidae,4580,Yes,Forest,Lower
2013-05-05,4.0,CHI,Setophaga,pensylvanica,Parulidae,303,Yes,Edge,Upper
2013-05-05,4.0,CHI,Vermivora,cyanoptera,Parulidae,16,Yes,Edge,Upper
2013-05-05,4.0,CHI,Melospiza,lincolnii,Passerellidae,2029,yes,edge,Lower
2013-05-05,4.0,CHI,Pheucticus,ludovicianus,Cardinalidae,397,Yes,Forest,Upper
2013-05-05,4.0,CHI,Pheucticus,ludovicianus,Cardinalidae,397,Yes,Forest,Upper
2013-05-05,4.0,CHI,Passerina,cyanea,Cardinalidae,725,yes,edge,Upper
2013-05-05,4.0,CHI,Setophaga,fusca,Parulidae,201,Yes,Forest,Upper
2013-05-05,4.0,CHI,Setophaga,fusca,Parulidae,201,Yes,Forest,Upper
2013-05-05,4.0,CHI,Oreothlypis,peregrina,Parulidae,2515,Yes,Edge,Upper
2013-05-05,4.0,CHI,Setophaga,americana,Parulidae,59,Yes,Forest,Upper
2013-05-05,4.0,CHI,Pheucticus,ludovicianus,Cardinalidae,397,Yes,Forest,Upper
2013-05-05,4.0,CHI,Oreothlypis,ruficapilla,Parulidae,1690,Yes,Forest,Upper
2013-05-05,4.0,CHI,Setophaga,magnolia,Parulidae,1224,yes,forest,Upper
2013-05-05,4.0,CHI,Melospiza,lincolnii,Passerellidae,2029,yes,edge,Lower
2013-05-05,4.0,CHI,Zonotrichia,albicollis,Passerellidae,10133,Yes,Forest,Lower
2013-05-05,4.0,CHI,Icterus,galbula,Icteridae,83,Yes,Edge,Upper
2013-05-05,4.0,CHI,Parkesia,noveboracensis,Parulidae,916,Yes,Forest,Lower
2013-05-05,4.0,CHI,Zonotrichia,albicollis,Passerellidae,10133,Yes,Forest,Lower
2013-05-05,4.0,CHI,Zonotrichia,albicollis,Passerellidae,10133,Yes,Forest,Lower
2013-05-05,4.0,CHI,Hylocichla,mustelina,Turdidae,500,Yes,Forest,Lower
2013-05-05,4.0,CHI,Zonotrichia,albicollis,Passerellidae,10133,Yes,Forest,Lower
2013-05-05,4.0,CHI,Geothlypis,trichas,Parulidae,1555,Yes,Open,Lower
2013-05-05,4.0,CHI,Setophaga,palmarum,Parulidae,694,Yes,Edge,Lower
2013-05-05,4.0,CHI,Seiurus,aurocapilla,Parulidae,4580,Yes,Forest,Lower
2013-05-05,4.0,CHI,Zonotrichia,albicollis,Passerellidae,10133,Yes,Forest,Lower
2013-05-05,4.0,CHI,Seiurus,aurocapilla,Parulidae,4580,Yes,Forest,Lower
2013-05-05,4.0,CHI,Zonotrichia,albicollis,Passerellidae,10133,Yes,Forest,Lower
2013-05-05,4.0,CHI,Piranga,olivacea,Cardinalidae,127,Yes,Forest,Upper
2013-05-05,4.0,CHI,Zonotrichia,albicollis,Passerellidae,10133,Yes,Forest,Lower
2013-05-06,4.0,CHI,catharus,ustulatus,Turdidae,2331,Yes,Forest,Lower
2013-05-06,4.0,CHI,Junco,hyemalis,Passerellidae,6303,Yes,Edge,Lower
2013-05-07,4.0,CHI,Seiurus,aurocapilla,Parulidae,4580,Yes,Forest,Lower
2013-05-07,4.0,CHI,Hylocichla,mustelina,Turdidae,500,Yes,Forest,Lower
2013-05-07,4.0,CHI,Mniotilta,varia,Parulidae,620,Yes,Forest,Upper
2013-05-07,4.0,CHI,Melospiza,melodia,Passerellidae,5124,Yes,Edge,Lower
2013-05-07,4.0,CHI,Regulus,calendula,Regulidae,416,No,Forest,Upper
2013-05-07,4.0,CHI,Pheucticus,ludovicianus,Cardinalidae,397,Yes,Forest,Upper
2013-05-08,4.0,CHI,Zonotrichia,albicollis,Passerellidae,10133,Yes,Forest,Lower
2013-05-08,4.0,CHI,Piranga,olivacea,Cardinalidae,127,Yes,Forest,Upper
2013-05-08,4.0,CHI,Zonotrichia,albicollis,Passerellidae,10133,Yes,Forest,Lower
2013-05-08,4.0,CHI,Zonotrichia,albicollis,Passerellidae,10133,Yes,Forest,Lower
2013-05-08,4.0,CHI,Mniotilta,varia,Parulidae,620,Yes,Forest,Upper
2013-05-08,4.0,CHI,dumetella,carolinensis,Mimidae,599,no,edge,Lower
2013-05-08,4.0,CHI,Toxostoma,rufum,Mimidae,166,No,Edge,Lower
2013-05-08,4.0,CHI,Passerina,cyanea,Cardinalidae,725,yes,edge,Upper
2013-05-08,4.0,CHI,Regulus,calendula,Regulidae,416,No,Forest,Upper
2013-05-08,4.0,CHI,Setophaga,cerulea,Parulidae,3,Yes,Forest,Upper
2013-05-08,4.0,CHI,Passerina,cyanea,Cardinalidae,725,yes,edge,Upper
2013-05-08,4.0,CHI,Setophaga,coronata,Parulidae,887,yes,forest,Upper
2013-05-08,4.0,CHI,Sitta,canadensis,Sittidae,260,Yes,Forest,Upper
2013-05-09,4.0,CHI,Icterus,galbula,Icteridae,83,Yes,Edge,Upper
2013-05-09,4.0,CHI,Zonotrichia,albicollis,Passerellidae,10133,Yes,Forest,Lower
2013-05-09,4.0,CHI,Zonotrichia,albicollis,Passerellidae,10133,Yes,Forest,Lower
2013-05-09,4.0,CHI,Empidonax,minimus,Tyrannidae,96,No,Edge,Upper
2013-05-09,4.0,CHI,Pheucticus,ludovicianus,Cardinalidae,397,Yes,Forest,Upper
2013-05-09,4.0,CHI,Zonotrichia,albicollis,Passerellidae,10133,Yes,Forest,Lower
2013-05-09,4.0,CHI,Zonotrichia,albicollis,Passerellidae,10133,Yes,Forest,Lower
2013-05-09,4.0,CHI,Hylocichla,mustelina,Turdidae,500,Yes,Forest,Lower
2013-05-09,4.0,CHI,Zonotrichia,albicollis,Passerellidae,10133,Yes,Forest,Lower
2013-05-09,4.0,CHI,Zonotrichia,albicollis,Passerellidae,10133,Yes,Forest,Lower
2013-05-09,4.0,CHI,Zonotrichia,albicollis,Passerellidae,10133,Yes,Forest,Lower
2013-05-09,4.0,CHI,Zonotrichia,leucophrys,Passerellidae,1090,Yes,Edge,Lower
2013-05-09,4.0,CHI,Hylocichla,mustelina,Turdidae,500,Yes,Forest,Lower
2013-05-09,4.0,CHI,Melospiza,lincolnii,Passerellidae,2029,yes,edge,Lower
2013-05-09,4.0,CHI,Zonotrichia,albicollis,Passerellidae,10133,Yes,Forest,Lower
2013-05-10,4.0,CHI,Oreothlypis,ruficapilla,Parulidae,1690,Yes,Forest,Upper
2013-05-10,4.0,CHI,Seiurus,aurocapilla,Parulidae,4580,Yes,Forest,Lower
2013-05-10,4.0,CHI,Seiurus,aurocapilla,Parulidae,4580,Yes,Forest,Lower
2013-05-10,4.0,CHI,Seiurus,aurocapilla,Parulidae,4580,Yes,Forest,Lower
2013-05-10,4.0,CHI,Seiurus,aurocapilla,Parulidae,4580,Yes,Forest,Lower
2013-05-10,4.0,CHI,Passerina,cyanea,Cardinalidae,725,yes,edge,Upper
2013-05-10,4.0,CHI,Piranga,olivacea,Cardinalidae,127,Yes,Forest,Upper
2013-05-10,4.0,CHI,Seiurus,aurocapilla,Parulidae,4580,Yes,Forest,Lower
2013-05-10,4.0,CHI,Zonotrichia,albicollis,Passerellidae,10133,Yes,Forest,Lower
2013-05-10,4.0,CHI,Pheucticus,ludovicianus,Cardinalidae,397,Yes,Forest,Upper
2013-05-10,4.0,CHI,Zonotrichia,albicollis,Passerellidae,10133,Yes,Forest,Lower
2013-05-10,4.0,CHI,vireo,solitarius,Vireonidae,18,No,Forest,Upper
2013-05-10,4.0,CHI,Pheucticus,ludovicianus,Cardinalidae,397,Yes,Forest,Upper
2013-05-10,4.0,CHI,Oreothlypis,ruficapilla,Parulidae,1690,Yes,Forest,Upper
2013-05-10,4.0,CHI,Passerina,cyanea,Cardinalidae,725,yes,edge,Upper
2013-05-10,4.0,CHI,dumetella,carolinensis,Mimidae,599,no,edge,Lower
2013-05-10,4.0,CHI,Oreothlypis,peregrina,Parulidae,2515,Yes,Edge,Upper
2013-05-10,4.0,CHI,Seiurus,aurocapilla,Parulidae,4580,Yes,Forest,Lower
2013-05-10,4.0,CHI,Mniotilta,varia,Parulidae,620,Yes,Forest,Upper
2013-05-10,4.0,CHI,Parkesia,noveboracensis,Parulidae,916,Yes,Forest,Lower
2013-05-10,4.0,CHI,Seiurus,aurocapilla,Parulidae,4580,Yes,Forest,Lower
2013-05-10,4.0,CHI,Seiurus,aurocapilla,Parulidae,4580,Yes,Forest,Lower
2013-05-10,4.0,CHI,Seiurus,aurocapilla,Parulidae,4580,Yes,Forest,Lower
2013-05-10,4.0,CHI,Seiurus,aurocapilla,Parulidae,4580,Yes,Forest,Lower
2013-05-10,4.0,CHI,Seiurus,aurocapilla,Parulidae,4580,Yes,Forest,Lower
2013-05-10,4.0,CHI,Seiurus,aurocapilla,Parulidae,4580,Yes,Forest,Lower
2013-05-11,4.0,CHI,Zonotrichia,albicollis,Passerellidae,10133,Yes,Forest,Lower
2013-05-11,4.0,CHI,Zonotrichia,albicollis,Passerellidae,10133,Yes,Forest,Lower
2013-05-11,4.0,CHI,Piranga,olivacea,Cardinalidae,127,Yes,Forest,Upper
2013-05-11,4.0,CHI,Piranga,olivacea,Cardinalidae,127,Yes,Forest,Upper
2013-05-11,4.0,CHI,Seiurus,aurocapilla,Parulidae,4580,Yes,Forest,Lower
2013-05-11,4.0,CHI,Hylocichla,mustelina,Turdidae,500,Yes,Forest,Lower
2013-05-12,3.0,MP,Seiurus,aurocapilla,Parulidae,4580,Yes,Forest,Lower
2013-05-12,3.0,CHI,Seiurus,aurocapilla,Parulidae,4580,Yes,Forest,Lower
2013-05-12,3.0,CHI,Seiurus,aurocapilla,Parulidae,4580,Yes,Forest,Lower
2013-05-12,3.0,MP,Hylocichla,mustelina,Turdidae,500,Yes,Forest,Lower
2013-05-12,3.0,CHI,Seiurus,aurocapilla,Parulidae,4580,Yes,Forest,Lower
2013-05-12,3.0,CHI,Seiurus,aurocapilla,Parulidae,4580,Yes,Forest,Lower
2013-05-12,3.0,CHI,Setophaga,caerulescens,Parulidae,183,Yes,Forest,Upper
2013-05-12,3.0,CHI,Oreothlypis,ruficapilla,Parulidae,1690,Yes,Forest,Upper
2013-05-12,3.0,CHI,Seiurus,aurocapilla,Parulidae,4580,Yes,Forest,Lower
2013-05-12,3.0,MP,Seiurus,aurocapilla,Parulidae,4580,Yes,Forest,Lower
2013-05-12,3.0,CHI,Seiurus,aurocapilla,Parulidae,4580,Yes,Forest,Lower
2013-05-12,3.0,CHI,Seiurus,aurocapilla,Parulidae,4580,Yes,Forest,Lower
2013-05-12,3.0,CHI,Zonotrichia,albicollis,Passerellidae,10133,Yes,Forest,Lower
2013-05-12,3.0,CHI,Seiurus,aurocapilla,Parulidae,4580,Yes,Forest,Lower
2013-05-13,3.0,CHI,Zonotrichia,albicollis,Passerellidae,10133,Yes,Forest,Lower
2013-05-13,3.0,CHI,Hylocichla,mustelina,Turdidae,500,Yes,Forest,Lower
2013-05-13,3.0,CHI,Passerculus,sandwichensis,Passerellidae,274,yes,open,Lower	
2013-05-13,3.0,CHI,Setophaga,fusca,Parulidae,201,Yes,Forest,Upper
2013-05-13,3.0,CHI,Passerina,cyanea,Cardinalidae,725,yes,edge,Upper
2013-05-13,3.0,CHI,Seiurus,aurocapilla,Parulidae,4580,Yes,Forest,Lower
2013-05-13,3.0,CHI,Setophaga,magnolia,Parulidae,1224,yes,forest,Upper
2013-05-13,3.0,CHI,Mniotilta,varia,Parulidae,620,Yes,Forest,Upper
2013-05-13,3.0,CHI,Hylocichla,mustelina,Turdidae,500,Yes,Forest,Lower
2013-05-13,3.0,CHI,Mniotilta,varia,Parulidae,620,Yes,Forest,Upper
2013-05-13,3.0,MP,Pheucticus,ludovicianus,Cardinalidae,397,Yes,Forest,Upper
2013-05-13,3.0,CHI,Zonotrichia,albicollis,Passerellidae,10133,Yes,Forest,Lower
2013-05-13,3.0,CHI,Seiurus,aurocapilla,Parulidae,4580,Yes,Forest,Lower
2013-05-13,3.0,CHI,Seiurus,aurocapilla,Parulidae,4580,Yes,Forest,Lower
2013-05-13,3.0,CHI,Pheucticus,ludovicianus,Cardinalidae,397,Yes,Forest,Upper
2013-05-13,3.0,CHI,Mniotilta,varia,Parulidae,620,Yes,Forest,Upper
2013-05-13,3.0,CHI,Sitta,canadensis,Sittidae,260,Yes,Forest,Upper
2013-05-13,3.0,CHI,Zonotrichia,albicollis,Passerellidae,10133,Yes,Forest,Lower
2013-05-13,3.0,CHI,Piranga,olivacea,Cardinalidae,127,Yes,Forest,Upper
2013-05-13,3.0,CHI,Seiurus,aurocapilla,Parulidae,4580,Yes,Forest,Lower
2013-05-13,3.0,CHI,Zonotrichia,albicollis,Passerellidae,10133,Yes,Forest,Lower
2013-05-13,3.0,CHI,Seiurus,aurocapilla,Parulidae,4580,Yes,Forest,Lower
2013-05-13,3.0,CHI,Piranga,olivacea,Cardinalidae,127,Yes,Forest,Upper
2013-05-13,3.0,CHI,Seiurus,aurocapilla,Parulidae,4580,Yes,Forest,Lower
2013-05-13,3.0,CHI,dumetella,carolinensis,Mimidae,599,no,edge,Lower
2013-05-13,3.0,CHI,Seiurus,aurocapilla,Parulidae,4580,Yes,Forest,Lower
2013-05-13,3.0,CHI,Hylocichla,mustelina,Turdidae,500,Yes,Forest,Lower
2013-05-14,7.0,MP,Geothlypis,trichas,Parulidae,1555,Yes,Open,Lower
2013-05-14,7.0,MP,Oreothlypis,peregrina,Parulidae,2515,Yes,Edge,Upper
2013-05-14,7.0,MP,Melospiza,lincolnii,Passerellidae,2029,yes,edge,Lower
2013-05-14,7.0,CHI,Oreothlypis,peregrina,Parulidae,2515,Yes,Edge,Upper
2013-05-14,7.0,CHI,Oreothlypis,celata,Parulidae,227,Yes,Edge,Lower
2013-05-14,7.0,MP,Geothlypis,trichas,Parulidae,1555,Yes,Open,Lower
2013-05-14,7.0,MP,Geothlypis,trichas,Parulidae,1555,Yes,Open,Lower
2013-05-14,7.0,CHI,Parkesia,noveboracensis,Parulidae,916,Yes,Forest,Lower
2013-05-14,7.0,CHI,setophaga,ruticilla,Parulidae,868,Yes,Edge,Upper
2013-05-14,7.0,MP,Melospiza,lincolnii,Passerellidae,2029,yes,edge,Lower
2013-05-14,7.0,MP,Zonotrichia,albicollis,Passerellidae,10133,Yes,Forest,Lower
2013-05-14,7.0,CHI,Zonotrichia,albicollis,Passerellidae,10133,Yes,Forest,Lower
2013-05-14,7.0,MP,dumetella,carolinensis,Mimidae,599,no,edge,Lower
2013-05-14,7.0,CHI,dumetella,carolinensis,Mimidae,599,no,edge,Lower
2013-05-15,4.0,CHI,Seiurus,aurocapilla,Parulidae,4580,Yes,Forest,Lower
2013-05-15,4.0,CHI,Seiurus,aurocapilla,Parulidae,4580,Yes,Forest,Lower
2013-05-15,4.0,CHI,Seiurus,aurocapilla,Parulidae,4580,Yes,Forest,Lower
2013-05-15,4.0,CHI,Cardellina,canadensis,Parulidae,241,Yes,Forest,Lower
2013-05-15,4.0,CHI,Geothlypis,trichas,Parulidae,1555,Yes,Open,Lower
2013-05-15,4.0,CHI,Seiurus,aurocapilla,Parulidae,4580,Yes,Forest,Lower
2013-05-15,4.0,CHI,Seiurus,aurocapilla,Parulidae,4580,Yes,Forest,Lower
2013-05-15,4.0,CHI,Pheucticus,ludovicianus,Cardinalidae,397,Yes,Forest,Upper
2013-05-15,4.0,CHI,Pheucticus,ludovicianus,Cardinalidae,397,Yes,Forest,Upper
2013-05-15,4.0,CHI,Pheucticus,ludovicianus,Cardinalidae,397,Yes,Forest,Upper
2013-05-15,4.0,CHI,Geothlypis,trichas,Parulidae,1555,Yes,Open,Lower
2013-05-15,4.0,CHI,Geothlypis,trichas,Parulidae,1555,Yes,Open,Lower
2013-05-15,4.0,CHI,Geothlypis,trichas,Parulidae,1555,Yes,Open,Lower
2013-05-15,4.0,CHI,Seiurus,aurocapilla,Parulidae,4580,Yes,Forest,Lower
2013-05-15,4.0,CHI,Mniotilta,varia,Parulidae,620,Yes,Forest,Upper
2013-05-15,4.0,CHI,Mniotilta,varia,Parulidae,620,Yes,Forest,Upper
2013-05-15,4.0,CHI,Mniotilta,varia,Parulidae,620,Yes,Forest,Upper
2013-05-15,4.0,MP,Mniotilta,varia,Parulidae,620,Yes,Forest,Upper
2013-05-15,4.0,CHI,Cardellina,canadensis,Parulidae,241,Yes,Forest,Lower
2013-05-15,4.0,CHI,Zonotrichia,albicollis,Passerellidae,10133,Yes,Forest,Lower
2013-05-15,4.0,CHI,Geothlypis,trichas,Parulidae,1555,Yes,Open,Lower
2013-05-15,4.0,CHI,Parkesia,noveboracensis,Parulidae,916,Yes,Forest,Lower
2013-05-15,4.0,CHI,Zonotrichia,albicollis,Passerellidae,10133,Yes,Forest,Lower
2013-05-15,4.0,CHI,Zonotrichia,albicollis,Passerellidae,10133,Yes,Forest,Lower
2013-05-15,4.0,CHI,Zonotrichia,albicollis,Passerellidae,10133,Yes,Forest,Lower
2013-05-15,4.0,CHI,Seiurus,aurocapilla,Parulidae,4580,Yes,Forest,Lower
2013-05-15,4.0,CHI,Setophaga,magnolia,Parulidae,1224,yes,forest,Upper
2013-05-15,4.0,CHI,Seiurus,aurocapilla,Parulidae,4580,Yes,Forest,Lower
2013-05-15,4.0,CHI,Seiurus,aurocapilla,Parulidae,4580,Yes,Forest,Lower
2013-05-15,4.0,CHI,Seiurus,aurocapilla,Parulidae,4580,Yes,Forest,Lower
2013-05-15,4.0,CHI,Oreothlypis,ruficapilla,Parulidae,1690,Yes,Forest,Upper
2013-05-15,4.0,CHI,Zonotrichia,albicollis,Passerellidae,10133,Yes,Forest,Lower
2013-05-15,4.0,CHI,Catharus,minimus,Turdidae,822,Yes,Forest,Lower
2013-05-15,4.0,CHI,Parkesia,noveboracensis,Parulidae,916,Yes,Forest,Lower
2013-05-15,4.0,CHI,Parkesia,noveboracensis,Parulidae,916,Yes,Forest,Lower
2013-05-15,4.0,CHI,Parkesia,noveboracensis,Parulidae,916,Yes,Forest,Lower
2013-05-15,4.0,CHI,Parkesia,noveboracensis,Parulidae,916,Yes,Forest,Lower
2013-05-15,4.0,CHI,Parkesia,noveboracensis,Parulidae,916,Yes,Forest,Lower
2013-05-15,4.0,CHI,Parkesia,noveboracensis,Parulidae,916,Yes,Forest,Lower
2013-05-15,4.0,CHI,Parkesia,noveboracensis,Parulidae,916,Yes,Forest,Lower
2013-05-15,4.0,MP,Parkesia,noveboracensis,Parulidae,916,Yes,Forest,Lower
2013-05-15,4.0,MP,Parkesia,noveboracensis,Parulidae,916,Yes,Forest,Lower
2013-05-15,4.0,MP,Catharus,minimus,Turdidae,822,Yes,Forest,Lower
2013-05-15,4.0,CHI,Zonotrichia,albicollis,Passerellidae,10133,Yes,Forest,Lower
2013-05-15,4.0,CHI,Zonotrichia,albicollis,Passerellidae,10133,Yes,Forest,Lower
2013-05-15,4.0,CHI,Zonotrichia,albicollis,Passerellidae,10133,Yes,Forest,Lower
2013-05-15,4.0,CHI,Hylocichla,mustelina,Turdidae,500,Yes,Forest,Lower
2013-05-15,4.0,CHI,Seiurus,aurocapilla,Parulidae,4580,Yes,Forest,Lower
2013-05-15,4.0,CHI,Seiurus,aurocapilla,Parulidae,4580,Yes,Forest,Lower
2013-05-15,4.0,CHI,Seiurus,aurocapilla,Parulidae,4580,Yes,Forest,Lower
2013-05-15,4.0,CHI,Icterus,galbula,Icteridae,83,Yes,Edge,Upper
2013-05-15,4.0,CHI,Setophaga,magnolia,Parulidae,1224,yes,forest,Upper
2013-05-15,4.0,CHI,Setophaga,magnolia,Parulidae,1224,yes,forest,Upper
2013-05-15,4.0,CHI,Zonotrichia,albicollis,Passerellidae,10133,Yes,Forest,Lower
2013-05-15,4.0,CHI,Zonotrichia,albicollis,Passerellidae,10133,Yes,Forest,Lower
2013-05-15,4.0,CHI,Zonotrichia,albicollis,Passerellidae,10133,Yes,Forest,Lower
2013-05-15,4.0,CHI,Setophaga,pensylvanica,Parulidae,303,Yes,Edge,Upper
2013-05-15,4.0,CHI,Setophaga,pensylvanica,Parulidae,303,Yes,Edge,Upper
2013-05-15,4.0,MP,Zonotrichia,albicollis,Passerellidae,10133,Yes,Forest,Lower
2013-05-15,4.0,MP,Zonotrichia,albicollis,Passerellidae,10133,Yes,Forest,Lower
2013-05-15,4.0,CHI,Zonotrichia,albicollis,Passerellidae,10133,Yes,Forest,Lower
2013-05-15,4.0,MP,Zonotrichia,albicollis,Passerellidae,10133,Yes,Forest,Lower
2013-05-15,4.0,CHI,Zonotrichia,albicollis,Passerellidae,10133,Yes,Forest,Lower
2013-05-15,4.0,CHI,Zonotrichia,albicollis,Passerellidae,10133,Yes,Forest,Lower
2013-05-15,4.0,CHI,Setophaga,fusca,Parulidae,201,Yes,Forest,Upper
2013-05-15,4.0,CHI,Zonotrichia,albicollis,Passerellidae,10133,Yes,Forest,Lower
2013-05-15,4.0,CHI,cistothorus,palustris,Troglodytidae,91,No,Open,Lower
2013-05-15,4.0,MP,Parkesia,noveboracensis,Parulidae,916,Yes,Forest,Lower
2013-05-15,4.0,MP,Seiurus,aurocapilla,Parulidae,4580,Yes,Forest,Lower
2013-05-15,4.0,CHI,dumetella,carolinensis,Mimidae,599,no,edge,Lower
2013-05-15,4.0,CHI,Seiurus,aurocapilla,Parulidae,4580,Yes,Forest,Lower
2013-05-15,4.0,CHI,Seiurus,aurocapilla,Parulidae,4580,Yes,Forest,Lower
2013-05-15,4.0,CHI,Seiurus,aurocapilla,Parulidae,4580,Yes,Forest,Lower
2013-05-15,4.0,CHI,Seiurus,aurocapilla,Parulidae,4580,Yes,Forest,Lower
2013-05-15,4.0,CHI,Melospiza,lincolnii,Passerellidae,2029,yes,edge,Lower
2013-05-15,4.0,CHI,Melospiza,lincolnii,Passerellidae,2029,yes,edge,Lower
2013-05-15,4.0,CHI,Seiurus,aurocapilla,Parulidae,4580,Yes,Forest,Lower
2013-05-15,4.0,CHI,Seiurus,aurocapilla,Parulidae,4580,Yes,Forest,Lower
2013-05-15,4.0,CHI,Seiurus,aurocapilla,Parulidae,4580,Yes,Forest,Lower
2013-05-15,4.0,CHI,Seiurus,aurocapilla,Parulidae,4580,Yes,Forest,Lower
2013-05-15,4.0,CHI,Geothlypis,trichas,Parulidae,1555,Yes,Open,Lower
2013-05-15,4.0,CHI,Geothlypis,trichas,Parulidae,1555,Yes,Open,Lower
2013-05-15,4.0,CHI,Geothlypis,trichas,Parulidae,1555,Yes,Open,Lower
2013-05-15,4.0,CHI,setophaga,ruticilla,Parulidae,868,Yes,Edge,Upper
2013-05-15,4.0,CHI,setophaga,ruticilla,Parulidae,868,Yes,Edge,Upper
2013-05-15,4.0,CHI,Seiurus,aurocapilla,Parulidae,4580,Yes,Forest,Lower
2013-05-15,4.0,CHI,Seiurus,aurocapilla,Parulidae,4580,Yes,Forest,Lower
2013-05-15,4.0,CHI,Seiurus,aurocapilla,Parulidae,4580,Yes,Forest,Lower
2013-05-15,4.0,MP,Seiurus,aurocapilla,Parulidae,4580,Yes,Forest,Lower
2013-05-15,4.0,CHI,Zonotrichia,albicollis,Passerellidae,10133,Yes,Forest,Lower
2013-05-15,4.0,CHI,Seiurus,aurocapilla,Parulidae,4580,Yes,Forest,Lower
2013-05-15,4.0,CHI,Seiurus,aurocapilla,Parulidae,4580,Yes,Forest,Lower
2013-05-15,4.0,CHI,Piranga,olivacea,Cardinalidae,127,Yes,Forest,Upper
2013-05-15,4.0,CHI,Setophaga,magnolia,Parulidae,1224,yes,forest,Upper
2013-05-15,4.0,CHI,Seiurus,aurocapilla,Parulidae,4580,Yes,Forest,Lower
2013-05-15,4.0,CHI,Piranga,olivacea,Cardinalidae,127,Yes,Forest,Upper
2013-05-15,4.0,CHI,Oreothlypis,peregrina,Parulidae,2515,Yes,Edge,Upper
2013-05-15,4.0,CHI,Seiurus,aurocapilla,Parulidae,4580,Yes,Forest,Lower
2013-05-15,4.0,MP,Seiurus,aurocapilla,Parulidae,4580,Yes,Forest,Lower
2013-05-15,4.0,CHI,Seiurus,aurocapilla,Parulidae,4580,Yes,Forest,Lower
2013-05-15,4.0,CHI,Oreothlypis,peregrina,Parulidae,2515,Yes,Edge,Upper
2013-05-15,4.0,CHI,Seiurus,aurocapilla,Parulidae,4580,Yes,Forest,Lower
2013-05-15,4.0,CHI,Geothlypis,trichas,Parulidae,1555,Yes,Open,Lower
2013-05-15,4.0,CHI,Setophaga,palmarum,Parulidae,694,Yes,Edge,Lower
2013-05-15,4.0,CHI,Setophaga,palmarum,Parulidae,694,Yes,Edge,Lower
2013-05-15,4.0,CHI,Oreothlypis,ruficapilla,Parulidae,1690,Yes,Forest,Upper
2013-05-15,4.0,CHI,Setophaga,palmarum,Parulidae,694,Yes,Edge,Lower
2013-05-15,4.0,CHI,Zonotrichia,albicollis,Passerellidae,10133,Yes,Forest,Lower
2013-05-15,4.0,CHI,Setophaga,palmarum,Parulidae,694,Yes,Edge,Lower
2013-05-15,4.0,CHI,Setophaga,palmarum,Parulidae,694,Yes,Edge,Lower
2013-05-15,4.0,CHI,Oreothlypis,ruficapilla,Parulidae,1690,Yes,Forest,Upper
2013-05-15,4.0,MP,Geothlypis,trichas,Parulidae,1555,Yes,Open,Lower
2013-05-15,4.0,CHI,Setophaga,magnolia,Parulidae,1224,yes,forest,Upper
2013-05-15,4.0,CHI,Seiurus,aurocapilla,Parulidae,4580,Yes,Forest,Lower
2013-05-15,4.0,CHI,Zonotrichia,albicollis,Passerellidae,10133,Yes,Forest,Lower
2013-05-15,4.0,CHI,Seiurus,aurocapilla,Parulidae,4580,Yes,Forest,Lower
2013-05-16,4.0,MP,geothlypis,philadelphia,Parulidae,430,Yes,Edge,Lower
2013-05-16,4.0,CHI,Oreothlypis,ruficapilla,Parulidae,1690,Yes,Forest,Upper
2013-05-16,4.0,CHI,setophaga,ruticilla,Parulidae,868,Yes,Edge,Upper
2013-05-16,4.0,CHI,Hylocichla,mustelina,Turdidae,500,Yes,Forest,Lower
2013-05-16,4.0,CHI,Zonotrichia,albicollis,Passerellidae,10133,Yes,Forest,Lower
2013-05-16,4.0,CHI,Zonotrichia,albicollis,Passerellidae,10133,Yes,Forest,Lower
2013-05-16,4.0,CHI,Zonotrichia,albicollis,Passerellidae,10133,Yes,Forest,Lower
2013-05-16,4.0,CHI,Setophaga,magnolia,Parulidae,1224,yes,forest,Upper
2013-05-16,4.0,CHI,Catharus,fuscescens,Turdidae,727,Yes,Forest,Lower
2013-05-16,4.0,CHI,Zonotrichia,albicollis,Passerellidae,10133,Yes,Forest,Lower
2013-05-16,4.0,CHI,Geothlypis,trichas,Parulidae,1555,Yes,Open,Lower
2013-05-16,4.0,CHI,Pheucticus,ludovicianus,Cardinalidae,397,Yes,Forest,Upper
2013-05-16,4.0,CHI,Seiurus,aurocapilla,Parulidae,4580,Yes,Forest,Lower
2013-05-16,4.0,CHI,Cardellina,canadensis,Parulidae,241,Yes,Forest,Lower
2013-05-16,4.0,MP,Geothlypis,trichas,Parulidae,1555,Yes,Open,Lower
2013-05-16,4.0,CHI,Seiurus,aurocapilla,Parulidae,4580,Yes,Forest,Lower
2013-05-16,4.0,CHI,Seiurus,aurocapilla,Parulidae,4580,Yes,Forest,Lower
2013-05-16,4.0,CHI,Seiurus,aurocapilla,Parulidae,4580,Yes,Forest,Lower
2013-05-16,4.0,CHI,Seiurus,aurocapilla,Parulidae,4580,Yes,Forest,Lower
2013-05-16,4.0,CHI,Setophaga,pensylvanica,Parulidae,303,Yes,Edge,Upper
2013-05-16,4.0,CHI,Setophaga,pensylvanica,Parulidae,303,Yes,Edge,Upper
2013-05-16,4.0,CHI,Seiurus,aurocapilla,Parulidae,4580,Yes,Forest,Lower
2013-05-16,4.0,CHI,Seiurus,aurocapilla,Parulidae,4580,Yes,Forest,Lower
2013-05-16,4.0,CHI,Seiurus,aurocapilla,Parulidae,4580,Yes,Forest,Lower
2013-05-16,4.0,CHI,Seiurus,aurocapilla,Parulidae,4580,Yes,Forest,Lower
2013-05-16,4.0,CHI,Piranga,olivacea,Cardinalidae,127,Yes,Forest,Upper
2013-05-16,4.0,CHI,Parkesia,noveboracensis,Parulidae,916,Yes,Forest,Lower
2013-05-16,4.0,CHI,Piranga,olivacea,Cardinalidae,127,Yes,Forest,Upper
2013-05-16,4.0,CHI,Parkesia,noveboracensis,Parulidae,916,Yes,Forest,Lower
2013-05-16,4.0,CHI,dumetella,carolinensis,Mimidae,599,no,edge,Lower
2013-05-16,4.0,CHI,Mniotilta,varia,Parulidae,620,Yes,Forest,Upper
2013-05-16,4.0,CHI,Mniotilta,varia,Parulidae,620,Yes,Forest,Upper
2013-05-16,4.0,CHI,Mniotilta,varia,Parulidae,620,Yes,Forest,Upper
2013-05-16,4.0,CHI,dumetella,carolinensis,Mimidae,599,no,edge,Lower
2013-05-16,4.0,CHI,dumetella,carolinensis,Mimidae,599,no,edge,Lower
2013-05-17,4.0,CHI,Geothlypis,trichas,Parulidae,1555,Yes,Open,Lower
2013-05-17,4.0,CHI,Catharus,minimus,Turdidae,822,Yes,Forest,Lower
2013-05-17,4.0,CHI,Mniotilta,varia,Parulidae,620,Yes,Forest,Upper
2013-05-17,4.0,CHI,Zonotrichia,albicollis,Passerellidae,10133,Yes,Forest,Lower
2013-05-17,4.0,MP,dumetella,carolinensis,Mimidae,599,no,edge,Lower
2013-05-17,4.0,CHI,Geothlypis,trichas,Parulidae,1555,Yes,Open,Lower
2013-05-17,4.0,CHI,Seiurus,aurocapilla,Parulidae,4580,Yes,Forest,Lower
2013-05-17,4.0,CHI,Piranga,olivacea,Cardinalidae,127,Yes,Forest,Upper
2013-05-17,4.0,CHI,Setophaga,fusca,Parulidae,201,Yes,Forest,Upper
2013-05-17,4.0,CHI,catharus,ustulatus,Turdidae,2331,Yes,Forest,Lower
2013-05-17,4.0,CHI,Seiurus,aurocapilla,Parulidae,4580,Yes,Forest,Lower
2013-05-17,4.0,CHI,Hylocichla,mustelina,Turdidae,500,Yes,Forest,Lower
2013-05-17,4.0,CHI,Seiurus,aurocapilla,Parulidae,4580,Yes,Forest,Lower
2013-05-17,4.0,CHI,setophaga,ruticilla,Parulidae,868,Yes,Edge,Upper
2013-05-17,4.0,CHI,Oreothlypis,ruficapilla,Parulidae,1690,Yes,Forest,Upper
2013-05-17,4.0,CHI,Geothlypis,trichas,Parulidae,1555,Yes,Open,Lower
2013-05-17,4.0,CHI,Seiurus,aurocapilla,Parulidae,4580,Yes,Forest,Lower
2013-05-17,4.0,CHI,Geothlypis,trichas,Parulidae,1555,Yes,Open,Lower
2013-05-17,4.0,CHI,Geothlypis,trichas,Parulidae,1555,Yes,Open,Lower
2013-05-17,4.0,CHI,Geothlypis,trichas,Parulidae,1555,Yes,Open,Lower
2013-05-17,4.0,CHI,Zonotrichia,albicollis,Passerellidae,10133,Yes,Forest,Lower
2013-05-17,4.0,CHI,Seiurus,aurocapilla,Parulidae,4580,Yes,Forest,Lower
2013-05-18,6.0,CHI,Zonotrichia,albicollis,Passerellidae,10133,Yes,Forest,Lower
2013-05-18,6.0,CHI,Piranga,olivacea,Cardinalidae,127,Yes,Forest,Upper
2013-05-18,6.0,CHI,Setophaga,palmarum,Parulidae,694,Yes,Edge,Lower
2013-05-18,6.0,CHI,setophaga,ruticilla,Parulidae,868,Yes,Edge,Upper
2013-05-18,6.0,CHI,Melospiza,lincolnii,Passerellidae,2029,yes,edge,Lower
2013-05-18,6.0,CHI,Zonotrichia,albicollis,Passerellidae,10133,Yes,Forest,Lower
2013-05-18,6.0,CHI,setophaga,ruticilla,Parulidae,868,Yes,Edge,Upper
2013-05-18,6.0,CHI,Seiurus,aurocapilla,Parulidae,4580,Yes,Forest,Lower
2013-05-18,6.0,CHI,catharus,ustulatus,Turdidae,2331,Yes,Forest,Lower
2013-05-18,6.0,MP,Spizella,passerina,Passerellidae,68,Yes,Edge,Lower
2013-05-18,6.0,CHI,Passerina,cyanea,Cardinalidae,725,yes,edge,Upper
2013-05-18,6.0,CHI,Seiurus,aurocapilla,Parulidae,4580,Yes,Forest,Lower
2013-05-18,6.0,CHI,Setophaga,pensylvanica,Parulidae,303,Yes,Edge,Upper
2013-05-18,6.0,CHI,dumetella,carolinensis,Mimidae,599,no,edge,Lower
2013-05-18,6.0,CHI,dumetella,carolinensis,Mimidae,599,no,edge,Lower
2013-05-18,6.0,CHI,Seiurus,aurocapilla,Parulidae,4580,Yes,Forest,Lower
2013-05-18,6.0,CHI,Seiurus,aurocapilla,Parulidae,4580,Yes,Forest,Lower
2013-05-18,6.0,CHI,Seiurus,aurocapilla,Parulidae,4580,Yes,Forest,Lower
2013-05-18,6.0,CHI,Passerina,cyanea,Cardinalidae,725,yes,edge,Upper
2013-05-18,6.0,CHI,catharus,ustulatus,Turdidae,2331,Yes,Forest,Lower
2013-05-18,6.0,CHI,Passerina,cyanea,Cardinalidae,725,yes,edge,Upper
2013-05-18,6.0,CHI,Setophaga,coronata,Parulidae,887,yes,forest,Upper
2013-05-18,6.0,CHI,Passerina,cyanea,Cardinalidae,725,yes,edge,Upper
2013-05-18,6.0,CHI,Passerina,cyanea,Cardinalidae,725,yes,edge,Upper
2013-05-18,6.0,CHI,Seiurus,aurocapilla,Parulidae,4580,Yes,Forest,Lower
2013-05-18,6.0,CHI,Geothlypis,trichas,Parulidae,1555,Yes,Open,Lower
2013-05-18,6.0,CHI,Vermivora,chrysoptera,Parulidae,53,Yes,Edge,Upper
2013-05-18,6.0,CHI,Passerina,cyanea,Cardinalidae,725,yes,edge,Upper
2013-05-18,6.0,CHI,Passerina,cyanea,Cardinalidae,725,yes,edge,Upper
2013-05-19,6.0,CHI,Oreothlypis,ruficapilla,Parulidae,1690,Yes,Forest,Upper
2013-05-19,6.0,CHI,Passerina,cyanea,Cardinalidae,725,yes,edge,Upper
2013-05-19,6.0,CHI,Passerina,cyanea,Cardinalidae,725,yes,edge,Upper
2013-05-19,6.0,CHI,Zonotrichia,albicollis,Passerellidae,10133,Yes,Forest,Lower
2013-05-19,6.0,CHI,Zonotrichia,albicollis,Passerellidae,10133,Yes,Forest,Lower
2013-05-20,6.0,CHI,catharus,ustulatus,Turdidae,2331,Yes,Forest,Lower
2013-05-20,6.0,CHI,Zonotrichia,albicollis,Passerellidae,10133,Yes,Forest,Lower
2013-05-20,6.0,CHI,Melospiza,lincolnii,Passerellidae,2029,yes,edge,Lower
2013-05-20,6.0,CHI,Zonotrichia,albicollis,Passerellidae,10133,Yes,Forest,Lower
2013-05-20,6.0,CHI,Oreothlypis,peregrina,Parulidae,2515,Yes,Edge,Upper
2013-05-20,6.0,CHI,Setophaga,magnolia,Parulidae,1224,yes,forest,Upper
2013-05-20,6.0,CHI,Setophaga,magnolia,Parulidae,1224,yes,forest,Upper
2013-05-20,6.0,CHI,Setophaga,striata,Parulidae,787,Yes,Forest,Upper
2013-05-20,6.0,CHI,Mniotilta,varia,Parulidae,620,Yes,Forest,Upper
2013-05-20,6.0,CHI,Mniotilta,varia,Parulidae,620,Yes,Forest,Upper
2013-05-20,6.0,CHI,catharus,ustulatus,Turdidae,2331,Yes,Forest,Lower
2013-05-20,6.0,MP,Geothlypis,trichas,Parulidae,1555,Yes,Open,Lower
2013-05-20,6.0,CHI,Piranga,olivacea,Cardinalidae,127,Yes,Forest,Upper
2013-05-20,6.0,CHI,setophaga,ruticilla,Parulidae,868,Yes,Edge,Upper
2013-05-20,6.0,CHI,setophaga,ruticilla,Parulidae,868,Yes,Edge,Upper
2013-05-20,6.0,CHI,Setophaga,fusca,Parulidae,201,Yes,Forest,Upper
2013-05-20,6.0,CHI,Setophaga,fusca,Parulidae,201,Yes,Forest,Upper
2013-05-20,6.0,CHI,geothlypis,philadelphia,Parulidae,430,Yes,Edge,Lower
2013-05-20,6.0,CHI,dumetella,carolinensis,Mimidae,599,no,edge,Lower
2013-05-20,6.0,CHI,Geothlypis,trichas,Parulidae,1555,Yes,Open,Lower
2013-05-20,6.0,CHI,Cardellina,pusilla,Parulidae,185,Yes,Edge,Lower
2013-05-20,6.0,CHI,Setophaga,pensylvanica,Parulidae,303,Yes,Edge,Upper
2013-05-20,6.0,CHI,Passerina,cyanea,Cardinalidae,725,yes,edge,Upper
2013-05-20,6.0,CHI,Empidonax,flaviventris,Tyrannidae,68,No,Forest,Upper
2013-05-20,6.0,CHI,Passerina,cyanea,Cardinalidae,725,yes,edge,Upper
2013-05-20,6.0,CHI,Empidonax,flaviventris,Tyrannidae,68,No,Forest,Upper
2013-05-20,6.0,CHI,Cardellina,canadensis,Parulidae,241,Yes,Forest,Lower
2013-05-20,6.0,CHI,Cardellina,canadensis,Parulidae,241,Yes,Forest,Lower
2013-05-20,6.0,CHI,Cardellina,canadensis,Parulidae,241,Yes,Forest,Lower
2013-05-20,6.0,CHI,Cardellina,canadensis,Parulidae,241,Yes,Forest,Lower
2013-05-20,6.0,MP,Catharus,fuscescens,Turdidae,727,Yes,Forest,Lower
2013-05-20,6.0,CHI,Seiurus,aurocapilla,Parulidae,4580,Yes,Forest,Lower
2013-05-20,6.0,CHI,Setophaga,pensylvanica,Parulidae,303,Yes,Edge,Upper
2013-05-20,6.0,CHI,Catharus,fuscescens,Turdidae,727,Yes,Forest,Lower
2013-05-21,6.0,CHI,Seiurus,aurocapilla,Parulidae,4580,Yes,Forest,Lower
2013-05-21,6.0,CHI,Setophaga,pensylvanica,Parulidae,303,Yes,Edge,Upper
2013-05-21,6.0,CHI,Geothlypis,trichas,Parulidae,1555,Yes,Open,Lower
2013-05-21,6.0,CHI,catharus,ustulatus,Turdidae,2331,Yes,Forest,Lower
2013-05-21,6.0,CHI,Empidonax,minimus,Tyrannidae,96,No,Edge,Upper
2013-05-21,6.0,CHI,geothlypis,philadelphia,Parulidae,430,Yes,Edge,Lower
2013-05-21,6.0,CHI,Setophaga,striata,Parulidae,787,Yes,Forest,Upper
2013-05-21,6.0,CHI,Seiurus,aurocapilla,Parulidae,4580,Yes,Forest,Lower
2013-05-21,6.0,CHI,Vireo,olivaceus,Vireonidae,133,No,Forest,Upper
2013-05-21,6.0,CHI,Geothlypis,trichas,Parulidae,1555,Yes,Open,Lower
2013-05-21,6.0,CHI,Cardellina,canadensis,Parulidae,241,Yes,Forest,Lower
2013-05-21,6.0,CHI,Setophaga,fusca,Parulidae,201,Yes,Forest,Upper
2013-05-23,6.0,CHI,Setophaga,magnolia,Parulidae,1224,yes,forest,Upper
2013-05-23,6.0,CHI,Seiurus,aurocapilla,Parulidae,4580,Yes,Forest,Lower
2013-05-23,6.0,CHI,Geothlypis,trichas,Parulidae,1555,Yes,Open,Lower
2013-05-23,6.0,CHI,Oreothlypis,peregrina,Parulidae,2515,Yes,Edge,Upper
2013-05-23,6.0,CHI,Hylocichla,mustelina,Turdidae,500,Yes,Forest,Lower
2013-05-23,6.0,CHI,Seiurus,aurocapilla,Parulidae,4580,Yes,Forest,Lower
2013-05-23,6.0,CHI,Geothlypis,trichas,Parulidae,1555,Yes,Open,Lower
2013-05-23,6.0,CHI,Setophaga,magnolia,Parulidae,1224,yes,forest,Upper
2013-05-25,6.0,CHI,Setophaga,virens,Parulidae,223,Yes,Forest,Upper
2013-05-25,6.0,CHI,Mniotilta,varia,Parulidae,620,Yes,Forest,Upper
2013-05-25,6.0,CHI,Setophaga,fusca,Parulidae,201,Yes,Forest,Upper
2013-05-25,6.0,CHI,cistothorus,palustris,Troglodytidae,91,No,Open,Lower
2013-05-25,6.0,CHI,Catharus,minimus,Turdidae,822,Yes,Forest,Lower
2013-05-25,6.0,CHI,dumetella,carolinensis,Mimidae,599,no,edge,Lower
2013-05-26,6.0,CHI,Seiurus,aurocapilla,Parulidae,4580,Yes,Forest,Lower
2013-05-26,6.0,CHI,Setophaga,fusca,Parulidae,201,Yes,Forest,Upper
2013-05-26,6.0,CHI,Catharus,minimus,Turdidae,822,Yes,Forest,Lower
2013-05-27,6.0,CHI,Seiurus,aurocapilla,Parulidae,4580,Yes,Forest,Lower
2013-05-27,6.0,CHI,Seiurus,aurocapilla,Parulidae,4580,Yes,Forest,Lower
2013-05-27,6.0,CHI,catharus,ustulatus,Turdidae,2331,Yes,Forest,Lower
2013-08-22,17.0,CHI,Oreothlypis,peregrina,Parulidae,2515,Yes,Edge,Upper
2013-08-22,17.0,CHI,Parkesia,noveboracensis,Parulidae,916,Yes,Forest,Lower
2013-08-22,17.0,CHI,Setophaga,fusca,Parulidae,201,Yes,Forest,Upper
2013-08-22,17.0,CHI,Parkesia,noveboracensis,Parulidae,916,Yes,Forest,Lower
2013-08-23,17.0,MP,Parkesia,noveboracensis,Parulidae,916,Yes,Forest,Lower
2013-08-23,17.0,CHI,Cardellina,pusilla,Parulidae,185,Yes,Edge,Lower
2013-08-23,17.0,CHI,Parkesia,noveboracensis,Parulidae,916,Yes,Forest,Lower
2013-08-23,17.0,CHI,Parkesia,noveboracensis,Parulidae,916,Yes,Forest,Lower
2013-08-23,17.0,CHI,Parkesia,noveboracensis,Parulidae,916,Yes,Forest,Lower
2013-08-24,17.0,CHI,Cardellina,canadensis,Parulidae,241,Yes,Forest,Lower
2013-08-26,17.0,MP,Parkesia,noveboracensis,Parulidae,916,Yes,Forest,Lower
2013-08-26,17.0,MP,Seiurus,aurocapilla,Parulidae,4580,Yes,Forest,Lower
2013-08-26,17.0,MP,Mniotilta,varia,Parulidae,620,Yes,Forest,Upper
2013-08-26,17.0,CHI,Seiurus,aurocapilla,Parulidae,4580,Yes,Forest,Lower
2013-08-26,17.0,MP,Seiurus,aurocapilla,Parulidae,4580,Yes,Forest,Lower
2013-08-26,17.0,CHI,Mniotilta,varia,Parulidae,620,Yes,Forest,Upper
2013-08-27,17.0,CHI,Oreothlypis,peregrina,Parulidae,2515,Yes,Edge,Upper
2013-08-27,17.0,CHI,Oreothlypis,peregrina,Parulidae,2515,Yes,Edge,Upper
2013-08-27,17.0,CHI,setophaga,ruticilla,Parulidae,868,Yes,Edge,Upper
2013-08-27,17.0,CHI,Mniotilta,varia,Parulidae,620,Yes,Forest,Upper
2013-08-28,17.0,MP,Parkesia,noveboracensis,Parulidae,916,Yes,Forest,Lower
2013-08-28,17.0,CHI,Parkesia,noveboracensis,Parulidae,916,Yes,Forest,Lower
2013-08-28,17.0,CHI,setophaga,ruticilla,Parulidae,868,Yes,Edge,Upper
2013-08-28,17.0,CHI,Seiurus,aurocapilla,Parulidae,4580,Yes,Forest,Lower
2013-08-28,17.0,CHI,Cardellina,pusilla,Parulidae,185,Yes,Edge,Lower
2013-08-28,17.0,CHI,catharus,ustulatus,Turdidae,2331,Yes,Forest,Lower
2013-08-30,3.0,MP,catharus,ustulatus,Turdidae,2331,Yes,Forest,Lower
2013-08-30,3.0,CHI,Catharus,fuscescens,Turdidae,727,Yes,Forest,Lower
2013-08-30,3.0,CHI,catharus,ustulatus,Turdidae,2331,Yes,Forest,Lower
2013-08-30,3.0,MP,Seiurus,aurocapilla,Parulidae,4580,Yes,Forest,Lower
2013-08-30,3.0,CHI,Seiurus,aurocapilla,Parulidae,4580,Yes,Forest,Lower
2013-08-30,3.0,CHI,Mniotilta,varia,Parulidae,620,Yes,Forest,Upper
2013-08-30,3.0,CHI,Mniotilta,varia,Parulidae,620,Yes,Forest,Upper
2013-08-31,3.0,CHI,Catharus,minimus,Turdidae,822,Yes,Forest,Lower
2013-08-31,3.0,CHI,Setophaga,tigrina,Parulidae,182,Yes,Forest,Upper
2013-08-31,3.0,CHI,Oreothlypis,ruficapilla,Parulidae,1690,Yes,Forest,Upper
2013-08-31,3.0,CHI,Parkesia,noveboracensis,Parulidae,916,Yes,Forest,Lower
2013-08-31,3.0,CHI,catharus,ustulatus,Turdidae,2331,Yes,Forest,Lower
2013-08-31,3.0,CHI,catharus,ustulatus,Turdidae,2331,Yes,Forest,Lower
2013-08-31,3.0,CHI,catharus,ustulatus,Turdidae,2331,Yes,Forest,Lower
2013-09-01,3.0,CHI,Cardellina,pusilla,Parulidae,185,Yes,Edge,Lower
2013-09-01,3.0,CHI,setophaga,ruticilla,Parulidae,868,Yes,Edge,Upper
2013-09-01,3.0,CHI,Setophaga,tigrina,Parulidae,182,Yes,Forest,Upper
2013-09-01,3.0,CHI,Zonotrichia,albicollis,Passerellidae,10133,Yes,Forest,Lower
2013-09-01,3.0,CHI,geothlypis,philadelphia,Parulidae,430,Yes,Edge,Lower
2013-09-01,3.0,CHI,Parkesia,noveboracensis,Parulidae,916,Yes,Forest,Lower
2013-09-01,3.0,CHI,Setophaga,tigrina,Parulidae,182,Yes,Forest,Upper
2013-09-01,3.0,CHI,setophaga,ruticilla,Parulidae,868,Yes,Edge,Upper
2013-09-01,3.0,CHI,Setophaga,virens,Parulidae,223,Yes,Forest,Upper
2013-09-02,3.0,CHI,Setophaga,fusca,Parulidae,201,Yes,Forest,Upper
2013-09-02,3.0,CHI,setophaga,ruticilla,Parulidae,868,Yes,Edge,Upper
2013-09-02,3.0,CHI,catharus,ustulatus,Turdidae,2331,Yes,Forest,Lower
2013-09-02,3.0,CHI,geothlypis,philadelphia,Parulidae,430,Yes,Edge,Lower
2013-09-02,3.0,CHI,Catharus,fuscescens,Turdidae,727,Yes,Forest,Lower
2013-09-02,3.0,CHI,catharus,ustulatus,Turdidae,2331,Yes,Forest,Lower
2013-09-02,3.0,CHI,Setophaga,magnolia,Parulidae,1224,yes,forest,Upper
2013-09-02,3.0,CHI,catharus,ustulatus,Turdidae,2331,Yes,Forest,Lower
2013-09-02,3.0,CHI,Setophaga,magnolia,Parulidae,1224,yes,forest,Upper
2013-09-02,3.0,CHI,catharus,ustulatus,Turdidae,2331,Yes,Forest,Lower
2013-09-02,3.0,CHI,Setophaga,tigrina,Parulidae,182,Yes,Forest,Upper
2013-09-02,3.0,CHI,catharus,ustulatus,Turdidae,2331,Yes,Forest,Lower
2013-09-02,3.0,CHI,Parkesia,noveboracensis,Parulidae,916,Yes,Forest,Lower
2013-09-02,3.0,CHI,Parkesia,noveboracensis,Parulidae,916,Yes,Forest,Lower
2013-09-02,3.0,CHI,catharus,ustulatus,Turdidae,2331,Yes,Forest,Lower
2013-09-02,3.0,CHI,catharus,ustulatus,Turdidae,2331,Yes,Forest,Lower
2013-09-03,3.0,CHI,catharus,ustulatus,Turdidae,2331,Yes,Forest,Lower
2013-09-03,3.0,CHI,catharus,ustulatus,Turdidae,2331,Yes,Forest,Lower
2013-09-03,3.0,MP,Setophaga,tigrina,Parulidae,182,Yes,Forest,Upper
2013-09-03,3.0,CHI,catharus,ustulatus,Turdidae,2331,Yes,Forest,Lower
2013-09-03,3.0,CHI,catharus,ustulatus,Turdidae,2331,Yes,Forest,Lower
2013-09-03,3.0,CHI,Seiurus,aurocapilla,Parulidae,4580,Yes,Forest,Lower
2013-09-03,3.0,CHI,Oreothlypis,peregrina,Parulidae,2515,Yes,Edge,Upper
2013-09-03,3.0,CHI,catharus,ustulatus,Turdidae,2331,Yes,Forest,Lower
2013-09-03,3.0,CHI,Oreothlypis,peregrina,Parulidae,2515,Yes,Edge,Upper
2013-09-03,3.0,CHI,Oreothlypis,peregrina,Parulidae,2515,Yes,Edge,Upper
2013-09-03,3.0,CHI,Seiurus,aurocapilla,Parulidae,4580,Yes,Forest,Lower
2013-09-03,3.0,CHI,Seiurus,aurocapilla,Parulidae,4580,Yes,Forest,Lower
2013-09-03,3.0,CHI,Catharus,minimus,Turdidae,822,Yes,Forest,Lower
2013-09-03,3.0,CHI,Setophaga,magnolia,Parulidae,1224,yes,forest,Upper
2013-09-03,3.0,CHI,Seiurus,aurocapilla,Parulidae,4580,Yes,Forest,Lower
2013-09-03,3.0,CHI,Setophaga,striata,Parulidae,787,Yes,Forest,Upper
2013-09-03,3.0,CHI,catharus,ustulatus,Turdidae,2331,Yes,Forest,Lower
2013-09-03,3.0,CHI,catharus,ustulatus,Turdidae,2331,Yes,Forest,Lower
2013-09-03,3.0,CHI,catharus,ustulatus,Turdidae,2331,Yes,Forest,Lower
2013-09-03,3.0,CHI,Cardellina,pusilla,Parulidae,185,Yes,Edge,Lower
2013-09-03,3.0,CHI,Parkesia,noveboracensis,Parulidae,916,Yes,Forest,Lower
2013-09-03,3.0,CHI,Setophaga,fusca,Parulidae,201,Yes,Forest,Upper
2013-09-03,3.0,CHI,setophaga,ruticilla,Parulidae,868,Yes,Edge,Upper
2013-09-03,3.0,CHI,Cardellina,pusilla,Parulidae,185,Yes,Edge,Lower
2013-09-03,3.0,CHI,Cardellina,pusilla,Parulidae,185,Yes,Edge,Lower
2013-09-03,3.0,CHI,Cardellina,canadensis,Parulidae,241,Yes,Forest,Lower
2013-09-03,3.0,CHI,Setophaga,fusca,Parulidae,201,Yes,Forest,Upper
2013-09-03,3.0,CHI,Oporornis,agilis,Parulidae,365,Yes,Forest,Lower
2013-09-03,3.0,CHI,Oporornis,agilis,Parulidae,365,Yes,Forest,Lower
2013-09-03,3.0,CHI,Catharus,fuscescens,Turdidae,727,Yes,Forest,Lower
2013-09-04,14.0,MP,Seiurus,aurocapilla,Parulidae,4580,Yes,Forest,Lower
2013-09-04,14.0,CHI,Oreothlypis,peregrina,Parulidae,2515,Yes,Edge,Upper
2013-09-04,14.0,CHI,Seiurus,aurocapilla,Parulidae,4580,Yes,Forest,Lower
2013-09-04,14.0,CHI,Oreothlypis,peregrina,Parulidae,2515,Yes,Edge,Upper
2013-09-04,14.0,MP,catharus,ustulatus,Turdidae,2331,Yes,Forest,Lower
2013-09-04,14.0,CHI,Seiurus,aurocapilla,Parulidae,4580,Yes,Forest,Lower
2013-09-04,14.0,CHI,catharus,ustulatus,Turdidae,2331,Yes,Forest,Lower
2013-09-04,14.0,CHI,catharus,ustulatus,Turdidae,2331,Yes,Forest,Lower
2013-09-04,14.0,CHI,Seiurus,aurocapilla,Parulidae,4580,Yes,Forest,Lower
2013-09-04,14.0,CHI,catharus,ustulatus,Turdidae,2331,Yes,Forest,Lower
2013-09-04,14.0,MP,Seiurus,aurocapilla,Parulidae,4580,Yes,Forest,Lower
2013-09-04,14.0,CHI,Setophaga,fusca,Parulidae,201,Yes,Forest,Upper
2013-09-04,14.0,CHI,Mniotilta,varia,Parulidae,620,Yes,Forest,Upper
2013-09-04,14.0,MP,catharus,ustulatus,Turdidae,2331,Yes,Forest,Lower
2013-09-04,14.0,CHI,Setophaga,fusca,Parulidae,201,Yes,Forest,Upper
2013-09-04,14.0,CHI,catharus,ustulatus,Turdidae,2331,Yes,Forest,Lower
2013-09-04,14.0,CHI,setophaga,ruticilla,Parulidae,868,Yes,Edge,Upper
2013-09-04,14.0,CHI,catharus,ustulatus,Turdidae,2331,Yes,Forest,Lower
2013-09-04,14.0,CHI,catharus,ustulatus,Turdidae,2331,Yes,Forest,Lower
2013-09-04,14.0,MP,Seiurus,aurocapilla,Parulidae,4580,Yes,Forest,Lower
2013-09-04,14.0,CHI,Setophaga,fusca,Parulidae,201,Yes,Forest,Upper
2013-09-04,14.0,CHI,Setophaga,magnolia,Parulidae,1224,yes,forest,Upper
2013-09-04,14.0,CHI,setophaga,ruticilla,Parulidae,868,Yes,Edge,Upper
2013-09-04,14.0,CHI,Oreothlypis,peregrina,Parulidae,2515,Yes,Edge,Upper
2013-09-04,14.0,CHI,setophaga,ruticilla,Parulidae,868,Yes,Edge,Upper
2013-09-04,14.0,CHI,Setophaga,striata,Parulidae,787,Yes,Forest,Upper
2013-09-04,14.0,MP,Setophaga,striata,Parulidae,787,Yes,Forest,Upper
2013-09-04,14.0,CHI,Setophaga,striata,Parulidae,787,Yes,Forest,Upper
2013-09-04,14.0,MP,Contopus,virens,Tyrannidae,70,No,Forest,Upper
2013-09-04,14.0,MP,Setophaga,striata,Parulidae,787,Yes,Forest,Upper
2013-09-04,14.0,CHI,Oreothlypis,peregrina,Parulidae,2515,Yes,Edge,Upper
2013-09-04,14.0,MP,Oreothlypis,peregrina,Parulidae,2515,Yes,Edge,Upper
2013-09-04,14.0,CHI,Oreothlypis,peregrina,Parulidae,2515,Yes,Edge,Upper
2013-09-04,14.0,CHI,Oreothlypis,peregrina,Parulidae,2515,Yes,Edge,Upper
2013-09-04,14.0,CHI,Oreothlypis,peregrina,Parulidae,2515,Yes,Edge,Upper
2013-09-04,14.0,CHI,Oreothlypis,peregrina,Parulidae,2515,Yes,Edge,Upper
2013-09-04,14.0,CHI,Oreothlypis,peregrina,Parulidae,2515,Yes,Edge,Upper
2013-09-04,14.0,MP,Parkesia,noveboracensis,Parulidae,916,Yes,Forest,Lower
2013-09-04,14.0,CHI,Oreothlypis,peregrina,Parulidae,2515,Yes,Edge,Upper
2013-09-04,14.0,CHI,catharus,ustulatus,Turdidae,2331,Yes,Forest,Lower
2013-09-04,14.0,CHI,Setophaga,striata,Parulidae,787,Yes,Forest,Upper
2013-09-04,14.0,CHI,Oreothlypis,peregrina,Parulidae,2515,Yes,Edge,Upper
2013-09-04,14.0,CHI,setophaga,ruticilla,Parulidae,868,Yes,Edge,Upper
2013-09-04,14.0,CHI,Oreothlypis,peregrina,Parulidae,2515,Yes,Edge,Upper
2013-09-05,14.0,CHI,catharus,ustulatus,Turdidae,2331,Yes,Forest,Lower
2013-09-05,14.0,CHI,catharus,ustulatus,Turdidae,2331,Yes,Forest,Lower
2013-09-05,14.0,CHI,Parkesia,noveboracensis,Parulidae,916,Yes,Forest,Lower
2013-09-05,14.0,CHI,Cardellina,canadensis,Parulidae,241,Yes,Forest,Lower
2013-09-05,14.0,CHI,Setophaga,striata,Parulidae,787,Yes,Forest,Upper
2013-09-05,14.0,CHI,catharus,ustulatus,Turdidae,2331,Yes,Forest,Lower
2013-09-05,14.0,CHI,Setophaga,tigrina,Parulidae,182,Yes,Forest,Upper
2013-09-05,14.0,MP,Oreothlypis,peregrina,Parulidae,2515,Yes,Edge,Upper
2013-09-05,14.0,CHI,catharus,ustulatus,Turdidae,2331,Yes,Forest,Lower
2013-09-05,14.0,CHI,catharus,ustulatus,Turdidae,2331,Yes,Forest,Lower
2013-09-05,14.0,CHI,Oreothlypis,peregrina,Parulidae,2515,Yes,Edge,Upper
2013-09-05,14.0,CHI,Seiurus,aurocapilla,Parulidae,4580,Yes,Forest,Lower
2013-09-05,14.0,CHI,Empidonax,flaviventris,Tyrannidae,68,No,Forest,Upper
2013-09-05,14.0,CHI,catharus,ustulatus,Turdidae,2331,Yes,Forest,Lower
2013-09-05,14.0,CHI,catharus,ustulatus,Turdidae,2331,Yes,Forest,Lower
2013-09-05,14.0,CHI,Catharus,minimus,Turdidae,822,Yes,Forest,Lower
2013-09-05,14.0,CHI,Seiurus,aurocapilla,Parulidae,4580,Yes,Forest,Lower
2013-09-05,14.0,CHI,Catharus,minimus,Turdidae,822,Yes,Forest,Lower
2013-09-05,14.0,CHI,Mniotilta,varia,Parulidae,620,Yes,Forest,Upper
2013-09-05,14.0,MP,Catharus,fuscescens,Turdidae,727,Yes,Forest,Lower
2013-09-05,14.0,CHI,Setophaga,pensylvanica,Parulidae,303,Yes,Edge,Upper
2013-09-05,14.0,CHI,Seiurus,aurocapilla,Parulidae,4580,Yes,Forest,Lower
2013-09-05,14.0,CHI,Vireo,olivaceus,Vireonidae,133,No,Forest,Upper
2013-09-05,14.0,CHI,catharus,ustulatus,Turdidae,2331,Yes,Forest,Lower
2013-09-05,14.0,CHI,Catharus,fuscescens,Turdidae,727,Yes,Forest,Lower
2013-09-05,14.0,CHI,catharus,ustulatus,Turdidae,2331,Yes,Forest,Lower
2013-09-05,14.0,CHI,Catharus,fuscescens,Turdidae,727,Yes,Forest,Lower
2013-09-05,14.0,CHI,Cardellina,pusilla,Parulidae,185,Yes,Edge,Lower
2013-09-05,14.0,CHI,catharus,ustulatus,Turdidae,2331,Yes,Forest,Lower
2013-09-05,14.0,CHI,Setophaga,caerulescens,Parulidae,183,Yes,Forest,Upper
2013-09-05,14.0,MP,catharus,ustulatus,Turdidae,2331,Yes,Forest,Lower
2013-09-05,14.0,CHI,Setophaga,palmarum,Parulidae,694,Yes,Edge,Lower
2013-09-06,14.0,CHI,Seiurus,aurocapilla,Parulidae,4580,Yes,Forest,Lower
2013-09-06,14.0,MP,Oreothlypis,ruficapilla,Parulidae,1690,Yes,Forest,Upper
2013-09-06,14.0,CHI,Setophaga,caerulescens,Parulidae,183,Yes,Forest,Upper
2013-09-06,14.0,CHI,Oreothlypis,ruficapilla,Parulidae,1690,Yes,Forest,Upper
2013-09-06,14.0,CHI,Oreothlypis,ruficapilla,Parulidae,1690,Yes,Forest,Upper
2013-09-06,14.0,CHI,Setophaga,magnolia,Parulidae,1224,yes,forest,Upper
2013-09-06,14.0,MP,setophaga,ruticilla,Parulidae,868,Yes,Edge,Upper
2013-09-06,14.0,MP,Icterus,galbula,Icteridae,83,Yes,Edge,Upper
2013-09-06,14.0,CHI,dumetella,carolinensis,Mimidae,599,no,edge,Lower
2013-09-06,14.0,MP,Catharus,fuscescens,Turdidae,727,Yes,Forest,Lower
2013-09-06,14.0,MP,Setophaga,striata,Parulidae,787,Yes,Forest,Upper
2013-09-06,14.0,CHI,Catharus,minimus,Turdidae,822,Yes,Forest,Lower
2013-09-07,14.0,MP,catharus,ustulatus,Turdidae,2331,Yes,Forest,Lower
2013-09-07,14.0,MP,catharus,ustulatus,Turdidae,2331,Yes,Forest,Lower
2013-09-07,14.0,CHI,Oreothlypis,ruficapilla,Parulidae,1690,Yes,Forest,Upper
2013-09-07,14.0,CHI,Setophaga,castanea,Parulidae,287,Yes,Forest,Upper
2013-09-07,14.0,MP,Seiurus,aurocapilla,Parulidae,4580,Yes,Forest,Lower
2013-09-07,14.0,MP,Seiurus,aurocapilla,Parulidae,4580,Yes,Forest,Lower
2013-09-07,14.0,CHI,Seiurus,aurocapilla,Parulidae,4580,Yes,Forest,Lower
2013-09-07,14.0,CHI,Seiurus,aurocapilla,Parulidae,4580,Yes,Forest,Lower
2013-09-07,14.0,CHI,Cardellina,canadensis,Parulidae,241,Yes,Forest,Lower
2013-09-08,14.0,CHI,Catharus,minimus,Turdidae,822,Yes,Forest,Lower
2013-09-08,14.0,CHI,Seiurus,aurocapilla,Parulidae,4580,Yes,Forest,Lower
2013-09-08,14.0,CHI,setophaga,ruticilla,Parulidae,868,Yes,Edge,Upper
2013-09-08,14.0,CHI,Catharus,minimus,Turdidae,822,Yes,Forest,Lower
2013-09-08,14.0,CHI,Catharus,minimus,Turdidae,822,Yes,Forest,Lower
2013-09-08,14.0,CHI,catharus,ustulatus,Turdidae,2331,Yes,Forest,Lower
2013-09-08,14.0,CHI,catharus,ustulatus,Turdidae,2331,Yes,Forest,Lower
2013-09-08,14.0,CHI,catharus,ustulatus,Turdidae,2331,Yes,Forest,Lower
2013-09-08,14.0,CHI,catharus,ustulatus,Turdidae,2331,Yes,Forest,Lower
2013-09-08,14.0,CHI,catharus,ustulatus,Turdidae,2331,Yes,Forest,Lower
2013-09-08,14.0,CHI,Setophaga,magnolia,Parulidae,1224,yes,forest,Upper
2013-09-08,14.0,CHI,Oreothlypis,ruficapilla,Parulidae,1690,Yes,Forest,Upper
2013-09-09,16.0,CHI,geothlypis,philadelphia,Parulidae,430,Yes,Edge,Lower
2013-09-09,16.0,CHI,Oreothlypis,ruficapilla,Parulidae,1690,Yes,Forest,Upper
2013-09-09,16.0,CHI,Cardellina,pusilla,Parulidae,185,Yes,Edge,Lower
2013-09-09,16.0,CHI,Oreothlypis,ruficapilla,Parulidae,1690,Yes,Forest,Upper
2013-09-09,16.0,CHI,Oreothlypis,ruficapilla,Parulidae,1690,Yes,Forest,Upper
2013-09-09,16.0,CHI,Oreothlypis,peregrina,Parulidae,2515,Yes,Edge,Upper
2013-09-09,16.0,CHI,Oporornis,agilis,Parulidae,365,Yes,Forest,Lower
2013-09-09,16.0,CHI,Parkesia,noveboracensis,Parulidae,916,Yes,Forest,Lower
2013-09-09,16.0,CHI,Mniotilta,varia,Parulidae,620,Yes,Forest,Upper
2013-09-09,16.0,CHI,catharus,ustulatus,Turdidae,2331,Yes,Forest,Lower
2013-09-09,16.0,CHI,Setophaga,magnolia,Parulidae,1224,yes,forest,Upper
2013-09-09,16.0,CHI,catharus,ustulatus,Turdidae,2331,Yes,Forest,Lower
2013-09-10,16.0,CHI,Setophaga,striata,Parulidae,787,Yes,Forest,Upper
2013-09-10,16.0,MP,Seiurus,aurocapilla,Parulidae,4580,Yes,Forest,Lower
2013-09-10,16.0,MP,catharus,ustulatus,Turdidae,2331,Yes,Forest,Lower
2013-09-10,16.0,CHI,Seiurus,aurocapilla,Parulidae,4580,Yes,Forest,Lower
2013-09-10,16.0,CHI,setophaga,ruticilla,Parulidae,868,Yes,Edge,Upper
2013-09-10,16.0,CHI,Parkesia,noveboracensis,Parulidae,916,Yes,Forest,Lower
2013-09-10,16.0,CHI,Seiurus,aurocapilla,Parulidae,4580,Yes,Forest,Lower
2013-09-10,16.0,CHI,Oreothlypis,peregrina,Parulidae,2515,Yes,Edge,Upper
2013-09-10,16.0,MP,Oreothlypis,peregrina,Parulidae,2515,Yes,Edge,Upper
2013-09-10,16.0,CHI,Oreothlypis,peregrina,Parulidae,2515,Yes,Edge,Upper
2013-09-10,16.0,CHI,Setophaga,magnolia,Parulidae,1224,yes,forest,Upper
2013-09-10,16.0,CHI,Setophaga,magnolia,Parulidae,1224,yes,forest,Upper
2013-09-10,16.0,CHI,Oreothlypis,peregrina,Parulidae,2515,Yes,Edge,Upper
2013-09-10,16.0,CHI,Catharus,minimus,Turdidae,822,Yes,Forest,Lower
2013-09-10,16.0,CHI,Parkesia,noveboracensis,Parulidae,916,Yes,Forest,Lower
2013-09-11,16.0,CHI,Setophaga,pensylvanica,Parulidae,303,Yes,Edge,Upper
2013-09-11,16.0,CHI,setophaga,ruticilla,Parulidae,868,Yes,Edge,Upper
2013-09-11,16.0,CHI,setophaga,ruticilla,Parulidae,868,Yes,Edge,Upper
2013-09-11,16.0,CHI,Mniotilta,varia,Parulidae,620,Yes,Forest,Upper
2013-09-11,16.0,CHI,setophaga,ruticilla,Parulidae,868,Yes,Edge,Upper
2013-09-11,16.0,CHI,setophaga,ruticilla,Parulidae,868,Yes,Edge,Upper
2013-09-11,16.0,CHI,setophaga,ruticilla,Parulidae,868,Yes,Edge,Upper
2013-09-11,16.0,CHI,Mniotilta,varia,Parulidae,620,Yes,Forest,Upper
2013-09-11,16.0,CHI,Setophaga,pensylvanica,Parulidae,303,Yes,Edge,Upper
2013-09-11,16.0,CHI,Setophaga,pensylvanica,Parulidae,303,Yes,Edge,Upper
2013-09-11,16.0,CHI,setophaga,ruticilla,Parulidae,868,Yes,Edge,Upper
2013-09-11,16.0,CHI,setophaga,ruticilla,Parulidae,868,Yes,Edge,Upper
2013-09-11,16.0,CHI,Seiurus,aurocapilla,Parulidae,4580,Yes,Forest,Lower
2013-09-11,16.0,CHI,setophaga,ruticilla,Parulidae,868,Yes,Edge,Upper
2013-09-11,16.0,CHI,Setophaga,striata,Parulidae,787,Yes,Forest,Upper
2013-09-11,16.0,CHI,Mniotilta,varia,Parulidae,620,Yes,Forest,Upper
2013-09-11,16.0,CHI,Oporornis,agilis,Parulidae,365,Yes,Forest,Lower
2013-09-11,16.0,CHI,setophaga,ruticilla,Parulidae,868,Yes,Edge,Upper
2013-09-11,16.0,CHI,setophaga,ruticilla,Parulidae,868,Yes,Edge,Upper
2013-09-11,16.0,CHI,setophaga,ruticilla,Parulidae,868,Yes,Edge,Upper
2013-09-11,16.0,CHI,Setophaga,striata,Parulidae,787,Yes,Forest,Upper
2013-09-11,16.0,CHI,setophaga,ruticilla,Parulidae,868,Yes,Edge,Upper
2013-09-11,16.0,CHI,setophaga,ruticilla,Parulidae,868,Yes,Edge,Upper
2013-09-11,16.0,CHI,setophaga,ruticilla,Parulidae,868,Yes,Edge,Upper
2013-09-11,16.0,CHI,setophaga,ruticilla,Parulidae,868,Yes,Edge,Upper
2013-09-11,16.0,CHI,Seiurus,aurocapilla,Parulidae,4580,Yes,Forest,Lower
2013-09-11,16.0,CHI,Seiurus,aurocapilla,Parulidae,4580,Yes,Forest,Lower
2013-09-11,16.0,MP,Oporornis,agilis,Parulidae,365,Yes,Forest,Lower
2013-09-11,16.0,CHI,Seiurus,aurocapilla,Parulidae,4580,Yes,Forest,Lower
2013-09-11,16.0,CHI,Setophaga,pensylvanica,Parulidae,303,Yes,Edge,Upper
2013-09-11,16.0,CHI,Setophaga,striata,Parulidae,787,Yes,Forest,Upper
2013-09-11,16.0,CHI,Mniotilta,varia,Parulidae,620,Yes,Forest,Upper
2013-09-11,16.0,CHI,Mniotilta,varia,Parulidae,620,Yes,Forest,Upper
2013-09-11,16.0,CHI,Seiurus,aurocapilla,Parulidae,4580,Yes,Forest,Lower
2013-09-11,16.0,CHI,Seiurus,aurocapilla,Parulidae,4580,Yes,Forest,Lower
2013-09-11,16.0,MP,Seiurus,aurocapilla,Parulidae,4580,Yes,Forest,Lower
2013-09-11,16.0,CHI,Setophaga,virens,Parulidae,223,Yes,Forest,Upper
2013-09-11,16.0,CHI,Seiurus,aurocapilla,Parulidae,4580,Yes,Forest,Lower
2013-09-11,16.0,CHI,Seiurus,aurocapilla,Parulidae,4580,Yes,Forest,Lower
2013-09-11,16.0,MP,Seiurus,aurocapilla,Parulidae,4580,Yes,Forest,Lower
2013-09-11,16.0,CHI,Seiurus,aurocapilla,Parulidae,4580,Yes,Forest,Lower
2013-09-11,16.0,CHI,Seiurus,aurocapilla,Parulidae,4580,Yes,Forest,Lower
2013-09-11,16.0,CHI,Seiurus,aurocapilla,Parulidae,4580,Yes,Forest,Lower
2013-09-11,16.0,CHI,Seiurus,aurocapilla,Parulidae,4580,Yes,Forest,Lower
2013-09-11,16.0,CHI,Seiurus,aurocapilla,Parulidae,4580,Yes,Forest,Lower
2013-09-11,16.0,CHI,Seiurus,aurocapilla,Parulidae,4580,Yes,Forest,Lower
2013-09-11,16.0,CHI,Setophaga,striata,Parulidae,787,Yes,Forest,Upper
2013-09-11,16.0,CHI,setophaga,ruticilla,Parulidae,868,Yes,Edge,Upper
2013-09-11,16.0,CHI,setophaga,ruticilla,Parulidae,868,Yes,Edge,Upper
2013-09-11,16.0,CHI,Oreothlypis,peregrina,Parulidae,2515,Yes,Edge,Upper
2013-09-11,16.0,CHI,Setophaga,castanea,Parulidae,287,Yes,Forest,Upper
2013-09-11,16.0,CHI,Setophaga,magnolia,Parulidae,1224,yes,forest,Upper
2013-09-11,16.0,CHI,Setophaga,magnolia,Parulidae,1224,yes,forest,Upper
2013-09-11,16.0,CHI,Setophaga,magnolia,Parulidae,1224,yes,forest,Upper
2013-09-11,16.0,CHI,Vermivora,cyanoptera,Parulidae,16,Yes,Edge,Upper
2013-09-11,16.0,CHI,Oreothlypis,peregrina,Parulidae,2515,Yes,Edge,Upper
2013-09-11,16.0,CHI,Oreothlypis,peregrina,Parulidae,2515,Yes,Edge,Upper
2013-09-11,16.0,CHI,Oreothlypis,peregrina,Parulidae,2515,Yes,Edge,Upper
2013-09-11,16.0,CHI,Oreothlypis,peregrina,Parulidae,2515,Yes,Edge,Upper
2013-09-11,16.0,CHI,Oreothlypis,peregrina,Parulidae,2515,Yes,Edge,Upper
2013-09-11,16.0,CHI,Oreothlypis,peregrina,Parulidae,2515,Yes,Edge,Upper
2013-09-11,16.0,CHI,Setophaga,fusca,Parulidae,201,Yes,Forest,Upper
2013-09-11,16.0,CHI,Oreothlypis,peregrina,Parulidae,2515,Yes,Edge,Upper
2013-09-11,16.0,CHI,Setophaga,magnolia,Parulidae,1224,yes,forest,Upper
2013-09-11,16.0,CHI,Oreothlypis,peregrina,Parulidae,2515,Yes,Edge,Upper
2013-09-11,16.0,CHI,Oreothlypis,peregrina,Parulidae,2515,Yes,Edge,Upper
2013-09-11,16.0,MP,Oreothlypis,peregrina,Parulidae,2515,Yes,Edge,Upper
2013-09-11,16.0,CHI,Oreothlypis,peregrina,Parulidae,2515,Yes,Edge,Upper
2013-09-11,16.0,CHI,Setophaga,castanea,Parulidae,287,Yes,Forest,Upper
2013-09-11,16.0,CHI,Setophaga,castanea,Parulidae,287,Yes,Forest,Upper
2013-09-11,16.0,CHI,Setophaga,castanea,Parulidae,287,Yes,Forest,Upper
2013-09-11,16.0,CHI,Setophaga,castanea,Parulidae,287,Yes,Forest,Upper
2013-09-11,16.0,CHI,Setophaga,castanea,Parulidae,287,Yes,Forest,Upper
2013-09-11,16.0,CHI,Setophaga,castanea,Parulidae,287,Yes,Forest,Upper
2013-09-11,16.0,CHI,Setophaga,castanea,Parulidae,287,Yes,Forest,Upper
2013-09-11,16.0,CHI,Oreothlypis,peregrina,Parulidae,2515,Yes,Edge,Upper
2013-09-11,16.0,CHI,Oreothlypis,peregrina,Parulidae,2515,Yes,Edge,Upper
2013-09-11,16.0,CHI,Oreothlypis,peregrina,Parulidae,2515,Yes,Edge,Upper
2013-09-11,16.0,CHI,Oreothlypis,peregrina,Parulidae,2515,Yes,Edge,Upper
2013-09-11,16.0,CHI,Setophaga,magnolia,Parulidae,1224,yes,forest,Upper
2013-09-11,16.0,CHI,Setophaga,magnolia,Parulidae,1224,yes,forest,Upper
2013-09-11,16.0,CHI,Parkesia,noveboracensis,Parulidae,916,Yes,Forest,Lower
2013-09-11,16.0,MP,Catharus,minimus,Turdidae,822,Yes,Forest,Lower
2013-09-11,16.0,MP,Catharus,minimus,Turdidae,822,Yes,Forest,Lower
2013-09-11,16.0,CHI,Catharus,minimus,Turdidae,822,Yes,Forest,Lower
2013-09-11,16.0,CHI,Catharus,minimus,Turdidae,822,Yes,Forest,Lower
2013-09-11,16.0,CHI,Catharus,minimus,Turdidae,822,Yes,Forest,Lower
2013-09-11,16.0,MP,Catharus,fuscescens,Turdidae,727,Yes,Forest,Lower
2013-09-11,16.0,CHI,Geothlypis,trichas,Parulidae,1555,Yes,Open,Lower
2013-09-11,16.0,CHI,Geothlypis,trichas,Parulidae,1555,Yes,Open,Lower
2013-09-11,16.0,MP,Catharus,fuscescens,Turdidae,727,Yes,Forest,Lower
2013-09-11,16.0,CHI,Geothlypis,trichas,Parulidae,1555,Yes,Open,Lower
2013-09-11,16.0,CHI,Oreothlypis,peregrina,Parulidae,2515,Yes,Edge,Upper
2013-09-11,16.0,CHI,Setophaga,magnolia,Parulidae,1224,yes,forest,Upper
2013-09-11,16.0,CHI,Oreothlypis,peregrina,Parulidae,2515,Yes,Edge,Upper
2013-09-11,16.0,CHI,Oreothlypis,peregrina,Parulidae,2515,Yes,Edge,Upper
2013-09-11,16.0,CHI,Oreothlypis,peregrina,Parulidae,2515,Yes,Edge,Upper
2013-09-11,16.0,MP,dumetella,carolinensis,Mimidae,599,no,edge,Lower
2013-09-11,16.0,CHI,Oreothlypis,peregrina,Parulidae,2515,Yes,Edge,Upper
2013-09-11,16.0,CHI,Setophaga,tigrina,Parulidae,182,Yes,Forest,Upper
2013-09-11,16.0,CHI,Setophaga,tigrina,Parulidae,182,Yes,Forest,Upper
2013-09-11,16.0,CHI,Setophaga,magnolia,Parulidae,1224,yes,forest,Upper
2013-09-11,16.0,MP,Setophaga,magnolia,Parulidae,1224,yes,forest,Upper
2013-09-11,16.0,CHI,Setophaga,magnolia,Parulidae,1224,yes,forest,Upper
2013-09-11,16.0,CHI,Setophaga,magnolia,Parulidae,1224,yes,forest,Upper
2013-09-11,16.0,CHI,Setophaga,magnolia,Parulidae,1224,yes,forest,Upper
2013-09-11,16.0,CHI,Setophaga,magnolia,Parulidae,1224,yes,forest,Upper
2013-09-11,16.0,CHI,Oreothlypis,peregrina,Parulidae,2515,Yes,Edge,Upper
2013-09-11,16.0,CHI,Oreothlypis,peregrina,Parulidae,2515,Yes,Edge,Upper
2013-09-11,16.0,MP,Mniotilta,varia,Parulidae,620,Yes,Forest,Upper
2013-09-11,16.0,CHI,Setophaga,pensylvanica,Parulidae,303,Yes,Edge,Upper
2013-09-11,16.0,CHI,Oreothlypis,peregrina,Parulidae,2515,Yes,Edge,Upper
2013-09-11,16.0,CHI,Oreothlypis,peregrina,Parulidae,2515,Yes,Edge,Upper
2013-09-11,16.0,CHI,Oreothlypis,peregrina,Parulidae,2515,Yes,Edge,Upper
2013-09-11,16.0,CHI,Oreothlypis,peregrina,Parulidae,2515,Yes,Edge,Upper
2013-09-11,16.0,CHI,Setophaga,pensylvanica,Parulidae,303,Yes,Edge,Upper
2013-09-11,16.0,CHI,Setophaga,pensylvanica,Parulidae,303,Yes,Edge,Upper
2013-09-11,16.0,CHI,Setophaga,pensylvanica,Parulidae,303,Yes,Edge,Upper
2013-09-11,16.0,CHI,Vermivora,chrysoptera,Parulidae,53,Yes,Edge,Upper
2013-09-11,16.0,CHI,Oreothlypis,peregrina,Parulidae,2515,Yes,Edge,Upper
2013-09-11,16.0,CHI,Oreothlypis,peregrina,Parulidae,2515,Yes,Edge,Upper
2013-09-11,16.0,CHI,Oreothlypis,peregrina,Parulidae,2515,Yes,Edge,Upper
2013-09-11,16.0,CHI,Oreothlypis,peregrina,Parulidae,2515,Yes,Edge,Upper
2013-09-11,16.0,CHI,Setophaga,pensylvanica,Parulidae,303,Yes,Edge,Upper
2013-09-11,16.0,CHI,Oreothlypis,peregrina,Parulidae,2515,Yes,Edge,Upper
2013-09-11,16.0,CHI,Oreothlypis,peregrina,Parulidae,2515,Yes,Edge,Upper
2013-09-11,16.0,CHI,Oreothlypis,peregrina,Parulidae,2515,Yes,Edge,Upper
2013-09-11,16.0,CHI,Oreothlypis,peregrina,Parulidae,2515,Yes,Edge,Upper
2013-09-11,16.0,CHI,Oreothlypis,peregrina,Parulidae,2515,Yes,Edge,Upper
2013-09-11,16.0,CHI,Oreothlypis,peregrina,Parulidae,2515,Yes,Edge,Upper
2013-09-11,16.0,CHI,Oreothlypis,peregrina,Parulidae,2515,Yes,Edge,Upper
2013-09-11,16.0,CHI,Oreothlypis,peregrina,Parulidae,2515,Yes,Edge,Upper
2013-09-11,16.0,CHI,Oreothlypis,peregrina,Parulidae,2515,Yes,Edge,Upper
2013-09-11,16.0,CHI,Oreothlypis,peregrina,Parulidae,2515,Yes,Edge,Upper
2013-09-11,16.0,MP,Oreothlypis,peregrina,Parulidae,2515,Yes,Edge,Upper
2013-09-11,16.0,CHI,Oreothlypis,peregrina,Parulidae,2515,Yes,Edge,Upper
2013-09-11,16.0,CHI,Oreothlypis,peregrina,Parulidae,2515,Yes,Edge,Upper
2013-09-11,16.0,CHI,Oreothlypis,peregrina,Parulidae,2515,Yes,Edge,Upper
2013-09-11,16.0,CHI,Oreothlypis,peregrina,Parulidae,2515,Yes,Edge,Upper
2013-09-11,16.0,CHI,catharus,ustulatus,Turdidae,2331,Yes,Forest,Lower
2013-09-11,16.0,CHI,catharus,ustulatus,Turdidae,2331,Yes,Forest,Lower
2013-09-11,16.0,CHI,catharus,ustulatus,Turdidae,2331,Yes,Forest,Lower
2013-09-11,16.0,CHI,Oreothlypis,peregrina,Parulidae,2515,Yes,Edge,Upper
2013-09-11,16.0,MP,catharus,ustulatus,Turdidae,2331,Yes,Forest,Lower
2013-09-11,16.0,CHI,catharus,ustulatus,Turdidae,2331,Yes,Forest,Lower
2013-09-11,16.0,MP,catharus,ustulatus,Turdidae,2331,Yes,Forest,Lower
2013-09-11,16.0,CHI,catharus,ustulatus,Turdidae,2331,Yes,Forest,Lower
2013-09-11,16.0,MP,Oreothlypis,peregrina,Parulidae,2515,Yes,Edge,Upper
2013-09-11,16.0,CHI,Oreothlypis,peregrina,Parulidae,2515,Yes,Edge,Upper
2013-09-11,16.0,CHI,Oreothlypis,peregrina,Parulidae,2515,Yes,Edge,Upper
2013-09-11,16.0,CHI,Oreothlypis,peregrina,Parulidae,2515,Yes,Edge,Upper
2013-09-11,16.0,CHI,Oreothlypis,peregrina,Parulidae,2515,Yes,Edge,Upper
2013-09-11,16.0,CHI,Oreothlypis,peregrina,Parulidae,2515,Yes,Edge,Upper
2013-09-11,16.0,CHI,Mniotilta,varia,Parulidae,620,Yes,Forest,Upper
2013-09-11,16.0,CHI,Oreothlypis,peregrina,Parulidae,2515,Yes,Edge,Upper
2013-09-11,16.0,CHI,Oreothlypis,peregrina,Parulidae,2515,Yes,Edge,Upper
2013-09-11,16.0,CHI,Oreothlypis,peregrina,Parulidae,2515,Yes,Edge,Upper
2013-09-11,16.0,MP,Oreothlypis,peregrina,Parulidae,2515,Yes,Edge,Upper
2013-09-11,16.0,CHI,Oreothlypis,peregrina,Parulidae,2515,Yes,Edge,Upper
2013-09-11,16.0,MP,Oreothlypis,peregrina,Parulidae,2515,Yes,Edge,Upper
2013-09-11,16.0,CHI,Oreothlypis,peregrina,Parulidae,2515,Yes,Edge,Upper
2013-09-11,16.0,CHI,Oreothlypis,peregrina,Parulidae,2515,Yes,Edge,Upper
2013-09-11,16.0,CHI,Oreothlypis,peregrina,Parulidae,2515,Yes,Edge,Upper
2013-09-12,16.0,CHI,Setophaga,palmarum,Parulidae,694,Yes,Edge,Lower
2013-09-12,16.0,MP,Catharus,minimus,Turdidae,822,Yes,Forest,Lower
2013-09-12,16.0,CHI,Catharus,minimus,Turdidae,822,Yes,Forest,Lower
2013-09-12,16.0,CHI,Catharus,minimus,Turdidae,822,Yes,Forest,Lower
2013-09-12,16.0,CHI,setophaga,ruticilla,Parulidae,868,Yes,Edge,Upper
2013-09-12,16.0,CHI,Geothlypis,trichas,Parulidae,1555,Yes,Open,Lower
2013-09-12,16.0,CHI,Parkesia,noveboracensis,Parulidae,916,Yes,Forest,Lower
2013-09-12,16.0,CHI,setophaga,ruticilla,Parulidae,868,Yes,Edge,Upper
2013-09-12,16.0,CHI,Geothlypis,trichas,Parulidae,1555,Yes,Open,Lower
2013-09-12,16.0,CHI,setophaga,ruticilla,Parulidae,868,Yes,Edge,Upper
2013-09-12,16.0,CHI,Vermivora,chrysoptera,Parulidae,53,Yes,Edge,Upper
2013-09-12,16.0,CHI,Seiurus,aurocapilla,Parulidae,4580,Yes,Forest,Lower
2013-09-12,16.0,MP,setophaga,ruticilla,Parulidae,868,Yes,Edge,Upper
2013-09-12,16.0,CHI,Oporornis,agilis,Parulidae,365,Yes,Forest,Lower
2013-09-12,16.0,CHI,Oporornis,agilis,Parulidae,365,Yes,Forest,Lower
2013-09-12,16.0,CHI,troglodytes,hiemalis,Troglodytidae,474,No,Forest,Lower
2013-09-12,16.0,CHI,setophaga,ruticilla,Parulidae,868,Yes,Edge,Upper
2013-09-12,16.0,CHI,setophaga,ruticilla,Parulidae,868,Yes,Edge,Upper
2013-09-12,16.0,CHI,Seiurus,aurocapilla,Parulidae,4580,Yes,Forest,Lower
2013-09-12,16.0,CHI,Seiurus,aurocapilla,Parulidae,4580,Yes,Forest,Lower
2013-09-12,16.0,MP,Seiurus,aurocapilla,Parulidae,4580,Yes,Forest,Lower
2013-09-12,16.0,MP,Seiurus,aurocapilla,Parulidae,4580,Yes,Forest,Lower
2013-09-12,16.0,CHI,Seiurus,aurocapilla,Parulidae,4580,Yes,Forest,Lower
2013-09-12,16.0,CHI,Seiurus,aurocapilla,Parulidae,4580,Yes,Forest,Lower
2013-09-12,16.0,CHI,Seiurus,aurocapilla,Parulidae,4580,Yes,Forest,Lower
2013-09-12,16.0,CHI,Seiurus,aurocapilla,Parulidae,4580,Yes,Forest,Lower
2013-09-12,16.0,CHI,Seiurus,aurocapilla,Parulidae,4580,Yes,Forest,Lower
2013-09-12,16.0,MP,setophaga,ruticilla,Parulidae,868,Yes,Edge,Upper
2013-09-12,16.0,CHI,Catharus,minimus,Turdidae,822,Yes,Forest,Lower
2013-09-12,16.0,CHI,Oreothlypis,peregrina,Parulidae,2515,Yes,Edge,Upper
2013-09-12,16.0,MP,Oreothlypis,peregrina,Parulidae,2515,Yes,Edge,Upper
2013-09-12,16.0,CHI,catharus,ustulatus,Turdidae,2331,Yes,Forest,Lower
2013-09-12,16.0,CHI,catharus,ustulatus,Turdidae,2331,Yes,Forest,Lower
2013-09-12,16.0,CHI,catharus,ustulatus,Turdidae,2331,Yes,Forest,Lower
2013-09-12,16.0,CHI,catharus,ustulatus,Turdidae,2331,Yes,Forest,Lower
2013-09-12,16.0,CHI,Mniotilta,varia,Parulidae,620,Yes,Forest,Upper
2013-09-12,16.0,CHI,Mniotilta,varia,Parulidae,620,Yes,Forest,Upper
2013-09-12,16.0,CHI,Oreothlypis,peregrina,Parulidae,2515,Yes,Edge,Upper
2013-09-12,16.0,CHI,Oreothlypis,peregrina,Parulidae,2515,Yes,Edge,Upper
2013-09-12,16.0,CHI,Setophaga,magnolia,Parulidae,1224,yes,forest,Upper
2013-09-12,16.0,MP,Oreothlypis,peregrina,Parulidae,2515,Yes,Edge,Upper
2013-09-12,16.0,CHI,Setophaga,magnolia,Parulidae,1224,yes,forest,Upper
2013-09-12,16.0,CHI,Oreothlypis,peregrina,Parulidae,2515,Yes,Edge,Upper
2013-09-12,16.0,CHI,Setophaga,virens,Parulidae,223,Yes,Forest,Upper
2013-09-12,16.0,CHI,Setophaga,magnolia,Parulidae,1224,yes,forest,Upper
2013-09-12,16.0,CHI,Setophaga,magnolia,Parulidae,1224,yes,forest,Upper
2013-09-12,16.0,CHI,Oreothlypis,peregrina,Parulidae,2515,Yes,Edge,Upper
2013-09-12,16.0,CHI,Oreothlypis,peregrina,Parulidae,2515,Yes,Edge,Upper
2013-09-12,16.0,MP,Oreothlypis,peregrina,Parulidae,2515,Yes,Edge,Upper
2013-09-12,16.0,CHI,Oreothlypis,peregrina,Parulidae,2515,Yes,Edge,Upper
2013-09-12,16.0,MP,Setophaga,castanea,Parulidae,287,Yes,Forest,Upper
2013-09-12,16.0,CHI,catharus,ustulatus,Turdidae,2331,Yes,Forest,Lower
2013-09-12,16.0,MP,catharus,ustulatus,Turdidae,2331,Yes,Forest,Lower
2013-09-12,16.0,CHI,catharus,ustulatus,Turdidae,2331,Yes,Forest,Lower
2013-09-12,16.0,MP,Oreothlypis,peregrina,Parulidae,2515,Yes,Edge,Upper
2013-09-12,16.0,CHI,Oreothlypis,peregrina,Parulidae,2515,Yes,Edge,Upper
2013-09-12,16.0,CHI,Oreothlypis,peregrina,Parulidae,2515,Yes,Edge,Upper
2013-09-12,16.0,CHI,Oreothlypis,peregrina,Parulidae,2515,Yes,Edge,Upper
2013-09-13,16.0,CHI,catharus,ustulatus,Turdidae,2331,Yes,Forest,Lower
2013-09-13,16.0,MP,catharus,ustulatus,Turdidae,2331,Yes,Forest,Lower
2013-09-13,16.0,CHI,catharus,ustulatus,Turdidae,2331,Yes,Forest,Lower
2013-09-13,16.0,CHI,catharus,ustulatus,Turdidae,2331,Yes,Forest,Lower
2013-09-13,16.0,CHI,catharus,ustulatus,Turdidae,2331,Yes,Forest,Lower
2013-09-13,16.0,CHI,catharus,ustulatus,Turdidae,2331,Yes,Forest,Lower
2013-09-13,16.0,MP,Passerina,cyanea,Cardinalidae,725,yes,edge,Upper
2013-09-13,16.0,CHI,Seiurus,aurocapilla,Parulidae,4580,Yes,Forest,Lower
2013-09-13,16.0,CHI,Setophaga,magnolia,Parulidae,1224,yes,forest,Upper
2013-09-13,16.0,CHI,Geothlypis,trichas,Parulidae,1555,Yes,Open,Lower
2013-09-13,16.0,CHI,Setophaga,tigrina,Parulidae,182,Yes,Forest,Upper
2013-09-13,16.0,CHI,geothlypis,philadelphia,Parulidae,430,Yes,Edge,Lower
2013-09-13,16.0,CHI,Seiurus,aurocapilla,Parulidae,4580,Yes,Forest,Lower
2013-09-13,16.0,CHI,Catharus,fuscescens,Turdidae,727,Yes,Forest,Lower
2013-09-13,16.0,CHI,Seiurus,aurocapilla,Parulidae,4580,Yes,Forest,Lower
2013-09-13,16.0,CHI,Setophaga,tigrina,Parulidae,182,Yes,Forest,Upper
2013-09-13,16.0,CHI,Catharus,minimus,Turdidae,822,Yes,Forest,Lower
2013-09-13,16.0,CHI,Catharus,minimus,Turdidae,822,Yes,Forest,Lower
2013-09-13,16.0,CHI,Melospiza,lincolnii,Passerellidae,2029,yes,edge,Lower
2013-09-13,16.0,CHI,Catharus,minimus,Turdidae,822,Yes,Forest,Lower
2013-09-13,16.0,CHI,Catharus,minimus,Turdidae,822,Yes,Forest,Lower
2013-09-14,5.0,CHI,Oreothlypis,peregrina,Parulidae,2515,Yes,Edge,Upper
2013-09-14,5.0,MP,Oreothlypis,peregrina,Parulidae,2515,Yes,Edge,Upper
2013-09-14,5.0,CHI,Catharus,minimus,Turdidae,822,Yes,Forest,Lower
2013-09-14,5.0,CHI,catharus,ustulatus,Turdidae,2331,Yes,Forest,Lower
2013-09-14,5.0,MP,Oreothlypis,ruficapilla,Parulidae,1690,Yes,Forest,Upper
2013-09-14,5.0,CHI,Cardellina,pusilla,Parulidae,185,Yes,Edge,Lower
2013-09-14,5.0,MP,Oreothlypis,ruficapilla,Parulidae,1690,Yes,Forest,Upper
2013-09-14,5.0,CHI,Oreothlypis,peregrina,Parulidae,2515,Yes,Edge,Upper
2013-09-14,5.0,CHI,Setophaga,magnolia,Parulidae,1224,yes,forest,Upper
2013-09-14,5.0,CHI,Setophaga,pensylvanica,Parulidae,303,Yes,Edge,Upper
2013-09-14,5.0,CHI,Pheucticus,ludovicianus,Cardinalidae,397,Yes,Forest,Upper
2013-09-14,5.0,CHI,Oreothlypis,peregrina,Parulidae,2515,Yes,Edge,Upper
2013-09-14,5.0,CHI,Parkesia,noveboracensis,Parulidae,916,Yes,Forest,Lower
2013-09-17,12.0,CHI,Passerina,cyanea,Cardinalidae,725,yes,edge,Upper
2013-09-17,12.0,CHI,Seiurus,aurocapilla,Parulidae,4580,Yes,Forest,Lower
2013-09-17,12.0,MP,Oreothlypis,ruficapilla,Parulidae,1690,Yes,Forest,Upper
2013-09-17,12.0,CHI,catharus,ustulatus,Turdidae,2331,Yes,Forest,Lower
2013-09-17,12.0,CHI,catharus,ustulatus,Turdidae,2331,Yes,Forest,Lower
2013-09-17,12.0,CHI,Parkesia,noveboracensis,Parulidae,916,Yes,Forest,Lower
2013-09-17,12.0,CHI,Setophaga,striata,Parulidae,787,Yes,Forest,Upper
2013-09-17,12.0,CHI,Oreothlypis,ruficapilla,Parulidae,1690,Yes,Forest,Upper
2013-09-17,12.0,CHI,Setophaga,castanea,Parulidae,287,Yes,Forest,Upper
2013-09-17,12.0,CHI,Oreothlypis,ruficapilla,Parulidae,1690,Yes,Forest,Upper
2013-09-18,12.0,CHI,Catharus,minimus,Turdidae,822,Yes,Forest,Lower
2013-09-18,12.0,CHI,Oreothlypis,peregrina,Parulidae,2515,Yes,Edge,Upper
2013-09-18,12.0,MP,Catharus,minimus,Turdidae,822,Yes,Forest,Lower
2013-09-18,12.0,CHI,Melospiza,melodia,Passerellidae,5124,Yes,Edge,Lower
2013-09-18,12.0,CHI,Seiurus,aurocapilla,Parulidae,4580,Yes,Forest,Lower
2013-09-18,12.0,CHI,Setophaga,fusca,Parulidae,201,Yes,Forest,Upper
2013-09-18,12.0,CHI,Oreothlypis,ruficapilla,Parulidae,1690,Yes,Forest,Upper
2013-09-19,12.0,CHI,Setophaga,magnolia,Parulidae,1224,yes,forest,Upper
2013-09-19,12.0,MP,Catharus,minimus,Turdidae,822,Yes,Forest,Lower
2013-09-19,12.0,MP,catharus,ustulatus,Turdidae,2331,Yes,Forest,Lower
2013-09-19,12.0,CHI,catharus,ustulatus,Turdidae,2331,Yes,Forest,Lower
2013-09-19,12.0,CHI,Seiurus,aurocapilla,Parulidae,4580,Yes,Forest,Lower
2013-09-19,12.0,CHI,Seiurus,aurocapilla,Parulidae,4580,Yes,Forest,Lower
2013-09-19,12.0,CHI,Setophaga,castanea,Parulidae,287,Yes,Forest,Upper
2013-09-20,12.0,CHI,Geothlypis,trichas,Parulidae,1555,Yes,Open,Lower
2013-09-20,12.0,MP,Seiurus,aurocapilla,Parulidae,4580,Yes,Forest,Lower
2013-09-20,12.0,CHI,Hylocichla,mustelina,Turdidae,500,Yes,Forest,Lower
2013-09-20,12.0,CHI,Seiurus,aurocapilla,Parulidae,4580,Yes,Forest,Lower
2013-09-20,12.0,CHI,Setophaga,striata,Parulidae,787,Yes,Forest,Upper
2013-09-20,12.0,CHI,Seiurus,aurocapilla,Parulidae,4580,Yes,Forest,Lower
2013-09-20,12.0,CHI,Seiurus,aurocapilla,Parulidae,4580,Yes,Forest,Lower
2013-09-20,12.0,CHI,Setophaga,magnolia,Parulidae,1224,yes,forest,Upper
2013-09-20,12.0,CHI,Oreothlypis,peregrina,Parulidae,2515,Yes,Edge,Upper
2013-09-20,12.0,CHI,catharus,ustulatus,Turdidae,2331,Yes,Forest,Lower
2013-09-20,12.0,CHI,Oreothlypis,peregrina,Parulidae,2515,Yes,Edge,Upper
2013-09-20,12.0,CHI,Mniotilta,varia,Parulidae,620,Yes,Forest,Upper
2013-09-20,12.0,CHI,Mniotilta,varia,Parulidae,620,Yes,Forest,Upper
2013-09-20,12.0,CHI,Parkesia,noveboracensis,Parulidae,916,Yes,Forest,Lower
2013-09-20,12.0,CHI,Setophaga,castanea,Parulidae,287,Yes,Forest,Upper
2013-09-20,12.0,CHI,setophaga,ruticilla,Parulidae,868,Yes,Edge,Upper
2013-09-21,12.0,CHI,Seiurus,aurocapilla,Parulidae,4580,Yes,Forest,Lower
2013-09-21,12.0,MP,catharus,ustulatus,Turdidae,2331,Yes,Forest,Lower
2013-09-21,12.0,CHI,Toxostoma,rufum,Mimidae,166,No,Edge,Lower
2013-09-21,12.0,CHI,Cardellina,canadensis,Parulidae,241,Yes,Forest,Lower
2013-09-21,12.0,CHI,Oreothlypis,ruficapilla,Parulidae,1690,Yes,Forest,Upper
2013-09-21,12.0,CHI,Oreothlypis,ruficapilla,Parulidae,1690,Yes,Forest,Upper
2013-09-21,12.0,CHI,geothlypis,philadelphia,Parulidae,430,Yes,Edge,Lower
2013-09-21,12.0,CHI,geothlypis,philadelphia,Parulidae,430,Yes,Edge,Lower
2013-09-21,12.0,CHI,catharus,ustulatus,Turdidae,2331,Yes,Forest,Lower
2013-09-21,12.0,CHI,catharus,ustulatus,Turdidae,2331,Yes,Forest,Lower
2013-09-21,12.0,CHI,Catharus,guttatus,Turdidae,3729,Yes,Forest,Lower
2013-09-21,12.0,CHI,catharus,ustulatus,Turdidae,2331,Yes,Forest,Lower
2013-09-21,12.0,CHI,Melospiza,lincolnii,Passerellidae,2029,yes,edge,Lower
2013-09-21,12.0,CHI,Setophaga,pensylvanica,Parulidae,303,Yes,Edge,Upper
2013-09-21,12.0,CHI,Setophaga,pensylvanica,Parulidae,303,Yes,Edge,Upper
2013-09-21,12.0,CHI,Setophaga,palmarum,Parulidae,694,Yes,Edge,Lower
2013-09-21,12.0,MP,Zonotrichia,albicollis,Passerellidae,10133,Yes,Forest,Lower
2013-09-21,12.0,CHI,Geothlypis,trichas,Parulidae,1555,Yes,Open,Lower
2013-09-21,12.0,CHI,Zonotrichia,albicollis,Passerellidae,10133,Yes,Forest,Lower
2013-09-21,12.0,CHI,Pheucticus,ludovicianus,Cardinalidae,397,Yes,Forest,Upper
2013-09-21,12.0,CHI,Seiurus,aurocapilla,Parulidae,4580,Yes,Forest,Lower
2013-09-21,12.0,MP,Seiurus,aurocapilla,Parulidae,4580,Yes,Forest,Lower
2013-09-21,12.0,CHI,Seiurus,aurocapilla,Parulidae,4580,Yes,Forest,Lower
2013-09-21,12.0,CHI,Setophaga,magnolia,Parulidae,1224,yes,forest,Upper
2013-09-21,12.0,CHI,Catharus,minimus,Turdidae,822,Yes,Forest,Lower
2013-09-21,12.0,CHI,Catharus,minimus,Turdidae,822,Yes,Forest,Lower
2013-09-21,12.0,CHI,Catharus,minimus,Turdidae,822,Yes,Forest,Lower
2013-09-21,12.0,CHI,Oreothlypis,peregrina,Parulidae,2515,Yes,Edge,Upper
2013-09-21,12.0,CHI,Seiurus,aurocapilla,Parulidae,4580,Yes,Forest,Lower
2013-09-21,12.0,CHI,Vireo,olivaceus,Vireonidae,133,No,Forest,Upper
2013-09-21,12.0,CHI,dumetella,carolinensis,Mimidae,599,no,edge,Lower
2013-09-21,12.0,CHI,Seiurus,aurocapilla,Parulidae,4580,Yes,Forest,Lower
2013-09-21,12.0,CHI,Seiurus,aurocapilla,Parulidae,4580,Yes,Forest,Lower
2013-09-21,12.0,CHI,Seiurus,aurocapilla,Parulidae,4580,Yes,Forest,Lower
2013-09-21,12.0,CHI,Seiurus,aurocapilla,Parulidae,4580,Yes,Forest,Lower
2013-09-21,12.0,MP,Zonotrichia,albicollis,Passerellidae,10133,Yes,Forest,Lower
2013-09-21,12.0,CHI,Seiurus,aurocapilla,Parulidae,4580,Yes,Forest,Lower
2013-09-21,12.0,CHI,Parkesia,noveboracensis,Parulidae,916,Yes,Forest,Lower
2013-09-21,12.0,CHI,Mniotilta,varia,Parulidae,620,Yes,Forest,Upper
2013-09-21,12.0,CHI,Setophaga,striata,Parulidae,787,Yes,Forest,Upper
2013-09-21,12.0,CHI,Setophaga,striata,Parulidae,787,Yes,Forest,Upper
2013-09-21,12.0,CHI,Mniotilta,varia,Parulidae,620,Yes,Forest,Upper
2013-09-21,12.0,CHI,Mniotilta,varia,Parulidae,620,Yes,Forest,Upper
2013-09-21,12.0,CHI,Parkesia,noveboracensis,Parulidae,916,Yes,Forest,Lower
2013-09-21,12.0,CHI,Setophaga,virens,Parulidae,223,Yes,Forest,Upper
2013-09-21,12.0,CHI,Hylocichla,mustelina,Turdidae,500,Yes,Forest,Lower
2013-09-21,12.0,CHI,Hylocichla,mustelina,Turdidae,500,Yes,Forest,Lower
2013-09-21,12.0,MP,Setophaga,striata,Parulidae,787,Yes,Forest,Upper
2013-09-22,6.0,CHI,Setophaga,pensylvanica,Parulidae,303,Yes,Edge,Upper
2013-09-22,6.0,CHI,Oreothlypis,ruficapilla,Parulidae,1690,Yes,Forest,Upper
2013-09-22,6.0,CHI,Zonotrichia,albicollis,Passerellidae,10133,Yes,Forest,Lower
2013-09-22,6.0,CHI,Oreothlypis,peregrina,Parulidae,2515,Yes,Edge,Upper
2013-09-22,6.0,CHI,Oreothlypis,peregrina,Parulidae,2515,Yes,Edge,Upper
2013-09-22,6.0,MP,Oreothlypis,peregrina,Parulidae,2515,Yes,Edge,Upper
2013-09-22,6.0,CHI,Zonotrichia,albicollis,Passerellidae,10133,Yes,Forest,Lower
2013-09-22,6.0,CHI,Setophaga,magnolia,Parulidae,1224,yes,forest,Upper
2013-09-22,6.0,CHI,Oreothlypis,ruficapilla,Parulidae,1690,Yes,Forest,Upper
2013-09-22,6.0,CHI,Setophaga,magnolia,Parulidae,1224,yes,forest,Upper
2013-09-22,6.0,CHI,catharus,ustulatus,Turdidae,2331,Yes,Forest,Lower
2013-09-22,6.0,CHI,Setophaga,magnolia,Parulidae,1224,yes,forest,Upper
2013-09-22,6.0,CHI,Melospiza,lincolnii,Passerellidae,2029,yes,edge,Lower
2013-09-22,6.0,CHI,dumetella,carolinensis,Mimidae,599,no,edge,Lower
2013-09-22,6.0,CHI,troglodytes,hiemalis,Troglodytidae,474,No,Forest,Lower
2013-09-22,6.0,MP,Seiurus,aurocapilla,Parulidae,4580,Yes,Forest,Lower
2013-09-22,6.0,CHI,Seiurus,aurocapilla,Parulidae,4580,Yes,Forest,Lower
2013-09-22,6.0,MP,Setophaga,palmarum,Parulidae,694,Yes,Edge,Lower
2013-09-22,6.0,CHI,Pheucticus,ludovicianus,Cardinalidae,397,Yes,Forest,Upper
2013-09-22,6.0,CHI,Regulus,satrapa,Regulidae,1029,Yes,Forest,Upper
2013-09-22,6.0,CHI,Pheucticus,ludovicianus,Cardinalidae,397,Yes,Forest,Upper
2013-09-22,6.0,MP,Setophaga,striata,Parulidae,787,Yes,Forest,Upper
2013-09-22,6.0,CHI,catharus,ustulatus,Turdidae,2331,Yes,Forest,Lower
2013-09-22,6.0,CHI,Melospiza,lincolnii,Passerellidae,2029,yes,edge,Lower
2013-09-22,6.0,CHI,Setophaga,tigrina,Parulidae,182,Yes,Forest,Upper
2013-09-22,6.0,CHI,Seiurus,aurocapilla,Parulidae,4580,Yes,Forest,Lower
2013-09-22,6.0,MP,Zonotrichia,albicollis,Passerellidae,10133,Yes,Forest,Lower
2013-09-22,6.0,MP,Zonotrichia,albicollis,Passerellidae,10133,Yes,Forest,Lower
2013-09-22,6.0,CHI,Melospiza,lincolnii,Passerellidae,2029,yes,edge,Lower
2013-09-22,6.0,CHI,Zonotrichia,albicollis,Passerellidae,10133,Yes,Forest,Lower
2013-09-22,6.0,CHI,Seiurus,aurocapilla,Parulidae,4580,Yes,Forest,Lower
2013-09-22,6.0,CHI,Melospiza,lincolnii,Passerellidae,2029,yes,edge,Lower
2013-09-22,6.0,CHI,Zonotrichia,albicollis,Passerellidae,10133,Yes,Forest,Lower
2013-09-22,6.0,CHI,troglodytes,hiemalis,Troglodytidae,474,No,Forest,Lower
2013-09-22,6.0,CHI,Hylocichla,mustelina,Turdidae,500,Yes,Forest,Lower
2013-09-22,6.0,CHI,Melospiza,lincolnii,Passerellidae,2029,yes,edge,Lower
2013-09-22,6.0,CHI,Setophaga,coronata,Parulidae,887,yes,forest,Upper
2013-09-22,6.0,CHI,Geothlypis,trichas,Parulidae,1555,Yes,Open,Lower
2013-09-22,6.0,CHI,Zonotrichia,albicollis,Passerellidae,10133,Yes,Forest,Lower
2013-09-23,5.0,CHI,Cardellina,canadensis,Parulidae,241,Yes,Forest,Lower
2013-09-23,5.0,CHI,Zonotrichia,albicollis,Passerellidae,10133,Yes,Forest,Lower
2013-09-23,5.0,CHI,Zonotrichia,albicollis,Passerellidae,10133,Yes,Forest,Lower
2013-09-23,5.0,CHI,Zonotrichia,albicollis,Passerellidae,10133,Yes,Forest,Lower
2013-09-23,5.0,CHI,Zonotrichia,albicollis,Passerellidae,10133,Yes,Forest,Lower
2013-09-23,5.0,CHI,Zonotrichia,leucophrys,Passerellidae,1090,Yes,Edge,Lower
2013-09-23,5.0,CHI,Setophaga,magnolia,Parulidae,1224,yes,forest,Upper
2013-09-24,6.0,CHI,Zonotrichia,albicollis,Passerellidae,10133,Yes,Forest,Lower
2013-09-24,6.0,CHI,Sitta,canadensis,Sittidae,260,Yes,Forest,Upper
2013-09-24,6.0,CHI,Zonotrichia,albicollis,Passerellidae,10133,Yes,Forest,Lower
2013-09-24,6.0,CHI,Setophaga,pensylvanica,Parulidae,303,Yes,Edge,Upper
2013-09-24,6.0,CHI,Setophaga,magnolia,Parulidae,1224,yes,forest,Upper
2013-09-24,6.0,CHI,catharus,ustulatus,Turdidae,2331,Yes,Forest,Lower
2013-09-24,6.0,CHI,Oreothlypis,ruficapilla,Parulidae,1690,Yes,Forest,Upper
2013-09-24,6.0,MP,Melospiza,lincolnii,Passerellidae,2029,yes,edge,Lower
2013-09-24,6.0,CHI,Geothlypis,trichas,Parulidae,1555,Yes,Open,Lower
2013-09-24,6.0,CHI,Oreothlypis,peregrina,Parulidae,2515,Yes,Edge,Upper
2013-09-24,6.0,MP,Melospiza,lincolnii,Passerellidae,2029,yes,edge,Lower
2013-09-24,6.0,CHI,Parkesia,noveboracensis,Parulidae,916,Yes,Forest,Lower
2013-09-24,6.0,CHI,Setophaga,striata,Parulidae,787,Yes,Forest,Upper
2013-09-25,5.0,CHI,Passerculus,sandwichensis,Passerellidae,274,yes,open,Lower	
2013-09-25,5.0,CHI,catharus,ustulatus,Turdidae,2331,Yes,Forest,Lower
2013-09-25,5.0,CHI,catharus,ustulatus,Turdidae,2331,Yes,Forest,Lower
2013-09-25,5.0,CHI,Junco,hyemalis,Passerellidae,6303,Yes,Edge,Lower
2013-09-25,5.0,CHI,Melospiza,melodia,Passerellidae,5124,Yes,Edge,Lower
2013-09-25,5.0,MP,Zonotrichia,albicollis,Passerellidae,10133,Yes,Forest,Lower
2013-09-26,17.0,CHI,Setophaga,striata,Parulidae,787,Yes,Forest,Upper
2013-09-26,17.0,CHI,Setophaga,striata,Parulidae,787,Yes,Forest,Upper
2013-09-26,17.0,CHI,Zonotrichia,albicollis,Passerellidae,10133,Yes,Forest,Lower
2013-09-26,17.0,CHI,Oporornis,agilis,Parulidae,365,Yes,Forest,Lower
2013-09-26,17.0,CHI,Seiurus,aurocapilla,Parulidae,4580,Yes,Forest,Lower
2013-09-26,17.0,CHI,Zonotrichia,albicollis,Passerellidae,10133,Yes,Forest,Lower
2013-09-26,17.0,CHI,Catharus,guttatus,Turdidae,3729,Yes,Forest,Lower
2013-09-26,17.0,MP,Zonotrichia,leucophrys,Passerellidae,1090,Yes,Edge,Lower
2013-09-26,17.0,CHI,Troglodytes,aedon,Troglodytidae,104,No,Edge,Lower
2013-09-26,17.0,CHI,Seiurus,aurocapilla,Parulidae,4580,Yes,Forest,Lower
2013-09-26,17.0,CHI,Vireo,olivaceus,Vireonidae,133,No,Forest,Upper
2013-09-26,17.0,CHI,Setophaga,striata,Parulidae,787,Yes,Forest,Upper
2013-09-26,17.0,CHI,Zonotrichia,albicollis,Passerellidae,10133,Yes,Forest,Lower
2013-09-26,17.0,CHI,Vireo,olivaceus,Vireonidae,133,No,Forest,Upper
2013-09-26,17.0,CHI,Oreothlypis,peregrina,Parulidae,2515,Yes,Edge,Upper
2013-09-26,17.0,CHI,Oreothlypis,peregrina,Parulidae,2515,Yes,Edge,Upper
2013-09-26,17.0,MP,Zonotrichia,albicollis,Passerellidae,10133,Yes,Forest,Lower
2013-09-26,17.0,MP,Melospiza,lincolnii,Passerellidae,2029,yes,edge,Lower
2013-09-26,17.0,CHI,Zonotrichia,albicollis,Passerellidae,10133,Yes,Forest,Lower
2013-09-26,17.0,MP,Melospiza,lincolnii,Passerellidae,2029,yes,edge,Lower
2013-09-26,17.0,CHI,Melospiza,lincolnii,Passerellidae,2029,yes,edge,Lower
2013-09-26,17.0,CHI,Cistothorus,platensis,Troglodytidae,60,no,open,Lower
2013-09-27,14.0,CHI,Seiurus,aurocapilla,Parulidae,4580,Yes,Forest,Lower
2013-09-27,14.0,CHI,catharus,ustulatus,Turdidae,2331,Yes,Forest,Lower
2013-09-27,14.0,CHI,catharus,ustulatus,Turdidae,2331,Yes,Forest,Lower
2013-09-27,14.0,CHI,Oreothlypis,celata,Parulidae,227,Yes,Edge,Lower
2013-09-27,14.0,CHI,Oreothlypis,ruficapilla,Parulidae,1690,Yes,Forest,Upper
2013-09-27,14.0,CHI,Seiurus,aurocapilla,Parulidae,4580,Yes,Forest,Lower
2013-09-27,14.0,CHI,Oreothlypis,ruficapilla,Parulidae,1690,Yes,Forest,Upper
2013-09-27,14.0,CHI,Zonotrichia,albicollis,Passerellidae,10133,Yes,Forest,Lower
2013-09-27,14.0,CHI,Seiurus,aurocapilla,Parulidae,4580,Yes,Forest,Lower
2013-09-27,14.0,CHI,Zonotrichia,leucophrys,Passerellidae,1090,Yes,Edge,Lower
2013-09-28,13.0,CHI,Oreothlypis,ruficapilla,Parulidae,1690,Yes,Forest,Upper
2013-09-28,13.0,CHI,Oreothlypis,ruficapilla,Parulidae,1690,Yes,Forest,Upper
2013-09-28,13.0,MP,Oreothlypis,ruficapilla,Parulidae,1690,Yes,Forest,Upper
2013-09-28,13.0,MP,Melospiza,lincolnii,Passerellidae,2029,yes,edge,Lower
2013-09-28,13.0,MP,Melospiza,lincolnii,Passerellidae,2029,yes,edge,Lower
2013-09-28,13.0,CHI,Toxostoma,rufum,Mimidae,166,No,Edge,Lower
2013-09-28,13.0,CHI,troglodytes,hiemalis,Troglodytidae,474,No,Forest,Lower
2013-09-28,13.0,CHI,Oreothlypis,ruficapilla,Parulidae,1690,Yes,Forest,Upper
2013-09-29,17.0,CHI,Pheucticus,ludovicianus,Cardinalidae,397,Yes,Forest,Upper
2013-09-29,17.0,CHI,Zonotrichia,albicollis,Passerellidae,10133,Yes,Forest,Lower
2013-09-29,17.0,CHI,Setophaga,magnolia,Parulidae,1224,yes,forest,Upper
2013-09-29,17.0,CHI,Zonotrichia,albicollis,Passerellidae,10133,Yes,Forest,Lower
2013-09-29,17.0,CHI,Setophaga,magnolia,Parulidae,1224,yes,forest,Upper
2013-09-29,17.0,CHI,Catharus,guttatus,Turdidae,3729,Yes,Forest,Lower
2013-09-29,17.0,CHI,Setophaga,palmarum,Parulidae,694,Yes,Edge,Lower
2013-09-29,17.0,CHI,Geothlypis,trichas,Parulidae,1555,Yes,Open,Lower
2013-09-29,17.0,CHI,Zonotrichia,albicollis,Passerellidae,10133,Yes,Forest,Lower
2013-09-29,17.0,CHI,Pheucticus,ludovicianus,Cardinalidae,397,Yes,Forest,Upper
2013-09-29,17.0,MP,Zonotrichia,albicollis,Passerellidae,10133,Yes,Forest,Lower
2013-09-29,17.0,CHI,Zonotrichia,albicollis,Passerellidae,10133,Yes,Forest,Lower
2013-09-29,17.0,CHI,Oreothlypis,peregrina,Parulidae,2515,Yes,Edge,Upper
2013-09-29,17.0,CHI,Catharus,guttatus,Turdidae,3729,Yes,Forest,Lower
2013-09-29,17.0,CHI,Geothlypis,trichas,Parulidae,1555,Yes,Open,Lower
2013-09-29,17.0,CHI,Setophaga,striata,Parulidae,787,Yes,Forest,Upper
2013-09-29,17.0,CHI,Setophaga,magnolia,Parulidae,1224,yes,forest,Upper
2013-09-29,17.0,CHI,Oreothlypis,peregrina,Parulidae,2515,Yes,Edge,Upper
2013-09-29,17.0,CHI,Junco,hyemalis,Passerellidae,6303,Yes,Edge,Lower
2013-09-29,17.0,CHI,Setophaga,magnolia,Parulidae,1224,yes,forest,Upper
2013-09-29,17.0,CHI,Oreothlypis,ruficapilla,Parulidae,1690,Yes,Forest,Upper
2013-09-29,17.0,CHI,Seiurus,aurocapilla,Parulidae,4580,Yes,Forest,Lower
2013-09-29,17.0,CHI,Seiurus,aurocapilla,Parulidae,4580,Yes,Forest,Lower
2013-09-29,17.0,CHI,Hylocichla,mustelina,Turdidae,500,Yes,Forest,Lower
2013-09-29,17.0,CHI,catharus,ustulatus,Turdidae,2331,Yes,Forest,Lower
2013-09-29,17.0,CHI,catharus,ustulatus,Turdidae,2331,Yes,Forest,Lower
2013-09-29,17.0,CHI,catharus,ustulatus,Turdidae,2331,Yes,Forest,Lower
2013-09-29,17.0,CHI,Seiurus,aurocapilla,Parulidae,4580,Yes,Forest,Lower
2013-09-29,17.0,CHI,Seiurus,aurocapilla,Parulidae,4580,Yes,Forest,Lower
2013-09-29,17.0,CHI,Oporornis,agilis,Parulidae,365,Yes,Forest,Lower
2013-09-29,17.0,CHI,Seiurus,aurocapilla,Parulidae,4580,Yes,Forest,Lower
2013-09-29,17.0,CHI,Zonotrichia,albicollis,Passerellidae,10133,Yes,Forest,Lower
2013-09-29,17.0,CHI,Catharus,fuscescens,Turdidae,727,Yes,Forest,Lower
2013-09-29,17.0,CHI,catharus,ustulatus,Turdidae,2331,Yes,Forest,Lower
2013-09-29,17.0,CHI,catharus,ustulatus,Turdidae,2331,Yes,Forest,Lower
2013-09-29,17.0,CHI,catharus,ustulatus,Turdidae,2331,Yes,Forest,Lower
2013-09-29,17.0,CHI,Seiurus,aurocapilla,Parulidae,4580,Yes,Forest,Lower
2013-09-29,17.0,CHI,Melospiza,lincolnii,Passerellidae,2029,yes,edge,Lower
2013-09-29,17.0,CHI,Oreothlypis,peregrina,Parulidae,2515,Yes,Edge,Upper
2013-09-29,17.0,CHI,catharus,ustulatus,Turdidae,2331,Yes,Forest,Lower
2013-09-29,17.0,MP,Oreothlypis,peregrina,Parulidae,2515,Yes,Edge,Upper
2013-09-29,17.0,CHI,Seiurus,aurocapilla,Parulidae,4580,Yes,Forest,Lower
2013-09-29,17.0,CHI,Pheucticus,ludovicianus,Cardinalidae,397,Yes,Forest,Upper
2013-09-29,17.0,CHI,catharus,ustulatus,Turdidae,2331,Yes,Forest,Lower
2013-09-29,17.0,MP,Melospiza,lincolnii,Passerellidae,2029,yes,edge,Lower
2013-09-29,17.0,CHI,Zonotrichia,albicollis,Passerellidae,10133,Yes,Forest,Lower
2013-09-29,17.0,CHI,Zonotrichia,albicollis,Passerellidae,10133,Yes,Forest,Lower
2013-09-29,17.0,CHI,Catharus,fuscescens,Turdidae,727,Yes,Forest,Lower
2013-09-29,17.0,CHI,catharus,ustulatus,Turdidae,2331,Yes,Forest,Lower
2013-09-30,17.0,MP,Zonotrichia,albicollis,Passerellidae,10133,Yes,Forest,Lower
2013-09-30,17.0,MP,Zonotrichia,albicollis,Passerellidae,10133,Yes,Forest,Lower
2013-09-30,17.0,CHI,Setophaga,striata,Parulidae,787,Yes,Forest,Upper
2013-09-30,17.0,CHI,Setophaga,americana,Parulidae,59,Yes,Forest,Upper
2013-09-30,17.0,CHI,Geothlypis,trichas,Parulidae,1555,Yes,Open,Lower
2013-09-30,17.0,MP,Zonotrichia,albicollis,Passerellidae,10133,Yes,Forest,Lower
2013-09-30,17.0,CHI,Zonotrichia,albicollis,Passerellidae,10133,Yes,Forest,Lower
2013-09-30,17.0,CHI,Zonotrichia,albicollis,Passerellidae,10133,Yes,Forest,Lower
2013-09-30,17.0,CHI,Zonotrichia,albicollis,Passerellidae,10133,Yes,Forest,Lower
2013-09-30,17.0,MP,Zonotrichia,albicollis,Passerellidae,10133,Yes,Forest,Lower
2013-09-30,17.0,CHI,Zonotrichia,albicollis,Passerellidae,10133,Yes,Forest,Lower
2013-09-30,17.0,CHI,Zonotrichia,albicollis,Passerellidae,10133,Yes,Forest,Lower
2013-09-30,17.0,CHI,Catharus,guttatus,Turdidae,3729,Yes,Forest,Lower
2013-09-30,17.0,CHI,Zonotrichia,albicollis,Passerellidae,10133,Yes,Forest,Lower
2013-09-30,17.0,CHI,Zonotrichia,albicollis,Passerellidae,10133,Yes,Forest,Lower
2013-09-30,17.0,MP,Zonotrichia,albicollis,Passerellidae,10133,Yes,Forest,Lower
2013-09-30,17.0,MP,Zonotrichia,albicollis,Passerellidae,10133,Yes,Forest,Lower
2013-09-30,17.0,MP,Zonotrichia,albicollis,Passerellidae,10133,Yes,Forest,Lower
2013-09-30,17.0,MP,Zonotrichia,albicollis,Passerellidae,10133,Yes,Forest,Lower
2013-09-30,17.0,CHI,Zonotrichia,albicollis,Passerellidae,10133,Yes,Forest,Lower
2013-09-30,17.0,MP,Zonotrichia,albicollis,Passerellidae,10133,Yes,Forest,Lower
2013-09-30,17.0,MP,Zonotrichia,albicollis,Passerellidae,10133,Yes,Forest,Lower
2013-09-30,17.0,CHI,Zonotrichia,albicollis,Passerellidae,10133,Yes,Forest,Lower
2013-09-30,17.0,CHI,Melospiza,melodia,Passerellidae,5124,Yes,Edge,Lower
2013-09-30,17.0,CHI,Zonotrichia,albicollis,Passerellidae,10133,Yes,Forest,Lower
2013-09-30,17.0,CHI,Zonotrichia,albicollis,Passerellidae,10133,Yes,Forest,Lower
2013-09-30,17.0,MP,Melospiza,lincolnii,Passerellidae,2029,yes,edge,Lower
2013-09-30,17.0,CHI,Setophaga,magnolia,Parulidae,1224,yes,forest,Upper
2013-09-30,17.0,CHI,Zonotrichia,leucophrys,Passerellidae,1090,Yes,Edge,Lower
2013-09-30,17.0,CHI,Zonotrichia,leucophrys,Passerellidae,1090,Yes,Edge,Lower
2013-09-30,17.0,CHI,Seiurus,aurocapilla,Parulidae,4580,Yes,Forest,Lower
2013-09-30,17.0,CHI,Oreothlypis,ruficapilla,Parulidae,1690,Yes,Forest,Upper
2013-09-30,17.0,MP,Seiurus,aurocapilla,Parulidae,4580,Yes,Forest,Lower
2013-09-30,17.0,CHI,Oreothlypis,ruficapilla,Parulidae,1690,Yes,Forest,Upper
2013-09-30,17.0,CHI,Oreothlypis,ruficapilla,Parulidae,1690,Yes,Forest,Upper
2013-09-30,17.0,CHI,Seiurus,aurocapilla,Parulidae,4580,Yes,Forest,Lower
2013-09-30,17.0,CHI,troglodytes,hiemalis,Troglodytidae,474,No,Forest,Lower
2013-09-30,17.0,CHI,Seiurus,aurocapilla,Parulidae,4580,Yes,Forest,Lower
2013-09-30,17.0,CHI,Setophaga,magnolia,Parulidae,1224,yes,forest,Upper
2013-09-30,17.0,CHI,Setophaga,castanea,Parulidae,287,Yes,Forest,Upper
2013-09-30,17.0,CHI,Parkesia,noveboracensis,Parulidae,916,Yes,Forest,Lower
2013-09-30,17.0,CHI,Melospiza,lincolnii,Passerellidae,2029,yes,edge,Lower
2013-09-30,17.0,CHI,Oreothlypis,ruficapilla,Parulidae,1690,Yes,Forest,Upper
2013-09-30,17.0,CHI,Sayornis,phoebe,Tyrannidae,24,No,Edge,Upper
2013-09-30,17.0,CHI,Zonotrichia,albicollis,Passerellidae,10133,Yes,Forest,Lower
2013-09-30,17.0,CHI,Passerculus,sandwichensis,Passerellidae,274,yes,open,Lower	
2013-09-30,17.0,CHI,troglodytes,hiemalis,Troglodytidae,474,No,Forest,Lower
2013-09-30,17.0,CHI,Oreothlypis,peregrina,Parulidae,2515,Yes,Edge,Upper
2013-09-30,17.0,MP,Pipilo,erythrophthalmus,Passerellidae,82,Rare,Edge,Lower
2013-09-30,17.0,CHI,Setophaga,magnolia,Parulidae,1224,yes,forest,Upper
2013-09-30,17.0,CHI,Setophaga,magnolia,Parulidae,1224,yes,forest,Upper
2013-10-01,12.0,CHI,Oreothlypis,peregrina,Parulidae,2515,Yes,Edge,Upper
2013-10-01,12.0,MP,Zonotrichia,albicollis,Passerellidae,10133,Yes,Forest,Lower
2013-10-01,12.0,CHI,Oreothlypis,peregrina,Parulidae,2515,Yes,Edge,Upper
2013-10-01,12.0,MP,Zonotrichia,albicollis,Passerellidae,10133,Yes,Forest,Lower
2013-10-01,12.0,MP,Zonotrichia,albicollis,Passerellidae,10133,Yes,Forest,Lower
2013-10-01,12.0,MP,Melospiza,lincolnii,Passerellidae,2029,yes,edge,Lower
2013-10-01,12.0,MP,Zonotrichia,albicollis,Passerellidae,10133,Yes,Forest,Lower
2013-10-01,12.0,CHI,Mniotilta,varia,Parulidae,620,Yes,Forest,Upper
2013-10-02,12.0,CHI,Seiurus,aurocapilla,Parulidae,4580,Yes,Forest,Lower
2013-10-02,12.0,CHI,Seiurus,aurocapilla,Parulidae,4580,Yes,Forest,Lower
2013-10-02,12.0,CHI,Setophaga,virens,Parulidae,223,Yes,Forest,Upper
2013-10-02,12.0,CHI,Seiurus,aurocapilla,Parulidae,4580,Yes,Forest,Lower
2013-10-02,12.0,CHI,Seiurus,aurocapilla,Parulidae,4580,Yes,Forest,Lower
2013-10-02,12.0,MP,Zonotrichia,albicollis,Passerellidae,10133,Yes,Forest,Lower
2013-10-02,12.0,CHI,Setophaga,virens,Parulidae,223,Yes,Forest,Upper
2013-10-02,12.0,CHI,Setophaga,pinus,Parulidae,49,Yes,Forest,Upper
2013-10-02,12.0,CHI,Seiurus,aurocapilla,Parulidae,4580,Yes,Forest,Lower
2013-10-02,12.0,CHI,Setophaga,virens,Parulidae,223,Yes,Forest,Upper
2013-10-02,12.0,CHI,Catharus,minimus,Turdidae,822,Yes,Forest,Lower
2013-10-02,12.0,CHI,Catharus,minimus,Turdidae,822,Yes,Forest,Lower
2013-10-02,12.0,CHI,Setophaga,caerulescens,Parulidae,183,Yes,Forest,Upper
2013-10-02,12.0,CHI,Setophaga,virens,Parulidae,223,Yes,Forest,Upper
2013-10-02,12.0,CHI,Seiurus,aurocapilla,Parulidae,4580,Yes,Forest,Lower
2013-10-02,12.0,CHI,Passerella,iliaca,Passerellidae,2443,Yes,Edge,Lower
2013-10-02,12.0,CHI,Seiurus,aurocapilla,Parulidae,4580,Yes,Forest,Lower
2013-10-02,12.0,CHI,Catharus,guttatus,Turdidae,3729,Yes,Forest,Lower
2013-10-02,12.0,CHI,Zonotrichia,albicollis,Passerellidae,10133,Yes,Forest,Lower
2013-10-02,12.0,CHI,Passerella,iliaca,Passerellidae,2443,Yes,Edge,Lower
2013-10-02,12.0,CHI,Geothlypis,trichas,Parulidae,1555,Yes,Open,Lower
2013-10-02,12.0,CHI,Seiurus,aurocapilla,Parulidae,4580,Yes,Forest,Lower
2013-10-02,12.0,MP,Zonotrichia,albicollis,Passerellidae,10133,Yes,Forest,Lower
2013-10-02,12.0,CHI,Regulus,satrapa,Regulidae,1029,Yes,Forest,Upper
2013-10-02,12.0,CHI,Seiurus,aurocapilla,Parulidae,4580,Yes,Forest,Lower
2013-10-02,12.0,CHI,Zonotrichia,albicollis,Passerellidae,10133,Yes,Forest,Lower
2013-10-02,12.0,CHI,Zonotrichia,albicollis,Passerellidae,10133,Yes,Forest,Lower
2013-10-02,12.0,CHI,Zonotrichia,albicollis,Passerellidae,10133,Yes,Forest,Lower
2013-10-02,12.0,CHI,Zonotrichia,albicollis,Passerellidae,10133,Yes,Forest,Lower
2013-10-02,12.0,MP,Zonotrichia,albicollis,Passerellidae,10133,Yes,Forest,Lower
2013-10-02,12.0,CHI,Zonotrichia,albicollis,Passerellidae,10133,Yes,Forest,Lower
2013-10-02,12.0,CHI,Zonotrichia,albicollis,Passerellidae,10133,Yes,Forest,Lower
2013-10-02,12.0,CHI,Zonotrichia,albicollis,Passerellidae,10133,Yes,Forest,Lower
2013-10-02,12.0,CHI,Zonotrichia,albicollis,Passerellidae,10133,Yes,Forest,Lower
2013-10-02,12.0,CHI,Zonotrichia,albicollis,Passerellidae,10133,Yes,Forest,Lower
2013-10-02,12.0,CHI,Zonotrichia,albicollis,Passerellidae,10133,Yes,Forest,Lower
2013-10-02,12.0,CHI,Zonotrichia,albicollis,Passerellidae,10133,Yes,Forest,Lower
2013-10-02,12.0,CHI,Zonotrichia,albicollis,Passerellidae,10133,Yes,Forest,Lower
2013-10-02,12.0,CHI,Zonotrichia,albicollis,Passerellidae,10133,Yes,Forest,Lower
2013-10-02,12.0,CHI,Zonotrichia,albicollis,Passerellidae,10133,Yes,Forest,Lower
2013-10-02,12.0,CHI,Zonotrichia,albicollis,Passerellidae,10133,Yes,Forest,Lower
2013-10-02,12.0,CHI,Zonotrichia,albicollis,Passerellidae,10133,Yes,Forest,Lower
2013-10-02,12.0,CHI,Zonotrichia,albicollis,Passerellidae,10133,Yes,Forest,Lower
2013-10-02,12.0,CHI,Catharus,guttatus,Turdidae,3729,Yes,Forest,Lower
2013-10-02,12.0,CHI,Zonotrichia,albicollis,Passerellidae,10133,Yes,Forest,Lower
2013-10-02,12.0,CHI,Zonotrichia,albicollis,Passerellidae,10133,Yes,Forest,Lower
2013-10-02,12.0,CHI,Zonotrichia,albicollis,Passerellidae,10133,Yes,Forest,Lower
2013-10-02,12.0,CHI,Zonotrichia,albicollis,Passerellidae,10133,Yes,Forest,Lower
2013-10-02,12.0,CHI,Zonotrichia,albicollis,Passerellidae,10133,Yes,Forest,Lower
2013-10-02,12.0,CHI,Zonotrichia,albicollis,Passerellidae,10133,Yes,Forest,Lower
2013-10-02,12.0,CHI,Zonotrichia,albicollis,Passerellidae,10133,Yes,Forest,Lower
2013-10-02,12.0,CHI,Zonotrichia,albicollis,Passerellidae,10133,Yes,Forest,Lower
2013-10-02,12.0,CHI,Zonotrichia,albicollis,Passerellidae,10133,Yes,Forest,Lower
2013-10-02,12.0,CHI,Pheucticus,ludovicianus,Cardinalidae,397,Yes,Forest,Upper
2013-10-02,12.0,CHI,Zonotrichia,albicollis,Passerellidae,10133,Yes,Forest,Lower
2013-10-02,12.0,CHI,Zonotrichia,albicollis,Passerellidae,10133,Yes,Forest,Lower
2013-10-02,12.0,CHI,Setophaga,petechia,Parulidae,77,Yes,Edge,Upper
2013-10-02,12.0,CHI,Pheucticus,ludovicianus,Cardinalidae,397,Yes,Forest,Upper
2013-10-02,12.0,CHI,Setophaga,fusca,Parulidae,201,Yes,Forest,Upper
2013-10-02,12.0,CHI,Zonotrichia,albicollis,Passerellidae,10133,Yes,Forest,Lower
2013-10-02,12.0,CHI,Seiurus,aurocapilla,Parulidae,4580,Yes,Forest,Lower
2013-10-02,12.0,CHI,Zonotrichia,albicollis,Passerellidae,10133,Yes,Forest,Lower
2013-10-02,12.0,CHI,Oreothlypis,ruficapilla,Parulidae,1690,Yes,Forest,Upper
2013-10-02,12.0,CHI,Setophaga,palmarum,Parulidae,694,Yes,Edge,Lower
2013-10-02,12.0,CHI,Setophaga,palmarum,Parulidae,694,Yes,Edge,Lower
2013-10-02,12.0,CHI,Setophaga,palmarum,Parulidae,694,Yes,Edge,Lower
2013-10-02,12.0,CHI,Setophaga,palmarum,Parulidae,694,Yes,Edge,Lower
2013-10-02,12.0,CHI,Setophaga,palmarum,Parulidae,694,Yes,Edge,Lower
2013-10-02,12.0,CHI,Setophaga,palmarum,Parulidae,694,Yes,Edge,Lower
2013-10-02,12.0,CHI,Zonotrichia,albicollis,Passerellidae,10133,Yes,Forest,Lower
2013-10-02,12.0,CHI,Catharus,guttatus,Turdidae,3729,Yes,Forest,Lower
2013-10-02,12.0,CHI,dumetella,carolinensis,Mimidae,599,no,edge,Lower
2013-10-02,12.0,MP,dumetella,carolinensis,Mimidae,599,no,edge,Lower
2013-10-02,12.0,CHI,dumetella,carolinensis,Mimidae,599,no,edge,Lower
2013-10-02,12.0,CHI,Zonotrichia,albicollis,Passerellidae,10133,Yes,Forest,Lower
2013-10-02,12.0,CHI,Seiurus,aurocapilla,Parulidae,4580,Yes,Forest,Lower
2013-10-02,12.0,CHI,Seiurus,aurocapilla,Parulidae,4580,Yes,Forest,Lower
2013-10-02,12.0,MP,Catharus,guttatus,Turdidae,3729,Yes,Forest,Lower
2013-10-02,12.0,CHI,Setophaga,palmarum,Parulidae,694,Yes,Edge,Lower
2013-10-02,12.0,CHI,vireo,solitarius,Vireonidae,18,No,Forest,Upper
2013-10-02,12.0,CHI,Zonotrichia,albicollis,Passerellidae,10133,Yes,Forest,Lower
2013-10-02,12.0,CHI,Zonotrichia,albicollis,Passerellidae,10133,Yes,Forest,Lower
2013-10-02,12.0,CHI,Oreothlypis,ruficapilla,Parulidae,1690,Yes,Forest,Upper
2013-10-02,12.0,CHI,Zonotrichia,albicollis,Passerellidae,10133,Yes,Forest,Lower
2013-10-02,12.0,CHI,catharus,ustulatus,Turdidae,2331,Yes,Forest,Lower
2013-10-02,12.0,CHI,Catharus,guttatus,Turdidae,3729,Yes,Forest,Lower
2013-10-02,12.0,CHI,Catharus,guttatus,Turdidae,3729,Yes,Forest,Lower
2013-10-02,12.0,CHI,Catharus,guttatus,Turdidae,3729,Yes,Forest,Lower
2013-10-02,12.0,CHI,Oreothlypis,peregrina,Parulidae,2515,Yes,Edge,Upper
2013-10-02,12.0,CHI,Oreothlypis,peregrina,Parulidae,2515,Yes,Edge,Upper
2013-10-02,12.0,CHI,Oreothlypis,peregrina,Parulidae,2515,Yes,Edge,Upper
2013-10-02,12.0,MP,catharus,ustulatus,Turdidae,2331,Yes,Forest,Lower
2013-10-02,12.0,CHI,Oreothlypis,peregrina,Parulidae,2515,Yes,Edge,Upper
2013-10-02,12.0,CHI,Oreothlypis,peregrina,Parulidae,2515,Yes,Edge,Upper
2013-10-02,12.0,CHI,Zonotrichia,albicollis,Passerellidae,10133,Yes,Forest,Lower
2013-10-02,12.0,MP,Zonotrichia,albicollis,Passerellidae,10133,Yes,Forest,Lower
2013-10-02,12.0,CHI,Zonotrichia,albicollis,Passerellidae,10133,Yes,Forest,Lower
2013-10-02,12.0,CHI,Zonotrichia,albicollis,Passerellidae,10133,Yes,Forest,Lower
2013-10-02,12.0,CHI,Zonotrichia,albicollis,Passerellidae,10133,Yes,Forest,Lower
2013-10-02,12.0,CHI,Zonotrichia,albicollis,Passerellidae,10133,Yes,Forest,Lower
2013-10-02,12.0,CHI,Hylocichla,mustelina,Turdidae,500,Yes,Forest,Lower
2013-10-02,12.0,CHI,Zonotrichia,albicollis,Passerellidae,10133,Yes,Forest,Lower
2013-10-02,12.0,CHI,Zonotrichia,albicollis,Passerellidae,10133,Yes,Forest,Lower
2013-10-02,12.0,CHI,Zonotrichia,albicollis,Passerellidae,10133,Yes,Forest,Lower
2013-10-02,12.0,CHI,Zonotrichia,albicollis,Passerellidae,10133,Yes,Forest,Lower
2013-10-02,12.0,CHI,Zonotrichia,albicollis,Passerellidae,10133,Yes,Forest,Lower
2013-10-02,12.0,CHI,Catharus,guttatus,Turdidae,3729,Yes,Forest,Lower
2013-10-02,12.0,CHI,Junco,hyemalis,Passerellidae,6303,Yes,Edge,Lower
2013-10-02,12.0,CHI,Setophaga,magnolia,Parulidae,1224,yes,forest,Upper
2013-10-02,12.0,CHI,Junco,hyemalis,Passerellidae,6303,Yes,Edge,Lower
2013-10-02,12.0,CHI,Zonotrichia,albicollis,Passerellidae,10133,Yes,Forest,Lower
2013-10-02,12.0,CHI,Setophaga,magnolia,Parulidae,1224,yes,forest,Upper
2013-10-02,12.0,CHI,Setophaga,magnolia,Parulidae,1224,yes,forest,Upper
2013-10-02,12.0,CHI,Junco,hyemalis,Passerellidae,6303,Yes,Edge,Lower
2013-10-02,12.0,CHI,Junco,hyemalis,Passerellidae,6303,Yes,Edge,Lower
2013-10-02,12.0,CHI,Junco,hyemalis,Passerellidae,6303,Yes,Edge,Lower
2013-10-02,12.0,MP,Junco,hyemalis,Passerellidae,6303,Yes,Edge,Lower
2013-10-02,12.0,CHI,troglodytes,hiemalis,Troglodytidae,474,No,Forest,Lower
2013-10-02,12.0,CHI,Junco,hyemalis,Passerellidae,6303,Yes,Edge,Lower
2013-10-02,12.0,CHI,Junco,hyemalis,Passerellidae,6303,Yes,Edge,Lower
2013-10-02,12.0,CHI,Sitta,canadensis,Sittidae,260,Yes,Forest,Upper
2013-10-02,12.0,CHI,Junco,hyemalis,Passerellidae,6303,Yes,Edge,Lower
2013-10-02,12.0,CHI,Junco,hyemalis,Passerellidae,6303,Yes,Edge,Lower
2013-10-02,12.0,CHI,Zonotrichia,albicollis,Passerellidae,10133,Yes,Forest,Lower
2013-10-02,12.0,CHI,Zonotrichia,albicollis,Passerellidae,10133,Yes,Forest,Lower
2013-10-02,12.0,CHI,Zonotrichia,albicollis,Passerellidae,10133,Yes,Forest,Lower
2013-10-02,12.0,CHI,Zonotrichia,albicollis,Passerellidae,10133,Yes,Forest,Lower
2013-10-02,12.0,CHI,Zonotrichia,albicollis,Passerellidae,10133,Yes,Forest,Lower
2013-10-02,12.0,CHI,Zonotrichia,albicollis,Passerellidae,10133,Yes,Forest,Lower
2013-10-02,12.0,CHI,Zonotrichia,albicollis,Passerellidae,10133,Yes,Forest,Lower
2013-10-02,12.0,CHI,Zonotrichia,albicollis,Passerellidae,10133,Yes,Forest,Lower
2013-10-02,12.0,CHI,Zonotrichia,albicollis,Passerellidae,10133,Yes,Forest,Lower
2013-10-02,12.0,CHI,Zonotrichia,albicollis,Passerellidae,10133,Yes,Forest,Lower
2013-10-02,12.0,CHI,Zonotrichia,albicollis,Passerellidae,10133,Yes,Forest,Lower
2013-10-02,12.0,CHI,Zonotrichia,albicollis,Passerellidae,10133,Yes,Forest,Lower
2013-10-02,12.0,CHI,Zonotrichia,albicollis,Passerellidae,10133,Yes,Forest,Lower
2013-10-02,12.0,CHI,Zonotrichia,albicollis,Passerellidae,10133,Yes,Forest,Lower
2013-10-02,12.0,CHI,Zonotrichia,albicollis,Passerellidae,10133,Yes,Forest,Lower
2013-10-02,12.0,CHI,Zonotrichia,albicollis,Passerellidae,10133,Yes,Forest,Lower
2013-10-02,12.0,CHI,Zonotrichia,albicollis,Passerellidae,10133,Yes,Forest,Lower
2013-10-02,12.0,CHI,Zonotrichia,albicollis,Passerellidae,10133,Yes,Forest,Lower
2013-10-02,12.0,CHI,Zonotrichia,albicollis,Passerellidae,10133,Yes,Forest,Lower
2013-10-02,12.0,CHI,Zonotrichia,albicollis,Passerellidae,10133,Yes,Forest,Lower
2013-10-02,12.0,CHI,Zonotrichia,albicollis,Passerellidae,10133,Yes,Forest,Lower
2013-10-02,12.0,CHI,Zonotrichia,albicollis,Passerellidae,10133,Yes,Forest,Lower
2013-10-02,12.0,CHI,Zonotrichia,albicollis,Passerellidae,10133,Yes,Forest,Lower
2013-10-02,12.0,CHI,Catharus,guttatus,Turdidae,3729,Yes,Forest,Lower
2013-10-02,12.0,CHI,Zonotrichia,albicollis,Passerellidae,10133,Yes,Forest,Lower
2013-10-02,12.0,CHI,Catharus,guttatus,Turdidae,3729,Yes,Forest,Lower
2013-10-02,12.0,CHI,Zonotrichia,albicollis,Passerellidae,10133,Yes,Forest,Lower
2013-10-02,12.0,CHI,Zonotrichia,albicollis,Passerellidae,10133,Yes,Forest,Lower
2013-10-02,12.0,CHI,Zonotrichia,albicollis,Passerellidae,10133,Yes,Forest,Lower
2013-10-02,12.0,CHI,Zonotrichia,albicollis,Passerellidae,10133,Yes,Forest,Lower
2013-10-02,12.0,CHI,Zonotrichia,albicollis,Passerellidae,10133,Yes,Forest,Lower
2013-10-02,12.0,CHI,Zonotrichia,albicollis,Passerellidae,10133,Yes,Forest,Lower
2013-10-02,12.0,MP,Zonotrichia,albicollis,Passerellidae,10133,Yes,Forest,Lower
2013-10-02,12.0,CHI,Zonotrichia,albicollis,Passerellidae,10133,Yes,Forest,Lower
2013-10-02,12.0,CHI,Junco,hyemalis,Passerellidae,6303,Yes,Edge,Lower
2013-10-02,12.0,CHI,Junco,hyemalis,Passerellidae,6303,Yes,Edge,Lower
2013-10-02,12.0,CHI,Junco,hyemalis,Passerellidae,6303,Yes,Edge,Lower
2013-10-02,12.0,CHI,Zonotrichia,albicollis,Passerellidae,10133,Yes,Forest,Lower
2013-10-02,12.0,CHI,Zonotrichia,albicollis,Passerellidae,10133,Yes,Forest,Lower
2013-10-02,12.0,CHI,Zonotrichia,albicollis,Passerellidae,10133,Yes,Forest,Lower
2013-10-02,12.0,MP,Setophaga,coronata,Parulidae,887,yes,forest,Upper
2013-10-02,12.0,MP,Setophaga,coronata,Parulidae,887,yes,forest,Upper
2013-10-02,12.0,CHI,Junco,hyemalis,Passerellidae,6303,Yes,Edge,Lower
2013-10-02,12.0,CHI,Zonotrichia,albicollis,Passerellidae,10133,Yes,Forest,Lower
2013-10-02,12.0,CHI,Zonotrichia,albicollis,Passerellidae,10133,Yes,Forest,Lower
2013-10-02,12.0,CHI,Zonotrichia,albicollis,Passerellidae,10133,Yes,Forest,Lower
2013-10-02,12.0,MP,Zonotrichia,albicollis,Passerellidae,10133,Yes,Forest,Lower
2013-10-02,12.0,MP,Catharus,guttatus,Turdidae,3729,Yes,Forest,Lower
2013-10-02,12.0,CHI,Zonotrichia,albicollis,Passerellidae,10133,Yes,Forest,Lower
2013-10-02,12.0,CHI,Zonotrichia,albicollis,Passerellidae,10133,Yes,Forest,Lower
2013-10-02,12.0,CHI,Junco,hyemalis,Passerellidae,6303,Yes,Edge,Lower
2013-10-02,12.0,CHI,Catharus,guttatus,Turdidae,3729,Yes,Forest,Lower
2013-10-02,12.0,CHI,Catharus,guttatus,Turdidae,3729,Yes,Forest,Lower
2013-10-02,12.0,CHI,Junco,hyemalis,Passerellidae,6303,Yes,Edge,Lower
2013-10-02,12.0,CHI,Catharus,guttatus,Turdidae,3729,Yes,Forest,Lower
2013-10-02,12.0,CHI,Junco,hyemalis,Passerellidae,6303,Yes,Edge,Lower
2013-10-02,12.0,CHI,Junco,hyemalis,Passerellidae,6303,Yes,Edge,Lower
2013-10-02,12.0,CHI,Catharus,guttatus,Turdidae,3729,Yes,Forest,Lower
2013-10-02,12.0,CHI,Catharus,guttatus,Turdidae,3729,Yes,Forest,Lower
2013-10-02,12.0,CHI,Catharus,guttatus,Turdidae,3729,Yes,Forest,Lower
2013-10-02,12.0,CHI,Setophaga,coronata,Parulidae,887,yes,forest,Upper
2013-10-02,12.0,CHI,Setophaga,coronata,Parulidae,887,yes,forest,Upper
2013-10-02,12.0,CHI,Catharus,guttatus,Turdidae,3729,Yes,Forest,Lower
2013-10-02,12.0,CHI,Catharus,guttatus,Turdidae,3729,Yes,Forest,Lower
2013-10-02,12.0,MP,Setophaga,coronata,Parulidae,887,yes,forest,Upper
2013-10-02,12.0,CHI,Zonotrichia,albicollis,Passerellidae,10133,Yes,Forest,Lower
2013-10-02,12.0,MP,Zonotrichia,albicollis,Passerellidae,10133,Yes,Forest,Lower
2013-10-02,12.0,CHI,Zonotrichia,albicollis,Passerellidae,10133,Yes,Forest,Lower
2013-10-02,12.0,MP,Zonotrichia,albicollis,Passerellidae,10133,Yes,Forest,Lower
2013-10-02,12.0,CHI,Zonotrichia,albicollis,Passerellidae,10133,Yes,Forest,Lower
2013-10-02,12.0,CHI,Zonotrichia,albicollis,Passerellidae,10133,Yes,Forest,Lower
2013-10-02,12.0,MP,Zonotrichia,albicollis,Passerellidae,10133,Yes,Forest,Lower
2013-10-02,12.0,CHI,Zonotrichia,albicollis,Passerellidae,10133,Yes,Forest,Lower
2013-10-02,12.0,CHI,Zonotrichia,albicollis,Passerellidae,10133,Yes,Forest,Lower
2013-10-02,12.0,CHI,Zonotrichia,albicollis,Passerellidae,10133,Yes,Forest,Lower
2013-10-02,12.0,CHI,Melospiza,lincolnii,Passerellidae,2029,yes,edge,Lower
2013-10-02,12.0,CHI,Melospiza,lincolnii,Passerellidae,2029,yes,edge,Lower
2013-10-02,12.0,MP,Zonotrichia,albicollis,Passerellidae,10133,Yes,Forest,Lower
2013-10-02,12.0,CHI,Melospiza,lincolnii,Passerellidae,2029,yes,edge,Lower
2013-10-02,12.0,CHI,setophaga,ruticilla,Parulidae,868,Yes,Edge,Upper
2013-10-02,12.0,CHI,Zonotrichia,albicollis,Passerellidae,10133,Yes,Forest,Lower
2013-10-02,12.0,CHI,Zonotrichia,albicollis,Passerellidae,10133,Yes,Forest,Lower
2013-10-02,12.0,CHI,Zonotrichia,albicollis,Passerellidae,10133,Yes,Forest,Lower
2013-10-02,12.0,CHI,Zonotrichia,albicollis,Passerellidae,10133,Yes,Forest,Lower
2013-10-02,12.0,CHI,Catharus,guttatus,Turdidae,3729,Yes,Forest,Lower
2013-10-02,12.0,CHI,Zonotrichia,albicollis,Passerellidae,10133,Yes,Forest,Lower
2013-10-02,12.0,CHI,Zonotrichia,albicollis,Passerellidae,10133,Yes,Forest,Lower
2013-10-02,12.0,CHI,Zonotrichia,albicollis,Passerellidae,10133,Yes,Forest,Lower
2013-10-02,12.0,CHI,Junco,hyemalis,Passerellidae,6303,Yes,Edge,Lower
2013-10-02,12.0,CHI,Junco,hyemalis,Passerellidae,6303,Yes,Edge,Lower
2013-10-02,12.0,CHI,troglodytes,hiemalis,Troglodytidae,474,No,Forest,Lower
2013-10-02,12.0,CHI,troglodytes,hiemalis,Troglodytidae,474,No,Forest,Lower
2013-10-02,12.0,CHI,Melospiza,lincolnii,Passerellidae,2029,yes,edge,Lower
2013-10-02,12.0,CHI,Catharus,guttatus,Turdidae,3729,Yes,Forest,Lower
2013-10-02,12.0,CHI,Melospiza,lincolnii,Passerellidae,2029,yes,edge,Lower
2013-10-02,12.0,CHI,Zonotrichia,albicollis,Passerellidae,10133,Yes,Forest,Lower
2013-10-02,12.0,CHI,Geothlypis,trichas,Parulidae,1555,Yes,Open,Lower
2013-10-02,12.0,CHI,Geothlypis,trichas,Parulidae,1555,Yes,Open,Lower
2013-10-02,12.0,MP,Hylocichla,mustelina,Turdidae,500,Yes,Forest,Lower
2013-10-02,12.0,CHI,Hylocichla,mustelina,Turdidae,500,Yes,Forest,Lower
2013-10-02,12.0,CHI,Mniotilta,varia,Parulidae,620,Yes,Forest,Upper
2013-10-02,12.0,CHI,Regulus,satrapa,Regulidae,1029,Yes,Forest,Upper
2013-10-02,12.0,CHI,Zonotrichia,albicollis,Passerellidae,10133,Yes,Forest,Lower
2013-10-02,12.0,CHI,Regulus,satrapa,Regulidae,1029,Yes,Forest,Upper
2013-10-02,12.0,CHI,Catharus,guttatus,Turdidae,3729,Yes,Forest,Lower
2013-10-02,12.0,CHI,Regulus,satrapa,Regulidae,1029,Yes,Forest,Upper
2013-10-02,12.0,CHI,Setophaga,striata,Parulidae,787,Yes,Forest,Upper
2013-10-02,12.0,CHI,Regulus,satrapa,Regulidae,1029,Yes,Forest,Upper
2013-10-02,12.0,CHI,Melospiza,lincolnii,Passerellidae,2029,yes,edge,Lower
2013-10-02,12.0,CHI,Setophaga,striata,Parulidae,787,Yes,Forest,Upper
2013-10-02,12.0,CHI,Regulus,satrapa,Regulidae,1029,Yes,Forest,Upper
2013-10-02,12.0,CHI,Zonotrichia,albicollis,Passerellidae,10133,Yes,Forest,Lower
2013-10-02,12.0,MP,Zonotrichia,albicollis,Passerellidae,10133,Yes,Forest,Lower
2013-10-02,12.0,CHI,Zonotrichia,albicollis,Passerellidae,10133,Yes,Forest,Lower
2013-10-02,12.0,CHI,Mniotilta,varia,Parulidae,620,Yes,Forest,Upper
2013-10-02,12.0,CHI,troglodytes,hiemalis,Troglodytidae,474,No,Forest,Lower
2013-10-02,12.0,CHI,Zonotrichia,albicollis,Passerellidae,10133,Yes,Forest,Lower
2013-10-02,12.0,CHI,Junco,hyemalis,Passerellidae,6303,Yes,Edge,Lower
2013-10-02,12.0,CHI,Junco,hyemalis,Passerellidae,6303,Yes,Edge,Lower
2013-10-02,12.0,CHI,Mniotilta,varia,Parulidae,620,Yes,Forest,Upper
2013-10-02,12.0,CHI,Zonotrichia,albicollis,Passerellidae,10133,Yes,Forest,Lower
2013-10-02,12.0,CHI,Zonotrichia,albicollis,Passerellidae,10133,Yes,Forest,Lower
2013-10-02,12.0,CHI,Zonotrichia,albicollis,Passerellidae,10133,Yes,Forest,Lower
2013-10-02,12.0,CHI,Catharus,guttatus,Turdidae,3729,Yes,Forest,Lower
2013-10-02,12.0,CHI,Zonotrichia,albicollis,Passerellidae,10133,Yes,Forest,Lower
2013-10-02,12.0,CHI,Zonotrichia,albicollis,Passerellidae,10133,Yes,Forest,Lower
2013-10-02,12.0,CHI,Zonotrichia,albicollis,Passerellidae,10133,Yes,Forest,Lower
2013-10-02,12.0,CHI,Zonotrichia,albicollis,Passerellidae,10133,Yes,Forest,Lower
2013-10-02,12.0,CHI,Zonotrichia,albicollis,Passerellidae,10133,Yes,Forest,Lower
2013-10-02,12.0,CHI,Zonotrichia,albicollis,Passerellidae,10133,Yes,Forest,Lower
2013-10-02,12.0,CHI,Zonotrichia,albicollis,Passerellidae,10133,Yes,Forest,Lower
2013-10-02,12.0,CHI,Zonotrichia,albicollis,Passerellidae,10133,Yes,Forest,Lower
2013-10-02,12.0,CHI,Zonotrichia,albicollis,Passerellidae,10133,Yes,Forest,Lower
2013-10-02,12.0,CHI,Zonotrichia,albicollis,Passerellidae,10133,Yes,Forest,Lower
2013-10-02,12.0,CHI,Zonotrichia,albicollis,Passerellidae,10133,Yes,Forest,Lower
2013-10-02,12.0,CHI,Junco,hyemalis,Passerellidae,6303,Yes,Edge,Lower
2013-10-02,12.0,CHI,Zonotrichia,albicollis,Passerellidae,10133,Yes,Forest,Lower
2013-10-02,12.0,CHI,Zonotrichia,albicollis,Passerellidae,10133,Yes,Forest,Lower
2013-10-02,12.0,CHI,Zonotrichia,albicollis,Passerellidae,10133,Yes,Forest,Lower
2013-10-02,12.0,CHI,Setophaga,pensylvanica,Parulidae,303,Yes,Edge,Upper
2013-10-02,12.0,CHI,Zonotrichia,albicollis,Passerellidae,10133,Yes,Forest,Lower
2013-10-02,12.0,CHI,Catharus,guttatus,Turdidae,3729,Yes,Forest,Lower
2013-10-02,12.0,CHI,Zonotrichia,albicollis,Passerellidae,10133,Yes,Forest,Lower
2013-10-02,12.0,CHI,Catharus,guttatus,Turdidae,3729,Yes,Forest,Lower
2013-10-02,12.0,CHI,Zonotrichia,albicollis,Passerellidae,10133,Yes,Forest,Lower
2013-10-02,12.0,CHI,Zonotrichia,albicollis,Passerellidae,10133,Yes,Forest,Lower
2013-10-02,12.0,CHI,Zonotrichia,albicollis,Passerellidae,10133,Yes,Forest,Lower
2013-10-02,12.0,CHI,Zonotrichia,albicollis,Passerellidae,10133,Yes,Forest,Lower
2013-10-02,12.0,CHI,Zonotrichia,albicollis,Passerellidae,10133,Yes,Forest,Lower
2013-10-02,12.0,CHI,Zonotrichia,albicollis,Passerellidae,10133,Yes,Forest,Lower
2013-10-02,12.0,CHI,Zonotrichia,albicollis,Passerellidae,10133,Yes,Forest,Lower
2013-10-02,12.0,CHI,Junco,hyemalis,Passerellidae,6303,Yes,Edge,Lower
2013-10-02,12.0,CHI,Junco,hyemalis,Passerellidae,6303,Yes,Edge,Lower
2013-10-02,12.0,CHI,Junco,hyemalis,Passerellidae,6303,Yes,Edge,Lower
2013-10-02,12.0,CHI,Junco,hyemalis,Passerellidae,6303,Yes,Edge,Lower
2013-10-03,9.0,MP,Seiurus,aurocapilla,Parulidae,4580,Yes,Forest,Lower
2013-10-03,9.0,CHI,Seiurus,aurocapilla,Parulidae,4580,Yes,Forest,Lower
2013-10-03,9.0,CHI,Oreothlypis,ruficapilla,Parulidae,1690,Yes,Forest,Upper
2013-10-03,9.0,CHI,Oreothlypis,celata,Parulidae,227,Yes,Edge,Lower
2013-10-03,9.0,CHI,Seiurus,aurocapilla,Parulidae,4580,Yes,Forest,Lower
2013-10-03,9.0,MP,Seiurus,aurocapilla,Parulidae,4580,Yes,Forest,Lower
2013-10-03,9.0,MP,Hylocichla,mustelina,Turdidae,500,Yes,Forest,Lower
2013-10-03,9.0,CHI,Oreothlypis,ruficapilla,Parulidae,1690,Yes,Forest,Upper
2013-10-03,9.0,CHI,Geothlypis,trichas,Parulidae,1555,Yes,Open,Lower
2013-10-03,9.0,CHI,Geothlypis,trichas,Parulidae,1555,Yes,Open,Lower
2013-10-03,9.0,MP,Seiurus,aurocapilla,Parulidae,4580,Yes,Forest,Lower
2013-10-03,9.0,CHI,Seiurus,aurocapilla,Parulidae,4580,Yes,Forest,Lower
2013-10-03,9.0,CHI,Seiurus,aurocapilla,Parulidae,4580,Yes,Forest,Lower
2013-10-03,9.0,CHI,Geothlypis,trichas,Parulidae,1555,Yes,Open,Lower
2013-10-03,9.0,CHI,Geothlypis,trichas,Parulidae,1555,Yes,Open,Lower
2013-10-03,9.0,CHI,geothlypis,philadelphia,Parulidae,430,Yes,Edge,Lower
2013-10-03,9.0,CHI,Oreothlypis,ruficapilla,Parulidae,1690,Yes,Forest,Upper
2013-10-03,9.0,CHI,troglodytes,hiemalis,Troglodytidae,474,No,Forest,Lower
2013-10-03,9.0,MP,Zonotrichia,albicollis,Passerellidae,10133,Yes,Forest,Lower
2013-10-03,9.0,CHI,Oreothlypis,ruficapilla,Parulidae,1690,Yes,Forest,Upper
2013-10-03,9.0,CHI,Melospiza,lincolnii,Passerellidae,2029,yes,edge,Lower
2013-10-03,9.0,CHI,Melospiza,lincolnii,Passerellidae,2029,yes,edge,Lower
2013-10-03,9.0,CHI,Melospiza,lincolnii,Passerellidae,2029,yes,edge,Lower
2013-10-03,9.0,CHI,Melospiza,lincolnii,Passerellidae,2029,yes,edge,Lower
2013-10-03,9.0,MP,Melospiza,lincolnii,Passerellidae,2029,yes,edge,Lower
2013-10-03,9.0,CHI,Melospiza,lincolnii,Passerellidae,2029,yes,edge,Lower
2013-10-03,9.0,CHI,Melospiza,lincolnii,Passerellidae,2029,yes,edge,Lower
2013-10-03,9.0,CHI,Melospiza,lincolnii,Passerellidae,2029,yes,edge,Lower
2013-10-03,9.0,CHI,Zonotrichia,albicollis,Passerellidae,10133,Yes,Forest,Lower
2013-10-03,9.0,MP,Zonotrichia,albicollis,Passerellidae,10133,Yes,Forest,Lower
2013-10-03,9.0,MP,Zonotrichia,albicollis,Passerellidae,10133,Yes,Forest,Lower
2013-10-03,9.0,MP,Zonotrichia,albicollis,Passerellidae,10133,Yes,Forest,Lower
2013-10-03,9.0,MP,Zonotrichia,albicollis,Passerellidae,10133,Yes,Forest,Lower
2013-10-03,9.0,MP,Zonotrichia,albicollis,Passerellidae,10133,Yes,Forest,Lower
2013-10-03,9.0,MP,Zonotrichia,albicollis,Passerellidae,10133,Yes,Forest,Lower
2013-10-03,9.0,CHI,Melospiza,lincolnii,Passerellidae,2029,yes,edge,Lower
2013-10-03,9.0,CHI,Melospiza,lincolnii,Passerellidae,2029,yes,edge,Lower
2013-10-03,9.0,CHI,Melospiza,lincolnii,Passerellidae,2029,yes,edge,Lower
2013-10-03,9.0,CHI,Oreothlypis,ruficapilla,Parulidae,1690,Yes,Forest,Upper
2013-10-03,9.0,CHI,Catharus,guttatus,Turdidae,3729,Yes,Forest,Lower
2013-10-03,9.0,CHI,Oreothlypis,ruficapilla,Parulidae,1690,Yes,Forest,Upper
2013-10-03,9.0,MP,Melospiza,lincolnii,Passerellidae,2029,yes,edge,Lower
2013-10-03,9.0,MP,Melospiza,lincolnii,Passerellidae,2029,yes,edge,Lower
2013-10-03,9.0,CHI,Zonotrichia,albicollis,Passerellidae,10133,Yes,Forest,Lower
2013-10-03,9.0,CHI,Zonotrichia,albicollis,Passerellidae,10133,Yes,Forest,Lower
2013-10-03,9.0,CHI,Zonotrichia,albicollis,Passerellidae,10133,Yes,Forest,Lower
2013-10-03,9.0,MP,Zonotrichia,albicollis,Passerellidae,10133,Yes,Forest,Lower
2013-10-03,9.0,CHI,Catharus,guttatus,Turdidae,3729,Yes,Forest,Lower
2013-10-03,9.0,MP,Zonotrichia,albicollis,Passerellidae,10133,Yes,Forest,Lower
2013-10-03,9.0,CHI,Oreothlypis,ruficapilla,Parulidae,1690,Yes,Forest,Upper
2013-10-03,9.0,CHI,Melospiza,lincolnii,Passerellidae,2029,yes,edge,Lower
2013-10-03,9.0,CHI,Oreothlypis,ruficapilla,Parulidae,1690,Yes,Forest,Upper
2013-10-03,9.0,CHI,Melospiza,lincolnii,Passerellidae,2029,yes,edge,Lower
2013-10-03,9.0,CHI,Melospiza,lincolnii,Passerellidae,2029,yes,edge,Lower
2013-10-03,9.0,MP,Zonotrichia,albicollis,Passerellidae,10133,Yes,Forest,Lower
2013-10-03,9.0,CHI,Zonotrichia,albicollis,Passerellidae,10133,Yes,Forest,Lower
2013-10-03,9.0,MP,Zonotrichia,albicollis,Passerellidae,10133,Yes,Forest,Lower
2013-10-03,9.0,CHI,Zonotrichia,albicollis,Passerellidae,10133,Yes,Forest,Lower
2013-10-03,9.0,CHI,Oreothlypis,ruficapilla,Parulidae,1690,Yes,Forest,Upper
2013-10-03,9.0,CHI,Zonotrichia,albicollis,Passerellidae,10133,Yes,Forest,Lower
2013-10-03,9.0,CHI,Zonotrichia,albicollis,Passerellidae,10133,Yes,Forest,Lower
2013-10-03,9.0,CHI,Zonotrichia,albicollis,Passerellidae,10133,Yes,Forest,Lower
2013-10-03,9.0,CHI,Zonotrichia,albicollis,Passerellidae,10133,Yes,Forest,Lower
2013-10-03,9.0,MP,Zonotrichia,albicollis,Passerellidae,10133,Yes,Forest,Lower
2013-10-03,9.0,CHI,Zonotrichia,albicollis,Passerellidae,10133,Yes,Forest,Lower
2013-10-03,9.0,CHI,Oreothlypis,ruficapilla,Parulidae,1690,Yes,Forest,Upper
2013-10-03,9.0,CHI,Zonotrichia,albicollis,Passerellidae,10133,Yes,Forest,Lower
2013-10-03,9.0,CHI,Oreothlypis,ruficapilla,Parulidae,1690,Yes,Forest,Upper
2013-10-03,9.0,CHI,Oreothlypis,ruficapilla,Parulidae,1690,Yes,Forest,Upper
2013-10-03,9.0,CHI,Oreothlypis,ruficapilla,Parulidae,1690,Yes,Forest,Upper
2013-10-03,9.0,CHI,Oreothlypis,ruficapilla,Parulidae,1690,Yes,Forest,Upper
2013-10-03,9.0,CHI,Oreothlypis,ruficapilla,Parulidae,1690,Yes,Forest,Upper
2013-10-03,9.0,CHI,Oreothlypis,ruficapilla,Parulidae,1690,Yes,Forest,Upper
2013-10-03,9.0,CHI,Toxostoma,rufum,Mimidae,166,No,Edge,Lower
2013-10-03,9.0,CHI,Oreothlypis,ruficapilla,Parulidae,1690,Yes,Forest,Upper
2013-10-03,9.0,CHI,Oreothlypis,ruficapilla,Parulidae,1690,Yes,Forest,Upper
2013-10-03,9.0,CHI,Oreothlypis,ruficapilla,Parulidae,1690,Yes,Forest,Upper
2013-10-03,9.0,CHI,Oreothlypis,ruficapilla,Parulidae,1690,Yes,Forest,Upper
2013-10-03,9.0,CHI,Zonotrichia,albicollis,Passerellidae,10133,Yes,Forest,Lower
2013-10-03,9.0,CHI,Zonotrichia,albicollis,Passerellidae,10133,Yes,Forest,Lower
2013-10-03,9.0,CHI,Zonotrichia,albicollis,Passerellidae,10133,Yes,Forest,Lower
2013-10-03,9.0,CHI,Zonotrichia,albicollis,Passerellidae,10133,Yes,Forest,Lower
2013-10-03,9.0,MP,Zonotrichia,albicollis,Passerellidae,10133,Yes,Forest,Lower
2013-10-03,9.0,CHI,Zonotrichia,albicollis,Passerellidae,10133,Yes,Forest,Lower
2013-10-03,9.0,CHI,setophaga,ruticilla,Parulidae,868,Yes,Edge,Upper
2013-10-03,9.0,CHI,Oreothlypis,ruficapilla,Parulidae,1690,Yes,Forest,Upper
2013-10-03,9.0,CHI,Zonotrichia,albicollis,Passerellidae,10133,Yes,Forest,Lower
2013-10-03,9.0,CHI,Oreothlypis,ruficapilla,Parulidae,1690,Yes,Forest,Upper
2013-10-03,9.0,CHI,Zonotrichia,albicollis,Passerellidae,10133,Yes,Forest,Lower
2013-10-03,9.0,CHI,Zonotrichia,albicollis,Passerellidae,10133,Yes,Forest,Lower
2013-10-03,9.0,CHI,Zonotrichia,albicollis,Passerellidae,10133,Yes,Forest,Lower
2013-10-03,9.0,CHI,Zonotrichia,albicollis,Passerellidae,10133,Yes,Forest,Lower
2013-10-03,9.0,CHI,Zonotrichia,albicollis,Passerellidae,10133,Yes,Forest,Lower
2013-10-03,9.0,CHI,Zonotrichia,albicollis,Passerellidae,10133,Yes,Forest,Lower
2013-10-03,9.0,CHI,Oreothlypis,ruficapilla,Parulidae,1690,Yes,Forest,Upper
2013-10-03,9.0,CHI,Zonotrichia,albicollis,Passerellidae,10133,Yes,Forest,Lower
2013-10-03,9.0,CHI,Zonotrichia,albicollis,Passerellidae,10133,Yes,Forest,Lower
2013-10-03,9.0,CHI,Seiurus,aurocapilla,Parulidae,4580,Yes,Forest,Lower
2013-10-03,9.0,CHI,Setophaga,magnolia,Parulidae,1224,yes,forest,Upper
2013-10-03,9.0,CHI,Oreothlypis,peregrina,Parulidae,2515,Yes,Edge,Upper
2013-10-03,9.0,CHI,Oreothlypis,peregrina,Parulidae,2515,Yes,Edge,Upper
2013-10-03,9.0,CHI,Oreothlypis,peregrina,Parulidae,2515,Yes,Edge,Upper
2013-10-03,9.0,CHI,Setophaga,virens,Parulidae,223,Yes,Forest,Upper
2013-10-03,9.0,CHI,Setophaga,virens,Parulidae,223,Yes,Forest,Upper
2013-10-03,9.0,CHI,Junco,hyemalis,Passerellidae,6303,Yes,Edge,Lower
2013-10-03,9.0,MP,Junco,hyemalis,Passerellidae,6303,Yes,Edge,Lower
2013-10-03,9.0,CHI,Junco,hyemalis,Passerellidae,6303,Yes,Edge,Lower
2013-10-03,9.0,CHI,Junco,hyemalis,Passerellidae,6303,Yes,Edge,Lower
2013-10-03,9.0,CHI,Junco,hyemalis,Passerellidae,6303,Yes,Edge,Lower
2013-10-03,9.0,MP,Junco,hyemalis,Passerellidae,6303,Yes,Edge,Lower
2013-10-03,9.0,CHI,Junco,hyemalis,Passerellidae,6303,Yes,Edge,Lower
2013-10-03,9.0,MP,Junco,hyemalis,Passerellidae,6303,Yes,Edge,Lower
2013-10-03,9.0,CHI,Mniotilta,varia,Parulidae,620,Yes,Forest,Upper
2013-10-03,9.0,MP,Setophaga,palmarum,Parulidae,694,Yes,Edge,Lower
2013-10-03,9.0,MP,Pheucticus,ludovicianus,Cardinalidae,397,Yes,Forest,Upper
2013-10-03,9.0,CHI,Pheucticus,ludovicianus,Cardinalidae,397,Yes,Forest,Upper
2013-10-03,9.0,CHI,Oreothlypis,peregrina,Parulidae,2515,Yes,Edge,Upper
2013-10-03,9.0,CHI,Melospiza,melodia,Passerellidae,5124,Yes,Edge,Lower
2013-10-03,9.0,CHI,Setophaga,striata,Parulidae,787,Yes,Forest,Upper
2013-10-03,9.0,CHI,Zonotrichia,leucophrys,Passerellidae,1090,Yes,Edge,Lower
2013-10-03,9.0,CHI,Zonotrichia,leucophrys,Passerellidae,1090,Yes,Edge,Lower
2013-10-03,9.0,CHI,Setophaga,coronata,Parulidae,887,yes,forest,Upper
2013-10-04,9.0,CHI,Oreothlypis,ruficapilla,Parulidae,1690,Yes,Forest,Upper
2013-10-04,9.0,CHI,Seiurus,aurocapilla,Parulidae,4580,Yes,Forest,Lower
2013-10-04,9.0,MP,Zonotrichia,albicollis,Passerellidae,10133,Yes,Forest,Lower
2013-10-04,9.0,CHI,Zonotrichia,albicollis,Passerellidae,10133,Yes,Forest,Lower
2013-10-04,9.0,CHI,Seiurus,aurocapilla,Parulidae,4580,Yes,Forest,Lower
2013-10-04,9.0,CHI,Zonotrichia,albicollis,Passerellidae,10133,Yes,Forest,Lower
2013-10-04,9.0,CHI,Vireo,olivaceus,Vireonidae,133,No,Forest,Upper
2013-10-04,9.0,CHI,Zonotrichia,albicollis,Passerellidae,10133,Yes,Forest,Lower
2013-10-04,9.0,CHI,Zonotrichia,albicollis,Passerellidae,10133,Yes,Forest,Lower
2013-10-04,9.0,CHI,Zonotrichia,albicollis,Passerellidae,10133,Yes,Forest,Lower
2013-10-04,9.0,MP,Melospiza,lincolnii,Passerellidae,2029,yes,edge,Lower
2013-10-04,9.0,MP,Oreothlypis,ruficapilla,Parulidae,1690,Yes,Forest,Upper
2013-10-04,9.0,MP,Melospiza,lincolnii,Passerellidae,2029,yes,edge,Lower
2013-10-04,9.0,CHI,Melospiza,lincolnii,Passerellidae,2029,yes,edge,Lower
2013-10-04,9.0,CHI,Zonotrichia,albicollis,Passerellidae,10133,Yes,Forest,Lower
2013-10-04,9.0,CHI,Zonotrichia,albicollis,Passerellidae,10133,Yes,Forest,Lower
2013-10-04,9.0,CHI,Oreothlypis,ruficapilla,Parulidae,1690,Yes,Forest,Upper
2013-10-04,9.0,MP,Zonotrichia,albicollis,Passerellidae,10133,Yes,Forest,Lower
2013-10-04,9.0,CHI,Regulus,satrapa,Regulidae,1029,Yes,Forest,Upper
2013-10-04,9.0,CHI,Oreothlypis,ruficapilla,Parulidae,1690,Yes,Forest,Upper
2013-10-04,9.0,CHI,Melospiza,lincolnii,Passerellidae,2029,yes,edge,Lower
2013-10-04,9.0,MP,Melospiza,melodia,Passerellidae,5124,Yes,Edge,Lower
2013-10-04,9.0,MP,Zonotrichia,albicollis,Passerellidae,10133,Yes,Forest,Lower
2013-10-04,9.0,CHI,Geothlypis,trichas,Parulidae,1555,Yes,Open,Lower
2013-10-04,9.0,MP,Zonotrichia,albicollis,Passerellidae,10133,Yes,Forest,Lower
2013-10-04,9.0,MP,Zonotrichia,albicollis,Passerellidae,10133,Yes,Forest,Lower
2013-10-04,9.0,MP,Zonotrichia,albicollis,Passerellidae,10133,Yes,Forest,Lower
2013-10-04,9.0,MP,Zonotrichia,albicollis,Passerellidae,10133,Yes,Forest,Lower
2013-10-04,9.0,MP,Zonotrichia,albicollis,Passerellidae,10133,Yes,Forest,Lower
2013-10-04,9.0,MP,Zonotrichia,albicollis,Passerellidae,10133,Yes,Forest,Lower
2013-10-04,9.0,MP,Setophaga,palmarum,Parulidae,694,Yes,Edge,Lower
2013-10-04,9.0,MP,Zonotrichia,albicollis,Passerellidae,10133,Yes,Forest,Lower
2013-10-04,9.0,MP,Zonotrichia,albicollis,Passerellidae,10133,Yes,Forest,Lower
2013-10-04,9.0,CHI,cistothorus,palustris,Troglodytidae,91,No,Open,Lower
2013-10-04,9.0,MP,Seiurus,aurocapilla,Parulidae,4580,Yes,Forest,Lower
2013-10-04,9.0,CHI,Zonotrichia,albicollis,Passerellidae,10133,Yes,Forest,Lower
2013-10-05,6.0,CHI,Zonotrichia,albicollis,Passerellidae,10133,Yes,Forest,Lower
2013-10-05,6.0,CHI,Zonotrichia,albicollis,Passerellidae,10133,Yes,Forest,Lower
2013-10-05,6.0,CHI,Zonotrichia,albicollis,Passerellidae,10133,Yes,Forest,Lower
2013-10-05,6.0,CHI,Sitta,canadensis,Sittidae,260,Yes,Forest,Upper
2013-10-05,6.0,CHI,Zonotrichia,albicollis,Passerellidae,10133,Yes,Forest,Lower
2013-10-05,6.0,CHI,Zonotrichia,albicollis,Passerellidae,10133,Yes,Forest,Lower
2013-10-05,6.0,CHI,Zonotrichia,albicollis,Passerellidae,10133,Yes,Forest,Lower
2013-10-05,6.0,CHI,Zonotrichia,albicollis,Passerellidae,10133,Yes,Forest,Lower
2013-10-05,6.0,CHI,Oreothlypis,ruficapilla,Parulidae,1690,Yes,Forest,Upper
2013-10-05,6.0,CHI,Zonotrichia,albicollis,Passerellidae,10133,Yes,Forest,Lower
2013-10-05,6.0,CHI,Zonotrichia,albicollis,Passerellidae,10133,Yes,Forest,Lower
2013-10-05,6.0,CHI,Junco,hyemalis,Passerellidae,6303,Yes,Edge,Lower
2013-10-05,6.0,CHI,Catharus,guttatus,Turdidae,3729,Yes,Forest,Lower
2013-10-05,6.0,CHI,Passerculus,sandwichensis,Passerellidae,274,yes,open,Lower	
2013-10-05,6.0,CHI,Zonotrichia,albicollis,Passerellidae,10133,Yes,Forest,Lower
2013-10-05,6.0,CHI,Zonotrichia,albicollis,Passerellidae,10133,Yes,Forest,Lower
2013-10-05,6.0,CHI,Zonotrichia,albicollis,Passerellidae,10133,Yes,Forest,Lower
2013-10-05,6.0,CHI,Zonotrichia,albicollis,Passerellidae,10133,Yes,Forest,Lower
2013-10-05,6.0,CHI,Zonotrichia,albicollis,Passerellidae,10133,Yes,Forest,Lower
2013-10-05,6.0,CHI,Zonotrichia,albicollis,Passerellidae,10133,Yes,Forest,Lower
2013-10-05,6.0,CHI,Seiurus,aurocapilla,Parulidae,4580,Yes,Forest,Lower
2013-10-05,6.0,CHI,Pheucticus,ludovicianus,Cardinalidae,397,Yes,Forest,Upper
2013-10-05,6.0,MP,Melospiza,lincolnii,Passerellidae,2029,yes,edge,Lower
2013-10-05,6.0,CHI,Melospiza,lincolnii,Passerellidae,2029,yes,edge,Lower
2013-10-05,6.0,CHI,Melospiza,lincolnii,Passerellidae,2029,yes,edge,Lower
2013-10-05,6.0,CHI,Zonotrichia,albicollis,Passerellidae,10133,Yes,Forest,Lower
2013-10-05,6.0,CHI,Seiurus,aurocapilla,Parulidae,4580,Yes,Forest,Lower
2013-10-05,6.0,CHI,Catharus,guttatus,Turdidae,3729,Yes,Forest,Lower
2013-10-05,6.0,MP,Setophaga,coronata,Parulidae,887,yes,forest,Upper
2013-10-06,7.0,CHI,Zonotrichia,albicollis,Passerellidae,10133,Yes,Forest,Lower
2013-10-06,7.0,CHI,Oreothlypis,peregrina,Parulidae,2515,Yes,Edge,Upper
2013-10-06,7.0,CHI,catharus,ustulatus,Turdidae,2331,Yes,Forest,Lower
2013-10-06,7.0,MP,Zonotrichia,albicollis,Passerellidae,10133,Yes,Forest,Lower
2013-10-06,7.0,CHI,Setophaga,coronata,Parulidae,887,yes,forest,Upper
2013-10-06,7.0,CHI,Seiurus,aurocapilla,Parulidae,4580,Yes,Forest,Lower
2013-10-06,7.0,CHI,Seiurus,aurocapilla,Parulidae,4580,Yes,Forest,Lower
2013-10-06,7.0,CHI,Zonotrichia,albicollis,Passerellidae,10133,Yes,Forest,Lower
2013-10-06,7.0,MP,Zonotrichia,albicollis,Passerellidae,10133,Yes,Forest,Lower
2013-10-06,7.0,CHI,Geothlypis,trichas,Parulidae,1555,Yes,Open,Lower
2013-10-06,7.0,CHI,Zonotrichia,albicollis,Passerellidae,10133,Yes,Forest,Lower
2013-10-06,7.0,CHI,Zonotrichia,albicollis,Passerellidae,10133,Yes,Forest,Lower
2013-10-06,7.0,CHI,Oporornis,agilis,Parulidae,365,Yes,Forest,Lower
2013-10-06,7.0,CHI,Geothlypis,trichas,Parulidae,1555,Yes,Open,Lower
2013-10-06,7.0,CHI,Setophaga,magnolia,Parulidae,1224,yes,forest,Upper
2013-10-06,7.0,CHI,Zonotrichia,albicollis,Passerellidae,10133,Yes,Forest,Lower
2013-10-06,7.0,CHI,Seiurus,aurocapilla,Parulidae,4580,Yes,Forest,Lower
2013-10-06,7.0,CHI,Setophaga,striata,Parulidae,787,Yes,Forest,Upper
2013-10-06,7.0,CHI,Sayornis,phoebe,Tyrannidae,24,No,Edge,Upper
2013-10-07,5.0,CHI,Seiurus,aurocapilla,Parulidae,4580,Yes,Forest,Lower
2013-10-07,5.0,CHI,Seiurus,aurocapilla,Parulidae,4580,Yes,Forest,Lower
2013-10-07,5.0,CHI,Zonotrichia,albicollis,Passerellidae,10133,Yes,Forest,Lower
2013-10-07,5.0,CHI,Sitta,canadensis,Sittidae,260,Yes,Forest,Upper
2013-10-07,5.0,MP,Setophaga,caerulescens,Parulidae,183,Yes,Forest,Upper
2013-10-07,5.0,CHI,Seiurus,aurocapilla,Parulidae,4580,Yes,Forest,Lower
2013-10-07,5.0,CHI,Zonotrichia,albicollis,Passerellidae,10133,Yes,Forest,Lower
2013-10-07,5.0,CHI,Setophaga,virens,Parulidae,223,Yes,Forest,Upper
2013-10-07,5.0,CHI,Catharus,guttatus,Turdidae,3729,Yes,Forest,Lower
2013-10-07,5.0,MP,Parkesia,noveboracensis,Parulidae,916,Yes,Forest,Lower
2013-10-07,5.0,CHI,Zonotrichia,albicollis,Passerellidae,10133,Yes,Forest,Lower
2013-10-07,5.0,CHI,Seiurus,aurocapilla,Parulidae,4580,Yes,Forest,Lower
2013-10-07,5.0,CHI,Junco,hyemalis,Passerellidae,6303,Yes,Edge,Lower
2013-10-07,5.0,CHI,Geothlypis,trichas,Parulidae,1555,Yes,Open,Lower
2013-10-07,5.0,CHI,Geothlypis,trichas,Parulidae,1555,Yes,Open,Lower
2013-10-07,5.0,CHI,Seiurus,aurocapilla,Parulidae,4580,Yes,Forest,Lower
2013-10-07,5.0,CHI,Zonotrichia,albicollis,Passerellidae,10133,Yes,Forest,Lower
2013-10-07,5.0,CHI,Zonotrichia,leucophrys,Passerellidae,1090,Yes,Edge,Lower
2013-10-07,5.0,MP,Catharus,guttatus,Turdidae,3729,Yes,Forest,Lower
2013-10-07,5.0,CHI,Oreothlypis,peregrina,Parulidae,2515,Yes,Edge,Upper
2013-10-07,5.0,CHI,Seiurus,aurocapilla,Parulidae,4580,Yes,Forest,Lower
2013-10-07,5.0,MP,Hylocichla,mustelina,Turdidae,500,Yes,Forest,Lower
2013-10-07,5.0,CHI,Oreothlypis,peregrina,Parulidae,2515,Yes,Edge,Upper
2013-10-07,5.0,CHI,Catharus,guttatus,Turdidae,3729,Yes,Forest,Lower
2013-10-07,5.0,CHI,Oreothlypis,peregrina,Parulidae,2515,Yes,Edge,Upper
2013-10-07,5.0,CHI,Oreothlypis,peregrina,Parulidae,2515,Yes,Edge,Upper
2013-10-07,5.0,CHI,Oreothlypis,peregrina,Parulidae,2515,Yes,Edge,Upper
2013-10-07,5.0,CHI,Oreothlypis,ruficapilla,Parulidae,1690,Yes,Forest,Upper
2013-10-07,5.0,CHI,Setophaga,palmarum,Parulidae,694,Yes,Edge,Lower
2013-10-08,10.0,CHI,Geothlypis,trichas,Parulidae,1555,Yes,Open,Lower
2013-10-08,10.0,CHI,Geothlypis,trichas,Parulidae,1555,Yes,Open,Lower
2013-10-08,10.0,CHI,Junco,hyemalis,Passerellidae,6303,Yes,Edge,Lower
2013-10-08,10.0,CHI,Junco,hyemalis,Passerellidae,6303,Yes,Edge,Lower
2013-10-08,10.0,CHI,Catharus,guttatus,Turdidae,3729,Yes,Forest,Lower
2013-10-08,10.0,CHI,Oreothlypis,peregrina,Parulidae,2515,Yes,Edge,Upper
2013-10-08,10.0,CHI,Geothlypis,trichas,Parulidae,1555,Yes,Open,Lower
2013-10-08,10.0,CHI,Catharus,guttatus,Turdidae,3729,Yes,Forest,Lower
2013-10-08,10.0,CHI,Junco,hyemalis,Passerellidae,6303,Yes,Edge,Lower
2013-10-08,10.0,CHI,Junco,hyemalis,Passerellidae,6303,Yes,Edge,Lower
2013-10-08,10.0,CHI,Seiurus,aurocapilla,Parulidae,4580,Yes,Forest,Lower
2013-10-08,10.0,CHI,Zonotrichia,albicollis,Passerellidae,10133,Yes,Forest,Lower
2013-10-08,10.0,CHI,Zonotrichia,albicollis,Passerellidae,10133,Yes,Forest,Lower
2013-10-08,10.0,CHI,Catharus,guttatus,Turdidae,3729,Yes,Forest,Lower
2013-10-08,10.0,CHI,Junco,hyemalis,Passerellidae,6303,Yes,Edge,Lower
2013-10-08,10.0,CHI,Junco,hyemalis,Passerellidae,6303,Yes,Edge,Lower
2013-10-08,10.0,CHI,Junco,hyemalis,Passerellidae,6303,Yes,Edge,Lower
2013-10-08,10.0,CHI,Junco,hyemalis,Passerellidae,6303,Yes,Edge,Lower
2013-10-08,10.0,CHI,Junco,hyemalis,Passerellidae,6303,Yes,Edge,Lower
2013-10-08,10.0,CHI,Junco,hyemalis,Passerellidae,6303,Yes,Edge,Lower
2013-10-08,10.0,MP,Junco,hyemalis,Passerellidae,6303,Yes,Edge,Lower
2013-10-08,10.0,CHI,Oreothlypis,peregrina,Parulidae,2515,Yes,Edge,Upper
2013-10-08,10.0,CHI,dumetella,carolinensis,Mimidae,599,no,edge,Lower
2013-10-08,10.0,MP,Oreothlypis,peregrina,Parulidae,2515,Yes,Edge,Upper
2013-10-08,10.0,CHI,Catharus,guttatus,Turdidae,3729,Yes,Forest,Lower
2013-10-08,10.0,CHI,Geothlypis,trichas,Parulidae,1555,Yes,Open,Lower
2013-10-08,10.0,CHI,Zonotrichia,albicollis,Passerellidae,10133,Yes,Forest,Lower
2013-10-08,10.0,CHI,Catharus,guttatus,Turdidae,3729,Yes,Forest,Lower
2013-10-08,10.0,CHI,Catharus,guttatus,Turdidae,3729,Yes,Forest,Lower
2013-10-08,10.0,CHI,Catharus,guttatus,Turdidae,3729,Yes,Forest,Lower
2013-10-08,10.0,CHI,Catharus,guttatus,Turdidae,3729,Yes,Forest,Lower
2013-10-08,10.0,CHI,Catharus,guttatus,Turdidae,3729,Yes,Forest,Lower
2013-10-08,10.0,CHI,Catharus,guttatus,Turdidae,3729,Yes,Forest,Lower
2013-10-08,10.0,MP,Geothlypis,trichas,Parulidae,1555,Yes,Open,Lower
2013-10-08,10.0,CHI,Geothlypis,trichas,Parulidae,1555,Yes,Open,Lower
2013-10-08,10.0,CHI,Zonotrichia,albicollis,Passerellidae,10133,Yes,Forest,Lower
2013-10-08,10.0,CHI,Zonotrichia,albicollis,Passerellidae,10133,Yes,Forest,Lower
2013-10-08,10.0,MP,Zonotrichia,albicollis,Passerellidae,10133,Yes,Forest,Lower
2013-10-08,10.0,CHI,Catharus,guttatus,Turdidae,3729,Yes,Forest,Lower
2013-10-08,10.0,CHI,Zonotrichia,albicollis,Passerellidae,10133,Yes,Forest,Lower
2013-10-08,10.0,CHI,Zonotrichia,albicollis,Passerellidae,10133,Yes,Forest,Lower
2013-10-08,10.0,CHI,Zonotrichia,albicollis,Passerellidae,10133,Yes,Forest,Lower
2013-10-08,10.0,CHI,Zonotrichia,albicollis,Passerellidae,10133,Yes,Forest,Lower
2013-10-08,10.0,CHI,Catharus,guttatus,Turdidae,3729,Yes,Forest,Lower
2013-10-08,10.0,CHI,Catharus,guttatus,Turdidae,3729,Yes,Forest,Lower
2013-10-08,10.0,CHI,Catharus,guttatus,Turdidae,3729,Yes,Forest,Lower
2013-10-08,10.0,CHI,Catharus,guttatus,Turdidae,3729,Yes,Forest,Lower
2013-10-08,10.0,CHI,Catharus,guttatus,Turdidae,3729,Yes,Forest,Lower
2013-10-08,10.0,CHI,Catharus,guttatus,Turdidae,3729,Yes,Forest,Lower
2013-10-08,10.0,CHI,Catharus,guttatus,Turdidae,3729,Yes,Forest,Lower
2013-10-08,10.0,CHI,Oreothlypis,peregrina,Parulidae,2515,Yes,Edge,Upper
2013-10-08,10.0,CHI,Catharus,guttatus,Turdidae,3729,Yes,Forest,Lower
2013-10-08,10.0,CHI,Catharus,guttatus,Turdidae,3729,Yes,Forest,Lower
2013-10-08,10.0,CHI,Zonotrichia,albicollis,Passerellidae,10133,Yes,Forest,Lower
2013-10-08,10.0,CHI,Catharus,guttatus,Turdidae,3729,Yes,Forest,Lower
2013-10-08,10.0,CHI,Catharus,guttatus,Turdidae,3729,Yes,Forest,Lower
2013-10-08,10.0,CHI,Catharus,guttatus,Turdidae,3729,Yes,Forest,Lower
2013-10-08,10.0,CHI,Catharus,guttatus,Turdidae,3729,Yes,Forest,Lower
2013-10-08,10.0,CHI,Catharus,guttatus,Turdidae,3729,Yes,Forest,Lower
2013-10-08,10.0,CHI,Catharus,guttatus,Turdidae,3729,Yes,Forest,Lower
2013-10-08,10.0,CHI,Catharus,guttatus,Turdidae,3729,Yes,Forest,Lower
2013-10-08,10.0,CHI,Junco,hyemalis,Passerellidae,6303,Yes,Edge,Lower
2013-10-08,10.0,CHI,Setophaga,magnolia,Parulidae,1224,yes,forest,Upper
2013-10-08,10.0,CHI,Mniotilta,varia,Parulidae,620,Yes,Forest,Upper
2013-10-08,10.0,MP,Zonotrichia,albicollis,Passerellidae,10133,Yes,Forest,Lower
2013-10-08,10.0,MP,Zonotrichia,albicollis,Passerellidae,10133,Yes,Forest,Lower
2013-10-08,10.0,MP,Zonotrichia,albicollis,Passerellidae,10133,Yes,Forest,Lower
2013-10-08,10.0,CHI,Zonotrichia,albicollis,Passerellidae,10133,Yes,Forest,Lower
2013-10-08,10.0,CHI,Zonotrichia,albicollis,Passerellidae,10133,Yes,Forest,Lower
2013-10-08,10.0,CHI,Zonotrichia,leucophrys,Passerellidae,1090,Yes,Edge,Lower
2013-10-08,10.0,CHI,Catharus,guttatus,Turdidae,3729,Yes,Forest,Lower
2013-10-08,10.0,MP,Zonotrichia,albicollis,Passerellidae,10133,Yes,Forest,Lower
2013-10-08,10.0,CHI,Zonotrichia,albicollis,Passerellidae,10133,Yes,Forest,Lower
2013-10-08,10.0,CHI,Setophaga,palmarum,Parulidae,694,Yes,Edge,Lower
2013-10-08,10.0,CHI,Zonotrichia,albicollis,Passerellidae,10133,Yes,Forest,Lower
2013-10-08,10.0,CHI,Zonotrichia,albicollis,Passerellidae,10133,Yes,Forest,Lower
2013-10-08,10.0,CHI,Catharus,guttatus,Turdidae,3729,Yes,Forest,Lower
2013-10-08,10.0,CHI,Zonotrichia,albicollis,Passerellidae,10133,Yes,Forest,Lower
2013-10-08,10.0,CHI,Zonotrichia,albicollis,Passerellidae,10133,Yes,Forest,Lower
2013-10-08,10.0,CHI,Zonotrichia,albicollis,Passerellidae,10133,Yes,Forest,Lower
2013-10-08,10.0,CHI,Zonotrichia,albicollis,Passerellidae,10133,Yes,Forest,Lower
2013-10-08,10.0,CHI,Zonotrichia,albicollis,Passerellidae,10133,Yes,Forest,Lower
2013-10-08,10.0,CHI,catharus,ustulatus,Turdidae,2331,Yes,Forest,Lower
2013-10-08,10.0,MP,Zonotrichia,albicollis,Passerellidae,10133,Yes,Forest,Lower
2013-10-08,10.0,CHI,Mniotilta,varia,Parulidae,620,Yes,Forest,Upper
2013-10-08,10.0,MP,Sitta,canadensis,Sittidae,260,Yes,Forest,Upper
2013-10-08,10.0,CHI,Setophaga,americana,Parulidae,59,Yes,Forest,Upper
2013-10-08,10.0,CHI,Seiurus,aurocapilla,Parulidae,4580,Yes,Forest,Lower
2013-10-08,10.0,MP,Seiurus,aurocapilla,Parulidae,4580,Yes,Forest,Lower
2013-10-08,10.0,CHI,Regulus,calendula,Regulidae,416,No,Forest,Upper
2013-10-08,10.0,CHI,Zonotrichia,albicollis,Passerellidae,10133,Yes,Forest,Lower
2013-10-08,10.0,CHI,Zonotrichia,albicollis,Passerellidae,10133,Yes,Forest,Lower
2013-10-08,10.0,CHI,Zonotrichia,albicollis,Passerellidae,10133,Yes,Forest,Lower
2013-10-08,10.0,CHI,Zonotrichia,albicollis,Passerellidae,10133,Yes,Forest,Lower
2013-10-08,10.0,MP,Zonotrichia,albicollis,Passerellidae,10133,Yes,Forest,Lower
2013-10-08,10.0,MP,Zonotrichia,albicollis,Passerellidae,10133,Yes,Forest,Lower
2013-10-08,10.0,MP,Zonotrichia,albicollis,Passerellidae,10133,Yes,Forest,Lower
2013-10-08,10.0,MP,Zonotrichia,albicollis,Passerellidae,10133,Yes,Forest,Lower
2013-10-08,10.0,MP,Zonotrichia,albicollis,Passerellidae,10133,Yes,Forest,Lower
2013-10-08,10.0,MP,Zonotrichia,albicollis,Passerellidae,10133,Yes,Forest,Lower
2013-10-08,10.0,MP,Zonotrichia,albicollis,Passerellidae,10133,Yes,Forest,Lower
2013-10-08,10.0,MP,Zonotrichia,albicollis,Passerellidae,10133,Yes,Forest,Lower
2013-10-08,10.0,MP,Zonotrichia,albicollis,Passerellidae,10133,Yes,Forest,Lower
2013-10-08,10.0,MP,Zonotrichia,albicollis,Passerellidae,10133,Yes,Forest,Lower
2013-10-08,10.0,CHI,Zonotrichia,albicollis,Passerellidae,10133,Yes,Forest,Lower
2013-10-08,10.0,CHI,Catharus,guttatus,Turdidae,3729,Yes,Forest,Lower
2013-10-08,10.0,CHI,Junco,hyemalis,Passerellidae,6303,Yes,Edge,Lower
2013-10-08,10.0,CHI,Zonotrichia,albicollis,Passerellidae,10133,Yes,Forest,Lower
2013-10-08,10.0,CHI,Junco,hyemalis,Passerellidae,6303,Yes,Edge,Lower
2013-10-08,10.0,CHI,Junco,hyemalis,Passerellidae,6303,Yes,Edge,Lower
2013-10-08,10.0,CHI,Junco,hyemalis,Passerellidae,6303,Yes,Edge,Lower
2013-10-08,10.0,CHI,Junco,hyemalis,Passerellidae,6303,Yes,Edge,Lower
2013-10-08,10.0,MP,Zonotrichia,albicollis,Passerellidae,10133,Yes,Forest,Lower
2013-10-08,10.0,MP,Zonotrichia,albicollis,Passerellidae,10133,Yes,Forest,Lower
2013-10-08,10.0,MP,Zonotrichia,albicollis,Passerellidae,10133,Yes,Forest,Lower
2013-10-08,10.0,MP,Zonotrichia,albicollis,Passerellidae,10133,Yes,Forest,Lower
2013-10-08,10.0,MP,Zonotrichia,albicollis,Passerellidae,10133,Yes,Forest,Lower
2013-10-08,10.0,MP,Zonotrichia,albicollis,Passerellidae,10133,Yes,Forest,Lower
2013-10-08,10.0,CHI,Zonotrichia,albicollis,Passerellidae,10133,Yes,Forest,Lower
2013-10-08,10.0,CHI,Zonotrichia,albicollis,Passerellidae,10133,Yes,Forest,Lower
2013-10-08,10.0,MP,Zonotrichia,albicollis,Passerellidae,10133,Yes,Forest,Lower
2013-10-08,10.0,CHI,Zonotrichia,albicollis,Passerellidae,10133,Yes,Forest,Lower
2013-10-08,10.0,CHI,Zonotrichia,albicollis,Passerellidae,10133,Yes,Forest,Lower
2013-10-08,10.0,CHI,Zonotrichia,albicollis,Passerellidae,10133,Yes,Forest,Lower
2013-10-08,10.0,CHI,Junco,hyemalis,Passerellidae,6303,Yes,Edge,Lower
2013-10-08,10.0,CHI,Junco,hyemalis,Passerellidae,6303,Yes,Edge,Lower
2013-10-08,10.0,CHI,Catharus,guttatus,Turdidae,3729,Yes,Forest,Lower
2013-10-08,10.0,CHI,Junco,hyemalis,Passerellidae,6303,Yes,Edge,Lower
2013-10-08,10.0,CHI,Catharus,guttatus,Turdidae,3729,Yes,Forest,Lower
2013-10-08,10.0,CHI,Junco,hyemalis,Passerellidae,6303,Yes,Edge,Lower
2013-10-08,10.0,MP,Zonotrichia,albicollis,Passerellidae,10133,Yes,Forest,Lower
2013-10-08,10.0,CHI,Zonotrichia,albicollis,Passerellidae,10133,Yes,Forest,Lower
2013-10-08,10.0,CHI,Zonotrichia,albicollis,Passerellidae,10133,Yes,Forest,Lower
2013-10-08,10.0,CHI,Zonotrichia,albicollis,Passerellidae,10133,Yes,Forest,Lower
2013-10-08,10.0,MP,Zonotrichia,albicollis,Passerellidae,10133,Yes,Forest,Lower
2013-10-08,10.0,MP,Zonotrichia,albicollis,Passerellidae,10133,Yes,Forest,Lower
2013-10-08,10.0,MP,Zonotrichia,albicollis,Passerellidae,10133,Yes,Forest,Lower
2013-10-08,10.0,MP,Zonotrichia,albicollis,Passerellidae,10133,Yes,Forest,Lower
2013-10-08,10.0,MP,Zonotrichia,albicollis,Passerellidae,10133,Yes,Forest,Lower
2013-10-08,10.0,MP,Junco,hyemalis,Passerellidae,6303,Yes,Edge,Lower
2013-10-08,10.0,CHI,Junco,hyemalis,Passerellidae,6303,Yes,Edge,Lower
2013-10-08,10.0,MP,Zonotrichia,albicollis,Passerellidae,10133,Yes,Forest,Lower
2013-10-08,10.0,MP,Zonotrichia,albicollis,Passerellidae,10133,Yes,Forest,Lower
2013-10-08,10.0,MP,Zonotrichia,albicollis,Passerellidae,10133,Yes,Forest,Lower
2013-10-08,10.0,MP,Zonotrichia,albicollis,Passerellidae,10133,Yes,Forest,Lower
2013-10-08,10.0,MP,Zonotrichia,albicollis,Passerellidae,10133,Yes,Forest,Lower
2013-10-08,10.0,MP,Zonotrichia,albicollis,Passerellidae,10133,Yes,Forest,Lower
2013-10-08,10.0,CHI,Junco,hyemalis,Passerellidae,6303,Yes,Edge,Lower
2013-10-08,10.0,MP,Zonotrichia,albicollis,Passerellidae,10133,Yes,Forest,Lower
2013-10-08,10.0,MP,Zonotrichia,albicollis,Passerellidae,10133,Yes,Forest,Lower
2013-10-08,10.0,MP,Junco,hyemalis,Passerellidae,6303,Yes,Edge,Lower
2013-10-08,10.0,CHI,Zonotrichia,albicollis,Passerellidae,10133,Yes,Forest,Lower
2013-10-08,10.0,CHI,Catharus,guttatus,Turdidae,3729,Yes,Forest,Lower
2013-10-08,10.0,CHI,Zonotrichia,albicollis,Passerellidae,10133,Yes,Forest,Lower
2013-10-08,10.0,MP,Melospiza,lincolnii,Passerellidae,2029,yes,edge,Lower
2013-10-08,10.0,CHI,Zonotrichia,albicollis,Passerellidae,10133,Yes,Forest,Lower
2013-10-08,10.0,CHI,Melospiza,lincolnii,Passerellidae,2029,yes,edge,Lower
2013-10-08,10.0,CHI,Regulus,satrapa,Regulidae,1029,Yes,Forest,Upper
2013-10-08,10.0,CHI,Melospiza,lincolnii,Passerellidae,2029,yes,edge,Lower
2013-10-08,10.0,CHI,Melospiza,lincolnii,Passerellidae,2029,yes,edge,Lower
2013-10-08,10.0,CHI,Zonotrichia,albicollis,Passerellidae,10133,Yes,Forest,Lower
2013-10-08,10.0,CHI,Zonotrichia,albicollis,Passerellidae,10133,Yes,Forest,Lower
2013-10-08,10.0,CHI,Zonotrichia,albicollis,Passerellidae,10133,Yes,Forest,Lower
2013-10-08,10.0,CHI,Zonotrichia,albicollis,Passerellidae,10133,Yes,Forest,Lower
2013-10-08,10.0,CHI,Zonotrichia,albicollis,Passerellidae,10133,Yes,Forest,Lower
2013-10-08,10.0,MP,Zonotrichia,albicollis,Passerellidae,10133,Yes,Forest,Lower
2013-10-08,10.0,CHI,Zonotrichia,albicollis,Passerellidae,10133,Yes,Forest,Lower
2013-10-08,10.0,MP,Zonotrichia,albicollis,Passerellidae,10133,Yes,Forest,Lower
2013-10-08,10.0,CHI,Zonotrichia,albicollis,Passerellidae,10133,Yes,Forest,Lower
2013-10-08,10.0,CHI,Zonotrichia,albicollis,Passerellidae,10133,Yes,Forest,Lower
2013-10-08,10.0,CHI,Zonotrichia,albicollis,Passerellidae,10133,Yes,Forest,Lower
2013-10-08,10.0,MP,Zonotrichia,albicollis,Passerellidae,10133,Yes,Forest,Lower
2013-10-08,10.0,CHI,Regulus,satrapa,Regulidae,1029,Yes,Forest,Upper
2013-10-08,10.0,MP,Melospiza,lincolnii,Passerellidae,2029,yes,edge,Lower
2013-10-08,10.0,CHI,Zonotrichia,albicollis,Passerellidae,10133,Yes,Forest,Lower
2013-10-08,10.0,CHI,Zonotrichia,albicollis,Passerellidae,10133,Yes,Forest,Lower
2013-10-08,10.0,CHI,Zonotrichia,albicollis,Passerellidae,10133,Yes,Forest,Lower
2013-10-08,10.0,CHI,Zonotrichia,albicollis,Passerellidae,10133,Yes,Forest,Lower
2013-10-08,10.0,CHI,Zonotrichia,albicollis,Passerellidae,10133,Yes,Forest,Lower
2013-10-08,10.0,CHI,Regulus,satrapa,Regulidae,1029,Yes,Forest,Upper
2013-10-08,10.0,CHI,Catharus,guttatus,Turdidae,3729,Yes,Forest,Lower
2013-10-08,10.0,CHI,Zonotrichia,albicollis,Passerellidae,10133,Yes,Forest,Lower
2013-10-08,10.0,CHI,Catharus,guttatus,Turdidae,3729,Yes,Forest,Lower
2013-10-08,10.0,CHI,Zonotrichia,albicollis,Passerellidae,10133,Yes,Forest,Lower
2013-10-08,10.0,CHI,Zonotrichia,albicollis,Passerellidae,10133,Yes,Forest,Lower
2013-10-08,10.0,CHI,Zonotrichia,albicollis,Passerellidae,10133,Yes,Forest,Lower
2013-10-08,10.0,CHI,Catharus,guttatus,Turdidae,3729,Yes,Forest,Lower
2013-10-08,10.0,CHI,Regulus,satrapa,Regulidae,1029,Yes,Forest,Upper
2013-10-08,10.0,CHI,Melospiza,lincolnii,Passerellidae,2029,yes,edge,Lower
2013-10-08,10.0,MP,Melospiza,lincolnii,Passerellidae,2029,yes,edge,Lower
2013-10-08,10.0,MP,Melospiza,lincolnii,Passerellidae,2029,yes,edge,Lower
2013-10-08,10.0,MP,Melospiza,lincolnii,Passerellidae,2029,yes,edge,Lower
2013-10-08,10.0,CHI,Zonotrichia,albicollis,Passerellidae,10133,Yes,Forest,Lower
2013-10-08,10.0,MP,Zonotrichia,albicollis,Passerellidae,10133,Yes,Forest,Lower
2013-10-08,10.0,CHI,Zonotrichia,albicollis,Passerellidae,10133,Yes,Forest,Lower
2013-10-08,10.0,CHI,Zonotrichia,albicollis,Passerellidae,10133,Yes,Forest,Lower
2013-10-08,10.0,CHI,Zonotrichia,albicollis,Passerellidae,10133,Yes,Forest,Lower
2013-10-08,10.0,CHI,Catharus,guttatus,Turdidae,3729,Yes,Forest,Lower
2013-10-08,10.0,CHI,Catharus,guttatus,Turdidae,3729,Yes,Forest,Lower
2013-10-08,10.0,CHI,Zonotrichia,albicollis,Passerellidae,10133,Yes,Forest,Lower
2013-10-08,10.0,CHI,Catharus,guttatus,Turdidae,3729,Yes,Forest,Lower
2013-10-08,10.0,CHI,Catharus,guttatus,Turdidae,3729,Yes,Forest,Lower
2013-10-08,10.0,CHI,Zonotrichia,albicollis,Passerellidae,10133,Yes,Forest,Lower
2013-10-08,10.0,CHI,Catharus,guttatus,Turdidae,3729,Yes,Forest,Lower
2013-10-08,10.0,CHI,Catharus,guttatus,Turdidae,3729,Yes,Forest,Lower
2013-10-08,10.0,CHI,Catharus,guttatus,Turdidae,3729,Yes,Forest,Lower
2013-10-08,10.0,CHI,geothlypis,philadelphia,Parulidae,430,Yes,Edge,Lower
2013-10-08,10.0,CHI,Catharus,guttatus,Turdidae,3729,Yes,Forest,Lower
2013-10-08,10.0,CHI,Catharus,guttatus,Turdidae,3729,Yes,Forest,Lower
2013-10-08,10.0,MP,Zonotrichia,leucophrys,Passerellidae,1090,Yes,Edge,Lower
2013-10-08,10.0,CHI,Zonotrichia,leucophrys,Passerellidae,1090,Yes,Edge,Lower
2013-10-08,10.0,CHI,Oreothlypis,ruficapilla,Parulidae,1690,Yes,Forest,Upper
2013-10-08,10.0,CHI,Zonotrichia,leucophrys,Passerellidae,1090,Yes,Edge,Lower
2013-10-08,10.0,CHI,Catharus,guttatus,Turdidae,3729,Yes,Forest,Lower
2013-10-08,10.0,CHI,dumetella,carolinensis,Mimidae,599,no,edge,Lower
2013-10-08,10.0,CHI,Catharus,guttatus,Turdidae,3729,Yes,Forest,Lower
2013-10-08,10.0,CHI,Regulus,satrapa,Regulidae,1029,Yes,Forest,Upper
2013-10-08,10.0,CHI,Zonotrichia,albicollis,Passerellidae,10133,Yes,Forest,Lower
2013-10-08,10.0,MP,Catharus,guttatus,Turdidae,3729,Yes,Forest,Lower
2013-10-08,10.0,CHI,Melospiza,lincolnii,Passerellidae,2029,yes,edge,Lower
2013-10-08,10.0,MP,Melospiza,lincolnii,Passerellidae,2029,yes,edge,Lower
2013-10-08,10.0,CHI,Melospiza,lincolnii,Passerellidae,2029,yes,edge,Lower
2013-10-08,10.0,MP,Zonotrichia,albicollis,Passerellidae,10133,Yes,Forest,Lower
2013-10-08,10.0,CHI,Zonotrichia,albicollis,Passerellidae,10133,Yes,Forest,Lower
2013-10-08,10.0,CHI,Regulus,satrapa,Regulidae,1029,Yes,Forest,Upper
2013-10-08,10.0,CHI,Zonotrichia,albicollis,Passerellidae,10133,Yes,Forest,Lower
2013-10-08,10.0,MP,Zonotrichia,albicollis,Passerellidae,10133,Yes,Forest,Lower
2013-10-08,10.0,CHI,Catharus,guttatus,Turdidae,3729,Yes,Forest,Lower
2013-10-08,10.0,CHI,Melospiza,lincolnii,Passerellidae,2029,yes,edge,Lower
2013-10-08,10.0,CHI,Zonotrichia,albicollis,Passerellidae,10133,Yes,Forest,Lower
2013-10-08,10.0,CHI,Zonotrichia,albicollis,Passerellidae,10133,Yes,Forest,Lower
2013-10-08,10.0,CHI,Zonotrichia,albicollis,Passerellidae,10133,Yes,Forest,Lower
2013-10-08,10.0,CHI,Zonotrichia,albicollis,Passerellidae,10133,Yes,Forest,Lower
2013-10-08,10.0,CHI,Zonotrichia,albicollis,Passerellidae,10133,Yes,Forest,Lower
2013-10-08,10.0,CHI,Zonotrichia,albicollis,Passerellidae,10133,Yes,Forest,Lower
2013-10-08,10.0,CHI,Zonotrichia,albicollis,Passerellidae,10133,Yes,Forest,Lower
2013-10-08,10.0,CHI,Zonotrichia,albicollis,Passerellidae,10133,Yes,Forest,Lower
2013-10-08,10.0,CHI,Regulus,calendula,Regulidae,416,No,Forest,Upper
2013-10-08,10.0,CHI,Oreothlypis,ruficapilla,Parulidae,1690,Yes,Forest,Upper
2013-10-08,10.0,CHI,Zonotrichia,albicollis,Passerellidae,10133,Yes,Forest,Lower
2013-10-08,10.0,CHI,Parkesia,noveboracensis,Parulidae,916,Yes,Forest,Lower
2013-10-08,10.0,CHI,Zonotrichia,albicollis,Passerellidae,10133,Yes,Forest,Lower
2013-10-08,10.0,CHI,Zonotrichia,albicollis,Passerellidae,10133,Yes,Forest,Lower
2013-10-08,10.0,CHI,Zonotrichia,albicollis,Passerellidae,10133,Yes,Forest,Lower
2013-10-08,10.0,MP,Zonotrichia,albicollis,Passerellidae,10133,Yes,Forest,Lower
2013-10-08,10.0,CHI,Zonotrichia,albicollis,Passerellidae,10133,Yes,Forest,Lower
2013-10-08,10.0,CHI,Zonotrichia,albicollis,Passerellidae,10133,Yes,Forest,Lower
2013-10-08,10.0,CHI,Zonotrichia,albicollis,Passerellidae,10133,Yes,Forest,Lower
2013-10-08,10.0,CHI,Zonotrichia,albicollis,Passerellidae,10133,Yes,Forest,Lower
2013-10-08,10.0,CHI,Zonotrichia,leucophrys,Passerellidae,1090,Yes,Edge,Lower
2013-10-08,10.0,CHI,Zonotrichia,albicollis,Passerellidae,10133,Yes,Forest,Lower
2013-10-08,10.0,CHI,Zonotrichia,albicollis,Passerellidae,10133,Yes,Forest,Lower
2013-10-08,10.0,MP,Zonotrichia,albicollis,Passerellidae,10133,Yes,Forest,Lower
2013-10-08,10.0,CHI,Catharus,guttatus,Turdidae,3729,Yes,Forest,Lower
2013-10-08,10.0,CHI,Setophaga,coronata,Parulidae,887,yes,forest,Upper
2013-10-08,10.0,CHI,Zonotrichia,albicollis,Passerellidae,10133,Yes,Forest,Lower
2013-10-08,10.0,CHI,Zonotrichia,albicollis,Passerellidae,10133,Yes,Forest,Lower
2013-10-08,10.0,CHI,Setophaga,coronata,Parulidae,887,yes,forest,Upper
2013-10-08,10.0,CHI,Zonotrichia,albicollis,Passerellidae,10133,Yes,Forest,Lower
2013-10-08,10.0,CHI,Zonotrichia,albicollis,Passerellidae,10133,Yes,Forest,Lower
2013-10-08,10.0,CHI,Catharus,guttatus,Turdidae,3729,Yes,Forest,Lower
2013-10-08,10.0,CHI,Zonotrichia,albicollis,Passerellidae,10133,Yes,Forest,Lower
2013-10-08,10.0,CHI,Zonotrichia,albicollis,Passerellidae,10133,Yes,Forest,Lower
2013-10-08,10.0,CHI,Zonotrichia,albicollis,Passerellidae,10133,Yes,Forest,Lower
2013-10-08,10.0,CHI,Zonotrichia,albicollis,Passerellidae,10133,Yes,Forest,Lower
2013-10-08,10.0,CHI,Zonotrichia,albicollis,Passerellidae,10133,Yes,Forest,Lower
2013-10-08,10.0,CHI,Catharus,guttatus,Turdidae,3729,Yes,Forest,Lower
2013-10-08,10.0,CHI,Zonotrichia,albicollis,Passerellidae,10133,Yes,Forest,Lower
2013-10-08,10.0,MP,Zonotrichia,albicollis,Passerellidae,10133,Yes,Forest,Lower
2013-10-08,10.0,CHI,Catharus,guttatus,Turdidae,3729,Yes,Forest,Lower
2013-10-08,10.0,CHI,Catharus,guttatus,Turdidae,3729,Yes,Forest,Lower
2013-10-08,10.0,CHI,Zonotrichia,albicollis,Passerellidae,10133,Yes,Forest,Lower
2013-10-08,10.0,CHI,Zonotrichia,albicollis,Passerellidae,10133,Yes,Forest,Lower
2013-10-08,10.0,CHI,Zonotrichia,albicollis,Passerellidae,10133,Yes,Forest,Lower
2013-10-08,10.0,CHI,Zonotrichia,albicollis,Passerellidae,10133,Yes,Forest,Lower
2013-10-08,10.0,CHI,Zonotrichia,albicollis,Passerellidae,10133,Yes,Forest,Lower
2013-10-08,10.0,CHI,Setophaga,coronata,Parulidae,887,yes,forest,Upper
2013-10-08,10.0,MP,Junco,hyemalis,Passerellidae,6303,Yes,Edge,Lower
2013-10-08,10.0,CHI,Setophaga,coronata,Parulidae,887,yes,forest,Upper
2013-10-08,10.0,CHI,Zonotrichia,albicollis,Passerellidae,10133,Yes,Forest,Lower
2013-10-08,10.0,CHI,Setophaga,virens,Parulidae,223,Yes,Forest,Upper
2013-10-08,10.0,CHI,Setophaga,virens,Parulidae,223,Yes,Forest,Upper
2013-10-08,10.0,CHI,Catharus,guttatus,Turdidae,3729,Yes,Forest,Lower
2013-10-08,10.0,MP,troglodytes,hiemalis,Troglodytidae,474,No,Forest,Lower
2013-10-08,10.0,CHI,Zonotrichia,albicollis,Passerellidae,10133,Yes,Forest,Lower
2013-10-08,10.0,CHI,troglodytes,hiemalis,Troglodytidae,474,No,Forest,Lower
2013-10-08,10.0,CHI,troglodytes,hiemalis,Troglodytidae,474,No,Forest,Lower
2013-10-08,10.0,CHI,troglodytes,hiemalis,Troglodytidae,474,No,Forest,Lower
2013-10-08,10.0,CHI,Setophaga,coronata,Parulidae,887,yes,forest,Upper
2013-10-08,10.0,MP,Setophaga,coronata,Parulidae,887,yes,forest,Upper
2013-10-08,10.0,CHI,vireo,solitarius,Vireonidae,18,No,Forest,Upper
2013-10-08,10.0,CHI,Zonotrichia,albicollis,Passerellidae,10133,Yes,Forest,Lower
2013-10-08,10.0,MP,Setophaga,coronata,Parulidae,887,yes,forest,Upper
2013-10-08,10.0,CHI,Setophaga,coronata,Parulidae,887,yes,forest,Upper
2013-10-08,10.0,CHI,Setophaga,coronata,Parulidae,887,yes,forest,Upper
2013-10-08,10.0,CHI,Zonotrichia,albicollis,Passerellidae,10133,Yes,Forest,Lower
2013-10-08,10.0,MP,Zonotrichia,albicollis,Passerellidae,10133,Yes,Forest,Lower
2013-10-08,10.0,MP,Zonotrichia,albicollis,Passerellidae,10133,Yes,Forest,Lower
2013-10-08,10.0,CHI,Setophaga,coronata,Parulidae,887,yes,forest,Upper
2013-10-08,10.0,CHI,Zonotrichia,albicollis,Passerellidae,10133,Yes,Forest,Lower
2013-10-09,12.0,MP,Melospiza,lincolnii,Passerellidae,2029,yes,edge,Lower
2013-10-09,12.0,MP,Melospiza,lincolnii,Passerellidae,2029,yes,edge,Lower
2013-10-09,12.0,MP,Zonotrichia,albicollis,Passerellidae,10133,Yes,Forest,Lower
2013-10-09,12.0,MP,Melospiza,lincolnii,Passerellidae,2029,yes,edge,Lower
2013-10-09,12.0,MP,Zonotrichia,albicollis,Passerellidae,10133,Yes,Forest,Lower
2013-10-09,12.0,MP,Melospiza,lincolnii,Passerellidae,2029,yes,edge,Lower
2013-10-09,12.0,MP,Zonotrichia,albicollis,Passerellidae,10133,Yes,Forest,Lower
2013-10-09,12.0,CHI,Melospiza,lincolnii,Passerellidae,2029,yes,edge,Lower
2013-10-09,12.0,CHI,Melospiza,lincolnii,Passerellidae,2029,yes,edge,Lower
2013-10-09,12.0,MP,Zonotrichia,albicollis,Passerellidae,10133,Yes,Forest,Lower
2013-10-09,12.0,MP,Zonotrichia,albicollis,Passerellidae,10133,Yes,Forest,Lower
2013-10-09,12.0,MP,Zonotrichia,albicollis,Passerellidae,10133,Yes,Forest,Lower
2013-10-09,12.0,CHI,dumetella,carolinensis,Mimidae,599,no,edge,Lower
2013-10-09,12.0,MP,Zonotrichia,albicollis,Passerellidae,10133,Yes,Forest,Lower
2013-10-09,12.0,MP,Zonotrichia,albicollis,Passerellidae,10133,Yes,Forest,Lower
2013-10-09,12.0,CHI,Zonotrichia,albicollis,Passerellidae,10133,Yes,Forest,Lower
2013-10-09,12.0,MP,Zonotrichia,albicollis,Passerellidae,10133,Yes,Forest,Lower
2013-10-09,12.0,CHI,Zonotrichia,albicollis,Passerellidae,10133,Yes,Forest,Lower
2013-10-09,12.0,CHI,Zonotrichia,albicollis,Passerellidae,10133,Yes,Forest,Lower
2013-10-09,12.0,CHI,Zonotrichia,albicollis,Passerellidae,10133,Yes,Forest,Lower
2013-10-09,12.0,MP,Zonotrichia,albicollis,Passerellidae,10133,Yes,Forest,Lower
2013-10-09,12.0,CHI,Zonotrichia,albicollis,Passerellidae,10133,Yes,Forest,Lower
2013-10-09,12.0,CHI,Zonotrichia,albicollis,Passerellidae,10133,Yes,Forest,Lower
2013-10-09,12.0,CHI,Zonotrichia,albicollis,Passerellidae,10133,Yes,Forest,Lower
2013-10-09,12.0,MP,Zonotrichia,albicollis,Passerellidae,10133,Yes,Forest,Lower
2013-10-09,12.0,CHI,Zonotrichia,albicollis,Passerellidae,10133,Yes,Forest,Lower
2013-10-09,12.0,CHI,Cistothorus,platensis,Troglodytidae,60,no,open,Lower
2013-10-09,12.0,CHI,Passerella,iliaca,Passerellidae,2443,Yes,Edge,Lower
2013-10-09,12.0,CHI,Zonotrichia,albicollis,Passerellidae,10133,Yes,Forest,Lower
2013-10-09,12.0,CHI,Zonotrichia,albicollis,Passerellidae,10133,Yes,Forest,Lower
2013-10-09,12.0,MP,Zonotrichia,albicollis,Passerellidae,10133,Yes,Forest,Lower
2013-10-09,12.0,MP,Zonotrichia,albicollis,Passerellidae,10133,Yes,Forest,Lower
2013-10-09,12.0,CHI,Geothlypis,trichas,Parulidae,1555,Yes,Open,Lower
2013-10-09,12.0,CHI,Zonotrichia,albicollis,Passerellidae,10133,Yes,Forest,Lower
2013-10-09,12.0,MP,Zonotrichia,albicollis,Passerellidae,10133,Yes,Forest,Lower
2013-10-09,12.0,MP,Zonotrichia,albicollis,Passerellidae,10133,Yes,Forest,Lower
2013-10-09,12.0,MP,Zonotrichia,albicollis,Passerellidae,10133,Yes,Forest,Lower
2013-10-09,12.0,CHI,Junco,hyemalis,Passerellidae,6303,Yes,Edge,Lower
2013-10-09,12.0,MP,Zonotrichia,albicollis,Passerellidae,10133,Yes,Forest,Lower
2013-10-09,12.0,MP,troglodytes,hiemalis,Troglodytidae,474,No,Forest,Lower
2013-10-09,12.0,MP,Zonotrichia,albicollis,Passerellidae,10133,Yes,Forest,Lower
2013-10-09,12.0,MP,Zonotrichia,albicollis,Passerellidae,10133,Yes,Forest,Lower
2013-10-09,12.0,CHI,Junco,hyemalis,Passerellidae,6303,Yes,Edge,Lower
2013-10-09,12.0,MP,Zonotrichia,leucophrys,Passerellidae,1090,Yes,Edge,Lower
2013-10-09,12.0,MP,Zonotrichia,albicollis,Passerellidae,10133,Yes,Forest,Lower
2013-10-09,12.0,MP,Zonotrichia,albicollis,Passerellidae,10133,Yes,Forest,Lower
2013-10-09,12.0,MP,Zonotrichia,leucophrys,Passerellidae,1090,Yes,Edge,Lower
2013-10-09,12.0,MP,Zonotrichia,albicollis,Passerellidae,10133,Yes,Forest,Lower
2013-10-09,12.0,CHI,Catharus,guttatus,Turdidae,3729,Yes,Forest,Lower
2013-10-09,12.0,MP,Zonotrichia,albicollis,Passerellidae,10133,Yes,Forest,Lower
2013-10-09,12.0,MP,Zonotrichia,albicollis,Passerellidae,10133,Yes,Forest,Lower
2013-10-09,12.0,MP,Zonotrichia,albicollis,Passerellidae,10133,Yes,Forest,Lower
2013-10-09,12.0,MP,Zonotrichia,albicollis,Passerellidae,10133,Yes,Forest,Lower
2013-10-10,12.0,CHI,Zonotrichia,albicollis,Passerellidae,10133,Yes,Forest,Lower
2013-10-10,12.0,CHI,Zonotrichia,albicollis,Passerellidae,10133,Yes,Forest,Lower
2013-10-10,12.0,CHI,Zonotrichia,albicollis,Passerellidae,10133,Yes,Forest,Lower
2013-10-10,12.0,CHI,Zonotrichia,leucophrys,Passerellidae,1090,Yes,Edge,Lower
2013-10-10,12.0,CHI,Zonotrichia,albicollis,Passerellidae,10133,Yes,Forest,Lower
2013-10-10,12.0,CHI,Zonotrichia,albicollis,Passerellidae,10133,Yes,Forest,Lower
2013-10-10,12.0,MP,Zonotrichia,leucophrys,Passerellidae,1090,Yes,Edge,Lower
2013-10-10,12.0,CHI,Melospiza,lincolnii,Passerellidae,2029,yes,edge,Lower
2013-10-10,12.0,CHI,Zonotrichia,albicollis,Passerellidae,10133,Yes,Forest,Lower
2013-10-10,12.0,CHI,Melospiza,lincolnii,Passerellidae,2029,yes,edge,Lower
2013-10-10,12.0,CHI,Zonotrichia,albicollis,Passerellidae,10133,Yes,Forest,Lower
2013-10-10,12.0,CHI,troglodytes,hiemalis,Troglodytidae,474,No,Forest,Lower
2013-10-10,12.0,CHI,Zonotrichia,albicollis,Passerellidae,10133,Yes,Forest,Lower
2013-10-10,12.0,CHI,Zonotrichia,albicollis,Passerellidae,10133,Yes,Forest,Lower
2013-10-10,12.0,CHI,Zonotrichia,albicollis,Passerellidae,10133,Yes,Forest,Lower
2013-10-10,12.0,CHI,Zonotrichia,albicollis,Passerellidae,10133,Yes,Forest,Lower
2013-10-10,12.0,MP,Zonotrichia,albicollis,Passerellidae,10133,Yes,Forest,Lower
2013-10-10,12.0,CHI,Zonotrichia,albicollis,Passerellidae,10133,Yes,Forest,Lower
2013-10-10,12.0,CHI,Zonotrichia,albicollis,Passerellidae,10133,Yes,Forest,Lower
2013-10-10,12.0,CHI,Zonotrichia,albicollis,Passerellidae,10133,Yes,Forest,Lower
2013-10-10,12.0,CHI,Zonotrichia,albicollis,Passerellidae,10133,Yes,Forest,Lower
2013-10-10,12.0,MP,Zonotrichia,albicollis,Passerellidae,10133,Yes,Forest,Lower
2013-10-10,12.0,CHI,Zonotrichia,albicollis,Passerellidae,10133,Yes,Forest,Lower
2013-10-10,12.0,CHI,Zonotrichia,albicollis,Passerellidae,10133,Yes,Forest,Lower
2013-10-10,12.0,MP,Zonotrichia,albicollis,Passerellidae,10133,Yes,Forest,Lower
2013-10-10,12.0,CHI,Zonotrichia,albicollis,Passerellidae,10133,Yes,Forest,Lower
2013-10-10,12.0,CHI,Melospiza,lincolnii,Passerellidae,2029,yes,edge,Lower
2013-10-10,12.0,CHI,Regulus,satrapa,Regulidae,1029,Yes,Forest,Upper
2013-10-10,12.0,CHI,Melospiza,lincolnii,Passerellidae,2029,yes,edge,Lower
2013-10-10,12.0,CHI,Melospiza,lincolnii,Passerellidae,2029,yes,edge,Lower
2013-10-10,12.0,CHI,Zonotrichia,albicollis,Passerellidae,10133,Yes,Forest,Lower
2013-10-10,12.0,CHI,Zonotrichia,albicollis,Passerellidae,10133,Yes,Forest,Lower
2013-10-10,12.0,CHI,Zonotrichia,albicollis,Passerellidae,10133,Yes,Forest,Lower
2013-10-10,12.0,CHI,Zonotrichia,albicollis,Passerellidae,10133,Yes,Forest,Lower
2013-10-10,12.0,CHI,Zonotrichia,albicollis,Passerellidae,10133,Yes,Forest,Lower
2013-10-10,12.0,MP,Zonotrichia,albicollis,Passerellidae,10133,Yes,Forest,Lower
2013-10-10,12.0,CHI,Zonotrichia,albicollis,Passerellidae,10133,Yes,Forest,Lower
2013-10-10,12.0,CHI,Zonotrichia,albicollis,Passerellidae,10133,Yes,Forest,Lower
2013-10-10,12.0,MP,Zonotrichia,albicollis,Passerellidae,10133,Yes,Forest,Lower
2013-10-10,12.0,CHI,Regulus,satrapa,Regulidae,1029,Yes,Forest,Upper
2013-10-10,12.0,CHI,Zonotrichia,albicollis,Passerellidae,10133,Yes,Forest,Lower
2013-10-10,12.0,CHI,Regulus,calendula,Regulidae,416,No,Forest,Upper
2013-10-10,12.0,CHI,Regulus,calendula,Regulidae,416,No,Forest,Upper
2013-10-10,12.0,CHI,Regulus,calendula,Regulidae,416,No,Forest,Upper
2013-10-10,12.0,CHI,Zonotrichia,albicollis,Passerellidae,10133,Yes,Forest,Lower
2013-10-10,12.0,CHI,Regulus,calendula,Regulidae,416,No,Forest,Upper
2013-10-10,12.0,CHI,Sitta,canadensis,Sittidae,260,Yes,Forest,Upper
2013-10-10,12.0,CHI,Zonotrichia,albicollis,Passerellidae,10133,Yes,Forest,Lower
2013-10-10,12.0,CHI,Zonotrichia,albicollis,Passerellidae,10133,Yes,Forest,Lower
2013-10-10,12.0,CHI,Zonotrichia,albicollis,Passerellidae,10133,Yes,Forest,Lower
2013-10-10,12.0,CHI,Zonotrichia,albicollis,Passerellidae,10133,Yes,Forest,Lower
2013-10-10,12.0,MP,Zonotrichia,albicollis,Passerellidae,10133,Yes,Forest,Lower
2013-10-10,12.0,CHI,Zonotrichia,albicollis,Passerellidae,10133,Yes,Forest,Lower
2013-10-10,12.0,CHI,Zonotrichia,albicollis,Passerellidae,10133,Yes,Forest,Lower
2013-10-10,12.0,CHI,Zonotrichia,albicollis,Passerellidae,10133,Yes,Forest,Lower
2013-10-10,12.0,CHI,Zonotrichia,albicollis,Passerellidae,10133,Yes,Forest,Lower
2013-10-10,12.0,CHI,Zonotrichia,albicollis,Passerellidae,10133,Yes,Forest,Lower
2013-10-10,12.0,MP,Catharus,guttatus,Turdidae,3729,Yes,Forest,Lower
2013-10-10,12.0,CHI,Zonotrichia,albicollis,Passerellidae,10133,Yes,Forest,Lower
2013-10-10,12.0,CHI,Zonotrichia,albicollis,Passerellidae,10133,Yes,Forest,Lower
2013-10-10,12.0,CHI,Regulus,calendula,Regulidae,416,No,Forest,Upper
2013-10-10,12.0,MP,Oreothlypis,celata,Parulidae,227,Yes,Edge,Lower
2013-10-10,12.0,CHI,Oreothlypis,ruficapilla,Parulidae,1690,Yes,Forest,Upper
2013-10-10,12.0,CHI,Catharus,guttatus,Turdidae,3729,Yes,Forest,Lower
2013-10-10,12.0,CHI,Catharus,guttatus,Turdidae,3729,Yes,Forest,Lower
2013-10-10,12.0,CHI,Oreothlypis,ruficapilla,Parulidae,1690,Yes,Forest,Upper
2013-10-10,12.0,MP,Oreothlypis,ruficapilla,Parulidae,1690,Yes,Forest,Upper
2013-10-10,12.0,CHI,Junco,hyemalis,Passerellidae,6303,Yes,Edge,Lower
2013-10-10,12.0,CHI,Oreothlypis,ruficapilla,Parulidae,1690,Yes,Forest,Upper
2013-10-10,12.0,CHI,Junco,hyemalis,Passerellidae,6303,Yes,Edge,Lower
2013-10-10,12.0,CHI,Junco,hyemalis,Passerellidae,6303,Yes,Edge,Lower
2013-10-10,12.0,CHI,Junco,hyemalis,Passerellidae,6303,Yes,Edge,Lower
2013-10-11,16.0,MP,Zonotrichia,albicollis,Passerellidae,10133,Yes,Forest,Lower
2013-10-11,16.0,CHI,Zonotrichia,albicollis,Passerellidae,10133,Yes,Forest,Lower
2013-10-11,16.0,CHI,Zonotrichia,albicollis,Passerellidae,10133,Yes,Forest,Lower
2013-10-11,16.0,MP,Zonotrichia,albicollis,Passerellidae,10133,Yes,Forest,Lower
2013-10-11,16.0,CHI,Zonotrichia,albicollis,Passerellidae,10133,Yes,Forest,Lower
2013-10-11,16.0,MP,Zonotrichia,albicollis,Passerellidae,10133,Yes,Forest,Lower
2013-10-11,16.0,MP,Zonotrichia,albicollis,Passerellidae,10133,Yes,Forest,Lower
2013-10-11,16.0,MP,Zonotrichia,albicollis,Passerellidae,10133,Yes,Forest,Lower
2013-10-11,16.0,MP,Zonotrichia,albicollis,Passerellidae,10133,Yes,Forest,Lower
2013-10-11,16.0,MP,Zonotrichia,albicollis,Passerellidae,10133,Yes,Forest,Lower
2013-10-11,16.0,MP,Zonotrichia,albicollis,Passerellidae,10133,Yes,Forest,Lower
2013-10-11,16.0,CHI,Zonotrichia,leucophrys,Passerellidae,1090,Yes,Edge,Lower
2013-10-11,16.0,MP,Zonotrichia,albicollis,Passerellidae,10133,Yes,Forest,Lower
2013-10-11,16.0,MP,Melospiza,lincolnii,Passerellidae,2029,yes,edge,Lower
2013-10-11,16.0,MP,Zonotrichia,albicollis,Passerellidae,10133,Yes,Forest,Lower
2013-10-11,16.0,CHI,Melospiza,lincolnii,Passerellidae,2029,yes,edge,Lower
2013-10-11,16.0,MP,Zonotrichia,albicollis,Passerellidae,10133,Yes,Forest,Lower
2013-10-11,16.0,CHI,Zonotrichia,leucophrys,Passerellidae,1090,Yes,Edge,Lower
2013-10-11,16.0,CHI,Zonotrichia,leucophrys,Passerellidae,1090,Yes,Edge,Lower
2013-10-11,16.0,CHI,Zonotrichia,albicollis,Passerellidae,10133,Yes,Forest,Lower
2013-10-11,16.0,CHI,Zonotrichia,leucophrys,Passerellidae,1090,Yes,Edge,Lower
2013-10-11,16.0,MP,Zonotrichia,albicollis,Passerellidae,10133,Yes,Forest,Lower
2013-10-11,16.0,CHI,Setophaga,caerulescens,Parulidae,183,Yes,Forest,Upper
2013-10-11,16.0,MP,Zonotrichia,albicollis,Passerellidae,10133,Yes,Forest,Lower
2013-10-11,16.0,CHI,Zonotrichia,albicollis,Passerellidae,10133,Yes,Forest,Lower
2013-10-11,16.0,CHI,Zonotrichia,albicollis,Passerellidae,10133,Yes,Forest,Lower
2013-10-11,16.0,CHI,Zonotrichia,albicollis,Passerellidae,10133,Yes,Forest,Lower
2013-10-11,16.0,CHI,Zonotrichia,albicollis,Passerellidae,10133,Yes,Forest,Lower
2013-10-11,16.0,CHI,Zonotrichia,albicollis,Passerellidae,10133,Yes,Forest,Lower
2013-10-11,16.0,CHI,Zonotrichia,albicollis,Passerellidae,10133,Yes,Forest,Lower
2013-10-11,16.0,MP,Setophaga,coronata,Parulidae,887,yes,forest,Upper
2013-10-11,16.0,MP,Zonotrichia,albicollis,Passerellidae,10133,Yes,Forest,Lower
2013-10-11,16.0,CHI,Zonotrichia,albicollis,Passerellidae,10133,Yes,Forest,Lower
2013-10-11,16.0,CHI,Zonotrichia,albicollis,Passerellidae,10133,Yes,Forest,Lower
2013-10-11,16.0,CHI,Zonotrichia,albicollis,Passerellidae,10133,Yes,Forest,Lower
2013-10-11,16.0,CHI,Zonotrichia,albicollis,Passerellidae,10133,Yes,Forest,Lower
2013-10-11,16.0,CHI,Zonotrichia,albicollis,Passerellidae,10133,Yes,Forest,Lower
2013-10-11,16.0,MP,Zonotrichia,albicollis,Passerellidae,10133,Yes,Forest,Lower
2013-10-11,16.0,CHI,Zonotrichia,albicollis,Passerellidae,10133,Yes,Forest,Lower
2013-10-11,16.0,MP,Zonotrichia,albicollis,Passerellidae,10133,Yes,Forest,Lower
2013-10-11,16.0,MP,Zonotrichia,albicollis,Passerellidae,10133,Yes,Forest,Lower
2013-10-11,16.0,CHI,Zonotrichia,albicollis,Passerellidae,10133,Yes,Forest,Lower
2013-10-11,16.0,CHI,Zonotrichia,albicollis,Passerellidae,10133,Yes,Forest,Lower
2013-10-11,16.0,CHI,Zonotrichia,albicollis,Passerellidae,10133,Yes,Forest,Lower
2013-10-11,16.0,CHI,Zonotrichia,albicollis,Passerellidae,10133,Yes,Forest,Lower
2013-10-11,16.0,MP,Zonotrichia,albicollis,Passerellidae,10133,Yes,Forest,Lower
2013-10-11,16.0,CHI,Zonotrichia,albicollis,Passerellidae,10133,Yes,Forest,Lower
2013-10-11,16.0,CHI,Zonotrichia,albicollis,Passerellidae,10133,Yes,Forest,Lower
2013-10-11,16.0,CHI,Zonotrichia,albicollis,Passerellidae,10133,Yes,Forest,Lower
2013-10-11,16.0,CHI,Zonotrichia,albicollis,Passerellidae,10133,Yes,Forest,Lower
2013-10-11,16.0,CHI,Zonotrichia,albicollis,Passerellidae,10133,Yes,Forest,Lower
2013-10-11,16.0,MP,Zonotrichia,albicollis,Passerellidae,10133,Yes,Forest,Lower
2013-10-11,16.0,CHI,Zonotrichia,albicollis,Passerellidae,10133,Yes,Forest,Lower
2013-10-11,16.0,CHI,Zonotrichia,albicollis,Passerellidae,10133,Yes,Forest,Lower
2013-10-11,16.0,MP,Melospiza,lincolnii,Passerellidae,2029,yes,edge,Lower
2013-10-11,16.0,MP,Zonotrichia,albicollis,Passerellidae,10133,Yes,Forest,Lower
2013-10-11,16.0,MP,Zonotrichia,albicollis,Passerellidae,10133,Yes,Forest,Lower
2013-10-11,16.0,CHI,Zonotrichia,albicollis,Passerellidae,10133,Yes,Forest,Lower
2013-10-11,16.0,CHI,Zonotrichia,albicollis,Passerellidae,10133,Yes,Forest,Lower
2013-10-11,16.0,MP,Zonotrichia,albicollis,Passerellidae,10133,Yes,Forest,Lower
2013-10-11,16.0,MP,Melospiza,lincolnii,Passerellidae,2029,yes,edge,Lower
2013-10-11,16.0,MP,Melospiza,lincolnii,Passerellidae,2029,yes,edge,Lower
2013-10-11,16.0,MP,Melospiza,lincolnii,Passerellidae,2029,yes,edge,Lower
2013-10-11,16.0,CHI,Melospiza,lincolnii,Passerellidae,2029,yes,edge,Lower
2013-10-11,16.0,CHI,Regulus,satrapa,Regulidae,1029,Yes,Forest,Upper
2013-10-11,16.0,CHI,Regulus,satrapa,Regulidae,1029,Yes,Forest,Upper
2013-10-11,16.0,CHI,Oreothlypis,ruficapilla,Parulidae,1690,Yes,Forest,Upper
2013-10-11,16.0,CHI,Oreothlypis,ruficapilla,Parulidae,1690,Yes,Forest,Upper
2013-10-11,16.0,CHI,Catharus,guttatus,Turdidae,3729,Yes,Forest,Lower
2013-10-11,16.0,CHI,Junco,hyemalis,Passerellidae,6303,Yes,Edge,Lower
2013-10-11,16.0,CHI,Catharus,guttatus,Turdidae,3729,Yes,Forest,Lower
2013-10-11,16.0,CHI,Vireo,olivaceus,Vireonidae,133,No,Forest,Upper
2013-10-11,16.0,MP,Catharus,guttatus,Turdidae,3729,Yes,Forest,Lower
2013-10-11,16.0,MP,Zonotrichia,leucophrys,Passerellidae,1090,Yes,Edge,Lower
2013-10-11,16.0,CHI,Zonotrichia,leucophrys,Passerellidae,1090,Yes,Edge,Lower
2013-10-12,12.0,MP,Oreothlypis,ruficapilla,Parulidae,1690,Yes,Forest,Upper
2013-10-12,12.0,CHI,Zonotrichia,albicollis,Passerellidae,10133,Yes,Forest,Lower
2013-10-12,12.0,CHI,Zonotrichia,albicollis,Passerellidae,10133,Yes,Forest,Lower
2013-10-12,12.0,CHI,Zonotrichia,albicollis,Passerellidae,10133,Yes,Forest,Lower
2013-10-12,12.0,MP,Zonotrichia,leucophrys,Passerellidae,1090,Yes,Edge,Lower
2013-10-12,12.0,CHI,Setophaga,virens,Parulidae,223,Yes,Forest,Upper
2013-10-12,12.0,MP,Zonotrichia,leucophrys,Passerellidae,1090,Yes,Edge,Lower
2013-10-12,12.0,CHI,Zonotrichia,albicollis,Passerellidae,10133,Yes,Forest,Lower
2013-10-12,12.0,CHI,Zonotrichia,albicollis,Passerellidae,10133,Yes,Forest,Lower
2013-10-12,12.0,CHI,Zonotrichia,albicollis,Passerellidae,10133,Yes,Forest,Lower
2013-10-12,12.0,MP,Melospiza,lincolnii,Passerellidae,2029,yes,edge,Lower
2013-10-12,12.0,MP,Melospiza,lincolnii,Passerellidae,2029,yes,edge,Lower
2013-10-12,12.0,MP,Melospiza,lincolnii,Passerellidae,2029,yes,edge,Lower
2013-10-12,12.0,CHI,Melospiza,lincolnii,Passerellidae,2029,yes,edge,Lower
2013-10-12,12.0,CHI,Melospiza,lincolnii,Passerellidae,2029,yes,edge,Lower
2013-10-12,12.0,CHI,Melospiza,lincolnii,Passerellidae,2029,yes,edge,Lower
2013-10-12,12.0,CHI,Zonotrichia,albicollis,Passerellidae,10133,Yes,Forest,Lower
2013-10-12,12.0,CHI,Melospiza,lincolnii,Passerellidae,2029,yes,edge,Lower
2013-10-12,12.0,MP,Zonotrichia,leucophrys,Passerellidae,1090,Yes,Edge,Lower
2013-10-12,12.0,CHI,Zonotrichia,albicollis,Passerellidae,10133,Yes,Forest,Lower
2013-10-12,12.0,CHI,Oreothlypis,ruficapilla,Parulidae,1690,Yes,Forest,Upper
2013-10-12,12.0,CHI,Setophaga,palmarum,Parulidae,694,Yes,Edge,Lower
2013-10-12,12.0,CHI,Setophaga,palmarum,Parulidae,694,Yes,Edge,Lower
2013-10-12,12.0,CHI,Zonotrichia,albicollis,Passerellidae,10133,Yes,Forest,Lower
2013-10-12,12.0,CHI,Zonotrichia,albicollis,Passerellidae,10133,Yes,Forest,Lower
2013-10-12,12.0,CHI,Zonotrichia,albicollis,Passerellidae,10133,Yes,Forest,Lower
2013-10-12,12.0,CHI,Oreothlypis,ruficapilla,Parulidae,1690,Yes,Forest,Upper
2013-10-12,12.0,CHI,Setophaga,caerulescens,Parulidae,183,Yes,Forest,Upper
2013-10-12,12.0,CHI,Oreothlypis,celata,Parulidae,227,Yes,Edge,Lower
2013-10-12,12.0,CHI,Zonotrichia,albicollis,Passerellidae,10133,Yes,Forest,Lower
2013-10-12,12.0,CHI,Zonotrichia,albicollis,Passerellidae,10133,Yes,Forest,Lower
2013-10-12,12.0,CHI,Zonotrichia,albicollis,Passerellidae,10133,Yes,Forest,Lower
2013-10-12,12.0,CHI,Zonotrichia,albicollis,Passerellidae,10133,Yes,Forest,Lower
2013-10-12,12.0,MP,Zonotrichia,albicollis,Passerellidae,10133,Yes,Forest,Lower
2013-10-12,12.0,MP,Zonotrichia,albicollis,Passerellidae,10133,Yes,Forest,Lower
2013-10-12,12.0,MP,Zonotrichia,albicollis,Passerellidae,10133,Yes,Forest,Lower
2013-10-12,12.0,CHI,Catharus,guttatus,Turdidae,3729,Yes,Forest,Lower
2013-10-12,12.0,MP,Zonotrichia,leucophrys,Passerellidae,1090,Yes,Edge,Lower
2013-10-12,12.0,CHI,Zonotrichia,albicollis,Passerellidae,10133,Yes,Forest,Lower
2013-10-12,12.0,MP,Zonotrichia,albicollis,Passerellidae,10133,Yes,Forest,Lower
2013-10-12,12.0,CHI,Zonotrichia,albicollis,Passerellidae,10133,Yes,Forest,Lower
2013-10-12,12.0,CHI,Zonotrichia,albicollis,Passerellidae,10133,Yes,Forest,Lower
2013-10-12,12.0,CHI,Parkesia,noveboracensis,Parulidae,916,Yes,Forest,Lower
2013-10-12,12.0,CHI,Zonotrichia,albicollis,Passerellidae,10133,Yes,Forest,Lower
2013-10-12,12.0,MP,Melospiza,melodia,Passerellidae,5124,Yes,Edge,Lower
2013-10-12,12.0,MP,Catharus,guttatus,Turdidae,3729,Yes,Forest,Lower
2013-10-12,12.0,MP,Catharus,guttatus,Turdidae,3729,Yes,Forest,Lower
2013-10-12,12.0,MP,Zonotrichia,albicollis,Passerellidae,10133,Yes,Forest,Lower
2013-10-12,12.0,MP,Zonotrichia,leucophrys,Passerellidae,1090,Yes,Edge,Lower
2013-10-12,12.0,MP,Zonotrichia,leucophrys,Passerellidae,1090,Yes,Edge,Lower
2013-10-13,12.0,CHI,Zonotrichia,albicollis,Passerellidae,10133,Yes,Forest,Lower
2013-10-13,12.0,CHI,Zonotrichia,albicollis,Passerellidae,10133,Yes,Forest,Lower
2013-10-13,12.0,CHI,Zonotrichia,albicollis,Passerellidae,10133,Yes,Forest,Lower
2013-10-13,12.0,CHI,Zonotrichia,albicollis,Passerellidae,10133,Yes,Forest,Lower
2013-10-13,12.0,CHI,Zonotrichia,albicollis,Passerellidae,10133,Yes,Forest,Lower
2013-10-13,12.0,MP,Zonotrichia,albicollis,Passerellidae,10133,Yes,Forest,Lower
2013-10-13,12.0,MP,Zonotrichia,albicollis,Passerellidae,10133,Yes,Forest,Lower
2013-10-13,12.0,CHI,Zonotrichia,albicollis,Passerellidae,10133,Yes,Forest,Lower
2013-10-13,12.0,CHI,Zonotrichia,albicollis,Passerellidae,10133,Yes,Forest,Lower
2013-10-13,12.0,CHI,Zonotrichia,albicollis,Passerellidae,10133,Yes,Forest,Lower
2013-10-13,12.0,CHI,Zonotrichia,albicollis,Passerellidae,10133,Yes,Forest,Lower
2013-10-13,12.0,CHI,Zonotrichia,albicollis,Passerellidae,10133,Yes,Forest,Lower
2013-10-13,12.0,CHI,Zonotrichia,albicollis,Passerellidae,10133,Yes,Forest,Lower
2013-10-13,12.0,MP,Regulus,calendula,Regulidae,416,No,Forest,Upper
2013-10-13,12.0,CHI,Zonotrichia,albicollis,Passerellidae,10133,Yes,Forest,Lower
2013-10-13,12.0,MP,Setophaga,coronata,Parulidae,887,yes,forest,Upper
2013-10-13,12.0,CHI,Zonotrichia,albicollis,Passerellidae,10133,Yes,Forest,Lower
2013-10-13,12.0,CHI,Zonotrichia,albicollis,Passerellidae,10133,Yes,Forest,Lower
2013-10-13,12.0,CHI,Zonotrichia,albicollis,Passerellidae,10133,Yes,Forest,Lower
2013-10-13,12.0,CHI,Zonotrichia,albicollis,Passerellidae,10133,Yes,Forest,Lower
2013-10-13,12.0,MP,Regulus,calendula,Regulidae,416,No,Forest,Upper
2013-10-13,12.0,MP,Zonotrichia,albicollis,Passerellidae,10133,Yes,Forest,Lower
2013-10-13,12.0,CHI,troglodytes,hiemalis,Troglodytidae,474,No,Forest,Lower
2013-10-13,12.0,CHI,Setophaga,palmarum,Parulidae,694,Yes,Edge,Lower
2013-10-13,12.0,MP,Melospiza,melodia,Passerellidae,5124,Yes,Edge,Lower
2013-10-13,12.0,CHI,Junco,hyemalis,Passerellidae,6303,Yes,Edge,Lower
2013-10-13,12.0,CHI,Junco,hyemalis,Passerellidae,6303,Yes,Edge,Lower
2013-10-13,12.0,CHI,Junco,hyemalis,Passerellidae,6303,Yes,Edge,Lower
2013-10-13,12.0,CHI,Zonotrichia,albicollis,Passerellidae,10133,Yes,Forest,Lower
2013-10-13,12.0,CHI,Oreothlypis,ruficapilla,Parulidae,1690,Yes,Forest,Upper
2013-10-13,12.0,CHI,Zonotrichia,albicollis,Passerellidae,10133,Yes,Forest,Lower
2013-10-13,12.0,CHI,Zonotrichia,albicollis,Passerellidae,10133,Yes,Forest,Lower
2013-10-13,12.0,MP,Passerella,iliaca,Passerellidae,2443,Yes,Edge,Lower
2013-10-13,12.0,CHI,Zonotrichia,albicollis,Passerellidae,10133,Yes,Forest,Lower
2013-10-13,12.0,MP,Zonotrichia,albicollis,Passerellidae,10133,Yes,Forest,Lower
2013-10-13,12.0,MP,Melospiza,lincolnii,Passerellidae,2029,yes,edge,Lower
2013-10-13,12.0,CHI,Toxostoma,rufum,Mimidae,166,No,Edge,Lower
2013-10-13,12.0,MP,Melospiza,lincolnii,Passerellidae,2029,yes,edge,Lower
2013-10-13,12.0,CHI,Oreothlypis,peregrina,Parulidae,2515,Yes,Edge,Upper
2013-10-13,12.0,CHI,Oreothlypis,peregrina,Parulidae,2515,Yes,Edge,Upper
2013-10-13,12.0,CHI,Catharus,guttatus,Turdidae,3729,Yes,Forest,Lower
2013-10-13,12.0,MP,Catharus,guttatus,Turdidae,3729,Yes,Forest,Lower
2013-10-13,12.0,CHI,Catharus,guttatus,Turdidae,3729,Yes,Forest,Lower
2013-10-13,12.0,CHI,Catharus,guttatus,Turdidae,3729,Yes,Forest,Lower
2013-10-13,12.0,CHI,Regulus,satrapa,Regulidae,1029,Yes,Forest,Upper
2013-10-13,12.0,CHI,Regulus,satrapa,Regulidae,1029,Yes,Forest,Upper
2013-10-13,12.0,CHI,Melospiza,lincolnii,Passerellidae,2029,yes,edge,Lower
2013-10-13,12.0,CHI,Seiurus,aurocapilla,Parulidae,4580,Yes,Forest,Lower
2013-10-14,15.0,CHI,Zonotrichia,albicollis,Passerellidae,10133,Yes,Forest,Lower
2013-10-14,15.0,CHI,Setophaga,citrina,Parulidae,5,yes,forest,Upper
2013-10-14,15.0,CHI,Zonotrichia,albicollis,Passerellidae,10133,Yes,Forest,Lower
2013-10-14,15.0,CHI,Zonotrichia,albicollis,Passerellidae,10133,Yes,Forest,Lower
2013-10-14,15.0,CHI,Zonotrichia,albicollis,Passerellidae,10133,Yes,Forest,Lower
2013-10-14,15.0,CHI,Zonotrichia,albicollis,Passerellidae,10133,Yes,Forest,Lower
2013-10-14,15.0,CHI,Zonotrichia,albicollis,Passerellidae,10133,Yes,Forest,Lower
2013-10-14,15.0,CHI,Zonotrichia,albicollis,Passerellidae,10133,Yes,Forest,Lower
2013-10-14,15.0,CHI,Zonotrichia,albicollis,Passerellidae,10133,Yes,Forest,Lower
2013-10-14,15.0,CHI,Zonotrichia,albicollis,Passerellidae,10133,Yes,Forest,Lower
2013-10-14,15.0,CHI,Zonotrichia,albicollis,Passerellidae,10133,Yes,Forest,Lower
2013-10-14,15.0,CHI,Zonotrichia,albicollis,Passerellidae,10133,Yes,Forest,Lower
2013-10-14,15.0,CHI,Zonotrichia,albicollis,Passerellidae,10133,Yes,Forest,Lower
2013-10-14,15.0,CHI,Zonotrichia,albicollis,Passerellidae,10133,Yes,Forest,Lower
2013-10-14,15.0,CHI,Zonotrichia,albicollis,Passerellidae,10133,Yes,Forest,Lower
2013-10-14,15.0,CHI,Zonotrichia,albicollis,Passerellidae,10133,Yes,Forest,Lower
2013-10-14,15.0,CHI,Geothlypis,trichas,Parulidae,1555,Yes,Open,Lower
2013-10-14,15.0,CHI,Geothlypis,trichas,Parulidae,1555,Yes,Open,Lower
2013-10-14,15.0,CHI,Zonotrichia,albicollis,Passerellidae,10133,Yes,Forest,Lower
2013-10-14,15.0,CHI,Zonotrichia,albicollis,Passerellidae,10133,Yes,Forest,Lower
2013-10-14,15.0,CHI,Zonotrichia,albicollis,Passerellidae,10133,Yes,Forest,Lower
2013-10-14,15.0,CHI,Zonotrichia,albicollis,Passerellidae,10133,Yes,Forest,Lower
2013-10-14,15.0,CHI,Zonotrichia,albicollis,Passerellidae,10133,Yes,Forest,Lower
2013-10-14,15.0,CHI,Zonotrichia,albicollis,Passerellidae,10133,Yes,Forest,Lower
2013-10-14,15.0,CHI,Zonotrichia,albicollis,Passerellidae,10133,Yes,Forest,Lower
2013-10-14,15.0,CHI,Setophaga,coronata,Parulidae,887,yes,forest,Upper
2013-10-14,15.0,CHI,Oreothlypis,ruficapilla,Parulidae,1690,Yes,Forest,Upper
2013-10-14,15.0,CHI,Regulus,satrapa,Regulidae,1029,Yes,Forest,Upper
2013-10-14,15.0,CHI,Zonotrichia,albicollis,Passerellidae,10133,Yes,Forest,Lower
2013-10-14,15.0,CHI,Catharus,guttatus,Turdidae,3729,Yes,Forest,Lower
2013-10-14,15.0,CHI,Catharus,guttatus,Turdidae,3729,Yes,Forest,Lower
2013-10-14,15.0,CHI,Zonotrichia,albicollis,Passerellidae,10133,Yes,Forest,Lower
2013-10-14,15.0,CHI,Zonotrichia,albicollis,Passerellidae,10133,Yes,Forest,Lower
2013-10-14,15.0,MP,Zonotrichia,albicollis,Passerellidae,10133,Yes,Forest,Lower
2013-10-14,15.0,CHI,Zonotrichia,albicollis,Passerellidae,10133,Yes,Forest,Lower
2013-10-14,15.0,CHI,Zonotrichia,albicollis,Passerellidae,10133,Yes,Forest,Lower
2013-10-14,15.0,CHI,Zonotrichia,albicollis,Passerellidae,10133,Yes,Forest,Lower
2013-10-14,15.0,CHI,Zonotrichia,albicollis,Passerellidae,10133,Yes,Forest,Lower
2013-10-14,15.0,CHI,Zonotrichia,albicollis,Passerellidae,10133,Yes,Forest,Lower
2013-10-14,15.0,CHI,Zonotrichia,albicollis,Passerellidae,10133,Yes,Forest,Lower
2013-10-14,15.0,CHI,Zonotrichia,albicollis,Passerellidae,10133,Yes,Forest,Lower
2013-10-14,15.0,CHI,Zonotrichia,albicollis,Passerellidae,10133,Yes,Forest,Lower
2013-10-14,15.0,CHI,Zonotrichia,albicollis,Passerellidae,10133,Yes,Forest,Lower
2013-10-14,15.0,CHI,Zonotrichia,albicollis,Passerellidae,10133,Yes,Forest,Lower
2013-10-14,15.0,MP,Zonotrichia,albicollis,Passerellidae,10133,Yes,Forest,Lower
2013-10-14,15.0,CHI,Zonotrichia,albicollis,Passerellidae,10133,Yes,Forest,Lower
2013-10-14,15.0,CHI,Zonotrichia,albicollis,Passerellidae,10133,Yes,Forest,Lower
2013-10-14,15.0,CHI,Zonotrichia,albicollis,Passerellidae,10133,Yes,Forest,Lower
2013-10-14,15.0,CHI,Seiurus,aurocapilla,Parulidae,4580,Yes,Forest,Lower
2013-10-14,15.0,MP,Zonotrichia,albicollis,Passerellidae,10133,Yes,Forest,Lower
2013-10-14,15.0,CHI,Zonotrichia,albicollis,Passerellidae,10133,Yes,Forest,Lower
2013-10-14,15.0,CHI,Oreothlypis,ruficapilla,Parulidae,1690,Yes,Forest,Upper
2013-10-14,15.0,CHI,Oreothlypis,ruficapilla,Parulidae,1690,Yes,Forest,Upper
2013-10-14,15.0,CHI,Zonotrichia,albicollis,Passerellidae,10133,Yes,Forest,Lower
2013-10-14,15.0,CHI,Zonotrichia,albicollis,Passerellidae,10133,Yes,Forest,Lower
2013-10-14,15.0,CHI,Zonotrichia,albicollis,Passerellidae,10133,Yes,Forest,Lower
2013-10-14,15.0,CHI,Junco,hyemalis,Passerellidae,6303,Yes,Edge,Lower
2013-10-14,15.0,CHI,Junco,hyemalis,Passerellidae,6303,Yes,Edge,Lower
2013-10-14,15.0,CHI,Junco,hyemalis,Passerellidae,6303,Yes,Edge,Lower
2013-10-14,15.0,CHI,Junco,hyemalis,Passerellidae,6303,Yes,Edge,Lower
2013-10-14,15.0,CHI,Junco,hyemalis,Passerellidae,6303,Yes,Edge,Lower
2013-10-14,15.0,CHI,Junco,hyemalis,Passerellidae,6303,Yes,Edge,Lower
2013-10-14,15.0,CHI,dumetella,carolinensis,Mimidae,599,no,edge,Lower
2013-10-14,15.0,CHI,Junco,hyemalis,Passerellidae,6303,Yes,Edge,Lower
2013-10-14,15.0,CHI,Junco,hyemalis,Passerellidae,6303,Yes,Edge,Lower
2013-10-14,15.0,CHI,Junco,hyemalis,Passerellidae,6303,Yes,Edge,Lower
2013-10-14,15.0,CHI,Junco,hyemalis,Passerellidae,6303,Yes,Edge,Lower
2013-10-14,15.0,CHI,Junco,hyemalis,Passerellidae,6303,Yes,Edge,Lower
2013-10-14,15.0,CHI,Junco,hyemalis,Passerellidae,6303,Yes,Edge,Lower
2013-10-14,15.0,CHI,Junco,hyemalis,Passerellidae,6303,Yes,Edge,Lower
2013-10-14,15.0,CHI,Junco,hyemalis,Passerellidae,6303,Yes,Edge,Lower
2013-10-14,15.0,CHI,Junco,hyemalis,Passerellidae,6303,Yes,Edge,Lower
2013-10-14,15.0,CHI,Junco,hyemalis,Passerellidae,6303,Yes,Edge,Lower
2013-10-14,15.0,CHI,Junco,hyemalis,Passerellidae,6303,Yes,Edge,Lower
2013-10-14,15.0,CHI,Junco,hyemalis,Passerellidae,6303,Yes,Edge,Lower
2013-10-14,15.0,CHI,Junco,hyemalis,Passerellidae,6303,Yes,Edge,Lower
2013-10-14,15.0,CHI,Junco,hyemalis,Passerellidae,6303,Yes,Edge,Lower
2013-10-14,15.0,CHI,Junco,hyemalis,Passerellidae,6303,Yes,Edge,Lower
2013-10-14,15.0,CHI,Junco,hyemalis,Passerellidae,6303,Yes,Edge,Lower
2013-10-14,15.0,CHI,Junco,hyemalis,Passerellidae,6303,Yes,Edge,Lower
2013-10-14,15.0,CHI,Junco,hyemalis,Passerellidae,6303,Yes,Edge,Lower
2013-10-14,15.0,CHI,Junco,hyemalis,Passerellidae,6303,Yes,Edge,Lower
2013-10-14,15.0,MP,Zonotrichia,albicollis,Passerellidae,10133,Yes,Forest,Lower
2013-10-14,15.0,MP,Zonotrichia,albicollis,Passerellidae,10133,Yes,Forest,Lower
2013-10-14,15.0,CHI,Junco,hyemalis,Passerellidae,6303,Yes,Edge,Lower
2013-10-14,15.0,CHI,Zonotrichia,albicollis,Passerellidae,10133,Yes,Forest,Lower
2013-10-14,15.0,CHI,Zonotrichia,albicollis,Passerellidae,10133,Yes,Forest,Lower
2013-10-14,15.0,CHI,Regulus,satrapa,Regulidae,1029,Yes,Forest,Upper
2013-10-14,15.0,CHI,Zonotrichia,albicollis,Passerellidae,10133,Yes,Forest,Lower
2013-10-14,15.0,CHI,Zonotrichia,albicollis,Passerellidae,10133,Yes,Forest,Lower
2013-10-14,15.0,CHI,Junco,hyemalis,Passerellidae,6303,Yes,Edge,Lower
2013-10-14,15.0,CHI,Junco,hyemalis,Passerellidae,6303,Yes,Edge,Lower
2013-10-14,15.0,CHI,Junco,hyemalis,Passerellidae,6303,Yes,Edge,Lower
2013-10-14,15.0,CHI,Junco,hyemalis,Passerellidae,6303,Yes,Edge,Lower
2013-10-14,15.0,CHI,Junco,hyemalis,Passerellidae,6303,Yes,Edge,Lower
2013-10-14,15.0,CHI,Junco,hyemalis,Passerellidae,6303,Yes,Edge,Lower
2013-10-14,15.0,CHI,Junco,hyemalis,Passerellidae,6303,Yes,Edge,Lower
2013-10-14,15.0,CHI,Junco,hyemalis,Passerellidae,6303,Yes,Edge,Lower
2013-10-14,15.0,CHI,Junco,hyemalis,Passerellidae,6303,Yes,Edge,Lower
2013-10-14,15.0,CHI,Junco,hyemalis,Passerellidae,6303,Yes,Edge,Lower
2013-10-14,15.0,CHI,Zonotrichia,albicollis,Passerellidae,10133,Yes,Forest,Lower
2013-10-14,15.0,CHI,Zonotrichia,albicollis,Passerellidae,10133,Yes,Forest,Lower
2013-10-14,15.0,MP,Zonotrichia,albicollis,Passerellidae,10133,Yes,Forest,Lower
2013-10-14,15.0,MP,Zonotrichia,albicollis,Passerellidae,10133,Yes,Forest,Lower
2013-10-14,15.0,CHI,Junco,hyemalis,Passerellidae,6303,Yes,Edge,Lower
2013-10-14,15.0,CHI,Junco,hyemalis,Passerellidae,6303,Yes,Edge,Lower
2013-10-14,15.0,CHI,Junco,hyemalis,Passerellidae,6303,Yes,Edge,Lower
2013-10-14,15.0,CHI,Junco,hyemalis,Passerellidae,6303,Yes,Edge,Lower
2013-10-14,15.0,CHI,Junco,hyemalis,Passerellidae,6303,Yes,Edge,Lower
2013-10-14,15.0,CHI,Junco,hyemalis,Passerellidae,6303,Yes,Edge,Lower
2013-10-14,15.0,CHI,Junco,hyemalis,Passerellidae,6303,Yes,Edge,Lower
2013-10-14,15.0,CHI,Regulus,satrapa,Regulidae,1029,Yes,Forest,Upper
2013-10-14,15.0,CHI,Zonotrichia,albicollis,Passerellidae,10133,Yes,Forest,Lower
2013-10-14,15.0,CHI,Regulus,satrapa,Regulidae,1029,Yes,Forest,Upper
2013-10-14,15.0,MP,Catharus,guttatus,Turdidae,3729,Yes,Forest,Lower
2013-10-14,15.0,CHI,Catharus,guttatus,Turdidae,3729,Yes,Forest,Lower
2013-10-14,15.0,CHI,Zonotrichia,albicollis,Passerellidae,10133,Yes,Forest,Lower
2013-10-14,15.0,CHI,Zonotrichia,albicollis,Passerellidae,10133,Yes,Forest,Lower
2013-10-14,15.0,CHI,Zonotrichia,albicollis,Passerellidae,10133,Yes,Forest,Lower
2013-10-14,15.0,CHI,Zonotrichia,albicollis,Passerellidae,10133,Yes,Forest,Lower
2013-10-14,15.0,CHI,Zonotrichia,albicollis,Passerellidae,10133,Yes,Forest,Lower
2013-10-14,15.0,CHI,Zonotrichia,albicollis,Passerellidae,10133,Yes,Forest,Lower
2013-10-14,15.0,CHI,Zonotrichia,albicollis,Passerellidae,10133,Yes,Forest,Lower
2013-10-14,15.0,CHI,Zonotrichia,albicollis,Passerellidae,10133,Yes,Forest,Lower
2013-10-14,15.0,CHI,Regulus,calendula,Regulidae,416,No,Forest,Upper
2013-10-14,15.0,CHI,Zonotrichia,albicollis,Passerellidae,10133,Yes,Forest,Lower
2013-10-14,15.0,CHI,Zonotrichia,albicollis,Passerellidae,10133,Yes,Forest,Lower
2013-10-14,15.0,CHI,Zonotrichia,albicollis,Passerellidae,10133,Yes,Forest,Lower
2013-10-14,15.0,CHI,Catharus,guttatus,Turdidae,3729,Yes,Forest,Lower
2013-10-14,15.0,CHI,Catharus,guttatus,Turdidae,3729,Yes,Forest,Lower
2013-10-14,15.0,CHI,Catharus,guttatus,Turdidae,3729,Yes,Forest,Lower
2013-10-14,15.0,CHI,Catharus,guttatus,Turdidae,3729,Yes,Forest,Lower
2013-10-14,15.0,CHI,Catharus,guttatus,Turdidae,3729,Yes,Forest,Lower
2013-10-14,15.0,CHI,Regulus,satrapa,Regulidae,1029,Yes,Forest,Upper
2013-10-14,15.0,CHI,Zonotrichia,albicollis,Passerellidae,10133,Yes,Forest,Lower
2013-10-14,15.0,CHI,Catharus,guttatus,Turdidae,3729,Yes,Forest,Lower
2013-10-14,15.0,CHI,Catharus,guttatus,Turdidae,3729,Yes,Forest,Lower
2013-10-14,15.0,CHI,Catharus,guttatus,Turdidae,3729,Yes,Forest,Lower
2013-10-14,15.0,CHI,Catharus,guttatus,Turdidae,3729,Yes,Forest,Lower
2013-10-14,15.0,CHI,Catharus,guttatus,Turdidae,3729,Yes,Forest,Lower
2013-10-14,15.0,CHI,Catharus,guttatus,Turdidae,3729,Yes,Forest,Lower
2013-10-14,15.0,CHI,Catharus,guttatus,Turdidae,3729,Yes,Forest,Lower
2013-10-14,15.0,CHI,Regulus,calendula,Regulidae,416,No,Forest,Upper
2013-10-14,15.0,CHI,Melospiza,melodia,Passerellidae,5124,Yes,Edge,Lower
2013-10-14,15.0,CHI,Melospiza,melodia,Passerellidae,5124,Yes,Edge,Lower
2013-10-14,15.0,CHI,Setophaga,coronata,Parulidae,887,yes,forest,Upper
2013-10-14,15.0,CHI,Setophaga,coronata,Parulidae,887,yes,forest,Upper
2013-10-14,15.0,CHI,Melospiza,melodia,Passerellidae,5124,Yes,Edge,Lower
2013-10-14,15.0,MP,Melospiza,melodia,Passerellidae,5124,Yes,Edge,Lower
2013-10-14,15.0,CHI,Passerella,iliaca,Passerellidae,2443,Yes,Edge,Lower
2013-10-14,15.0,MP,Zonotrichia,leucophrys,Passerellidae,1090,Yes,Edge,Lower
2013-10-14,15.0,MP,Zonotrichia,leucophrys,Passerellidae,1090,Yes,Edge,Lower
2013-10-14,15.0,CHI,Zonotrichia,leucophrys,Passerellidae,1090,Yes,Edge,Lower
2013-10-14,15.0,CHI,Catharus,guttatus,Turdidae,3729,Yes,Forest,Lower
2013-10-14,15.0,CHI,Catharus,guttatus,Turdidae,3729,Yes,Forest,Lower
2013-10-14,15.0,CHI,Catharus,guttatus,Turdidae,3729,Yes,Forest,Lower
2013-10-14,15.0,CHI,troglodytes,hiemalis,Troglodytidae,474,No,Forest,Lower
2013-10-14,15.0,CHI,Catharus,guttatus,Turdidae,3729,Yes,Forest,Lower
2013-10-14,15.0,CHI,Catharus,guttatus,Turdidae,3729,Yes,Forest,Lower
2013-10-14,15.0,CHI,troglodytes,hiemalis,Troglodytidae,474,No,Forest,Lower
2013-10-14,15.0,CHI,Catharus,guttatus,Turdidae,3729,Yes,Forest,Lower
2013-10-14,15.0,CHI,troglodytes,hiemalis,Troglodytidae,474,No,Forest,Lower
2013-10-14,15.0,CHI,troglodytes,hiemalis,Troglodytidae,474,No,Forest,Lower
2013-10-14,15.0,CHI,Melospiza,lincolnii,Passerellidae,2029,yes,edge,Lower
2013-10-14,15.0,CHI,Melospiza,lincolnii,Passerellidae,2029,yes,edge,Lower
2013-10-14,15.0,CHI,Catharus,guttatus,Turdidae,3729,Yes,Forest,Lower
2013-10-14,15.0,CHI,Melospiza,lincolnii,Passerellidae,2029,yes,edge,Lower
2013-10-14,15.0,CHI,Melospiza,lincolnii,Passerellidae,2029,yes,edge,Lower
2013-10-14,15.0,CHI,Melospiza,lincolnii,Passerellidae,2029,yes,edge,Lower
2013-10-14,15.0,CHI,troglodytes,hiemalis,Troglodytidae,474,No,Forest,Lower
2013-10-14,15.0,CHI,Catharus,guttatus,Turdidae,3729,Yes,Forest,Lower
2013-10-14,15.0,CHI,Zonotrichia,albicollis,Passerellidae,10133,Yes,Forest,Lower
2013-10-14,15.0,MP,Zonotrichia,albicollis,Passerellidae,10133,Yes,Forest,Lower
2013-10-14,15.0,CHI,Catharus,guttatus,Turdidae,3729,Yes,Forest,Lower
2013-10-14,15.0,CHI,Regulus,satrapa,Regulidae,1029,Yes,Forest,Upper
2013-10-14,15.0,CHI,Zonotrichia,albicollis,Passerellidae,10133,Yes,Forest,Lower
2013-10-14,15.0,CHI,Zonotrichia,albicollis,Passerellidae,10133,Yes,Forest,Lower
2013-10-14,15.0,CHI,Zonotrichia,albicollis,Passerellidae,10133,Yes,Forest,Lower
2013-10-14,15.0,CHI,Zonotrichia,albicollis,Passerellidae,10133,Yes,Forest,Lower
2013-10-14,15.0,MP,Catharus,guttatus,Turdidae,3729,Yes,Forest,Lower
2013-10-14,15.0,CHI,Zonotrichia,albicollis,Passerellidae,10133,Yes,Forest,Lower
2013-10-14,15.0,CHI,Zonotrichia,albicollis,Passerellidae,10133,Yes,Forest,Lower
2013-10-14,15.0,CHI,Zonotrichia,albicollis,Passerellidae,10133,Yes,Forest,Lower
2013-10-14,15.0,CHI,Catharus,guttatus,Turdidae,3729,Yes,Forest,Lower
2013-10-14,15.0,CHI,Regulus,satrapa,Regulidae,1029,Yes,Forest,Upper
2013-10-14,15.0,CHI,Regulus,satrapa,Regulidae,1029,Yes,Forest,Upper
2013-10-14,15.0,CHI,Regulus,satrapa,Regulidae,1029,Yes,Forest,Upper
2013-10-14,15.0,CHI,Zonotrichia,albicollis,Passerellidae,10133,Yes,Forest,Lower
2013-10-14,15.0,CHI,Zonotrichia,albicollis,Passerellidae,10133,Yes,Forest,Lower
2013-10-14,15.0,CHI,Zonotrichia,albicollis,Passerellidae,10133,Yes,Forest,Lower
2013-10-14,15.0,CHI,Regulus,satrapa,Regulidae,1029,Yes,Forest,Upper
2013-10-14,15.0,CHI,Zonotrichia,albicollis,Passerellidae,10133,Yes,Forest,Lower
2013-10-14,15.0,CHI,Zonotrichia,albicollis,Passerellidae,10133,Yes,Forest,Lower
2013-10-14,15.0,CHI,Zonotrichia,albicollis,Passerellidae,10133,Yes,Forest,Lower
2013-10-14,15.0,CHI,Zonotrichia,albicollis,Passerellidae,10133,Yes,Forest,Lower
2013-10-14,15.0,MP,Zonotrichia,albicollis,Passerellidae,10133,Yes,Forest,Lower
2013-10-14,15.0,CHI,Zonotrichia,albicollis,Passerellidae,10133,Yes,Forest,Lower
2013-10-14,15.0,CHI,Zonotrichia,albicollis,Passerellidae,10133,Yes,Forest,Lower
2013-10-14,15.0,CHI,Zonotrichia,albicollis,Passerellidae,10133,Yes,Forest,Lower
2013-10-14,15.0,CHI,Zonotrichia,albicollis,Passerellidae,10133,Yes,Forest,Lower
2013-10-14,15.0,CHI,Zonotrichia,albicollis,Passerellidae,10133,Yes,Forest,Lower
2013-10-14,15.0,CHI,Zonotrichia,albicollis,Passerellidae,10133,Yes,Forest,Lower
2013-10-14,15.0,CHI,Zonotrichia,albicollis,Passerellidae,10133,Yes,Forest,Lower
2013-10-14,15.0,CHI,Zonotrichia,albicollis,Passerellidae,10133,Yes,Forest,Lower
2013-10-14,15.0,CHI,Zonotrichia,albicollis,Passerellidae,10133,Yes,Forest,Lower
2013-10-14,15.0,CHI,Zonotrichia,albicollis,Passerellidae,10133,Yes,Forest,Lower
2013-10-14,15.0,CHI,Catharus,guttatus,Turdidae,3729,Yes,Forest,Lower
2013-10-14,15.0,CHI,Zonotrichia,albicollis,Passerellidae,10133,Yes,Forest,Lower
2013-10-14,15.0,CHI,Catharus,guttatus,Turdidae,3729,Yes,Forest,Lower
2013-10-14,15.0,CHI,Zonotrichia,albicollis,Passerellidae,10133,Yes,Forest,Lower
2013-10-14,15.0,CHI,Catharus,guttatus,Turdidae,3729,Yes,Forest,Lower
2013-10-14,15.0,CHI,Zonotrichia,albicollis,Passerellidae,10133,Yes,Forest,Lower
2013-10-14,15.0,CHI,Zonotrichia,albicollis,Passerellidae,10133,Yes,Forest,Lower
2013-10-14,15.0,CHI,Catharus,guttatus,Turdidae,3729,Yes,Forest,Lower
2013-10-14,15.0,CHI,Zonotrichia,albicollis,Passerellidae,10133,Yes,Forest,Lower
2013-10-14,15.0,CHI,Regulus,satrapa,Regulidae,1029,Yes,Forest,Upper
2013-10-14,15.0,CHI,Regulus,satrapa,Regulidae,1029,Yes,Forest,Upper
2013-10-14,15.0,CHI,Zonotrichia,albicollis,Passerellidae,10133,Yes,Forest,Lower
2013-10-14,15.0,CHI,Zonotrichia,albicollis,Passerellidae,10133,Yes,Forest,Lower
2013-10-14,15.0,CHI,Zonotrichia,albicollis,Passerellidae,10133,Yes,Forest,Lower
2013-10-14,15.0,CHI,Zonotrichia,albicollis,Passerellidae,10133,Yes,Forest,Lower
2013-10-14,15.0,CHI,Zonotrichia,albicollis,Passerellidae,10133,Yes,Forest,Lower
2013-10-14,15.0,CHI,Zonotrichia,albicollis,Passerellidae,10133,Yes,Forest,Lower
2013-10-14,15.0,CHI,Regulus,satrapa,Regulidae,1029,Yes,Forest,Upper
2013-10-14,15.0,CHI,Zonotrichia,albicollis,Passerellidae,10133,Yes,Forest,Lower
2013-10-14,15.0,CHI,Zonotrichia,albicollis,Passerellidae,10133,Yes,Forest,Lower
2013-10-14,15.0,CHI,Zonotrichia,albicollis,Passerellidae,10133,Yes,Forest,Lower
2013-10-15,14.0,CHI,Zonotrichia,albicollis,Passerellidae,10133,Yes,Forest,Lower
2013-10-15,14.0,CHI,Zonotrichia,albicollis,Passerellidae,10133,Yes,Forest,Lower
2013-10-15,14.0,CHI,Zonotrichia,albicollis,Passerellidae,10133,Yes,Forest,Lower
2013-10-15,14.0,CHI,Zonotrichia,albicollis,Passerellidae,10133,Yes,Forest,Lower
2013-10-15,14.0,CHI,Zonotrichia,albicollis,Passerellidae,10133,Yes,Forest,Lower
2013-10-15,14.0,MP,Zonotrichia,albicollis,Passerellidae,10133,Yes,Forest,Lower
2013-10-15,14.0,CHI,Zonotrichia,albicollis,Passerellidae,10133,Yes,Forest,Lower
2013-10-15,14.0,CHI,Zonotrichia,albicollis,Passerellidae,10133,Yes,Forest,Lower
2013-10-15,14.0,CHI,Regulus,satrapa,Regulidae,1029,Yes,Forest,Upper
2013-10-15,14.0,MP,Melospiza,melodia,Passerellidae,5124,Yes,Edge,Lower
2013-10-15,14.0,CHI,Zonotrichia,albicollis,Passerellidae,10133,Yes,Forest,Lower
2013-10-15,14.0,CHI,Zonotrichia,albicollis,Passerellidae,10133,Yes,Forest,Lower
2013-10-15,14.0,MP,Regulus,satrapa,Regulidae,1029,Yes,Forest,Upper
2013-10-15,14.0,CHI,Zonotrichia,albicollis,Passerellidae,10133,Yes,Forest,Lower
2013-10-15,14.0,CHI,Zonotrichia,albicollis,Passerellidae,10133,Yes,Forest,Lower
2013-10-15,14.0,CHI,Setophaga,magnolia,Parulidae,1224,yes,forest,Upper
2013-10-15,14.0,MP,Zonotrichia,albicollis,Passerellidae,10133,Yes,Forest,Lower
2013-10-15,14.0,CHI,Zonotrichia,albicollis,Passerellidae,10133,Yes,Forest,Lower
2013-10-15,14.0,MP,Zonotrichia,albicollis,Passerellidae,10133,Yes,Forest,Lower
2013-10-15,14.0,MP,Melospiza,lincolnii,Passerellidae,2029,yes,edge,Lower
2013-10-15,14.0,CHI,Zonotrichia,albicollis,Passerellidae,10133,Yes,Forest,Lower
2013-10-15,14.0,MP,Zonotrichia,leucophrys,Passerellidae,1090,Yes,Edge,Lower
2013-10-15,14.0,CHI,Zonotrichia,albicollis,Passerellidae,10133,Yes,Forest,Lower
2013-10-15,14.0,CHI,Zonotrichia,leucophrys,Passerellidae,1090,Yes,Edge,Lower
2013-10-15,14.0,MP,Zonotrichia,albicollis,Passerellidae,10133,Yes,Forest,Lower
2013-10-15,14.0,MP,Zonotrichia,leucophrys,Passerellidae,1090,Yes,Edge,Lower
2013-10-15,14.0,CHI,Setophaga,magnolia,Parulidae,1224,yes,forest,Upper
2013-10-15,14.0,CHI,Zonotrichia,albicollis,Passerellidae,10133,Yes,Forest,Lower
2013-10-15,14.0,CHI,Zonotrichia,albicollis,Passerellidae,10133,Yes,Forest,Lower
2013-10-15,14.0,MP,Zonotrichia,albicollis,Passerellidae,10133,Yes,Forest,Lower
2013-10-15,14.0,CHI,Zonotrichia,albicollis,Passerellidae,10133,Yes,Forest,Lower
2013-10-15,14.0,MP,Zonotrichia,albicollis,Passerellidae,10133,Yes,Forest,Lower
2013-10-15,14.0,MP,Zonotrichia,albicollis,Passerellidae,10133,Yes,Forest,Lower
2013-10-15,14.0,CHI,Zonotrichia,albicollis,Passerellidae,10133,Yes,Forest,Lower
2013-10-15,14.0,CHI,Zonotrichia,albicollis,Passerellidae,10133,Yes,Forest,Lower
2013-10-15,14.0,MP,Zonotrichia,albicollis,Passerellidae,10133,Yes,Forest,Lower
2013-10-15,14.0,CHI,Junco,hyemalis,Passerellidae,6303,Yes,Edge,Lower
2013-10-15,14.0,CHI,Catharus,guttatus,Turdidae,3729,Yes,Forest,Lower
2013-10-15,14.0,CHI,Catharus,guttatus,Turdidae,3729,Yes,Forest,Lower
2013-10-15,14.0,CHI,Junco,hyemalis,Passerellidae,6303,Yes,Edge,Lower
2013-10-15,14.0,CHI,Junco,hyemalis,Passerellidae,6303,Yes,Edge,Lower
2013-10-15,14.0,CHI,Junco,hyemalis,Passerellidae,6303,Yes,Edge,Lower
2013-10-15,14.0,CHI,Spizella,pusilla,Passerellidae,325,Yes,Open,Lower
2013-10-15,14.0,CHI,Junco,hyemalis,Passerellidae,6303,Yes,Edge,Lower
2013-10-15,14.0,CHI,Catharus,guttatus,Turdidae,3729,Yes,Forest,Lower
2013-10-15,14.0,CHI,Zonotrichia,albicollis,Passerellidae,10133,Yes,Forest,Lower
2013-10-15,14.0,CHI,Regulus,calendula,Regulidae,416,No,Forest,Upper
2013-10-15,14.0,CHI,Catharus,guttatus,Turdidae,3729,Yes,Forest,Lower
2013-10-15,14.0,CHI,Catharus,guttatus,Turdidae,3729,Yes,Forest,Lower
2013-10-16,15.0,CHI,Setophaga,coronata,Parulidae,887,yes,forest,Upper
2013-10-16,15.0,MP,Catharus,guttatus,Turdidae,3729,Yes,Forest,Lower
2013-10-16,15.0,CHI,Catharus,guttatus,Turdidae,3729,Yes,Forest,Lower
2013-10-16,15.0,CHI,Catharus,guttatus,Turdidae,3729,Yes,Forest,Lower
2013-10-16,15.0,CHI,Catharus,guttatus,Turdidae,3729,Yes,Forest,Lower
2013-10-16,15.0,CHI,Regulus,satrapa,Regulidae,1029,Yes,Forest,Upper
2013-10-16,15.0,CHI,Oreothlypis,ruficapilla,Parulidae,1690,Yes,Forest,Upper
2013-10-16,15.0,CHI,Zonotrichia,albicollis,Passerellidae,10133,Yes,Forest,Lower
2013-10-16,15.0,CHI,Zonotrichia,albicollis,Passerellidae,10133,Yes,Forest,Lower
2013-10-16,15.0,MP,Zonotrichia,albicollis,Passerellidae,10133,Yes,Forest,Lower
2013-10-16,15.0,CHI,Zonotrichia,albicollis,Passerellidae,10133,Yes,Forest,Lower
2013-10-16,15.0,MP,Zonotrichia,albicollis,Passerellidae,10133,Yes,Forest,Lower
2013-10-16,15.0,CHI,Zonotrichia,albicollis,Passerellidae,10133,Yes,Forest,Lower
2013-10-16,15.0,MP,Zonotrichia,albicollis,Passerellidae,10133,Yes,Forest,Lower
2013-10-16,15.0,CHI,Zonotrichia,albicollis,Passerellidae,10133,Yes,Forest,Lower
2013-10-16,15.0,MP,Zonotrichia,albicollis,Passerellidae,10133,Yes,Forest,Lower
2013-10-17,15.0,CHI,Oreothlypis,ruficapilla,Parulidae,1690,Yes,Forest,Upper
2013-10-17,15.0,CHI,Catharus,guttatus,Turdidae,3729,Yes,Forest,Lower
2013-10-17,15.0,MP,Catharus,guttatus,Turdidae,3729,Yes,Forest,Lower
2013-10-17,15.0,MP,Catharus,guttatus,Turdidae,3729,Yes,Forest,Lower
2013-10-17,15.0,CHI,Setophaga,coronata,Parulidae,887,yes,forest,Upper
2013-10-17,15.0,CHI,Setophaga,coronata,Parulidae,887,yes,forest,Upper
2013-10-17,15.0,MP,Zonotrichia,albicollis,Passerellidae,10133,Yes,Forest,Lower
2013-10-17,15.0,MP,Melospiza,melodia,Passerellidae,5124,Yes,Edge,Lower
2013-10-17,15.0,MP,Zonotrichia,albicollis,Passerellidae,10133,Yes,Forest,Lower
2013-10-17,15.0,MP,Zonotrichia,albicollis,Passerellidae,10133,Yes,Forest,Lower
2013-10-17,15.0,MP,Zonotrichia,albicollis,Passerellidae,10133,Yes,Forest,Lower
2013-10-17,15.0,CHI,Zonotrichia,albicollis,Passerellidae,10133,Yes,Forest,Lower
2013-10-17,15.0,CHI,Zonotrichia,albicollis,Passerellidae,10133,Yes,Forest,Lower
2013-10-17,15.0,MP,Zonotrichia,leucophrys,Passerellidae,1090,Yes,Edge,Lower
2013-10-17,15.0,CHI,catharus,ustulatus,Turdidae,2331,Yes,Forest,Lower
2013-10-17,15.0,CHI,Melospiza,lincolnii,Passerellidae,2029,yes,edge,Lower
2013-10-17,15.0,MP,Zonotrichia,albicollis,Passerellidae,10133,Yes,Forest,Lower
2013-10-17,15.0,CHI,Oreothlypis,peregrina,Parulidae,2515,Yes,Edge,Upper
2013-10-17,15.0,CHI,Melospiza,lincolnii,Passerellidae,2029,yes,edge,Lower
2013-10-18,15.0,MP,Catharus,guttatus,Turdidae,3729,Yes,Forest,Lower
2013-10-18,15.0,MP,Setophaga,palmarum,Parulidae,694,Yes,Edge,Lower
2013-10-18,15.0,MP,Setophaga,palmarum,Parulidae,694,Yes,Edge,Lower
2013-10-18,15.0,MP,Zonotrichia,leucophrys,Passerellidae,1090,Yes,Edge,Lower
2013-10-18,15.0,CHI,Zonotrichia,albicollis,Passerellidae,10133,Yes,Forest,Lower
2013-10-18,15.0,MP,Zonotrichia,albicollis,Passerellidae,10133,Yes,Forest,Lower
2013-10-18,15.0,CHI,Zonotrichia,albicollis,Passerellidae,10133,Yes,Forest,Lower
2013-10-18,15.0,CHI,Zonotrichia,albicollis,Passerellidae,10133,Yes,Forest,Lower
2013-10-18,15.0,MP,Zonotrichia,albicollis,Passerellidae,10133,Yes,Forest,Lower
2013-10-18,15.0,MP,Zonotrichia,albicollis,Passerellidae,10133,Yes,Forest,Lower
2013-10-18,15.0,MP,Catharus,guttatus,Turdidae,3729,Yes,Forest,Lower
2013-10-18,15.0,MP,Zonotrichia,albicollis,Passerellidae,10133,Yes,Forest,Lower
2013-10-18,15.0,CHI,Catharus,guttatus,Turdidae,3729,Yes,Forest,Lower
2013-10-18,15.0,CHI,Catharus,guttatus,Turdidae,3729,Yes,Forest,Lower
2013-10-18,15.0,MP,Catharus,guttatus,Turdidae,3729,Yes,Forest,Lower
2013-10-18,15.0,MP,Zonotrichia,albicollis,Passerellidae,10133,Yes,Forest,Lower
2013-10-18,15.0,MP,Setophaga,coronata,Parulidae,887,yes,forest,Upper
2013-10-18,15.0,MP,Regulus,satrapa,Regulidae,1029,Yes,Forest,Upper
2013-10-18,15.0,MP,Regulus,satrapa,Regulidae,1029,Yes,Forest,Upper
2013-10-18,15.0,CHI,Regulus,satrapa,Regulidae,1029,Yes,Forest,Upper
2013-10-18,15.0,CHI,Regulus,satrapa,Regulidae,1029,Yes,Forest,Upper
2013-10-18,15.0,CHI,Regulus,satrapa,Regulidae,1029,Yes,Forest,Upper
2013-10-18,15.0,MP,Catharus,guttatus,Turdidae,3729,Yes,Forest,Lower
2013-10-18,15.0,MP,Catharus,guttatus,Turdidae,3729,Yes,Forest,Lower
2013-10-18,15.0,MP,Catharus,guttatus,Turdidae,3729,Yes,Forest,Lower
2013-10-18,15.0,CHI,Zonotrichia,albicollis,Passerellidae,10133,Yes,Forest,Lower
2013-10-18,15.0,MP,Catharus,guttatus,Turdidae,3729,Yes,Forest,Lower
2013-10-18,15.0,MP,Passerella,iliaca,Passerellidae,2443,Yes,Edge,Lower
2013-10-18,15.0,MP,Junco,hyemalis,Passerellidae,6303,Yes,Edge,Lower
2013-10-18,15.0,CHI,Junco,hyemalis,Passerellidae,6303,Yes,Edge,Lower
2013-10-18,15.0,CHI,Geothlypis,trichas,Parulidae,1555,Yes,Open,Lower
2013-10-18,15.0,MP,Oreothlypis,peregrina,Parulidae,2515,Yes,Edge,Upper
2013-10-18,15.0,CHI,Contopus,virens,Tyrannidae,70,No,Forest,Upper
2013-10-18,15.0,CHI,Catharus,guttatus,Turdidae,3729,Yes,Forest,Lower
2013-10-18,15.0,CHI,Oreothlypis,peregrina,Parulidae,2515,Yes,Edge,Upper
2013-10-18,15.0,MP,Junco,hyemalis,Passerellidae,6303,Yes,Edge,Lower
2013-10-19,14.0,CHI,Zonotrichia,albicollis,Passerellidae,10133,Yes,Forest,Lower
2013-10-19,14.0,MP,Catharus,guttatus,Turdidae,3729,Yes,Forest,Lower
2013-10-19,14.0,MP,Passerella,iliaca,Passerellidae,2443,Yes,Edge,Lower
2013-10-19,14.0,CHI,Junco,hyemalis,Passerellidae,6303,Yes,Edge,Lower
2013-10-19,14.0,MP,Passerella,iliaca,Passerellidae,2443,Yes,Edge,Lower
2013-10-19,14.0,MP,Melospiza,melodia,Passerellidae,5124,Yes,Edge,Lower
2013-10-19,14.0,MP,Melospiza,melodia,Passerellidae,5124,Yes,Edge,Lower
2013-10-19,14.0,MP,Zonotrichia,albicollis,Passerellidae,10133,Yes,Forest,Lower
2013-10-19,14.0,CHI,Junco,hyemalis,Passerellidae,6303,Yes,Edge,Lower
2013-10-19,14.0,MP,Zonotrichia,albicollis,Passerellidae,10133,Yes,Forest,Lower
2013-10-19,14.0,CHI,Junco,hyemalis,Passerellidae,6303,Yes,Edge,Lower
2013-10-19,14.0,CHI,Junco,hyemalis,Passerellidae,6303,Yes,Edge,Lower
2013-10-19,14.0,CHI,Junco,hyemalis,Passerellidae,6303,Yes,Edge,Lower
2013-10-19,14.0,CHI,Junco,hyemalis,Passerellidae,6303,Yes,Edge,Lower
2013-10-19,14.0,MP,Melospiza,melodia,Passerellidae,5124,Yes,Edge,Lower
2013-10-19,14.0,MP,Zonotrichia,albicollis,Passerellidae,10133,Yes,Forest,Lower
2013-10-19,14.0,CHI,Setophaga,palmarum,Parulidae,694,Yes,Edge,Lower
2013-10-19,14.0,CHI,Setophaga,coronata,Parulidae,887,yes,forest,Upper
2013-10-19,14.0,MP,Setophaga,coronata,Parulidae,887,yes,forest,Upper
2013-10-19,14.0,MP,Setophaga,coronata,Parulidae,887,yes,forest,Upper
2013-10-19,14.0,MP,Zonotrichia,albicollis,Passerellidae,10133,Yes,Forest,Lower
2013-10-19,14.0,MP,Zonotrichia,albicollis,Passerellidae,10133,Yes,Forest,Lower
2013-10-19,14.0,CHI,Regulus,calendula,Regulidae,416,No,Forest,Upper
2013-10-19,14.0,CHI,Regulus,calendula,Regulidae,416,No,Forest,Upper
2013-10-19,14.0,MP,Zonotrichia,albicollis,Passerellidae,10133,Yes,Forest,Lower
2013-10-19,14.0,CHI,Oreothlypis,celata,Parulidae,227,Yes,Edge,Lower
2013-10-19,14.0,MP,Regulus,satrapa,Regulidae,1029,Yes,Forest,Upper
2013-10-19,14.0,MP,Regulus,satrapa,Regulidae,1029,Yes,Forest,Upper
2013-10-19,14.0,CHI,Regulus,satrapa,Regulidae,1029,Yes,Forest,Upper
2013-10-19,14.0,CHI,Regulus,satrapa,Regulidae,1029,Yes,Forest,Upper
2013-10-19,14.0,MP,Regulus,satrapa,Regulidae,1029,Yes,Forest,Upper
2013-10-19,14.0,CHI,Oreothlypis,peregrina,Parulidae,2515,Yes,Edge,Upper
2013-10-19,14.0,CHI,Catharus,guttatus,Turdidae,3729,Yes,Forest,Lower
2013-10-19,14.0,CHI,Junco,hyemalis,Passerellidae,6303,Yes,Edge,Lower
2013-10-19,14.0,MP,Junco,hyemalis,Passerellidae,6303,Yes,Edge,Lower
2013-10-19,14.0,CHI,Zonotrichia,albicollis,Passerellidae,10133,Yes,Forest,Lower
2013-10-19,14.0,CHI,Zonotrichia,albicollis,Passerellidae,10133,Yes,Forest,Lower
2013-10-19,14.0,CHI,Zonotrichia,albicollis,Passerellidae,10133,Yes,Forest,Lower
2013-10-19,14.0,CHI,Zonotrichia,albicollis,Passerellidae,10133,Yes,Forest,Lower
2013-10-19,14.0,CHI,Zonotrichia,albicollis,Passerellidae,10133,Yes,Forest,Lower
2013-10-19,14.0,MP,Zonotrichia,albicollis,Passerellidae,10133,Yes,Forest,Lower
2013-10-19,14.0,CHI,Catharus,guttatus,Turdidae,3729,Yes,Forest,Lower
2013-10-19,14.0,CHI,Catharus,guttatus,Turdidae,3729,Yes,Forest,Lower
2013-10-19,14.0,MP,Zonotrichia,albicollis,Passerellidae,10133,Yes,Forest,Lower
2013-10-19,14.0,CHI,Catharus,guttatus,Turdidae,3729,Yes,Forest,Lower
2013-10-19,14.0,CHI,Junco,hyemalis,Passerellidae,6303,Yes,Edge,Lower
2013-10-19,14.0,CHI,Zonotrichia,albicollis,Passerellidae,10133,Yes,Forest,Lower
2013-10-19,14.0,MP,Zonotrichia,albicollis,Passerellidae,10133,Yes,Forest,Lower
2013-10-19,14.0,MP,Zonotrichia,albicollis,Passerellidae,10133,Yes,Forest,Lower
2013-10-19,14.0,MP,Zonotrichia,albicollis,Passerellidae,10133,Yes,Forest,Lower
2013-10-19,14.0,MP,Catharus,guttatus,Turdidae,3729,Yes,Forest,Lower
2013-10-19,14.0,CHI,Catharus,guttatus,Turdidae,3729,Yes,Forest,Lower
2013-10-19,14.0,CHI,Catharus,guttatus,Turdidae,3729,Yes,Forest,Lower
2013-10-19,14.0,CHI,Passerella,iliaca,Passerellidae,2443,Yes,Edge,Lower
2013-10-19,14.0,MP,Zonotrichia,albicollis,Passerellidae,10133,Yes,Forest,Lower
2013-10-19,14.0,CHI,Passerella,iliaca,Passerellidae,2443,Yes,Edge,Lower
2013-10-19,14.0,CHI,Junco,hyemalis,Passerellidae,6303,Yes,Edge,Lower
2013-10-19,14.0,CHI,Passerella,iliaca,Passerellidae,2443,Yes,Edge,Lower
2013-10-19,14.0,CHI,Catharus,guttatus,Turdidae,3729,Yes,Forest,Lower
2013-10-19,14.0,CHI,Catharus,guttatus,Turdidae,3729,Yes,Forest,Lower
2013-10-19,14.0,MP,Zonotrichia,albicollis,Passerellidae,10133,Yes,Forest,Lower
2013-10-19,14.0,CHI,Passerella,iliaca,Passerellidae,2443,Yes,Edge,Lower
2013-10-19,14.0,CHI,Zonotrichia,albicollis,Passerellidae,10133,Yes,Forest,Lower
2013-10-19,14.0,CHI,Catharus,guttatus,Turdidae,3729,Yes,Forest,Lower
2013-10-19,14.0,CHI,Catharus,guttatus,Turdidae,3729,Yes,Forest,Lower
2013-10-20,8.0,CHI,Zonotrichia,albicollis,Passerellidae,10133,Yes,Forest,Lower
2013-10-20,8.0,MP,Setophaga,coronata,Parulidae,887,yes,forest,Upper
2013-10-20,8.0,CHI,Zonotrichia,albicollis,Passerellidae,10133,Yes,Forest,Lower
2013-10-20,8.0,MP,Junco,hyemalis,Passerellidae,6303,Yes,Edge,Lower
2013-10-20,8.0,CHI,Junco,hyemalis,Passerellidae,6303,Yes,Edge,Lower
2013-10-20,8.0,CHI,Junco,hyemalis,Passerellidae,6303,Yes,Edge,Lower
2013-10-20,8.0,CHI,Catharus,guttatus,Turdidae,3729,Yes,Forest,Lower
2013-10-20,8.0,CHI,Regulus,satrapa,Regulidae,1029,Yes,Forest,Upper
2013-10-20,8.0,CHI,Sitta,canadensis,Sittidae,260,Yes,Forest,Upper
2013-10-20,8.0,CHI,Passerella,iliaca,Passerellidae,2443,Yes,Edge,Lower
2013-10-20,8.0,CHI,Passerella,iliaca,Passerellidae,2443,Yes,Edge,Lower
2013-10-20,8.0,CHI,Oreothlypis,peregrina,Parulidae,2515,Yes,Edge,Upper
2013-10-20,8.0,CHI,Regulus,satrapa,Regulidae,1029,Yes,Forest,Upper
2013-10-20,8.0,MP,Zonotrichia,albicollis,Passerellidae,10133,Yes,Forest,Lower
2013-10-21,11.0,CHI,Regulus,satrapa,Regulidae,1029,Yes,Forest,Upper
2013-10-21,11.0,CHI,Zonotrichia,albicollis,Passerellidae,10133,Yes,Forest,Lower
2013-10-21,11.0,MP,Melospiza,melodia,Passerellidae,5124,Yes,Edge,Lower
2013-10-21,11.0,MP,Passerella,iliaca,Passerellidae,2443,Yes,Edge,Lower
2013-10-21,11.0,CHI,Passerella,iliaca,Passerellidae,2443,Yes,Edge,Lower
2013-10-21,11.0,CHI,Passerella,iliaca,Passerellidae,2443,Yes,Edge,Lower
2013-10-21,11.0,CHI,Passerella,iliaca,Passerellidae,2443,Yes,Edge,Lower
2013-10-21,11.0,CHI,Zonotrichia,albicollis,Passerellidae,10133,Yes,Forest,Lower
2013-10-21,11.0,MP,Zonotrichia,albicollis,Passerellidae,10133,Yes,Forest,Lower
2013-10-21,11.0,CHI,Regulus,satrapa,Regulidae,1029,Yes,Forest,Upper
2013-10-21,11.0,CHI,Sitta,canadensis,Sittidae,260,Yes,Forest,Upper
2013-10-21,11.0,MP,Setophaga,coronata,Parulidae,887,yes,forest,Upper
2013-10-21,11.0,CHI,Setophaga,coronata,Parulidae,887,yes,forest,Upper
2013-10-21,11.0,CHI,Catharus,guttatus,Turdidae,3729,Yes,Forest,Lower
2013-10-21,11.0,MP,Catharus,guttatus,Turdidae,3729,Yes,Forest,Lower
2013-10-21,11.0,CHI,Catharus,guttatus,Turdidae,3729,Yes,Forest,Lower
2013-10-21,11.0,CHI,Catharus,guttatus,Turdidae,3729,Yes,Forest,Lower
2013-10-22,8.0,MP,Melospiza,melodia,Passerellidae,5124,Yes,Edge,Lower
2013-10-22,8.0,MP,Melospiza,melodia,Passerellidae,5124,Yes,Edge,Lower
2013-10-22,8.0,CHI,Zonotrichia,albicollis,Passerellidae,10133,Yes,Forest,Lower
2013-10-22,8.0,CHI,Zonotrichia,albicollis,Passerellidae,10133,Yes,Forest,Lower
2013-10-22,8.0,CHI,Catharus,guttatus,Turdidae,3729,Yes,Forest,Lower
2013-10-22,8.0,CHI,Catharus,guttatus,Turdidae,3729,Yes,Forest,Lower
2013-10-22,8.0,CHI,Catharus,guttatus,Turdidae,3729,Yes,Forest,Lower
2013-10-22,8.0,MP,Melospiza,melodia,Passerellidae,5124,Yes,Edge,Lower
2013-10-22,8.0,MP,Catharus,guttatus,Turdidae,3729,Yes,Forest,Lower
2013-10-22,8.0,CHI,Junco,hyemalis,Passerellidae,6303,Yes,Edge,Lower
2013-10-22,8.0,CHI,Oreothlypis,celata,Parulidae,227,Yes,Edge,Lower
2013-10-22,8.0,CHI,Passerella,iliaca,Passerellidae,2443,Yes,Edge,Lower
2013-10-22,8.0,CHI,Passerella,iliaca,Passerellidae,2443,Yes,Edge,Lower
2013-10-22,8.0,CHI,Setophaga,coronata,Parulidae,887,yes,forest,Upper
2013-10-22,8.0,CHI,Catharus,guttatus,Turdidae,3729,Yes,Forest,Lower
2013-10-22,8.0,CHI,Zonotrichia,albicollis,Passerellidae,10133,Yes,Forest,Lower
2013-10-22,8.0,CHI,Setophaga,palmarum,Parulidae,694,Yes,Edge,Lower
2013-10-22,8.0,CHI,Geothlypis,trichas,Parulidae,1555,Yes,Open,Lower
2013-10-25,16.0,CHI,Junco,hyemalis,Passerellidae,6303,Yes,Edge,Lower
2013-10-25,16.0,MP,Melospiza,melodia,Passerellidae,5124,Yes,Edge,Lower
2013-10-25,16.0,CHI,Setophaga,coronata,Parulidae,887,yes,forest,Upper
2013-10-25,16.0,CHI,Junco,hyemalis,Passerellidae,6303,Yes,Edge,Lower
2013-10-25,16.0,MP,Junco,hyemalis,Passerellidae,6303,Yes,Edge,Lower
2013-10-25,16.0,CHI,Regulus,calendula,Regulidae,416,No,Forest,Upper
2013-10-25,16.0,MP,Passerella,iliaca,Passerellidae,2443,Yes,Edge,Lower
2013-10-25,16.0,CHI,Junco,hyemalis,Passerellidae,6303,Yes,Edge,Lower
2013-10-25,16.0,CHI,Catharus,guttatus,Turdidae,3729,Yes,Forest,Lower
2013-10-25,16.0,MP,Catharus,guttatus,Turdidae,3729,Yes,Forest,Lower
2013-10-25,16.0,CHI,Passerella,iliaca,Passerellidae,2443,Yes,Edge,Lower
2013-10-25,16.0,MP,Zonotrichia,albicollis,Passerellidae,10133,Yes,Forest,Lower
2013-10-25,16.0,MP,Zonotrichia,albicollis,Passerellidae,10133,Yes,Forest,Lower
2013-10-25,16.0,CHI,Zonotrichia,albicollis,Passerellidae,10133,Yes,Forest,Lower
2013-10-25,16.0,CHI,Junco,hyemalis,Passerellidae,6303,Yes,Edge,Lower
2013-10-25,16.0,MP,Junco,hyemalis,Passerellidae,6303,Yes,Edge,Lower
2013-10-25,16.0,MP,Junco,hyemalis,Passerellidae,6303,Yes,Edge,Lower
2013-10-25,16.0,MP,Junco,hyemalis,Passerellidae,6303,Yes,Edge,Lower
2013-10-26,10.0,CHI,Zonotrichia,albicollis,Passerellidae,10133,Yes,Forest,Lower
2013-10-26,10.0,MP,Zonotrichia,albicollis,Passerellidae,10133,Yes,Forest,Lower
2013-10-26,10.0,CHI,Zonotrichia,albicollis,Passerellidae,10133,Yes,Forest,Lower
2013-10-26,10.0,MP,Passerella,iliaca,Passerellidae,2443,Yes,Edge,Lower
2013-10-26,10.0,MP,Passerella,iliaca,Passerellidae,2443,Yes,Edge,Lower
2013-10-26,10.0,CHI,Passerella,iliaca,Passerellidae,2443,Yes,Edge,Lower
2013-10-26,10.0,MP,Passerella,iliaca,Passerellidae,2443,Yes,Edge,Lower
2013-10-26,10.0,CHI,Setophaga,coronata,Parulidae,887,yes,forest,Upper
2013-10-26,10.0,CHI,Zonotrichia,albicollis,Passerellidae,10133,Yes,Forest,Lower
2013-10-26,10.0,MP,Junco,hyemalis,Passerellidae,6303,Yes,Edge,Lower
2013-10-26,10.0,MP,Junco,hyemalis,Passerellidae,6303,Yes,Edge,Lower
2013-10-26,10.0,MP,Catharus,guttatus,Turdidae,3729,Yes,Forest,Lower
2013-10-26,10.0,MP,troglodytes,hiemalis,Troglodytidae,474,No,Forest,Lower
2013-10-26,10.0,MP,Junco,hyemalis,Passerellidae,6303,Yes,Edge,Lower
2013-10-26,10.0,MP,Junco,hyemalis,Passerellidae,6303,Yes,Edge,Lower
2013-10-27,4.0,CHI,Passerella,iliaca,Passerellidae,2443,Yes,Edge,Lower
2013-10-27,4.0,CHI,Zonotrichia,albicollis,Passerellidae,10133,Yes,Forest,Lower
2013-10-27,4.0,CHI,Zonotrichia,albicollis,Passerellidae,10133,Yes,Forest,Lower
2013-10-27,4.0,CHI,Junco,hyemalis,Passerellidae,6303,Yes,Edge,Lower
2013-10-27,4.0,CHI,Catharus,guttatus,Turdidae,3729,Yes,Forest,Lower
2013-10-27,4.0,CHI,Catharus,guttatus,Turdidae,3729,Yes,Forest,Lower
2013-10-27,4.0,CHI,Junco,hyemalis,Passerellidae,6303,Yes,Edge,Lower
2013-10-27,4.0,CHI,Junco,hyemalis,Passerellidae,6303,Yes,Edge,Lower
2013-10-27,4.0,CHI,Junco,hyemalis,Passerellidae,6303,Yes,Edge,Lower
2013-10-27,4.0,MP,Setophaga,coronata,Parulidae,887,yes,forest,Upper
2013-10-27,4.0,CHI,Setophaga,coronata,Parulidae,887,yes,forest,Upper
2013-10-27,4.0,CHI,Junco,hyemalis,Passerellidae,6303,Yes,Edge,Lower
2013-10-27,4.0,CHI,Junco,hyemalis,Passerellidae,6303,Yes,Edge,Lower
2013-10-27,4.0,CHI,Junco,hyemalis,Passerellidae,6303,Yes,Edge,Lower
2013-10-27,4.0,CHI,Junco,hyemalis,Passerellidae,6303,Yes,Edge,Lower
2013-10-27,4.0,CHI,Catharus,guttatus,Turdidae,3729,Yes,Forest,Lower
2013-10-27,4.0,CHI,Passerella,iliaca,Passerellidae,2443,Yes,Edge,Lower
2013-10-27,4.0,CHI,troglodytes,hiemalis,Troglodytidae,474,No,Forest,Lower
2013-10-27,4.0,CHI,Passerella,iliaca,Passerellidae,2443,Yes,Edge,Lower
2013-10-27,4.0,CHI,Setophaga,coronata,Parulidae,887,yes,forest,Upper
2013-10-27,4.0,CHI,Passerella,iliaca,Passerellidae,2443,Yes,Edge,Lower
2013-10-27,4.0,CHI,Passerella,iliaca,Passerellidae,2443,Yes,Edge,Lower
2013-10-27,4.0,MP,Catharus,guttatus,Turdidae,3729,Yes,Forest,Lower
2013-10-28,4.0,CHI,Oreothlypis,celata,Parulidae,227,Yes,Edge,Lower
2013-10-28,4.0,CHI,Catharus,guttatus,Turdidae,3729,Yes,Forest,Lower
2013-10-28,4.0,CHI,Junco,hyemalis,Passerellidae,6303,Yes,Edge,Lower
2013-10-28,4.0,CHI,Passerella,iliaca,Passerellidae,2443,Yes,Edge,Lower
2013-10-28,4.0,CHI,Junco,hyemalis,Passerellidae,6303,Yes,Edge,Lower
2013-10-28,4.0,CHI,Junco,hyemalis,Passerellidae,6303,Yes,Edge,Lower
2013-10-28,4.0,CHI,Junco,hyemalis,Passerellidae,6303,Yes,Edge,Lower
2013-10-28,4.0,CHI,Junco,hyemalis,Passerellidae,6303,Yes,Edge,Lower
2013-10-28,4.0,CHI,Junco,hyemalis,Passerellidae,6303,Yes,Edge,Lower
2013-10-28,4.0,CHI,Junco,hyemalis,Passerellidae,6303,Yes,Edge,Lower
2013-10-28,4.0,CHI,Junco,hyemalis,Passerellidae,6303,Yes,Edge,Lower
2013-10-28,4.0,CHI,Junco,hyemalis,Passerellidae,6303,Yes,Edge,Lower
2013-10-28,4.0,CHI,Zonotrichia,albicollis,Passerellidae,10133,Yes,Forest,Lower
2013-10-28,4.0,CHI,Zonotrichia,albicollis,Passerellidae,10133,Yes,Forest,Lower
2013-10-28,4.0,CHI,Zonotrichia,albicollis,Passerellidae,10133,Yes,Forest,Lower
2013-10-28,4.0,CHI,Regulus,satrapa,Regulidae,1029,Yes,Forest,Upper
2013-10-28,4.0,CHI,Zonotrichia,albicollis,Passerellidae,10133,Yes,Forest,Lower
2013-10-30,9.0,CHI,Zonotrichia,leucophrys,Passerellidae,1090,Yes,Edge,Lower
2013-10-30,9.0,CHI,troglodytes,hiemalis,Troglodytidae,474,No,Forest,Lower
2013-10-30,9.0,CHI,Passerella,iliaca,Passerellidae,2443,Yes,Edge,Lower
2013-10-31,11.0,CHI,Zonotrichia,albicollis,Passerellidae,10133,Yes,Forest,Lower
2013-10-31,11.0,CHI,Catharus,guttatus,Turdidae,3729,Yes,Forest,Lower
2013-11-01,11.0,MP,Setophaga,coronata,Parulidae,887,yes,forest,Upper
2013-11-01,11.0,CHI,catharus,ustulatus,Turdidae,2331,Yes,Forest,Lower
2013-11-01,11.0,MP,Passerculus,sandwichensis,Passerellidae,274,yes,open,Lower	
2013-11-01,11.0,MP,Passerculus,sandwichensis,Passerellidae,274,yes,open,Lower	
2013-11-01,11.0,CHI,Junco,hyemalis,Passerellidae,6303,Yes,Edge,Lower
2013-11-01,11.0,MP,Setophaga,coronata,Parulidae,887,yes,forest,Upper
2013-11-02,11.0,CHI,Catharus,guttatus,Turdidae,3729,Yes,Forest,Lower
2013-11-02,11.0,CHI,Passerella,iliaca,Passerellidae,2443,Yes,Edge,Lower
2013-11-02,11.0,MP,Catharus,guttatus,Turdidae,3729,Yes,Forest,Lower
2013-11-02,11.0,CHI,Zonotrichia,albicollis,Passerellidae,10133,Yes,Forest,Lower
2013-11-02,11.0,CHI,Junco,hyemalis,Passerellidae,6303,Yes,Edge,Lower
2013-11-02,11.0,CHI,Junco,hyemalis,Passerellidae,6303,Yes,Edge,Lower
2013-11-02,11.0,CHI,Junco,hyemalis,Passerellidae,6303,Yes,Edge,Lower
2013-11-02,11.0,CHI,Zonotrichia,albicollis,Passerellidae,10133,Yes,Forest,Lower
2013-11-02,11.0,CHI,Zonotrichia,albicollis,Passerellidae,10133,Yes,Forest,Lower
2013-11-02,11.0,CHI,Zonotrichia,albicollis,Passerellidae,10133,Yes,Forest,Lower
2013-11-03,9.0,CHI,Junco,hyemalis,Passerellidae,6303,Yes,Edge,Lower
2013-11-03,9.0,CHI,Junco,hyemalis,Passerellidae,6303,Yes,Edge,Lower
2013-11-03,9.0,CHI,Junco,hyemalis,Passerellidae,6303,Yes,Edge,Lower
2013-11-03,9.0,CHI,Junco,hyemalis,Passerellidae,6303,Yes,Edge,Lower
2013-11-03,9.0,CHI,Junco,hyemalis,Passerellidae,6303,Yes,Edge,Lower
2013-11-03,9.0,CHI,Junco,hyemalis,Passerellidae,6303,Yes,Edge,Lower
2013-11-03,9.0,CHI,Junco,hyemalis,Passerellidae,6303,Yes,Edge,Lower
2013-11-03,9.0,CHI,Regulus,satrapa,Regulidae,1029,Yes,Forest,Upper
2013-11-03,9.0,CHI,Regulus,calendula,Regulidae,416,No,Forest,Upper
2013-11-03,9.0,CHI,Regulus,satrapa,Regulidae,1029,Yes,Forest,Upper
2013-11-03,9.0,CHI,Regulus,satrapa,Regulidae,1029,Yes,Forest,Upper
2013-11-03,9.0,CHI,Spizelloides,arborea,Passerellidae,1262,Yes,Edge,Lower
2013-11-03,9.0,CHI,Regulus,satrapa,Regulidae,1029,Yes,Forest,Upper
2013-11-03,9.0,CHI,Oreothlypis,celata,Parulidae,227,Yes,Edge,Lower
2013-11-03,9.0,CHI,Regulus,calendula,Regulidae,416,No,Forest,Upper
2013-11-03,9.0,CHI,Melospiza,melodia,Passerellidae,5124,Yes,Edge,Lower
2013-11-03,9.0,CHI,Zonotrichia,albicollis,Passerellidae,10133,Yes,Forest,Lower
2013-11-03,9.0,CHI,Zonotrichia,albicollis,Passerellidae,10133,Yes,Forest,Lower
2013-11-03,9.0,CHI,Zonotrichia,albicollis,Passerellidae,10133,Yes,Forest,Lower
2013-11-03,9.0,CHI,Passerella,iliaca,Passerellidae,2443,Yes,Edge,Lower
2013-11-03,9.0,CHI,Passerella,iliaca,Passerellidae,2443,Yes,Edge,Lower
2013-11-03,9.0,CHI,Zonotrichia,albicollis,Passerellidae,10133,Yes,Forest,Lower
2013-11-03,9.0,CHI,Catharus,guttatus,Turdidae,3729,Yes,Forest,Lower
2013-11-03,9.0,CHI,Junco,hyemalis,Passerellidae,6303,Yes,Edge,Lower
2013-11-03,9.0,CHI,Zonotrichia,albicollis,Passerellidae,10133,Yes,Forest,Lower
2013-11-03,9.0,CHI,Zonotrichia,albicollis,Passerellidae,10133,Yes,Forest,Lower
2013-11-03,9.0,CHI,Zonotrichia,albicollis,Passerellidae,10133,Yes,Forest,Lower
2013-11-03,9.0,CHI,Zonotrichia,albicollis,Passerellidae,10133,Yes,Forest,Lower
2013-11-03,9.0,CHI,Junco,hyemalis,Passerellidae,6303,Yes,Edge,Lower
2013-11-03,9.0,CHI,Junco,hyemalis,Passerellidae,6303,Yes,Edge,Lower
2013-11-03,9.0,CHI,Junco,hyemalis,Passerellidae,6303,Yes,Edge,Lower
2013-11-03,9.0,CHI,Catharus,guttatus,Turdidae,3729,Yes,Forest,Lower
2013-11-03,9.0,CHI,Junco,hyemalis,Passerellidae,6303,Yes,Edge,Lower
2013-11-03,9.0,CHI,Zonotrichia,albicollis,Passerellidae,10133,Yes,Forest,Lower
2013-11-04,9.0,CHI,Regulus,satrapa,Regulidae,1029,Yes,Forest,Upper
2013-11-04,9.0,CHI,Zonotrichia,albicollis,Passerellidae,10133,Yes,Forest,Lower
2013-11-04,9.0,CHI,Zonotrichia,albicollis,Passerellidae,10133,Yes,Forest,Lower
2013-11-04,9.0,CHI,Zonotrichia,albicollis,Passerellidae,10133,Yes,Forest,Lower
2013-11-04,9.0,CHI,Zonotrichia,albicollis,Passerellidae,10133,Yes,Forest,Lower
2013-11-04,9.0,CHI,Passerella,iliaca,Passerellidae,2443,Yes,Edge,Lower
2013-11-04,9.0,CHI,Junco,hyemalis,Passerellidae,6303,Yes,Edge,Lower
2013-11-04,9.0,CHI,Junco,hyemalis,Passerellidae,6303,Yes,Edge,Lower
2013-11-05,4.0,MP,Seiurus,aurocapilla,Parulidae,4580,Yes,Forest,Lower
2013-11-05,4.0,CHI,Junco,hyemalis,Passerellidae,6303,Yes,Edge,Lower
2013-11-05,4.0,CHI,Regulus,satrapa,Regulidae,1029,Yes,Forest,Upper
2013-11-06,4.0,MP,Junco,hyemalis,Passerellidae,6303,Yes,Edge,Lower
2013-11-06,4.0,CHI,Sitta,canadensis,Sittidae,260,Yes,Forest,Upper
2013-11-07,4.0,CHI,Zonotrichia,albicollis,Passerellidae,10133,Yes,Forest,Lower
2013-11-07,4.0,CHI,Regulus,satrapa,Regulidae,1029,Yes,Forest,Upper
2013-11-07,4.0,CHI,Zonotrichia,albicollis,Passerellidae,10133,Yes,Forest,Lower
2013-11-07,4.0,CHI,Zonotrichia,albicollis,Passerellidae,10133,Yes,Forest,Lower
2013-11-07,4.0,CHI,Junco,hyemalis,Passerellidae,6303,Yes,Edge,Lower
2013-11-07,4.0,CHI,Junco,hyemalis,Passerellidae,6303,Yes,Edge,Lower
2013-11-07,4.0,CHI,Junco,hyemalis,Passerellidae,6303,Yes,Edge,Lower
2013-11-07,4.0,CHI,Junco,hyemalis,Passerellidae,6303,Yes,Edge,Lower
2013-11-07,4.0,CHI,Junco,hyemalis,Passerellidae,6303,Yes,Edge,Lower
2013-11-07,4.0,CHI,Junco,hyemalis,Passerellidae,6303,Yes,Edge,Lower
2013-11-08,4.0,CHI,Junco,hyemalis,Passerellidae,6303,Yes,Edge,Lower
2013-11-08,4.0,MP,Spizelloides,arborea,Passerellidae,1262,Yes,Edge,Lower
2013-11-08,4.0,MP,Junco,hyemalis,Passerellidae,6303,Yes,Edge,Lower
2013-11-08,4.0,MP,Melospiza,melodia,Passerellidae,5124,Yes,Edge,Lower
2013-11-08,4.0,MP,Junco,hyemalis,Passerellidae,6303,Yes,Edge,Lower
2013-11-08,4.0,MP,Junco,hyemalis,Passerellidae,6303,Yes,Edge,Lower
2013-11-08,4.0,CHI,troglodytes,hiemalis,Troglodytidae,474,No,Forest,Lower
2013-11-10,4.0,MP,Junco,hyemalis,Passerellidae,6303,Yes,Edge,Lower
2013-11-10,4.0,CHI,Zonotrichia,albicollis,Passerellidae,10133,Yes,Forest,Lower
2013-11-10,4.0,CHI,Zonotrichia,albicollis,Passerellidae,10133,Yes,Forest,Lower
2013-11-10,4.0,CHI,Zonotrichia,albicollis,Passerellidae,10133,Yes,Forest,Lower
2013-11-10,4.0,CHI,Junco,hyemalis,Passerellidae,6303,Yes,Edge,Lower
2013-11-10,4.0,CHI,Spizelloides,arborea,Passerellidae,1262,Yes,Edge,Lower
2013-11-11,9.0,CHI,Zonotrichia,albicollis,Passerellidae,10133,Yes,Forest,Lower
2013-11-11,9.0,MP,Junco,hyemalis,Passerellidae,6303,Yes,Edge,Lower
2013-11-12,4.0,MP,Junco,hyemalis,Passerellidae,6303,Yes,Edge,Lower
2013-11-12,4.0,CHI,Junco,hyemalis,Passerellidae,6303,Yes,Edge,Lower
2013-11-12,4.0,CHI,Junco,hyemalis,Passerellidae,6303,Yes,Edge,Lower
2013-11-12,4.0,MP,Spizelloides,arborea,Passerellidae,1262,Yes,Edge,Lower
2013-11-12,4.0,CHI,troglodytes,hiemalis,Troglodytidae,474,No,Forest,Lower
2013-11-12,4.0,CHI,Passerella,iliaca,Passerellidae,2443,Yes,Edge,Lower
2013-11-12,4.0,CHI,Junco,hyemalis,Passerellidae,6303,Yes,Edge,Lower
2013-11-14,7.0,MP,Junco,hyemalis,Passerellidae,6303,Yes,Edge,Lower
2013-11-19,7.0,CHI,Spizelloides,arborea,Passerellidae,1262,Yes,Edge,Lower
2014-03-14,17.0,MP,Melospiza,melodia,Passerellidae,5124,Yes,Edge,Lower
2014-03-14,17.0,MP,Melospiza,melodia,Passerellidae,5124,Yes,Edge,Lower
2014-03-19,14.0,MP,Melospiza,melodia,Passerellidae,5124,Yes,Edge,Lower
2014-03-19,14.0,MP,Melospiza,melodia,Passerellidae,5124,Yes,Edge,Lower
2014-03-19,14.0,MP,Melospiza,melodia,Passerellidae,5124,Yes,Edge,Lower
2014-03-19,14.0,MP,Melospiza,melodia,Passerellidae,5124,Yes,Edge,Lower
2014-03-19,14.0,MP,Melospiza,melodia,Passerellidae,5124,Yes,Edge,Lower
2014-03-19,14.0,MP,Melospiza,melodia,Passerellidae,5124,Yes,Edge,Lower
2014-03-19,14.0,MP,Melospiza,melodia,Passerellidae,5124,Yes,Edge,Lower
2014-03-19,14.0,MP,Melospiza,melodia,Passerellidae,5124,Yes,Edge,Lower
2014-03-19,14.0,MP,Melospiza,melodia,Passerellidae,5124,Yes,Edge,Lower
2014-03-19,14.0,MP,Melospiza,melodia,Passerellidae,5124,Yes,Edge,Lower
2014-03-19,14.0,MP,Melospiza,melodia,Passerellidae,5124,Yes,Edge,Lower
2014-03-19,14.0,MP,Melospiza,melodia,Passerellidae,5124,Yes,Edge,Lower
2014-03-20,14.0,CHI,Melospiza,melodia,Passerellidae,5124,Yes,Edge,Lower
2014-03-20,14.0,MP,Melospiza,melodia,Passerellidae,5124,Yes,Edge,Lower
2014-03-20,14.0,CHI,Melospiza,melodia,Passerellidae,5124,Yes,Edge,Lower
2014-03-20,14.0,MP,Melospiza,melodia,Passerellidae,5124,Yes,Edge,Lower
2014-03-20,14.0,MP,Melospiza,melodia,Passerellidae,5124,Yes,Edge,Lower
2014-03-20,14.0,MP,Melospiza,melodia,Passerellidae,5124,Yes,Edge,Lower
2014-03-20,14.0,MP,Junco,hyemalis,Passerellidae,6303,Yes,Edge,Lower
2014-03-21,14.0,MP,Melospiza,melodia,Passerellidae,5124,Yes,Edge,Lower
2014-03-21,14.0,MP,Melospiza,melodia,Passerellidae,5124,Yes,Edge,Lower
2014-03-21,14.0,MP,Melospiza,melodia,Passerellidae,5124,Yes,Edge,Lower
2014-03-21,14.0,MP,Melospiza,melodia,Passerellidae,5124,Yes,Edge,Lower
2014-03-21,14.0,MP,Melospiza,melodia,Passerellidae,5124,Yes,Edge,Lower
2014-03-22,14.0,MP,Melospiza,melodia,Passerellidae,5124,Yes,Edge,Lower
2014-03-22,14.0,MP,Junco,hyemalis,Passerellidae,6303,Yes,Edge,Lower
2014-03-25,14.0,MP,Melospiza,melodia,Passerellidae,5124,Yes,Edge,Lower
2014-03-25,14.0,CHI,Melospiza,melodia,Passerellidae,5124,Yes,Edge,Lower
2014-03-28,4.0,CHI,Melospiza,melodia,Passerellidae,5124,Yes,Edge,Lower
2014-03-29,4.0,CHI,Melospiza,melodia,Passerellidae,5124,Yes,Edge,Lower
2014-03-29,4.0,CHI,Melospiza,melodia,Passerellidae,5124,Yes,Edge,Lower
2014-03-31,5.0,MP,Passerella,iliaca,Passerellidae,2443,Yes,Edge,Lower
2014-03-31,5.0,CHI,Regulus,satrapa,Regulidae,1029,Yes,Forest,Upper
2014-03-31,5.0,MP,Passerella,iliaca,Passerellidae,2443,Yes,Edge,Lower
2014-03-31,5.0,CHI,Passerella,iliaca,Passerellidae,2443,Yes,Edge,Lower
2014-03-31,5.0,CHI,Junco,hyemalis,Passerellidae,6303,Yes,Edge,Lower
2014-03-31,5.0,MP,Melospiza,melodia,Passerellidae,5124,Yes,Edge,Lower
2014-03-31,5.0,MP,Melospiza,melodia,Passerellidae,5124,Yes,Edge,Lower
2014-04-01,7.0,CHI,Junco,hyemalis,Passerellidae,6303,Yes,Edge,Lower
2014-04-01,7.0,CHI,Melospiza,melodia,Passerellidae,5124,Yes,Edge,Lower
2014-04-01,7.0,CHI,Melospiza,melodia,Passerellidae,5124,Yes,Edge,Lower
2014-04-01,7.0,MP,Junco,hyemalis,Passerellidae,6303,Yes,Edge,Lower
2014-04-01,7.0,CHI,Junco,hyemalis,Passerellidae,6303,Yes,Edge,Lower
2014-04-01,7.0,CHI,Junco,hyemalis,Passerellidae,6303,Yes,Edge,Lower
2014-04-01,7.0,MP,Passerella,iliaca,Passerellidae,2443,Yes,Edge,Lower
2014-04-01,7.0,CHI,Passerella,iliaca,Passerellidae,2443,Yes,Edge,Lower
2014-04-01,7.0,MP,Melospiza,melodia,Passerellidae,5124,Yes,Edge,Lower
2014-04-01,7.0,MP,Melospiza,melodia,Passerellidae,5124,Yes,Edge,Lower
2014-04-01,7.0,MP,Junco,hyemalis,Passerellidae,6303,Yes,Edge,Lower
2014-04-01,7.0,MP,Melospiza,melodia,Passerellidae,5124,Yes,Edge,Lower
2014-04-01,7.0,CHI,Melospiza,melodia,Passerellidae,5124,Yes,Edge,Lower
2014-04-01,7.0,CHI,Passerella,iliaca,Passerellidae,2443,Yes,Edge,Lower
2014-04-01,7.0,CHI,Passerella,iliaca,Passerellidae,2443,Yes,Edge,Lower
2014-04-01,7.0,MP,Melospiza,melodia,Passerellidae,5124,Yes,Edge,Lower
2014-04-01,7.0,CHI,Passerella,iliaca,Passerellidae,2443,Yes,Edge,Lower
2014-04-01,7.0,MP,Melospiza,melodia,Passerellidae,5124,Yes,Edge,Lower
2014-04-01,7.0,CHI,Spizelloides,arborea,Passerellidae,1262,Yes,Edge,Lower
2014-04-02,7.0,MP,Passerella,iliaca,Passerellidae,2443,Yes,Edge,Lower
2014-04-02,7.0,CHI,Junco,hyemalis,Passerellidae,6303,Yes,Edge,Lower
2014-04-02,7.0,CHI,Passerella,iliaca,Passerellidae,2443,Yes,Edge,Lower
2014-04-02,7.0,MP,Passerella,iliaca,Passerellidae,2443,Yes,Edge,Lower
2014-04-02,7.0,CHI,Passerella,iliaca,Passerellidae,2443,Yes,Edge,Lower
2014-04-03,4.0,CHI,Passerella,iliaca,Passerellidae,2443,Yes,Edge,Lower
2014-04-03,4.0,CHI,Passerella,iliaca,Passerellidae,2443,Yes,Edge,Lower
2014-04-03,4.0,MP,Junco,hyemalis,Passerellidae,6303,Yes,Edge,Lower
2014-04-04,6.0,CHI,Passerella,iliaca,Passerellidae,2443,Yes,Edge,Lower
2014-04-04,6.0,CHI,Catharus,guttatus,Turdidae,3729,Yes,Forest,Lower
2014-04-04,6.0,CHI,Junco,hyemalis,Passerellidae,6303,Yes,Edge,Lower
2014-04-05,6.0,MP,Melospiza,melodia,Passerellidae,5124,Yes,Edge,Lower
2014-04-05,6.0,CHI,troglodytes,hiemalis,Troglodytidae,474,No,Forest,Lower
2014-04-06,6.0,CHI,Catharus,guttatus,Turdidae,3729,Yes,Forest,Lower
2014-04-06,6.0,CHI,troglodytes,hiemalis,Troglodytidae,474,No,Forest,Lower
2014-04-06,6.0,CHI,Regulus,satrapa,Regulidae,1029,Yes,Forest,Upper
2014-04-06,6.0,CHI,Junco,hyemalis,Passerellidae,6303,Yes,Edge,Lower
2014-04-06,6.0,CHI,Spizelloides,arborea,Passerellidae,1262,Yes,Edge,Lower
2014-04-06,6.0,CHI,Melospiza,melodia,Passerellidae,5124,Yes,Edge,Lower
2014-04-06,6.0,CHI,Melospiza,melodia,Passerellidae,5124,Yes,Edge,Lower
2014-04-06,6.0,CHI,Regulus,satrapa,Regulidae,1029,Yes,Forest,Upper
2014-04-06,6.0,CHI,Zonotrichia,albicollis,Passerellidae,10133,Yes,Forest,Lower
2014-04-06,6.0,CHI,Melospiza,melodia,Passerellidae,5124,Yes,Edge,Lower
2014-04-06,6.0,CHI,Passerella,iliaca,Passerellidae,2443,Yes,Edge,Lower
2014-04-07,11.0,CHI,Junco,hyemalis,Passerellidae,6303,Yes,Edge,Lower
2014-04-07,11.0,CHI,Catharus,guttatus,Turdidae,3729,Yes,Forest,Lower
2014-04-07,11.0,MP,Passerella,iliaca,Passerellidae,2443,Yes,Edge,Lower
2014-04-07,11.0,CHI,Passerella,iliaca,Passerellidae,2443,Yes,Edge,Lower
2014-04-07,11.0,CHI,Passerella,iliaca,Passerellidae,2443,Yes,Edge,Lower
2014-04-07,11.0,CHI,Passerella,iliaca,Passerellidae,2443,Yes,Edge,Lower
2014-04-07,11.0,CHI,Junco,hyemalis,Passerellidae,6303,Yes,Edge,Lower
2014-04-07,11.0,CHI,Junco,hyemalis,Passerellidae,6303,Yes,Edge,Lower
2014-04-07,11.0,CHI,Regulus,satrapa,Regulidae,1029,Yes,Forest,Upper
2014-04-07,11.0,CHI,Junco,hyemalis,Passerellidae,6303,Yes,Edge,Lower
2014-04-07,11.0,CHI,Junco,hyemalis,Passerellidae,6303,Yes,Edge,Lower
2014-04-07,11.0,CHI,Regulus,satrapa,Regulidae,1029,Yes,Forest,Upper
2014-04-07,11.0,CHI,Regulus,satrapa,Regulidae,1029,Yes,Forest,Upper
2014-04-07,11.0,CHI,Regulus,satrapa,Regulidae,1029,Yes,Forest,Upper
2014-04-07,11.0,CHI,Regulus,satrapa,Regulidae,1029,Yes,Forest,Upper
2014-04-07,11.0,CHI,Regulus,satrapa,Regulidae,1029,Yes,Forest,Upper
2014-04-07,11.0,CHI,Junco,hyemalis,Passerellidae,6303,Yes,Edge,Lower
2014-04-07,11.0,CHI,Regulus,satrapa,Regulidae,1029,Yes,Forest,Upper
2014-04-07,11.0,CHI,Regulus,satrapa,Regulidae,1029,Yes,Forest,Upper
2014-04-07,11.0,CHI,Regulus,satrapa,Regulidae,1029,Yes,Forest,Upper
2014-04-07,11.0,CHI,Regulus,satrapa,Regulidae,1029,Yes,Forest,Upper
2014-04-07,11.0,CHI,Junco,hyemalis,Passerellidae,6303,Yes,Edge,Lower
2014-04-07,11.0,CHI,Regulus,satrapa,Regulidae,1029,Yes,Forest,Upper
2014-04-07,11.0,CHI,Melospiza,melodia,Passerellidae,5124,Yes,Edge,Lower
2014-04-07,11.0,CHI,Passerella,iliaca,Passerellidae,2443,Yes,Edge,Lower
2014-04-08,13.0,CHI,Passerella,iliaca,Passerellidae,2443,Yes,Edge,Lower
2014-04-08,13.0,CHI,Regulus,satrapa,Regulidae,1029,Yes,Forest,Upper
2014-04-08,13.0,CHI,Melospiza,melodia,Passerellidae,5124,Yes,Edge,Lower
2014-04-08,13.0,MP,Junco,hyemalis,Passerellidae,6303,Yes,Edge,Lower
2014-04-08,13.0,CHI,Junco,hyemalis,Passerellidae,6303,Yes,Edge,Lower
2014-04-08,13.0,CHI,Catharus,guttatus,Turdidae,3729,Yes,Forest,Lower
2014-04-09,14.0,CHI,Spizella,pusilla,Passerellidae,325,Yes,Open,Lower
2014-04-09,14.0,CHI,Junco,hyemalis,Passerellidae,6303,Yes,Edge,Lower
2014-04-09,14.0,MP,Junco,hyemalis,Passerellidae,6303,Yes,Edge,Lower
2014-04-09,14.0,CHI,Junco,hyemalis,Passerellidae,6303,Yes,Edge,Lower
2014-04-10,14.0,MP,Junco,hyemalis,Passerellidae,6303,Yes,Edge,Lower
2014-04-10,14.0,MP,Junco,hyemalis,Passerellidae,6303,Yes,Edge,Lower
2014-04-10,14.0,CHI,Passerella,iliaca,Passerellidae,2443,Yes,Edge,Lower
2014-04-10,14.0,MP,Junco,hyemalis,Passerellidae,6303,Yes,Edge,Lower
2014-04-10,14.0,CHI,Passerella,iliaca,Passerellidae,2443,Yes,Edge,Lower
2014-04-10,14.0,MP,Junco,hyemalis,Passerellidae,6303,Yes,Edge,Lower
2014-04-10,14.0,MP,Junco,hyemalis,Passerellidae,6303,Yes,Edge,Lower
2014-04-10,14.0,MP,Junco,hyemalis,Passerellidae,6303,Yes,Edge,Lower
2014-04-10,14.0,MP,Junco,hyemalis,Passerellidae,6303,Yes,Edge,Lower
2014-04-10,14.0,CHI,Junco,hyemalis,Passerellidae,6303,Yes,Edge,Lower
2014-04-10,14.0,CHI,Melospiza,melodia,Passerellidae,5124,Yes,Edge,Lower
2014-04-10,14.0,CHI,Regulus,satrapa,Regulidae,1029,Yes,Forest,Upper
2014-04-10,14.0,MP,Melospiza,melodia,Passerellidae,5124,Yes,Edge,Lower
2014-04-10,14.0,MP,Melospiza,melodia,Passerellidae,5124,Yes,Edge,Lower
2014-04-10,14.0,MP,Melospiza,melodia,Passerellidae,5124,Yes,Edge,Lower
2014-04-10,14.0,MP,Melospiza,melodia,Passerellidae,5124,Yes,Edge,Lower
2014-04-10,14.0,MP,Melospiza,melodia,Passerellidae,5124,Yes,Edge,Lower
2014-04-10,14.0,MP,Melospiza,melodia,Passerellidae,5124,Yes,Edge,Lower
2014-04-10,14.0,MP,Melospiza,melodia,Passerellidae,5124,Yes,Edge,Lower
2014-04-10,14.0,MP,Passerella,iliaca,Passerellidae,2443,Yes,Edge,Lower
2014-04-10,14.0,MP,Passerella,iliaca,Passerellidae,2443,Yes,Edge,Lower
2014-04-10,14.0,MP,Junco,hyemalis,Passerellidae,6303,Yes,Edge,Lower
2014-04-10,14.0,MP,Junco,hyemalis,Passerellidae,6303,Yes,Edge,Lower
2014-04-10,14.0,CHI,Regulus,satrapa,Regulidae,1029,Yes,Forest,Upper
2014-04-10,14.0,MP,Junco,hyemalis,Passerellidae,6303,Yes,Edge,Lower
2014-04-10,14.0,MP,Spizelloides,arborea,Passerellidae,1262,Yes,Edge,Lower
2014-04-10,14.0,MP,Spizelloides,arborea,Passerellidae,1262,Yes,Edge,Lower
2014-04-10,14.0,CHI,Junco,hyemalis,Passerellidae,6303,Yes,Edge,Lower
2014-04-10,14.0,MP,Junco,hyemalis,Passerellidae,6303,Yes,Edge,Lower
2014-04-10,14.0,MP,Junco,hyemalis,Passerellidae,6303,Yes,Edge,Lower
2014-04-10,14.0,MP,Junco,hyemalis,Passerellidae,6303,Yes,Edge,Lower
2014-04-10,14.0,MP,Junco,hyemalis,Passerellidae,6303,Yes,Edge,Lower
2014-04-10,14.0,MP,Junco,hyemalis,Passerellidae,6303,Yes,Edge,Lower
2014-04-10,14.0,MP,Junco,hyemalis,Passerellidae,6303,Yes,Edge,Lower
2014-04-10,14.0,MP,Junco,hyemalis,Passerellidae,6303,Yes,Edge,Lower
2014-04-11,14.0,CHI,Junco,hyemalis,Passerellidae,6303,Yes,Edge,Lower
2014-04-11,14.0,MP,Melospiza,melodia,Passerellidae,5124,Yes,Edge,Lower
2014-04-11,14.0,MP,Catharus,guttatus,Turdidae,3729,Yes,Forest,Lower
2014-04-11,14.0,MP,Junco,hyemalis,Passerellidae,6303,Yes,Edge,Lower
2014-04-11,14.0,MP,Spizelloides,arborea,Passerellidae,1262,Yes,Edge,Lower
2014-04-11,14.0,MP,Junco,hyemalis,Passerellidae,6303,Yes,Edge,Lower
2014-04-12,14.0,CHI,Junco,hyemalis,Passerellidae,6303,Yes,Edge,Lower
2014-04-12,14.0,MP,Passerella,iliaca,Passerellidae,2443,Yes,Edge,Lower
2014-04-12,14.0,CHI,Melospiza,melodia,Passerellidae,5124,Yes,Edge,Lower
2014-04-12,14.0,CHI,Melospiza,melodia,Passerellidae,5124,Yes,Edge,Lower
2014-04-12,14.0,MP,Passerella,iliaca,Passerellidae,2443,Yes,Edge,Lower
2014-04-12,14.0,MP,Mniotilta,varia,Parulidae,620,Yes,Forest,Upper
2014-04-12,14.0,CHI,Junco,hyemalis,Passerellidae,6303,Yes,Edge,Lower
2014-04-12,14.0,CHI,Regulus,satrapa,Regulidae,1029,Yes,Forest,Upper
2014-04-12,14.0,MP,Passerella,iliaca,Passerellidae,2443,Yes,Edge,Lower
2014-04-12,14.0,CHI,Passerella,iliaca,Passerellidae,2443,Yes,Edge,Lower
2014-04-12,14.0,MP,Junco,hyemalis,Passerellidae,6303,Yes,Edge,Lower
2014-04-12,14.0,CHI,Spizella,passerina,Passerellidae,68,Yes,Edge,Lower
2014-04-12,14.0,MP,Catharus,guttatus,Turdidae,3729,Yes,Forest,Lower
2014-04-12,14.0,MP,Catharus,guttatus,Turdidae,3729,Yes,Forest,Lower
2014-04-12,14.0,MP,Catharus,guttatus,Turdidae,3729,Yes,Forest,Lower
2014-04-13,11.0,MP,Melospiza,melodia,Passerellidae,5124,Yes,Edge,Lower
2014-04-13,11.0,MP,Catharus,guttatus,Turdidae,3729,Yes,Forest,Lower
2014-04-13,11.0,CHI,Catharus,guttatus,Turdidae,3729,Yes,Forest,Lower
2014-04-13,11.0,MP,Junco,hyemalis,Passerellidae,6303,Yes,Edge,Lower
2014-04-13,11.0,MP,Junco,hyemalis,Passerellidae,6303,Yes,Edge,Lower
2014-04-13,11.0,CHI,Junco,hyemalis,Passerellidae,6303,Yes,Edge,Lower
2014-04-13,11.0,MP,Catharus,guttatus,Turdidae,3729,Yes,Forest,Lower
2014-04-13,11.0,CHI,Zonotrichia,albicollis,Passerellidae,10133,Yes,Forest,Lower
2014-04-13,11.0,CHI,Melospiza,melodia,Passerellidae,5124,Yes,Edge,Lower
2014-04-13,11.0,MP,Catharus,guttatus,Turdidae,3729,Yes,Forest,Lower
2014-04-13,11.0,CHI,Toxostoma,rufum,Mimidae,166,No,Edge,Lower
2014-04-13,11.0,CHI,Regulus,calendula,Regulidae,416,No,Forest,Upper
2014-04-13,11.0,CHI,Junco,hyemalis,Passerellidae,6303,Yes,Edge,Lower
2014-04-13,11.0,MP,Junco,hyemalis,Passerellidae,6303,Yes,Edge,Lower
2014-04-13,11.0,MP,Catharus,guttatus,Turdidae,3729,Yes,Forest,Lower
2014-04-13,11.0,MP,Catharus,guttatus,Turdidae,3729,Yes,Forest,Lower
2014-04-13,11.0,MP,Catharus,guttatus,Turdidae,3729,Yes,Forest,Lower
2014-04-13,11.0,MP,Melospiza,melodia,Passerellidae,5124,Yes,Edge,Lower
2014-04-13,11.0,MP,Spizella,pusilla,Passerellidae,325,Yes,Open,Lower
2014-04-13,11.0,MP,Passerella,iliaca,Passerellidae,2443,Yes,Edge,Lower
2014-04-13,11.0,MP,Melospiza,melodia,Passerellidae,5124,Yes,Edge,Lower
2014-04-13,11.0,MP,Catharus,guttatus,Turdidae,3729,Yes,Forest,Lower
2014-04-13,11.0,CHI,Junco,hyemalis,Passerellidae,6303,Yes,Edge,Lower
2014-04-13,11.0,CHI,Zonotrichia,albicollis,Passerellidae,10133,Yes,Forest,Lower
2014-04-13,11.0,MP,Setophaga,coronata,Parulidae,887,yes,forest,Upper
2014-04-13,11.0,MP,Spizella,pusilla,Passerellidae,325,Yes,Open,Lower
2014-04-14,4.0,CHI,Junco,hyemalis,Passerellidae,6303,Yes,Edge,Lower
2014-04-14,4.0,CHI,Regulus,calendula,Regulidae,416,No,Forest,Upper
2014-04-14,4.0,CHI,Catharus,guttatus,Turdidae,3729,Yes,Forest,Lower
2014-04-14,4.0,CHI,Regulus,satrapa,Regulidae,1029,Yes,Forest,Upper
2014-04-14,4.0,CHI,Regulus,satrapa,Regulidae,1029,Yes,Forest,Upper
2014-04-14,4.0,CHI,Melospiza,melodia,Passerellidae,5124,Yes,Edge,Lower
2014-04-14,4.0,CHI,Setophaga,coronata,Parulidae,887,yes,forest,Upper
2014-04-15,4.0,CHI,Passerella,iliaca,Passerellidae,2443,Yes,Edge,Lower
2014-04-15,4.0,CHI,Catharus,guttatus,Turdidae,3729,Yes,Forest,Lower
2014-04-15,4.0,CHI,Catharus,guttatus,Turdidae,3729,Yes,Forest,Lower
2014-04-16,4.0,CHI,Regulus,satrapa,Regulidae,1029,Yes,Forest,Upper
2014-04-17,4.0,CHI,Catharus,guttatus,Turdidae,3729,Yes,Forest,Lower
2014-04-17,4.0,CHI,Junco,hyemalis,Passerellidae,6303,Yes,Edge,Lower
2014-04-17,4.0,MP,Catharus,guttatus,Turdidae,3729,Yes,Forest,Lower
2014-04-17,4.0,CHI,Regulus,calendula,Regulidae,416,No,Forest,Upper
2014-04-17,4.0,CHI,Catharus,guttatus,Turdidae,3729,Yes,Forest,Lower
2014-04-18,4.0,CHI,Regulus,calendula,Regulidae,416,No,Forest,Upper
2014-04-18,4.0,CHI,Catharus,guttatus,Turdidae,3729,Yes,Forest,Lower
2014-04-18,4.0,CHI,Catharus,guttatus,Turdidae,3729,Yes,Forest,Lower
2014-04-18,4.0,CHI,Catharus,guttatus,Turdidae,3729,Yes,Forest,Lower
2014-04-19,4.0,CHI,Catharus,guttatus,Turdidae,3729,Yes,Forest,Lower
2014-04-19,4.0,CHI,Pipilo,erythrophthalmus,Passerellidae,82,Rare,Edge,Lower
2014-04-20,4.0,CHI,Toxostoma,rufum,Mimidae,166,No,Edge,Lower
2014-04-20,4.0,CHI,Toxostoma,rufum,Mimidae,166,No,Edge,Lower
2014-04-20,4.0,CHI,Parkesia,noveboracensis,Parulidae,916,Yes,Forest,Lower
2014-04-20,4.0,CHI,Toxostoma,rufum,Mimidae,166,No,Edge,Lower
2014-04-20,4.0,CHI,Catharus,guttatus,Turdidae,3729,Yes,Forest,Lower
2014-04-20,4.0,CHI,Catharus,guttatus,Turdidae,3729,Yes,Forest,Lower
2014-04-20,4.0,CHI,Spizella,passerina,Passerellidae,68,Yes,Edge,Lower
2014-04-21,4.0,CHI,Setophaga,pinus,Parulidae,49,Yes,Forest,Upper
2014-04-21,4.0,CHI,Catharus,guttatus,Turdidae,3729,Yes,Forest,Lower
2014-04-21,4.0,CHI,Junco,hyemalis,Passerellidae,6303,Yes,Edge,Lower
2014-04-21,4.0,CHI,Regulus,calendula,Regulidae,416,No,Forest,Upper
2014-04-21,4.0,CHI,Zonotrichia,albicollis,Passerellidae,10133,Yes,Forest,Lower
2014-04-21,4.0,CHI,Regulus,calendula,Regulidae,416,No,Forest,Upper
2014-04-21,4.0,CHI,Zonotrichia,albicollis,Passerellidae,10133,Yes,Forest,Lower
2014-04-22,17.0,CHI,Zonotrichia,albicollis,Passerellidae,10133,Yes,Forest,Lower
2014-04-22,17.0,CHI,Catharus,guttatus,Turdidae,3729,Yes,Forest,Lower
2014-04-22,17.0,CHI,Catharus,guttatus,Turdidae,3729,Yes,Forest,Lower
2014-04-22,17.0,MP,Zonotrichia,albicollis,Passerellidae,10133,Yes,Forest,Lower
2014-04-22,17.0,CHI,Catharus,guttatus,Turdidae,3729,Yes,Forest,Lower
2014-04-22,17.0,CHI,Junco,hyemalis,Passerellidae,6303,Yes,Edge,Lower
2014-04-22,17.0,CHI,Zonotrichia,albicollis,Passerellidae,10133,Yes,Forest,Lower
2014-04-23,17.0,CHI,Zonotrichia,albicollis,Passerellidae,10133,Yes,Forest,Lower
2014-04-24,17.0,CHI,Zonotrichia,albicollis,Passerellidae,10133,Yes,Forest,Lower
2014-04-24,17.0,CHI,Junco,hyemalis,Passerellidae,6303,Yes,Edge,Lower
2014-04-24,17.0,CHI,Zonotrichia,albicollis,Passerellidae,10133,Yes,Forest,Lower
2014-04-24,17.0,CHI,Catharus,guttatus,Turdidae,3729,Yes,Forest,Lower
2014-04-24,17.0,CHI,Zonotrichia,albicollis,Passerellidae,10133,Yes,Forest,Lower
2014-04-24,17.0,MP,Catharus,guttatus,Turdidae,3729,Yes,Forest,Lower
2014-04-24,17.0,CHI,Catharus,guttatus,Turdidae,3729,Yes,Forest,Lower
2014-04-24,17.0,CHI,Catharus,guttatus,Turdidae,3729,Yes,Forest,Lower
2014-04-24,17.0,CHI,Catharus,guttatus,Turdidae,3729,Yes,Forest,Lower
2014-04-24,17.0,CHI,Junco,hyemalis,Passerellidae,6303,Yes,Edge,Lower
2014-04-25,14.0,CHI,Catharus,guttatus,Turdidae,3729,Yes,Forest,Lower
2014-04-25,14.0,CHI,Junco,hyemalis,Passerellidae,6303,Yes,Edge,Lower
2014-04-25,14.0,CHI,Toxostoma,rufum,Mimidae,166,No,Edge,Lower
2014-04-25,14.0,CHI,Catharus,guttatus,Turdidae,3729,Yes,Forest,Lower
2014-04-25,14.0,CHI,Zonotrichia,albicollis,Passerellidae,10133,Yes,Forest,Lower
2014-04-25,14.0,MP,Zonotrichia,albicollis,Passerellidae,10133,Yes,Forest,Lower
2014-04-25,14.0,CHI,Zonotrichia,albicollis,Passerellidae,10133,Yes,Forest,Lower
2014-04-25,14.0,CHI,Catharus,guttatus,Turdidae,3729,Yes,Forest,Lower
2014-04-25,14.0,CHI,Zonotrichia,albicollis,Passerellidae,10133,Yes,Forest,Lower
2014-04-25,14.0,MP,Catharus,guttatus,Turdidae,3729,Yes,Forest,Lower
2014-04-25,14.0,CHI,Catharus,guttatus,Turdidae,3729,Yes,Forest,Lower
2014-04-25,14.0,CHI,Spizelloides,arborea,Passerellidae,1262,Yes,Edge,Lower
2014-04-25,14.0,CHI,Zonotrichia,albicollis,Passerellidae,10133,Yes,Forest,Lower
2014-04-25,14.0,CHI,Catharus,guttatus,Turdidae,3729,Yes,Forest,Lower
2014-04-26,4.0,CHI,Catharus,guttatus,Turdidae,3729,Yes,Forest,Lower
2014-04-26,4.0,CHI,Zonotrichia,albicollis,Passerellidae,10133,Yes,Forest,Lower
2014-04-26,4.0,CHI,Catharus,guttatus,Turdidae,3729,Yes,Forest,Lower
2014-04-26,4.0,CHI,Myiarchus,crinitus,Tyrannidae,28,No,Edge,Upper
2014-04-26,4.0,CHI,Zonotrichia,albicollis,Passerellidae,10133,Yes,Forest,Lower
2014-04-26,4.0,CHI,Parkesia,noveboracensis,Parulidae,916,Yes,Forest,Lower
2014-04-26,4.0,CHI,Catharus,guttatus,Turdidae,3729,Yes,Forest,Lower
2014-04-26,4.0,CHI,Spizella,passerina,Passerellidae,68,Yes,Edge,Lower
2014-04-26,4.0,CHI,Catharus,guttatus,Turdidae,3729,Yes,Forest,Lower
2014-04-26,4.0,CHI,Troglodytes,aedon,Troglodytidae,104,No,Edge,Lower
2014-04-26,4.0,CHI,Zonotrichia,albicollis,Passerellidae,10133,Yes,Forest,Lower
2014-04-26,4.0,MP,Spizella,pusilla,Passerellidae,325,Yes,Open,Lower
2014-04-27,4.0,CHI,Zonotrichia,albicollis,Passerellidae,10133,Yes,Forest,Lower
2014-04-27,4.0,CHI,Zonotrichia,albicollis,Passerellidae,10133,Yes,Forest,Lower
2014-04-27,4.0,CHI,Zonotrichia,albicollis,Passerellidae,10133,Yes,Forest,Lower
2014-04-27,4.0,CHI,Zonotrichia,albicollis,Passerellidae,10133,Yes,Forest,Lower
2014-04-27,4.0,CHI,Zonotrichia,albicollis,Passerellidae,10133,Yes,Forest,Lower
2014-04-27,4.0,CHI,Zonotrichia,albicollis,Passerellidae,10133,Yes,Forest,Lower
2014-04-27,4.0,CHI,Hylocichla,mustelina,Turdidae,500,Yes,Forest,Lower
2014-04-27,4.0,CHI,Catharus,guttatus,Turdidae,3729,Yes,Forest,Lower
2014-04-27,4.0,CHI,Zonotrichia,albicollis,Passerellidae,10133,Yes,Forest,Lower
2014-04-27,4.0,CHI,Regulus,calendula,Regulidae,416,No,Forest,Upper
2014-04-27,4.0,CHI,Catharus,guttatus,Turdidae,3729,Yes,Forest,Lower
2014-04-27,4.0,CHI,Zonotrichia,albicollis,Passerellidae,10133,Yes,Forest,Lower
2014-04-27,4.0,CHI,Catharus,guttatus,Turdidae,3729,Yes,Forest,Lower
2014-04-28,4.0,CHI,Zonotrichia,albicollis,Passerellidae,10133,Yes,Forest,Lower
2014-04-28,4.0,CHI,Zonotrichia,albicollis,Passerellidae,10133,Yes,Forest,Lower
2014-04-28,4.0,CHI,Catharus,guttatus,Turdidae,3729,Yes,Forest,Lower
2014-04-28,4.0,CHI,Zonotrichia,albicollis,Passerellidae,10133,Yes,Forest,Lower
2014-04-28,4.0,CHI,Zonotrichia,albicollis,Passerellidae,10133,Yes,Forest,Lower
2014-04-28,4.0,CHI,Toxostoma,rufum,Mimidae,166,No,Edge,Lower
2014-04-29,4.0,CHI,Zonotrichia,albicollis,Passerellidae,10133,Yes,Forest,Lower
2014-04-29,4.0,CHI,Zonotrichia,albicollis,Passerellidae,10133,Yes,Forest,Lower
2014-04-29,4.0,CHI,Zonotrichia,albicollis,Passerellidae,10133,Yes,Forest,Lower
2014-04-29,4.0,CHI,Zonotrichia,albicollis,Passerellidae,10133,Yes,Forest,Lower
2014-04-29,4.0,CHI,Zonotrichia,albicollis,Passerellidae,10133,Yes,Forest,Lower
2014-04-29,4.0,CHI,Zonotrichia,albicollis,Passerellidae,10133,Yes,Forest,Lower
2014-04-29,4.0,CHI,Zonotrichia,albicollis,Passerellidae,10133,Yes,Forest,Lower
2014-04-29,4.0,CHI,Hylocichla,mustelina,Turdidae,500,Yes,Forest,Lower
2014-04-29,4.0,CHI,Zonotrichia,albicollis,Passerellidae,10133,Yes,Forest,Lower
2014-04-29,4.0,CHI,Catharus,guttatus,Turdidae,3729,Yes,Forest,Lower
2014-04-30,4.0,CHI,Seiurus,aurocapilla,Parulidae,4580,Yes,Forest,Lower
2014-04-30,4.0,CHI,Catharus,guttatus,Turdidae,3729,Yes,Forest,Lower
2014-04-30,4.0,CHI,Parkesia,noveboracensis,Parulidae,916,Yes,Forest,Lower
2014-04-30,4.0,CHI,Mniotilta,varia,Parulidae,620,Yes,Forest,Upper
2014-04-30,4.0,CHI,Zonotrichia,albicollis,Passerellidae,10133,Yes,Forest,Lower
2014-04-30,4.0,CHI,Zonotrichia,albicollis,Passerellidae,10133,Yes,Forest,Lower
2014-04-30,4.0,CHI,Mniotilta,varia,Parulidae,620,Yes,Forest,Upper
2014-04-30,4.0,CHI,Zonotrichia,albicollis,Passerellidae,10133,Yes,Forest,Lower
2014-04-30,4.0,MP,Zonotrichia,albicollis,Passerellidae,10133,Yes,Forest,Lower
2014-04-30,4.0,CHI,Setophaga,fusca,Parulidae,201,Yes,Forest,Upper
2014-04-30,4.0,CHI,Zonotrichia,albicollis,Passerellidae,10133,Yes,Forest,Lower
2014-04-30,4.0,CHI,Catharus,guttatus,Turdidae,3729,Yes,Forest,Lower
2014-04-30,4.0,MP,Melospiza,melodia,Passerellidae,5124,Yes,Edge,Lower
2014-04-30,4.0,CHI,Hylocichla,mustelina,Turdidae,500,Yes,Forest,Lower
2014-04-30,4.0,MP,cistothorus,palustris,Troglodytidae,91,No,Open,Lower
2014-04-30,4.0,CHI,Zonotrichia,albicollis,Passerellidae,10133,Yes,Forest,Lower
2014-04-30,4.0,CHI,Zonotrichia,albicollis,Passerellidae,10133,Yes,Forest,Lower
2014-04-30,4.0,MP,Catharus,guttatus,Turdidae,3729,Yes,Forest,Lower
2014-04-30,4.0,CHI,Zonotrichia,albicollis,Passerellidae,10133,Yes,Forest,Lower
2014-04-30,4.0,CHI,Zonotrichia,albicollis,Passerellidae,10133,Yes,Forest,Lower
2014-05-01,4.0,CHI,Geothlypis,trichas,Parulidae,1555,Yes,Open,Lower
2014-05-01,4.0,CHI,Zonotrichia,albicollis,Passerellidae,10133,Yes,Forest,Lower
2014-05-01,4.0,CHI,Catharus,guttatus,Turdidae,3729,Yes,Forest,Lower
2014-05-01,4.0,CHI,Seiurus,aurocapilla,Parulidae,4580,Yes,Forest,Lower
2014-05-01,4.0,CHI,Zonotrichia,leucophrys,Passerellidae,1090,Yes,Edge,Lower
2014-05-01,4.0,MP,troglodytes,hiemalis,Troglodytidae,474,No,Forest,Lower
2014-05-01,4.0,CHI,Hylocichla,mustelina,Turdidae,500,Yes,Forest,Lower
2014-05-01,4.0,CHI,Seiurus,aurocapilla,Parulidae,4580,Yes,Forest,Lower
2014-05-01,4.0,MP,Oreothlypis,ruficapilla,Parulidae,1690,Yes,Forest,Upper
2014-05-02,4.0,MP,Junco,hyemalis,Passerellidae,6303,Yes,Edge,Lower
2014-05-02,4.0,CHI,Zonotrichia,albicollis,Passerellidae,10133,Yes,Forest,Lower
2014-05-02,4.0,CHI,Mniotilta,varia,Parulidae,620,Yes,Forest,Upper
2014-05-03,6.0,CHI,Catharus,guttatus,Turdidae,3729,Yes,Forest,Lower
2014-05-03,6.0,CHI,Catharus,guttatus,Turdidae,3729,Yes,Forest,Lower
2014-05-03,6.0,CHI,Setophaga,virens,Parulidae,223,Yes,Forest,Upper
2014-05-03,6.0,MP,Catharus,guttatus,Turdidae,3729,Yes,Forest,Lower
2014-05-03,6.0,CHI,Setophaga,fusca,Parulidae,201,Yes,Forest,Upper
2014-05-03,6.0,CHI,Mniotilta,varia,Parulidae,620,Yes,Forest,Upper
2014-05-03,6.0,MP,Toxostoma,rufum,Mimidae,166,No,Edge,Lower
2014-05-03,6.0,CHI,Mniotilta,varia,Parulidae,620,Yes,Forest,Upper
2014-05-03,6.0,CHI,Zonotrichia,albicollis,Passerellidae,10133,Yes,Forest,Lower
2014-05-03,6.0,CHI,Seiurus,aurocapilla,Parulidae,4580,Yes,Forest,Lower
2014-05-03,6.0,CHI,Oreothlypis,ruficapilla,Parulidae,1690,Yes,Forest,Upper
2014-05-03,6.0,CHI,Pheucticus,ludovicianus,Cardinalidae,397,Yes,Forest,Upper
2014-05-03,6.0,CHI,Zonotrichia,albicollis,Passerellidae,10133,Yes,Forest,Lower
2014-05-03,6.0,CHI,Seiurus,aurocapilla,Parulidae,4580,Yes,Forest,Lower
2014-05-03,6.0,CHI,Seiurus,aurocapilla,Parulidae,4580,Yes,Forest,Lower
2014-05-03,6.0,CHI,Seiurus,aurocapilla,Parulidae,4580,Yes,Forest,Lower
2014-05-03,6.0,CHI,Seiurus,aurocapilla,Parulidae,4580,Yes,Forest,Lower
2014-05-03,6.0,CHI,Parkesia,noveboracensis,Parulidae,916,Yes,Forest,Lower
2014-05-04,4.0,MP,Toxostoma,rufum,Mimidae,166,No,Edge,Lower
2014-05-04,4.0,CHI,Seiurus,aurocapilla,Parulidae,4580,Yes,Forest,Lower
2014-05-04,4.0,CHI,Catharus,guttatus,Turdidae,3729,Yes,Forest,Lower
2014-05-04,4.0,CHI,Seiurus,aurocapilla,Parulidae,4580,Yes,Forest,Lower
2014-05-04,4.0,CHI,Seiurus,aurocapilla,Parulidae,4580,Yes,Forest,Lower
2014-05-04,4.0,CHI,Catharus,guttatus,Turdidae,3729,Yes,Forest,Lower
2014-05-04,4.0,CHI,Pipilo,erythrophthalmus,Passerellidae,82,Rare,Edge,Lower
2014-05-04,4.0,CHI,Mniotilta,varia,Parulidae,620,Yes,Forest,Upper
2014-05-04,4.0,CHI,Zonotrichia,albicollis,Passerellidae,10133,Yes,Forest,Lower
2014-05-04,4.0,CHI,Zonotrichia,albicollis,Passerellidae,10133,Yes,Forest,Lower
2014-05-04,4.0,CHI,Zonotrichia,albicollis,Passerellidae,10133,Yes,Forest,Lower
2014-05-04,4.0,CHI,Hylocichla,mustelina,Turdidae,500,Yes,Forest,Lower
2014-05-04,4.0,CHI,Passerina,cyanea,Cardinalidae,725,yes,edge,Upper
2014-05-05,6.0,CHI,Zonotrichia,albicollis,Passerellidae,10133,Yes,Forest,Lower
2014-05-05,6.0,CHI,Zonotrichia,albicollis,Passerellidae,10133,Yes,Forest,Lower
2014-05-05,6.0,CHI,Zonotrichia,albicollis,Passerellidae,10133,Yes,Forest,Lower
2014-05-05,6.0,CHI,Zonotrichia,albicollis,Passerellidae,10133,Yes,Forest,Lower
2014-05-05,6.0,CHI,Seiurus,aurocapilla,Parulidae,4580,Yes,Forest,Lower
2014-05-05,6.0,CHI,Zonotrichia,albicollis,Passerellidae,10133,Yes,Forest,Lower
2014-05-05,6.0,CHI,Seiurus,aurocapilla,Parulidae,4580,Yes,Forest,Lower
2014-05-05,6.0,CHI,Seiurus,aurocapilla,Parulidae,4580,Yes,Forest,Lower
2014-05-05,6.0,CHI,Mniotilta,varia,Parulidae,620,Yes,Forest,Upper
2014-05-05,6.0,CHI,Catharus,guttatus,Turdidae,3729,Yes,Forest,Lower
2014-05-05,6.0,CHI,Zonotrichia,albicollis,Passerellidae,10133,Yes,Forest,Lower
2014-05-05,6.0,CHI,Catharus,guttatus,Turdidae,3729,Yes,Forest,Lower
2014-05-05,6.0,CHI,Catharus,guttatus,Turdidae,3729,Yes,Forest,Lower
2014-05-05,6.0,CHI,Mniotilta,varia,Parulidae,620,Yes,Forest,Upper
2014-05-05,6.0,CHI,Zonotrichia,albicollis,Passerellidae,10133,Yes,Forest,Lower
2014-05-05,6.0,CHI,Hylocichla,mustelina,Turdidae,500,Yes,Forest,Lower
2014-05-05,6.0,CHI,Zonotrichia,albicollis,Passerellidae,10133,Yes,Forest,Lower
2014-05-05,6.0,CHI,Oreothlypis,ruficapilla,Parulidae,1690,Yes,Forest,Upper
2014-05-05,6.0,CHI,Setophaga,magnolia,Parulidae,1224,yes,forest,Upper
2014-05-08,4.0,MP,Parkesia,noveboracensis,Parulidae,916,Yes,Forest,Lower
2014-05-08,4.0,CHI,Zonotrichia,albicollis,Passerellidae,10133,Yes,Forest,Lower
2014-05-08,4.0,CHI,Zonotrichia,albicollis,Passerellidae,10133,Yes,Forest,Lower
2014-05-08,4.0,CHI,Zonotrichia,albicollis,Passerellidae,10133,Yes,Forest,Lower
2014-05-08,4.0,CHI,Troglodytes,aedon,Troglodytidae,104,No,Edge,Lower
2014-05-08,4.0,CHI,Pheucticus,ludovicianus,Cardinalidae,397,Yes,Forest,Upper
2014-05-08,4.0,CHI,Parkesia,noveboracensis,Parulidae,916,Yes,Forest,Lower
2014-05-08,4.0,CHI,Pheucticus,ludovicianus,Cardinalidae,397,Yes,Forest,Upper
2014-05-08,4.0,CHI,Zonotrichia,albicollis,Passerellidae,10133,Yes,Forest,Lower
2014-05-08,4.0,CHI,Parkesia,noveboracensis,Parulidae,916,Yes,Forest,Lower
2014-05-08,4.0,CHI,Geothlypis,trichas,Parulidae,1555,Yes,Open,Lower
2014-05-08,4.0,CHI,Geothlypis,trichas,Parulidae,1555,Yes,Open,Lower
2014-05-08,4.0,CHI,Zonotrichia,albicollis,Passerellidae,10133,Yes,Forest,Lower
2014-05-08,4.0,CHI,Pheucticus,ludovicianus,Cardinalidae,397,Yes,Forest,Upper
2014-05-08,4.0,CHI,Pheucticus,ludovicianus,Cardinalidae,397,Yes,Forest,Upper
2014-05-08,4.0,CHI,Pheucticus,ludovicianus,Cardinalidae,397,Yes,Forest,Upper
2014-05-08,4.0,CHI,Zonotrichia,albicollis,Passerellidae,10133,Yes,Forest,Lower
2014-05-08,4.0,CHI,Zonotrichia,albicollis,Passerellidae,10133,Yes,Forest,Lower
2014-05-08,4.0,CHI,Zonotrichia,albicollis,Passerellidae,10133,Yes,Forest,Lower
2014-05-08,4.0,CHI,Seiurus,aurocapilla,Parulidae,4580,Yes,Forest,Lower
2014-05-08,4.0,CHI,Seiurus,aurocapilla,Parulidae,4580,Yes,Forest,Lower
2014-05-08,4.0,CHI,Seiurus,aurocapilla,Parulidae,4580,Yes,Forest,Lower
2014-05-08,4.0,CHI,Catharus,fuscescens,Turdidae,727,Yes,Forest,Lower
2014-05-08,4.0,CHI,Seiurus,aurocapilla,Parulidae,4580,Yes,Forest,Lower
2014-05-08,4.0,MP,Oreothlypis,ruficapilla,Parulidae,1690,Yes,Forest,Upper
2014-05-08,4.0,CHI,Oreothlypis,ruficapilla,Parulidae,1690,Yes,Forest,Upper
2014-05-08,4.0,CHI,Icterus,galbula,Icteridae,83,Yes,Edge,Upper
2014-05-08,4.0,CHI,Seiurus,aurocapilla,Parulidae,4580,Yes,Forest,Lower
2014-05-08,4.0,CHI,Mniotilta,varia,Parulidae,620,Yes,Forest,Upper
2014-05-08,4.0,CHI,Piranga,olivacea,Cardinalidae,127,Yes,Forest,Upper
2014-05-08,4.0,CHI,Icterus,galbula,Icteridae,83,Yes,Edge,Upper
2014-05-08,4.0,CHI,Setophaga,pensylvanica,Parulidae,303,Yes,Edge,Upper
2014-05-08,4.0,CHI,Hylocichla,mustelina,Turdidae,500,Yes,Forest,Lower
2014-05-08,4.0,CHI,Hylocichla,mustelina,Turdidae,500,Yes,Forest,Lower
2014-05-08,4.0,CHI,Hylocichla,mustelina,Turdidae,500,Yes,Forest,Lower
2014-05-08,4.0,CHI,Setophaga,pensylvanica,Parulidae,303,Yes,Edge,Upper
2014-05-08,4.0,CHI,Seiurus,aurocapilla,Parulidae,4580,Yes,Forest,Lower
2014-05-08,4.0,CHI,Catharus,fuscescens,Turdidae,727,Yes,Forest,Lower
2014-05-08,4.0,CHI,Seiurus,aurocapilla,Parulidae,4580,Yes,Forest,Lower
2014-05-08,4.0,CHI,dumetella,carolinensis,Mimidae,599,no,edge,Lower
2014-05-08,4.0,MP,dumetella,carolinensis,Mimidae,599,no,edge,Lower
2014-05-08,4.0,CHI,Setophaga,magnolia,Parulidae,1224,yes,forest,Upper
2014-05-08,4.0,CHI,Seiurus,aurocapilla,Parulidae,4580,Yes,Forest,Lower
2014-05-08,4.0,CHI,Seiurus,aurocapilla,Parulidae,4580,Yes,Forest,Lower
2014-05-08,4.0,CHI,Melospiza,lincolnii,Passerellidae,2029,yes,edge,Lower
2014-05-08,4.0,MP,Melospiza,lincolnii,Passerellidae,2029,yes,edge,Lower
2014-05-08,4.0,CHI,Melospiza,lincolnii,Passerellidae,2029,yes,edge,Lower
2014-05-08,4.0,CHI,dumetella,carolinensis,Mimidae,599,no,edge,Lower
2014-05-08,4.0,CHI,dumetella,carolinensis,Mimidae,599,no,edge,Lower
2014-05-08,4.0,CHI,Seiurus,aurocapilla,Parulidae,4580,Yes,Forest,Lower
2014-05-08,4.0,CHI,Seiurus,aurocapilla,Parulidae,4580,Yes,Forest,Lower
2014-05-08,4.0,CHI,Seiurus,aurocapilla,Parulidae,4580,Yes,Forest,Lower
2014-05-08,4.0,CHI,Zonotrichia,leucophrys,Passerellidae,1090,Yes,Edge,Lower
2014-05-08,4.0,CHI,Zonotrichia,leucophrys,Passerellidae,1090,Yes,Edge,Lower
2014-05-08,4.0,MP,Melospiza,lincolnii,Passerellidae,2029,yes,edge,Lower
2014-05-09,4.0,CHI,Seiurus,aurocapilla,Parulidae,4580,Yes,Forest,Lower
2014-05-09,4.0,CHI,Hylocichla,mustelina,Turdidae,500,Yes,Forest,Lower
2014-05-09,4.0,MP,Seiurus,aurocapilla,Parulidae,4580,Yes,Forest,Lower
2014-05-09,4.0,MP,Seiurus,aurocapilla,Parulidae,4580,Yes,Forest,Lower
2014-05-09,4.0,CHI,Seiurus,aurocapilla,Parulidae,4580,Yes,Forest,Lower
2014-05-09,4.0,CHI,Empidonax,minimus,Tyrannidae,96,No,Edge,Upper
2014-05-09,4.0,CHI,Seiurus,aurocapilla,Parulidae,4580,Yes,Forest,Lower
2014-05-09,4.0,CHI,Seiurus,aurocapilla,Parulidae,4580,Yes,Forest,Lower
2014-05-09,4.0,CHI,Seiurus,aurocapilla,Parulidae,4580,Yes,Forest,Lower
2014-05-09,4.0,CHI,Seiurus,aurocapilla,Parulidae,4580,Yes,Forest,Lower
2014-05-09,4.0,CHI,Seiurus,aurocapilla,Parulidae,4580,Yes,Forest,Lower
2014-05-09,4.0,MP,Catharus,fuscescens,Turdidae,727,Yes,Forest,Lower
2014-05-09,4.0,MP,Catharus,fuscescens,Turdidae,727,Yes,Forest,Lower
2014-05-09,4.0,CHI,Parkesia,noveboracensis,Parulidae,916,Yes,Forest,Lower
2014-05-09,4.0,CHI,Setophaga,pensylvanica,Parulidae,303,Yes,Edge,Upper
2014-05-09,4.0,CHI,Setophaga,pensylvanica,Parulidae,303,Yes,Edge,Upper
2014-05-09,4.0,CHI,Seiurus,aurocapilla,Parulidae,4580,Yes,Forest,Lower
2014-05-09,4.0,MP,Melospiza,lincolnii,Passerellidae,2029,yes,edge,Lower
2014-05-09,4.0,MP,Seiurus,aurocapilla,Parulidae,4580,Yes,Forest,Lower
2014-05-09,4.0,MP,Hylocichla,mustelina,Turdidae,500,Yes,Forest,Lower
2014-05-09,4.0,CHI,Geothlypis,trichas,Parulidae,1555,Yes,Open,Lower
2014-05-09,4.0,MP,Geothlypis,trichas,Parulidae,1555,Yes,Open,Lower
2014-05-09,4.0,MP,Geothlypis,trichas,Parulidae,1555,Yes,Open,Lower
2014-05-09,4.0,CHI,Geothlypis,trichas,Parulidae,1555,Yes,Open,Lower
2014-05-09,4.0,MP,dumetella,carolinensis,Mimidae,599,no,edge,Lower
2014-05-09,4.0,CHI,Seiurus,aurocapilla,Parulidae,4580,Yes,Forest,Lower
2014-05-09,4.0,CHI,Setophaga,palmarum,Parulidae,694,Yes,Edge,Lower
2014-05-09,4.0,CHI,Seiurus,aurocapilla,Parulidae,4580,Yes,Forest,Lower
2014-05-09,4.0,CHI,Seiurus,aurocapilla,Parulidae,4580,Yes,Forest,Lower
2014-05-09,4.0,CHI,Cardellina,canadensis,Parulidae,241,Yes,Forest,Lower
2014-05-09,4.0,CHI,Hylocichla,mustelina,Turdidae,500,Yes,Forest,Lower
2014-05-09,4.0,CHI,Oreothlypis,peregrina,Parulidae,2515,Yes,Edge,Upper
2014-05-09,4.0,CHI,Zonotrichia,albicollis,Passerellidae,10133,Yes,Forest,Lower
2014-05-09,4.0,CHI,Zonotrichia,albicollis,Passerellidae,10133,Yes,Forest,Lower
2014-05-09,4.0,CHI,Zonotrichia,albicollis,Passerellidae,10133,Yes,Forest,Lower
2014-05-09,4.0,MP,Seiurus,aurocapilla,Parulidae,4580,Yes,Forest,Lower
2014-05-09,4.0,CHI,Toxostoma,rufum,Mimidae,166,No,Edge,Lower
2014-05-09,4.0,CHI,Cistothorus,platensis,Troglodytidae,60,no,open,Lower
2014-05-09,4.0,CHI,Hylocichla,mustelina,Turdidae,500,Yes,Forest,Lower
2014-05-09,4.0,CHI,Passerina,cyanea,Cardinalidae,725,yes,edge,Upper
2014-05-09,4.0,CHI,Hylocichla,mustelina,Turdidae,500,Yes,Forest,Lower
2014-05-09,4.0,CHI,Zonotrichia,albicollis,Passerellidae,10133,Yes,Forest,Lower
2014-05-10,4.0,CHI,Passerina,cyanea,Cardinalidae,725,yes,edge,Upper
2014-05-10,4.0,MP,Geothlypis,trichas,Parulidae,1555,Yes,Open,Lower
2014-05-10,4.0,CHI,Seiurus,aurocapilla,Parulidae,4580,Yes,Forest,Lower
2014-05-10,4.0,CHI,Seiurus,aurocapilla,Parulidae,4580,Yes,Forest,Lower
2014-05-10,4.0,CHI,Toxostoma,rufum,Mimidae,166,No,Edge,Lower
2014-05-10,4.0,MP,Zonotrichia,albicollis,Passerellidae,10133,Yes,Forest,Lower
2014-05-10,4.0,CHI,Icterus,spurius,Icteridae,6,Yes,Edge,Upper
2014-05-10,4.0,CHI,Regulus,satrapa,Regulidae,1029,Yes,Forest,Upper
2014-05-10,4.0,CHI,Zonotrichia,leucophrys,Passerellidae,1090,Yes,Edge,Lower
2014-05-10,4.0,CHI,Setophaga,pensylvanica,Parulidae,303,Yes,Edge,Upper
2014-05-10,4.0,MP,Toxostoma,rufum,Mimidae,166,No,Edge,Lower
2014-05-10,4.0,CHI,Pheucticus,ludovicianus,Cardinalidae,397,Yes,Forest,Upper
2014-05-10,4.0,MP,Catharus,fuscescens,Turdidae,727,Yes,Forest,Lower
2014-05-10,4.0,CHI,Zonotrichia,albicollis,Passerellidae,10133,Yes,Forest,Lower
2014-05-10,4.0,CHI,Seiurus,aurocapilla,Parulidae,4580,Yes,Forest,Lower
2014-05-10,4.0,CHI,Seiurus,aurocapilla,Parulidae,4580,Yes,Forest,Lower
2014-05-10,4.0,CHI,Mniotilta,varia,Parulidae,620,Yes,Forest,Upper
2014-05-10,4.0,MP,Oreothlypis,ruficapilla,Parulidae,1690,Yes,Forest,Upper
2014-05-10,4.0,MP,Oreothlypis,ruficapilla,Parulidae,1690,Yes,Forest,Upper
2014-05-12,4.0,MP,dumetella,carolinensis,Mimidae,599,no,edge,Lower
2014-05-12,4.0,CHI,Passerina,cyanea,Cardinalidae,725,yes,edge,Upper
2014-05-12,4.0,CHI,Passerina,cyanea,Cardinalidae,725,yes,edge,Upper
2014-05-12,4.0,CHI,Melospiza,lincolnii,Passerellidae,2029,yes,edge,Lower
2014-05-12,4.0,MP,Melospiza,lincolnii,Passerellidae,2029,yes,edge,Lower
2014-05-12,4.0,MP,catharus,ustulatus,Turdidae,2331,Yes,Forest,Lower
2014-05-12,4.0,CHI,Zonotrichia,albicollis,Passerellidae,10133,Yes,Forest,Lower
2014-05-12,4.0,CHI,Cardellina,canadensis,Parulidae,241,Yes,Forest,Lower
2014-05-12,4.0,CHI,Geothlypis,trichas,Parulidae,1555,Yes,Open,Lower
2014-05-12,4.0,MP,dumetella,carolinensis,Mimidae,599,no,edge,Lower
2014-05-12,4.0,CHI,setophaga,ruticilla,Parulidae,868,Yes,Edge,Upper
2014-05-12,4.0,MP,Geothlypis,trichas,Parulidae,1555,Yes,Open,Lower
2014-05-12,4.0,CHI,Vermivora,chrysoptera,Parulidae,53,Yes,Edge,Upper
2014-05-12,4.0,CHI,Oreothlypis,peregrina,Parulidae,2515,Yes,Edge,Upper
2014-05-12,4.0,CHI,Mniotilta,varia,Parulidae,620,Yes,Forest,Upper
2014-05-12,4.0,CHI,Oreothlypis,peregrina,Parulidae,2515,Yes,Edge,Upper
2014-05-12,4.0,CHI,Oreothlypis,ruficapilla,Parulidae,1690,Yes,Forest,Upper
2014-05-12,4.0,MP,Zonotrichia,leucophrys,Passerellidae,1090,Yes,Edge,Lower
2014-05-12,4.0,CHI,Setophaga,pensylvanica,Parulidae,303,Yes,Edge,Upper
2014-05-12,4.0,CHI,Pheucticus,ludovicianus,Cardinalidae,397,Yes,Forest,Upper
2014-05-12,4.0,CHI,Setophaga,magnolia,Parulidae,1224,yes,forest,Upper
2014-05-12,4.0,CHI,Setophaga,fusca,Parulidae,201,Yes,Forest,Upper
2014-05-12,4.0,CHI,Seiurus,aurocapilla,Parulidae,4580,Yes,Forest,Lower
2014-05-12,4.0,CHI,Seiurus,aurocapilla,Parulidae,4580,Yes,Forest,Lower
2014-05-12,4.0,CHI,Oreothlypis,peregrina,Parulidae,2515,Yes,Edge,Upper
2014-05-12,4.0,MP,Seiurus,aurocapilla,Parulidae,4580,Yes,Forest,Lower
2014-05-12,4.0,CHI,Parkesia,noveboracensis,Parulidae,916,Yes,Forest,Lower
2014-05-12,4.0,MP,Parkesia,noveboracensis,Parulidae,916,Yes,Forest,Lower
2014-05-12,4.0,CHI,Seiurus,aurocapilla,Parulidae,4580,Yes,Forest,Lower
2014-05-12,4.0,CHI,Seiurus,aurocapilla,Parulidae,4580,Yes,Forest,Lower
2014-05-12,4.0,CHI,Seiurus,aurocapilla,Parulidae,4580,Yes,Forest,Lower
2014-05-12,4.0,CHI,Seiurus,aurocapilla,Parulidae,4580,Yes,Forest,Lower
2014-05-12,4.0,MP,Piranga,olivacea,Cardinalidae,127,Yes,Forest,Upper
2014-05-12,4.0,CHI,Mniotilta,varia,Parulidae,620,Yes,Forest,Upper
2014-05-12,4.0,CHI,Mniotilta,varia,Parulidae,620,Yes,Forest,Upper
2014-05-12,4.0,MP,Piranga,olivacea,Cardinalidae,127,Yes,Forest,Upper
2014-05-13,4.0,CHI,Seiurus,aurocapilla,Parulidae,4580,Yes,Forest,Lower
2014-05-13,4.0,CHI,Seiurus,aurocapilla,Parulidae,4580,Yes,Forest,Lower
2014-05-13,4.0,CHI,Setophaga,americana,Parulidae,59,Yes,Forest,Upper
2014-05-13,4.0,CHI,Setophaga,palmarum,Parulidae,694,Yes,Edge,Lower
2014-05-13,4.0,CHI,Geothlypis,trichas,Parulidae,1555,Yes,Open,Lower
2014-05-13,4.0,CHI,Seiurus,aurocapilla,Parulidae,4580,Yes,Forest,Lower
2014-05-13,4.0,CHI,Zonotrichia,albicollis,Passerellidae,10133,Yes,Forest,Lower
2014-05-13,4.0,CHI,Zonotrichia,albicollis,Passerellidae,10133,Yes,Forest,Lower
2014-05-13,4.0,CHI,Seiurus,aurocapilla,Parulidae,4580,Yes,Forest,Lower
2014-05-13,4.0,MP,Seiurus,aurocapilla,Parulidae,4580,Yes,Forest,Lower
2014-05-13,4.0,CHI,Seiurus,aurocapilla,Parulidae,4580,Yes,Forest,Lower
2014-05-13,4.0,CHI,Seiurus,aurocapilla,Parulidae,4580,Yes,Forest,Lower
2014-05-13,4.0,CHI,Catharus,fuscescens,Turdidae,727,Yes,Forest,Lower
2014-05-13,4.0,CHI,Setophaga,pensylvanica,Parulidae,303,Yes,Edge,Upper
2014-05-13,4.0,CHI,Seiurus,aurocapilla,Parulidae,4580,Yes,Forest,Lower
2014-05-13,4.0,CHI,Seiurus,aurocapilla,Parulidae,4580,Yes,Forest,Lower
2014-05-13,4.0,MP,Seiurus,aurocapilla,Parulidae,4580,Yes,Forest,Lower
2014-05-13,4.0,CHI,Seiurus,aurocapilla,Parulidae,4580,Yes,Forest,Lower
2014-05-13,4.0,CHI,Seiurus,aurocapilla,Parulidae,4580,Yes,Forest,Lower
2014-05-13,4.0,CHI,Oreothlypis,ruficapilla,Parulidae,1690,Yes,Forest,Upper
2014-05-13,4.0,CHI,Oreothlypis,ruficapilla,Parulidae,1690,Yes,Forest,Upper
2014-05-13,4.0,CHI,Oreothlypis,peregrina,Parulidae,2515,Yes,Edge,Upper
2014-05-13,4.0,CHI,Oreothlypis,peregrina,Parulidae,2515,Yes,Edge,Upper
2014-05-13,4.0,CHI,Setophaga,magnolia,Parulidae,1224,yes,forest,Upper
2014-05-13,4.0,MP,Setophaga,magnolia,Parulidae,1224,yes,forest,Upper
2014-05-13,4.0,CHI,Seiurus,aurocapilla,Parulidae,4580,Yes,Forest,Lower
2014-05-13,4.0,CHI,Seiurus,aurocapilla,Parulidae,4580,Yes,Forest,Lower
2014-05-13,4.0,CHI,Seiurus,aurocapilla,Parulidae,4580,Yes,Forest,Lower
2014-05-13,4.0,MP,Mniotilta,varia,Parulidae,620,Yes,Forest,Upper
2014-05-13,4.0,CHI,Geothlypis,trichas,Parulidae,1555,Yes,Open,Lower
2014-05-13,4.0,MP,Ammodramus,savannarum,Passerellidae,106,Yes,Open,Lower
2014-05-13,4.0,CHI,Parkesia,noveboracensis,Parulidae,916,Yes,Forest,Lower
2014-05-13,4.0,MP,catharus,ustulatus,Turdidae,2331,Yes,Forest,Lower
2014-05-13,4.0,MP,catharus,ustulatus,Turdidae,2331,Yes,Forest,Lower
2014-05-13,4.0,CHI,Melospiza,lincolnii,Passerellidae,2029,yes,edge,Lower
2014-05-13,4.0,CHI,dumetella,carolinensis,Mimidae,599,no,edge,Lower
2014-05-13,4.0,MP,dumetella,carolinensis,Mimidae,599,no,edge,Lower
2014-05-13,4.0,CHI,Piranga,olivacea,Cardinalidae,127,Yes,Forest,Upper
2014-05-13,4.0,CHI,Piranga,olivacea,Cardinalidae,127,Yes,Forest,Upper
2014-05-13,4.0,CHI,Piranga,olivacea,Cardinalidae,127,Yes,Forest,Upper
2014-05-14,4.0,CHI,Zonotrichia,albicollis,Passerellidae,10133,Yes,Forest,Lower
2014-05-14,4.0,CHI,Passerina,cyanea,Cardinalidae,725,yes,edge,Upper
2014-05-14,4.0,CHI,Seiurus,aurocapilla,Parulidae,4580,Yes,Forest,Lower
2014-05-14,4.0,CHI,Seiurus,aurocapilla,Parulidae,4580,Yes,Forest,Lower
2014-05-14,4.0,MP,Parkesia,noveboracensis,Parulidae,916,Yes,Forest,Lower
2014-05-14,4.0,MP,dumetella,carolinensis,Mimidae,599,no,edge,Lower
2014-05-14,4.0,CHI,Cardellina,canadensis,Parulidae,241,Yes,Forest,Lower
2014-05-14,4.0,MP,Catharus,minimus,Turdidae,822,Yes,Forest,Lower
2014-05-14,4.0,CHI,Seiurus,aurocapilla,Parulidae,4580,Yes,Forest,Lower
2014-05-14,4.0,CHI,Seiurus,aurocapilla,Parulidae,4580,Yes,Forest,Lower
2014-05-16,11.0,MP,dumetella,carolinensis,Mimidae,599,no,edge,Lower
2014-05-16,11.0,CHI,Mniotilta,varia,Parulidae,620,Yes,Forest,Upper
2014-05-16,11.0,CHI,Seiurus,aurocapilla,Parulidae,4580,Yes,Forest,Lower
2014-05-16,11.0,CHI,Parkesia,noveboracensis,Parulidae,916,Yes,Forest,Lower
2014-05-16,11.0,MP,Toxostoma,rufum,Mimidae,166,No,Edge,Lower
2014-05-16,11.0,CHI,Pheucticus,ludovicianus,Cardinalidae,397,Yes,Forest,Upper
2014-05-17,12.0,CHI,dumetella,carolinensis,Mimidae,599,no,edge,Lower
2014-05-18,17.0,CHI,Catharus,minimus,Turdidae,822,Yes,Forest,Lower
2014-05-18,17.0,CHI,setophaga,ruticilla,Parulidae,868,Yes,Edge,Upper
2014-05-18,17.0,CHI,Zonotrichia,leucophrys,Passerellidae,1090,Yes,Edge,Lower
2014-05-18,17.0,CHI,Setophaga,tigrina,Parulidae,182,Yes,Forest,Upper
2014-05-18,17.0,CHI,Icterus,galbula,Icteridae,83,Yes,Edge,Upper
2014-05-18,17.0,CHI,Icterus,galbula,Icteridae,83,Yes,Edge,Upper
2014-05-18,17.0,CHI,Oreothlypis,ruficapilla,Parulidae,1690,Yes,Forest,Upper
2014-05-18,17.0,CHI,geothlypis,philadelphia,Parulidae,430,Yes,Edge,Lower
2014-05-18,17.0,CHI,Cardellina,canadensis,Parulidae,241,Yes,Forest,Lower
2014-05-18,17.0,CHI,Passerina,cyanea,Cardinalidae,725,yes,edge,Upper
2014-05-18,17.0,CHI,Oreothlypis,ruficapilla,Parulidae,1690,Yes,Forest,Upper
2014-05-18,17.0,CHI,Zonotrichia,albicollis,Passerellidae,10133,Yes,Forest,Lower
2014-05-18,17.0,MP,Zonotrichia,albicollis,Passerellidae,10133,Yes,Forest,Lower
2014-05-18,17.0,CHI,catharus,ustulatus,Turdidae,2331,Yes,Forest,Lower
2014-05-18,17.0,CHI,catharus,ustulatus,Turdidae,2331,Yes,Forest,Lower
2014-05-18,17.0,CHI,catharus,ustulatus,Turdidae,2331,Yes,Forest,Lower
2014-05-18,17.0,CHI,Piranga,olivacea,Cardinalidae,127,Yes,Forest,Upper
2014-05-18,17.0,CHI,Piranga,olivacea,Cardinalidae,127,Yes,Forest,Upper
2014-05-18,17.0,CHI,Melospiza,lincolnii,Passerellidae,2029,yes,edge,Lower
2014-05-18,17.0,CHI,Passerina,cyanea,Cardinalidae,725,yes,edge,Upper
2014-05-19,17.0,CHI,Seiurus,aurocapilla,Parulidae,4580,Yes,Forest,Lower
2014-05-19,17.0,CHI,Zonotrichia,leucophrys,Passerellidae,1090,Yes,Edge,Lower
2014-05-19,17.0,CHI,dumetella,carolinensis,Mimidae,599,no,edge,Lower
2014-05-19,17.0,CHI,dumetella,carolinensis,Mimidae,599,no,edge,Lower
2014-05-19,17.0,CHI,Piranga,olivacea,Cardinalidae,127,Yes,Forest,Upper
2014-05-19,17.0,MP,Ammodramus,savannarum,Passerellidae,106,Yes,Open,Lower
2014-05-19,17.0,CHI,Setophaga,castanea,Parulidae,287,Yes,Forest,Upper
2014-05-19,17.0,CHI,Seiurus,aurocapilla,Parulidae,4580,Yes,Forest,Lower
2014-05-19,17.0,MP,Piranga,olivacea,Cardinalidae,127,Yes,Forest,Upper
2014-05-19,17.0,CHI,Oreothlypis,peregrina,Parulidae,2515,Yes,Edge,Upper
2014-05-19,17.0,CHI,Setophaga,magnolia,Parulidae,1224,yes,forest,Upper
2014-05-20,10.0,CHI,Geothlypis,trichas,Parulidae,1555,Yes,Open,Lower
2014-05-20,10.0,CHI,Cardellina,canadensis,Parulidae,241,Yes,Forest,Lower
2014-05-20,10.0,CHI,Cardellina,canadensis,Parulidae,241,Yes,Forest,Lower
2014-05-20,10.0,MP,dumetella,carolinensis,Mimidae,599,no,edge,Lower
2014-05-20,10.0,CHI,dumetella,carolinensis,Mimidae,599,no,edge,Lower
2014-05-20,10.0,CHI,dumetella,carolinensis,Mimidae,599,no,edge,Lower
2014-05-20,10.0,CHI,Cardellina,canadensis,Parulidae,241,Yes,Forest,Lower
2014-05-20,10.0,CHI,setophaga,ruticilla,Parulidae,868,Yes,Edge,Upper
2014-05-20,10.0,CHI,setophaga,ruticilla,Parulidae,868,Yes,Edge,Upper
2014-05-20,10.0,CHI,Catharus,fuscescens,Turdidae,727,Yes,Forest,Lower
2014-05-20,10.0,CHI,Setophaga,fusca,Parulidae,201,Yes,Forest,Upper
2014-05-20,10.0,CHI,Setophaga,magnolia,Parulidae,1224,yes,forest,Upper
2014-05-20,10.0,CHI,Empidonax,flaviventris,Tyrannidae,68,No,Forest,Upper
2014-05-20,10.0,CHI,Passerina,cyanea,Cardinalidae,725,yes,edge,Upper
2014-05-20,10.0,MP,Parkesia,noveboracensis,Parulidae,916,Yes,Forest,Lower
2014-05-20,10.0,CHI,Cardellina,canadensis,Parulidae,241,Yes,Forest,Lower
2014-05-20,10.0,MP,Parkesia,noveboracensis,Parulidae,916,Yes,Forest,Lower
2014-05-20,10.0,MP,Contopus,virens,Tyrannidae,70,No,Forest,Upper
2014-05-20,10.0,CHI,Pheucticus,ludovicianus,Cardinalidae,397,Yes,Forest,Upper
2014-05-20,10.0,CHI,Cardellina,pusilla,Parulidae,185,Yes,Edge,Lower
2014-05-20,10.0,MP,Catharus,fuscescens,Turdidae,727,Yes,Forest,Lower
2014-05-20,10.0,CHI,Seiurus,aurocapilla,Parulidae,4580,Yes,Forest,Lower
2014-05-20,10.0,CHI,cistothorus,palustris,Troglodytidae,91,No,Open,Lower
2014-05-20,10.0,CHI,Cardellina,canadensis,Parulidae,241,Yes,Forest,Lower
2014-05-20,10.0,CHI,Seiurus,aurocapilla,Parulidae,4580,Yes,Forest,Lower
2014-05-20,10.0,CHI,Setophaga,virens,Parulidae,223,Yes,Forest,Upper
2014-05-20,10.0,CHI,Catharus,minimus,Turdidae,822,Yes,Forest,Lower
2014-05-20,10.0,MP,Catharus,minimus,Turdidae,822,Yes,Forest,Lower
2014-05-20,10.0,CHI,Pheucticus,ludovicianus,Cardinalidae,397,Yes,Forest,Upper
2014-05-21,7.0,CHI,Setophaga,pensylvanica,Parulidae,303,Yes,Edge,Upper
2014-05-21,7.0,CHI,Setophaga,pensylvanica,Parulidae,303,Yes,Edge,Upper
2014-05-21,7.0,CHI,Setophaga,pensylvanica,Parulidae,303,Yes,Edge,Upper
2014-05-21,7.0,CHI,catharus,ustulatus,Turdidae,2331,Yes,Forest,Lower
2014-05-21,7.0,CHI,catharus,ustulatus,Turdidae,2331,Yes,Forest,Lower
2014-05-21,7.0,CHI,Piranga,olivacea,Cardinalidae,127,Yes,Forest,Upper
2014-05-21,7.0,CHI,catharus,ustulatus,Turdidae,2331,Yes,Forest,Lower
2014-05-21,7.0,CHI,setophaga,ruticilla,Parulidae,868,Yes,Edge,Upper
2014-05-21,7.0,CHI,Geothlypis,trichas,Parulidae,1555,Yes,Open,Lower
2014-05-21,7.0,CHI,Geothlypis,trichas,Parulidae,1555,Yes,Open,Lower
2014-05-21,7.0,CHI,catharus,ustulatus,Turdidae,2331,Yes,Forest,Lower
2014-05-21,7.0,CHI,geothlypis,philadelphia,Parulidae,430,Yes,Edge,Lower
2014-05-21,7.0,CHI,Setophaga,magnolia,Parulidae,1224,yes,forest,Upper
2014-05-21,7.0,CHI,Cardellina,canadensis,Parulidae,241,Yes,Forest,Lower
2014-05-21,7.0,CHI,Empidonax,flaviventris,Tyrannidae,68,No,Forest,Upper
2014-05-21,7.0,CHI,Setophaga,fusca,Parulidae,201,Yes,Forest,Upper
2014-05-21,7.0,CHI,Setophaga,fusca,Parulidae,201,Yes,Forest,Upper
2014-05-21,7.0,CHI,Setophaga,petechia,Parulidae,77,Yes,Edge,Upper
2014-05-21,7.0,CHI,Setophaga,virens,Parulidae,223,Yes,Forest,Upper
2014-05-21,7.0,CHI,Setophaga,fusca,Parulidae,201,Yes,Forest,Upper
2014-05-21,7.0,CHI,Setophaga,fusca,Parulidae,201,Yes,Forest,Upper
2014-05-21,7.0,CHI,Seiurus,aurocapilla,Parulidae,4580,Yes,Forest,Lower
2014-05-21,7.0,CHI,Seiurus,aurocapilla,Parulidae,4580,Yes,Forest,Lower
2014-05-21,7.0,CHI,Setophaga,tigrina,Parulidae,182,Yes,Forest,Upper
2014-05-21,7.0,CHI,Zonotrichia,albicollis,Passerellidae,10133,Yes,Forest,Lower
2014-05-21,7.0,CHI,Setophaga,magnolia,Parulidae,1224,yes,forest,Upper
2014-05-21,7.0,CHI,geothlypis,philadelphia,Parulidae,430,Yes,Edge,Lower
2014-05-21,7.0,CHI,Setophaga,magnolia,Parulidae,1224,yes,forest,Upper
2014-05-21,7.0,CHI,Cardellina,pusilla,Parulidae,185,Yes,Edge,Lower
2014-05-21,7.0,CHI,Setophaga,pensylvanica,Parulidae,303,Yes,Edge,Upper
2014-05-21,7.0,CHI,Oreothlypis,peregrina,Parulidae,2515,Yes,Edge,Upper
2014-05-21,7.0,CHI,Oreothlypis,peregrina,Parulidae,2515,Yes,Edge,Upper
2014-05-21,7.0,CHI,Mniotilta,varia,Parulidae,620,Yes,Forest,Upper
2014-05-21,7.0,CHI,setophaga,ruticilla,Parulidae,868,Yes,Edge,Upper
2014-05-21,7.0,CHI,Setophaga,magnolia,Parulidae,1224,yes,forest,Upper
2014-05-21,7.0,CHI,Cardellina,canadensis,Parulidae,241,Yes,Forest,Lower
2014-05-21,7.0,CHI,Cardellina,canadensis,Parulidae,241,Yes,Forest,Lower
2014-05-21,7.0,CHI,Cardellina,canadensis,Parulidae,241,Yes,Forest,Lower
2014-05-21,7.0,CHI,Cardellina,canadensis,Parulidae,241,Yes,Forest,Lower
2014-05-21,7.0,CHI,Cardellina,canadensis,Parulidae,241,Yes,Forest,Lower
2014-05-21,7.0,CHI,Cardellina,pusilla,Parulidae,185,Yes,Edge,Lower
2014-05-21,7.0,CHI,setophaga,ruticilla,Parulidae,868,Yes,Edge,Upper
2014-05-21,7.0,CHI,Ammodramus,savannarum,Passerellidae,106,Yes,Open,Lower
2014-05-21,7.0,CHI,Setophaga,pensylvanica,Parulidae,303,Yes,Edge,Upper
2014-05-22,6.0,CHI,Toxostoma,rufum,Mimidae,166,No,Edge,Lower
2014-05-22,6.0,CHI,Geothlypis,trichas,Parulidae,1555,Yes,Open,Lower
2014-05-22,6.0,CHI,Passerina,cyanea,Cardinalidae,725,yes,edge,Upper
2014-05-22,6.0,CHI,Oreothlypis,peregrina,Parulidae,2515,Yes,Edge,Upper
2014-05-22,6.0,CHI,Catharus,minimus,Turdidae,822,Yes,Forest,Lower
2014-05-22,6.0,CHI,Seiurus,aurocapilla,Parulidae,4580,Yes,Forest,Lower
2014-05-22,6.0,CHI,Seiurus,aurocapilla,Parulidae,4580,Yes,Forest,Lower
2014-05-22,6.0,CHI,Piranga,olivacea,Cardinalidae,127,Yes,Forest,Upper
2014-05-22,6.0,CHI,Catharus,minimus,Turdidae,822,Yes,Forest,Lower
2014-05-23,6.0,CHI,Geothlypis,trichas,Parulidae,1555,Yes,Open,Lower
2014-05-23,6.0,CHI,Oreothlypis,peregrina,Parulidae,2515,Yes,Edge,Upper
2014-05-23,6.0,CHI,Setophaga,striata,Parulidae,787,Yes,Forest,Upper
2014-05-23,6.0,CHI,Cardellina,canadensis,Parulidae,241,Yes,Forest,Lower
2014-05-23,6.0,CHI,Piranga,olivacea,Cardinalidae,127,Yes,Forest,Upper
2014-05-23,6.0,CHI,Seiurus,aurocapilla,Parulidae,4580,Yes,Forest,Lower
2014-05-23,6.0,CHI,Mniotilta,varia,Parulidae,620,Yes,Forest,Upper
2014-05-24,6.0,CHI,Setophaga,pensylvanica,Parulidae,303,Yes,Edge,Upper
2014-05-24,6.0,CHI,geothlypis,philadelphia,Parulidae,430,Yes,Edge,Lower
2014-05-24,6.0,CHI,Setophaga,fusca,Parulidae,201,Yes,Forest,Upper
2014-05-24,6.0,CHI,Cardellina,canadensis,Parulidae,241,Yes,Forest,Lower
2014-05-24,6.0,CHI,Empidonax,flaviventris,Tyrannidae,68,No,Forest,Upper
2014-05-24,6.0,CHI,Geothlypis,trichas,Parulidae,1555,Yes,Open,Lower
2014-05-24,6.0,CHI,dumetella,carolinensis,Mimidae,599,no,edge,Lower
2014-05-25,6.0,CHI,setophaga,ruticilla,Parulidae,868,Yes,Edge,Upper
2014-05-25,6.0,CHI,Catharus,minimus,Turdidae,822,Yes,Forest,Lower
2014-05-25,6.0,CHI,setophaga,ruticilla,Parulidae,868,Yes,Edge,Upper
2014-05-25,6.0,CHI,setophaga,ruticilla,Parulidae,868,Yes,Edge,Upper
2014-05-25,6.0,CHI,Piranga,olivacea,Cardinalidae,127,Yes,Forest,Upper
2014-05-25,6.0,CHI,Oreothlypis,peregrina,Parulidae,2515,Yes,Edge,Upper
2014-05-25,6.0,CHI,Contopus,virens,Tyrannidae,70,No,Forest,Upper
2014-05-25,6.0,CHI,Setophaga,pensylvanica,Parulidae,303,Yes,Edge,Upper
2014-05-25,6.0,CHI,Setophaga,striata,Parulidae,787,Yes,Forest,Upper
2014-05-26,6.0,MP,Catharus,fuscescens,Turdidae,727,Yes,Forest,Lower
2014-05-26,6.0,CHI,Seiurus,aurocapilla,Parulidae,4580,Yes,Forest,Lower
2014-05-26,6.0,CHI,Seiurus,aurocapilla,Parulidae,4580,Yes,Forest,Lower
2014-05-26,6.0,CHI,setophaga,ruticilla,Parulidae,868,Yes,Edge,Upper
2014-05-27,6.0,CHI,Passerina,cyanea,Cardinalidae,725,yes,edge,Upper
2014-05-27,6.0,MP,catharus,ustulatus,Turdidae,2331,Yes,Forest,Lower
2014-05-27,6.0,CHI,Seiurus,aurocapilla,Parulidae,4580,Yes,Forest,Lower
2014-05-27,6.0,CHI,Vireo,olivaceus,Vireonidae,133,No,Forest,Upper
2014-05-29,6.0,CHI,dumetella,carolinensis,Mimidae,599,no,edge,Lower
2014-05-29,6.0,CHI,setophaga,ruticilla,Parulidae,868,Yes,Edge,Upper
2014-05-29,6.0,CHI,Passerina,cyanea,Cardinalidae,725,yes,edge,Upper
2014-05-29,6.0,CHI,Seiurus,aurocapilla,Parulidae,4580,Yes,Forest,Lower
2014-05-30,7.0,CHI,Geothlypis,trichas,Parulidae,1555,Yes,Open,Lower
2014-05-30,7.0,CHI,dumetella,carolinensis,Mimidae,599,no,edge,Lower
2014-08-22,14.0,MP,Catharus,fuscescens,Turdidae,727,Yes,Forest,Lower
2014-08-23,4.0,CHI,Seiurus,aurocapilla,Parulidae,4580,Yes,Forest,Lower
2014-08-23,4.0,CHI,Oreothlypis,peregrina,Parulidae,2515,Yes,Edge,Upper
2014-08-23,4.0,CHI,Setophaga,magnolia,Parulidae,1224,yes,forest,Upper
2014-08-23,4.0,CHI,Empidonax,flaviventris,Tyrannidae,68,No,Forest,Upper
2014-08-24,4.0,CHI,Parkesia,noveboracensis,Parulidae,916,Yes,Forest,Lower
2014-08-24,4.0,CHI,Oreothlypis,peregrina,Parulidae,2515,Yes,Edge,Upper
2014-08-24,4.0,CHI,geothlypis,philadelphia,Parulidae,430,Yes,Edge,Lower
2014-08-24,4.0,CHI,geothlypis,philadelphia,Parulidae,430,Yes,Edge,Lower
2014-08-24,4.0,CHI,geothlypis,philadelphia,Parulidae,430,Yes,Edge,Lower
2014-08-24,4.0,CHI,Contopus,virens,Tyrannidae,70,No,Forest,Upper
2014-08-26,14.0,CHI,Oreothlypis,peregrina,Parulidae,2515,Yes,Edge,Upper
2014-08-26,14.0,CHI,Oreothlypis,peregrina,Parulidae,2515,Yes,Edge,Upper
2014-08-26,14.0,CHI,Oreothlypis,peregrina,Parulidae,2515,Yes,Edge,Upper
2014-08-26,14.0,CHI,Oreothlypis,peregrina,Parulidae,2515,Yes,Edge,Upper
2014-08-26,14.0,CHI,Oreothlypis,peregrina,Parulidae,2515,Yes,Edge,Upper
2014-08-26,14.0,CHI,Oreothlypis,peregrina,Parulidae,2515,Yes,Edge,Upper
2014-08-26,14.0,CHI,Oreothlypis,peregrina,Parulidae,2515,Yes,Edge,Upper
2014-08-26,14.0,CHI,setophaga,ruticilla,Parulidae,868,Yes,Edge,Upper
2014-08-26,14.0,CHI,Mniotilta,varia,Parulidae,620,Yes,Forest,Upper
2014-08-26,14.0,CHI,Mniotilta,varia,Parulidae,620,Yes,Forest,Upper
2014-08-26,14.0,CHI,Mniotilta,varia,Parulidae,620,Yes,Forest,Upper
2014-08-26,14.0,CHI,Mniotilta,varia,Parulidae,620,Yes,Forest,Upper
2014-08-26,14.0,CHI,Oreothlypis,peregrina,Parulidae,2515,Yes,Edge,Upper
2014-08-26,14.0,CHI,setophaga,ruticilla,Parulidae,868,Yes,Edge,Upper
2014-08-26,14.0,CHI,setophaga,ruticilla,Parulidae,868,Yes,Edge,Upper
2014-08-26,14.0,CHI,setophaga,ruticilla,Parulidae,868,Yes,Edge,Upper
2014-08-26,14.0,CHI,Oreothlypis,peregrina,Parulidae,2515,Yes,Edge,Upper
2014-08-26,14.0,CHI,Oreothlypis,peregrina,Parulidae,2515,Yes,Edge,Upper
2014-08-26,14.0,CHI,Oreothlypis,peregrina,Parulidae,2515,Yes,Edge,Upper
2014-08-26,14.0,CHI,Oreothlypis,peregrina,Parulidae,2515,Yes,Edge,Upper
2014-08-26,14.0,CHI,Parkesia,noveboracensis,Parulidae,916,Yes,Forest,Lower
2014-08-26,14.0,CHI,Seiurus,aurocapilla,Parulidae,4580,Yes,Forest,Lower
2014-08-26,14.0,CHI,Seiurus,aurocapilla,Parulidae,4580,Yes,Forest,Lower
2014-08-26,14.0,CHI,setophaga,ruticilla,Parulidae,868,Yes,Edge,Upper
2014-08-26,14.0,CHI,Setophaga,fusca,Parulidae,201,Yes,Forest,Upper
2014-08-27,17.0,CHI,Oreothlypis,peregrina,Parulidae,2515,Yes,Edge,Upper
2014-08-27,17.0,CHI,Setophaga,magnolia,Parulidae,1224,yes,forest,Upper
2014-08-27,17.0,CHI,Seiurus,aurocapilla,Parulidae,4580,Yes,Forest,Lower
2014-08-27,17.0,CHI,Setophaga,magnolia,Parulidae,1224,yes,forest,Upper
2014-08-27,17.0,CHI,Cardellina,pusilla,Parulidae,185,Yes,Edge,Lower
2014-08-27,17.0,MP,setophaga,ruticilla,Parulidae,868,Yes,Edge,Upper
2014-08-27,17.0,CHI,setophaga,ruticilla,Parulidae,868,Yes,Edge,Upper
2014-08-27,17.0,CHI,setophaga,ruticilla,Parulidae,868,Yes,Edge,Upper
2014-08-27,17.0,CHI,geothlypis,philadelphia,Parulidae,430,Yes,Edge,Lower
2014-08-27,17.0,CHI,geothlypis,philadelphia,Parulidae,430,Yes,Edge,Lower
2014-08-27,17.0,CHI,Setophaga,castanea,Parulidae,287,Yes,Forest,Upper
2014-08-27,17.0,CHI,Oreothlypis,peregrina,Parulidae,2515,Yes,Edge,Upper
2014-08-27,17.0,CHI,Seiurus,aurocapilla,Parulidae,4580,Yes,Forest,Lower
2014-08-27,17.0,CHI,Cardellina,pusilla,Parulidae,185,Yes,Edge,Lower
2014-08-27,17.0,CHI,Oreothlypis,peregrina,Parulidae,2515,Yes,Edge,Upper
2014-08-27,17.0,CHI,Setophaga,fusca,Parulidae,201,Yes,Forest,Upper
2014-08-27,17.0,MP,Oreothlypis,peregrina,Parulidae,2515,Yes,Edge,Upper
2014-08-27,17.0,MP,Mniotilta,varia,Parulidae,620,Yes,Forest,Upper
2014-08-27,17.0,CHI,Setophaga,magnolia,Parulidae,1224,yes,forest,Upper
2014-08-27,17.0,CHI,Seiurus,aurocapilla,Parulidae,4580,Yes,Forest,Lower
2014-08-27,17.0,CHI,Parkesia,noveboracensis,Parulidae,916,Yes,Forest,Lower
2014-08-27,17.0,CHI,Oreothlypis,ruficapilla,Parulidae,1690,Yes,Forest,Upper
2014-08-27,17.0,CHI,Setophaga,pensylvanica,Parulidae,303,Yes,Edge,Upper
2014-08-28,14.0,CHI,Icterus,galbula,Icteridae,83,Yes,Edge,Upper
2014-08-28,14.0,CHI,Seiurus,aurocapilla,Parulidae,4580,Yes,Forest,Lower
2014-08-28,14.0,CHI,Setophaga,magnolia,Parulidae,1224,yes,forest,Upper
2014-08-28,14.0,CHI,Cardellina,pusilla,Parulidae,185,Yes,Edge,Lower
2014-08-28,14.0,CHI,catharus,ustulatus,Turdidae,2331,Yes,Forest,Lower
2014-08-28,14.0,CHI,geothlypis,philadelphia,Parulidae,430,Yes,Edge,Lower
2014-08-28,14.0,CHI,geothlypis,philadelphia,Parulidae,430,Yes,Edge,Lower
2014-08-28,14.0,CHI,catharus,ustulatus,Turdidae,2331,Yes,Forest,Lower
2014-08-29,14.0,CHI,geothlypis,philadelphia,Parulidae,430,Yes,Edge,Lower
2014-08-29,14.0,CHI,geothlypis,philadelphia,Parulidae,430,Yes,Edge,Lower
2014-08-29,14.0,CHI,Oreothlypis,peregrina,Parulidae,2515,Yes,Edge,Upper
2014-08-29,14.0,CHI,Setophaga,magnolia,Parulidae,1224,yes,forest,Upper
2014-08-30,17.0,CHI,Oreothlypis,peregrina,Parulidae,2515,Yes,Edge,Upper
2014-08-30,17.0,CHI,Oreothlypis,peregrina,Parulidae,2515,Yes,Edge,Upper
2014-08-30,17.0,CHI,Oreothlypis,peregrina,Parulidae,2515,Yes,Edge,Upper
2014-08-30,17.0,CHI,Setophaga,fusca,Parulidae,201,Yes,Forest,Upper
2014-08-30,17.0,CHI,Oreothlypis,peregrina,Parulidae,2515,Yes,Edge,Upper
2014-08-31,14.0,CHI,Setophaga,fusca,Parulidae,201,Yes,Forest,Upper
2014-08-31,14.0,CHI,Setophaga,magnolia,Parulidae,1224,yes,forest,Upper
2014-08-31,14.0,CHI,Oreothlypis,peregrina,Parulidae,2515,Yes,Edge,Upper
2014-08-31,14.0,MP,Parkesia,noveboracensis,Parulidae,916,Yes,Forest,Lower
2014-08-31,14.0,MP,setophaga,ruticilla,Parulidae,868,Yes,Edge,Upper
2014-08-31,14.0,CHI,Oreothlypis,peregrina,Parulidae,2515,Yes,Edge,Upper
2014-08-31,14.0,CHI,Vireo,olivaceus,Vireonidae,133,No,Forest,Upper
2014-08-31,14.0,CHI,Oreothlypis,peregrina,Parulidae,2515,Yes,Edge,Upper
2014-08-31,14.0,CHI,Pheucticus,ludovicianus,Cardinalidae,397,Yes,Forest,Upper
2014-08-31,14.0,CHI,Seiurus,aurocapilla,Parulidae,4580,Yes,Forest,Lower
2014-08-31,14.0,CHI,catharus,ustulatus,Turdidae,2331,Yes,Forest,Lower
2014-08-31,14.0,CHI,Seiurus,aurocapilla,Parulidae,4580,Yes,Forest,Lower
2014-08-31,14.0,CHI,Catharus,fuscescens,Turdidae,727,Yes,Forest,Lower
2014-08-31,14.0,CHI,catharus,ustulatus,Turdidae,2331,Yes,Forest,Lower
2014-08-31,14.0,CHI,catharus,ustulatus,Turdidae,2331,Yes,Forest,Lower
2014-08-31,14.0,CHI,Mniotilta,varia,Parulidae,620,Yes,Forest,Upper
2014-08-31,14.0,CHI,catharus,ustulatus,Turdidae,2331,Yes,Forest,Lower
2014-08-31,14.0,CHI,catharus,ustulatus,Turdidae,2331,Yes,Forest,Lower
2014-08-31,14.0,CHI,Mniotilta,varia,Parulidae,620,Yes,Forest,Upper
2014-08-31,14.0,MP,catharus,ustulatus,Turdidae,2331,Yes,Forest,Lower
2014-08-31,14.0,CHI,catharus,ustulatus,Turdidae,2331,Yes,Forest,Lower
2014-08-31,14.0,CHI,Geothlypis,trichas,Parulidae,1555,Yes,Open,Lower
2014-08-31,14.0,CHI,catharus,ustulatus,Turdidae,2331,Yes,Forest,Lower
2014-08-31,14.0,CHI,Catharus,fuscescens,Turdidae,727,Yes,Forest,Lower
2014-08-31,14.0,CHI,Mniotilta,varia,Parulidae,620,Yes,Forest,Upper
2014-08-31,14.0,CHI,Setophaga,magnolia,Parulidae,1224,yes,forest,Upper
2014-08-31,14.0,CHI,Catharus,fuscescens,Turdidae,727,Yes,Forest,Lower
2014-08-31,14.0,CHI,catharus,ustulatus,Turdidae,2331,Yes,Forest,Lower
2014-09-01,14.0,CHI,Geothlypis,trichas,Parulidae,1555,Yes,Open,Lower
2014-09-01,14.0,MP,Seiurus,aurocapilla,Parulidae,4580,Yes,Forest,Lower
2014-09-01,14.0,CHI,Oreothlypis,peregrina,Parulidae,2515,Yes,Edge,Upper
2014-09-01,14.0,CHI,Oreothlypis,peregrina,Parulidae,2515,Yes,Edge,Upper
2014-09-01,14.0,CHI,Oreothlypis,peregrina,Parulidae,2515,Yes,Edge,Upper
2014-09-01,14.0,CHI,catharus,ustulatus,Turdidae,2331,Yes,Forest,Lower
2014-09-01,14.0,CHI,catharus,ustulatus,Turdidae,2331,Yes,Forest,Lower
2014-09-01,14.0,CHI,Mniotilta,varia,Parulidae,620,Yes,Forest,Upper
2014-09-01,14.0,CHI,catharus,ustulatus,Turdidae,2331,Yes,Forest,Lower
2014-09-02,14.0,CHI,Seiurus,aurocapilla,Parulidae,4580,Yes,Forest,Lower
2014-09-02,14.0,CHI,catharus,ustulatus,Turdidae,2331,Yes,Forest,Lower
2014-09-02,14.0,MP,Seiurus,aurocapilla,Parulidae,4580,Yes,Forest,Lower
2014-09-02,14.0,CHI,Seiurus,aurocapilla,Parulidae,4580,Yes,Forest,Lower
2014-09-02,14.0,CHI,Setophaga,striata,Parulidae,787,Yes,Forest,Upper
2014-09-02,14.0,CHI,Oreothlypis,peregrina,Parulidae,2515,Yes,Edge,Upper
2014-09-02,14.0,CHI,Oreothlypis,peregrina,Parulidae,2515,Yes,Edge,Upper
2014-09-02,14.0,CHI,Setophaga,tigrina,Parulidae,182,Yes,Forest,Upper
2014-09-02,14.0,CHI,Oreothlypis,peregrina,Parulidae,2515,Yes,Edge,Upper
2014-09-02,14.0,CHI,catharus,ustulatus,Turdidae,2331,Yes,Forest,Lower
2014-09-02,14.0,CHI,Oporornis,agilis,Parulidae,365,Yes,Forest,Lower
2014-09-02,14.0,CHI,catharus,ustulatus,Turdidae,2331,Yes,Forest,Lower
2014-09-02,14.0,MP,Oreothlypis,peregrina,Parulidae,2515,Yes,Edge,Upper
2014-09-02,14.0,CHI,Seiurus,aurocapilla,Parulidae,4580,Yes,Forest,Lower
2014-09-02,14.0,CHI,Seiurus,aurocapilla,Parulidae,4580,Yes,Forest,Lower
2014-09-02,14.0,CHI,catharus,ustulatus,Turdidae,2331,Yes,Forest,Lower
2014-09-02,14.0,CHI,Setophaga,virens,Parulidae,223,Yes,Forest,Upper
2014-09-02,14.0,CHI,Oreothlypis,peregrina,Parulidae,2515,Yes,Edge,Upper
2014-09-02,14.0,CHI,Seiurus,aurocapilla,Parulidae,4580,Yes,Forest,Lower
2014-09-02,14.0,CHI,Oreothlypis,peregrina,Parulidae,2515,Yes,Edge,Upper
2014-09-02,14.0,CHI,catharus,ustulatus,Turdidae,2331,Yes,Forest,Lower
2014-09-02,14.0,CHI,Catharus,fuscescens,Turdidae,727,Yes,Forest,Lower
2014-09-02,14.0,CHI,catharus,ustulatus,Turdidae,2331,Yes,Forest,Lower
2014-09-02,14.0,CHI,Seiurus,aurocapilla,Parulidae,4580,Yes,Forest,Lower
2014-09-02,14.0,CHI,Catharus,fuscescens,Turdidae,727,Yes,Forest,Lower
2014-09-02,14.0,CHI,catharus,ustulatus,Turdidae,2331,Yes,Forest,Lower
2014-09-02,14.0,CHI,catharus,ustulatus,Turdidae,2331,Yes,Forest,Lower
2014-09-02,14.0,CHI,Catharus,fuscescens,Turdidae,727,Yes,Forest,Lower
2014-09-02,14.0,CHI,catharus,ustulatus,Turdidae,2331,Yes,Forest,Lower
2014-09-02,14.0,CHI,Geothlypis,trichas,Parulidae,1555,Yes,Open,Lower
2014-09-02,14.0,CHI,Geothlypis,trichas,Parulidae,1555,Yes,Open,Lower
2014-09-02,14.0,CHI,Seiurus,aurocapilla,Parulidae,4580,Yes,Forest,Lower
2014-09-02,14.0,CHI,Seiurus,aurocapilla,Parulidae,4580,Yes,Forest,Lower
2014-09-02,14.0,CHI,Seiurus,aurocapilla,Parulidae,4580,Yes,Forest,Lower
2014-09-02,14.0,CHI,Parkesia,noveboracensis,Parulidae,916,Yes,Forest,Lower
2014-09-02,14.0,CHI,Vireo,olivaceus,Vireonidae,133,No,Forest,Upper
2014-09-02,14.0,CHI,Oreothlypis,peregrina,Parulidae,2515,Yes,Edge,Upper
2014-09-02,14.0,CHI,Oreothlypis,peregrina,Parulidae,2515,Yes,Edge,Upper
2014-09-02,14.0,CHI,setophaga,ruticilla,Parulidae,868,Yes,Edge,Upper
2014-09-02,14.0,CHI,Oreothlypis,peregrina,Parulidae,2515,Yes,Edge,Upper
2014-09-02,14.0,CHI,setophaga,ruticilla,Parulidae,868,Yes,Edge,Upper
2014-09-02,14.0,CHI,Oreothlypis,peregrina,Parulidae,2515,Yes,Edge,Upper
2014-09-02,14.0,CHI,catharus,ustulatus,Turdidae,2331,Yes,Forest,Lower
2014-09-02,14.0,CHI,Oreothlypis,peregrina,Parulidae,2515,Yes,Edge,Upper
2014-09-02,14.0,CHI,Oreothlypis,peregrina,Parulidae,2515,Yes,Edge,Upper
2014-09-02,14.0,CHI,Oreothlypis,peregrina,Parulidae,2515,Yes,Edge,Upper
2014-09-02,14.0,CHI,catharus,ustulatus,Turdidae,2331,Yes,Forest,Lower
2014-09-02,14.0,CHI,Oreothlypis,peregrina,Parulidae,2515,Yes,Edge,Upper
2014-09-02,14.0,CHI,Oreothlypis,peregrina,Parulidae,2515,Yes,Edge,Upper
2014-09-02,14.0,CHI,Oreothlypis,peregrina,Parulidae,2515,Yes,Edge,Upper
2014-09-02,14.0,CHI,Oreothlypis,peregrina,Parulidae,2515,Yes,Edge,Upper
2014-09-02,14.0,CHI,catharus,ustulatus,Turdidae,2331,Yes,Forest,Lower
2014-09-02,14.0,CHI,catharus,ustulatus,Turdidae,2331,Yes,Forest,Lower
2014-09-02,14.0,CHI,catharus,ustulatus,Turdidae,2331,Yes,Forest,Lower
2014-09-02,14.0,CHI,Oreothlypis,peregrina,Parulidae,2515,Yes,Edge,Upper
2014-09-02,14.0,CHI,Oreothlypis,peregrina,Parulidae,2515,Yes,Edge,Upper
2014-09-02,14.0,CHI,Seiurus,aurocapilla,Parulidae,4580,Yes,Forest,Lower
2014-09-02,14.0,CHI,Oreothlypis,peregrina,Parulidae,2515,Yes,Edge,Upper
2014-09-02,14.0,CHI,catharus,ustulatus,Turdidae,2331,Yes,Forest,Lower
2014-09-02,14.0,CHI,Oreothlypis,peregrina,Parulidae,2515,Yes,Edge,Upper
2014-09-02,14.0,CHI,catharus,ustulatus,Turdidae,2331,Yes,Forest,Lower
2014-09-02,14.0,CHI,Setophaga,magnolia,Parulidae,1224,yes,forest,Upper
2014-09-02,14.0,MP,catharus,ustulatus,Turdidae,2331,Yes,Forest,Lower
2014-09-02,14.0,CHI,Seiurus,aurocapilla,Parulidae,4580,Yes,Forest,Lower
2014-09-02,14.0,CHI,catharus,ustulatus,Turdidae,2331,Yes,Forest,Lower
2014-09-02,14.0,CHI,Seiurus,aurocapilla,Parulidae,4580,Yes,Forest,Lower
2014-09-03,14.0,CHI,catharus,ustulatus,Turdidae,2331,Yes,Forest,Lower
2014-09-03,14.0,CHI,Setophaga,fusca,Parulidae,201,Yes,Forest,Upper
2014-09-03,14.0,CHI,Seiurus,aurocapilla,Parulidae,4580,Yes,Forest,Lower
2014-09-03,14.0,CHI,catharus,ustulatus,Turdidae,2331,Yes,Forest,Lower
2014-09-03,14.0,MP,geothlypis,philadelphia,Parulidae,430,Yes,Edge,Lower
2014-09-03,14.0,CHI,Catharus,fuscescens,Turdidae,727,Yes,Forest,Lower
2014-09-03,14.0,MP,Seiurus,aurocapilla,Parulidae,4580,Yes,Forest,Lower
2014-09-03,14.0,MP,catharus,ustulatus,Turdidae,2331,Yes,Forest,Lower
2014-09-03,14.0,CHI,Seiurus,aurocapilla,Parulidae,4580,Yes,Forest,Lower
2014-09-03,14.0,CHI,Mniotilta,varia,Parulidae,620,Yes,Forest,Upper
2014-09-03,14.0,CHI,Seiurus,aurocapilla,Parulidae,4580,Yes,Forest,Lower
2014-09-03,14.0,CHI,catharus,ustulatus,Turdidae,2331,Yes,Forest,Lower
2014-09-03,14.0,CHI,Cardellina,pusilla,Parulidae,185,Yes,Edge,Lower
2014-09-03,14.0,CHI,catharus,ustulatus,Turdidae,2331,Yes,Forest,Lower
2014-09-03,14.0,CHI,Seiurus,aurocapilla,Parulidae,4580,Yes,Forest,Lower
2014-09-03,14.0,CHI,Cardellina,pusilla,Parulidae,185,Yes,Edge,Lower
2014-09-03,14.0,CHI,Cardellina,pusilla,Parulidae,185,Yes,Edge,Lower
2014-09-03,14.0,CHI,setophaga,ruticilla,Parulidae,868,Yes,Edge,Upper
2014-09-03,14.0,CHI,setophaga,ruticilla,Parulidae,868,Yes,Edge,Upper
2014-09-03,14.0,CHI,Mniotilta,varia,Parulidae,620,Yes,Forest,Upper
2014-09-03,14.0,CHI,setophaga,ruticilla,Parulidae,868,Yes,Edge,Upper
2014-09-03,14.0,CHI,catharus,ustulatus,Turdidae,2331,Yes,Forest,Lower
2014-09-03,14.0,CHI,catharus,ustulatus,Turdidae,2331,Yes,Forest,Lower
2014-09-03,14.0,MP,Seiurus,aurocapilla,Parulidae,4580,Yes,Forest,Lower
2014-09-03,14.0,CHI,setophaga,ruticilla,Parulidae,868,Yes,Edge,Upper
2014-09-03,14.0,CHI,Seiurus,aurocapilla,Parulidae,4580,Yes,Forest,Lower
2014-09-03,14.0,CHI,Seiurus,aurocapilla,Parulidae,4580,Yes,Forest,Lower
2014-09-03,14.0,MP,catharus,ustulatus,Turdidae,2331,Yes,Forest,Lower
2014-09-03,14.0,CHI,Setophaga,pensylvanica,Parulidae,303,Yes,Edge,Upper
2014-09-03,14.0,CHI,catharus,ustulatus,Turdidae,2331,Yes,Forest,Lower
2014-09-03,14.0,MP,Oreothlypis,ruficapilla,Parulidae,1690,Yes,Forest,Upper
2014-09-03,14.0,CHI,Seiurus,aurocapilla,Parulidae,4580,Yes,Forest,Lower
2014-09-03,14.0,CHI,catharus,ustulatus,Turdidae,2331,Yes,Forest,Lower
2014-09-03,14.0,CHI,Seiurus,aurocapilla,Parulidae,4580,Yes,Forest,Lower
2014-09-03,14.0,CHI,Mniotilta,varia,Parulidae,620,Yes,Forest,Upper
2014-09-03,14.0,CHI,Mniotilta,varia,Parulidae,620,Yes,Forest,Upper
2014-09-03,14.0,CHI,Seiurus,aurocapilla,Parulidae,4580,Yes,Forest,Lower
2014-09-03,14.0,CHI,Catharus,fuscescens,Turdidae,727,Yes,Forest,Lower
2014-09-03,14.0,CHI,Parkesia,noveboracensis,Parulidae,916,Yes,Forest,Lower
2014-09-03,14.0,CHI,Seiurus,aurocapilla,Parulidae,4580,Yes,Forest,Lower
2014-09-03,14.0,CHI,Seiurus,aurocapilla,Parulidae,4580,Yes,Forest,Lower
2014-09-03,14.0,CHI,Setophaga,magnolia,Parulidae,1224,yes,forest,Upper
2014-09-03,14.0,CHI,Setophaga,magnolia,Parulidae,1224,yes,forest,Upper
2014-09-03,14.0,CHI,Setophaga,magnolia,Parulidae,1224,yes,forest,Upper
2014-09-03,14.0,CHI,Setophaga,magnolia,Parulidae,1224,yes,forest,Upper
2014-09-03,14.0,CHI,Parkesia,noveboracensis,Parulidae,916,Yes,Forest,Lower
2014-09-03,14.0,MP,catharus,ustulatus,Turdidae,2331,Yes,Forest,Lower
2014-09-03,14.0,CHI,Seiurus,aurocapilla,Parulidae,4580,Yes,Forest,Lower
2014-09-03,14.0,CHI,Catharus,minimus,Turdidae,822,Yes,Forest,Lower
2014-09-03,14.0,MP,Catharus,minimus,Turdidae,822,Yes,Forest,Lower
2014-09-03,14.0,CHI,Parkesia,noveboracensis,Parulidae,916,Yes,Forest,Lower
2014-09-03,14.0,CHI,catharus,ustulatus,Turdidae,2331,Yes,Forest,Lower
2014-09-03,14.0,CHI,Oreothlypis,peregrina,Parulidae,2515,Yes,Edge,Upper
2014-09-03,14.0,CHI,Oreothlypis,peregrina,Parulidae,2515,Yes,Edge,Upper
2014-09-03,14.0,CHI,Seiurus,aurocapilla,Parulidae,4580,Yes,Forest,Lower
2014-09-03,14.0,CHI,Oreothlypis,peregrina,Parulidae,2515,Yes,Edge,Upper
2014-09-03,14.0,MP,catharus,ustulatus,Turdidae,2331,Yes,Forest,Lower
2014-09-03,14.0,CHI,Oreothlypis,peregrina,Parulidae,2515,Yes,Edge,Upper
2014-09-03,14.0,CHI,Oreothlypis,peregrina,Parulidae,2515,Yes,Edge,Upper
2014-09-03,14.0,CHI,catharus,ustulatus,Turdidae,2331,Yes,Forest,Lower
2014-09-03,14.0,CHI,Seiurus,aurocapilla,Parulidae,4580,Yes,Forest,Lower
2014-09-03,14.0,CHI,catharus,ustulatus,Turdidae,2331,Yes,Forest,Lower
2014-09-03,14.0,CHI,Oreothlypis,peregrina,Parulidae,2515,Yes,Edge,Upper
2014-09-03,14.0,CHI,Oreothlypis,peregrina,Parulidae,2515,Yes,Edge,Upper
2014-09-03,14.0,MP,Oreothlypis,peregrina,Parulidae,2515,Yes,Edge,Upper
2014-09-03,14.0,CHI,Oreothlypis,peregrina,Parulidae,2515,Yes,Edge,Upper
2014-09-03,14.0,MP,Oreothlypis,peregrina,Parulidae,2515,Yes,Edge,Upper
2014-09-03,14.0,CHI,Oreothlypis,peregrina,Parulidae,2515,Yes,Edge,Upper
2014-09-03,14.0,MP,Oreothlypis,peregrina,Parulidae,2515,Yes,Edge,Upper
2014-09-03,14.0,CHI,Pheucticus,ludovicianus,Cardinalidae,397,Yes,Forest,Upper
2014-09-03,14.0,CHI,Oreothlypis,peregrina,Parulidae,2515,Yes,Edge,Upper
2014-09-04,14.0,CHI,Seiurus,aurocapilla,Parulidae,4580,Yes,Forest,Lower
2014-09-04,14.0,CHI,Cardellina,pusilla,Parulidae,185,Yes,Edge,Lower
2014-09-04,14.0,CHI,Cardellina,pusilla,Parulidae,185,Yes,Edge,Lower
2014-09-04,14.0,CHI,Seiurus,aurocapilla,Parulidae,4580,Yes,Forest,Lower
2014-09-04,14.0,CHI,Oreothlypis,peregrina,Parulidae,2515,Yes,Edge,Upper
2014-09-04,14.0,CHI,catharus,ustulatus,Turdidae,2331,Yes,Forest,Lower
2014-09-04,14.0,CHI,Catharus,fuscescens,Turdidae,727,Yes,Forest,Lower
2014-09-04,14.0,CHI,Geothlypis,trichas,Parulidae,1555,Yes,Open,Lower
2014-09-04,14.0,CHI,Seiurus,aurocapilla,Parulidae,4580,Yes,Forest,Lower
2014-09-04,14.0,CHI,setophaga,ruticilla,Parulidae,868,Yes,Edge,Upper
2014-09-05,14.0,CHI,Oreothlypis,peregrina,Parulidae,2515,Yes,Edge,Upper
2014-09-05,14.0,CHI,Oreothlypis,peregrina,Parulidae,2515,Yes,Edge,Upper
2014-09-05,14.0,CHI,Oreothlypis,peregrina,Parulidae,2515,Yes,Edge,Upper
2014-09-05,14.0,MP,dumetella,carolinensis,Mimidae,599,no,edge,Lower
2014-09-05,14.0,CHI,dumetella,carolinensis,Mimidae,599,no,edge,Lower
2014-09-05,14.0,CHI,Oreothlypis,peregrina,Parulidae,2515,Yes,Edge,Upper
2014-09-06,14.0,CHI,Oreothlypis,peregrina,Parulidae,2515,Yes,Edge,Upper
2014-09-06,14.0,CHI,Setophaga,magnolia,Parulidae,1224,yes,forest,Upper
2014-09-06,14.0,CHI,Setophaga,pensylvanica,Parulidae,303,Yes,Edge,Upper
2014-09-06,14.0,CHI,Hylocichla,mustelina,Turdidae,500,Yes,Forest,Lower
2014-09-06,14.0,CHI,setophaga,ruticilla,Parulidae,868,Yes,Edge,Upper
2014-09-06,14.0,CHI,setophaga,ruticilla,Parulidae,868,Yes,Edge,Upper
2014-09-06,14.0,CHI,setophaga,ruticilla,Parulidae,868,Yes,Edge,Upper
2014-09-06,14.0,CHI,Oreothlypis,peregrina,Parulidae,2515,Yes,Edge,Upper
2014-09-06,14.0,CHI,Oreothlypis,peregrina,Parulidae,2515,Yes,Edge,Upper
2014-09-06,14.0,CHI,Setophaga,magnolia,Parulidae,1224,yes,forest,Upper
2014-09-06,14.0,CHI,setophaga,ruticilla,Parulidae,868,Yes,Edge,Upper
2014-09-06,14.0,MP,setophaga,ruticilla,Parulidae,868,Yes,Edge,Upper
2014-09-06,14.0,CHI,setophaga,ruticilla,Parulidae,868,Yes,Edge,Upper
2014-09-06,14.0,CHI,setophaga,ruticilla,Parulidae,868,Yes,Edge,Upper
2014-09-06,14.0,CHI,setophaga,ruticilla,Parulidae,868,Yes,Edge,Upper
2014-09-06,14.0,CHI,catharus,ustulatus,Turdidae,2331,Yes,Forest,Lower
2014-09-06,14.0,CHI,catharus,ustulatus,Turdidae,2331,Yes,Forest,Lower
2014-09-06,14.0,CHI,Oreothlypis,peregrina,Parulidae,2515,Yes,Edge,Upper
2014-09-06,14.0,MP,Oreothlypis,peregrina,Parulidae,2515,Yes,Edge,Upper
2014-09-06,14.0,CHI,setophaga,ruticilla,Parulidae,868,Yes,Edge,Upper
2014-09-06,14.0,CHI,Parkesia,noveboracensis,Parulidae,916,Yes,Forest,Lower
2014-09-06,14.0,CHI,Setophaga,palmarum,Parulidae,694,Yes,Edge,Lower
2014-09-06,14.0,CHI,Catharus,minimus,Turdidae,822,Yes,Forest,Lower
2014-09-06,14.0,CHI,Vireo,olivaceus,Vireonidae,133,No,Forest,Upper
2014-09-06,14.0,CHI,catharus,ustulatus,Turdidae,2331,Yes,Forest,Lower
2014-09-06,14.0,CHI,Seiurus,aurocapilla,Parulidae,4580,Yes,Forest,Lower
2014-09-06,14.0,CHI,catharus,ustulatus,Turdidae,2331,Yes,Forest,Lower
2014-09-06,14.0,CHI,catharus,ustulatus,Turdidae,2331,Yes,Forest,Lower
2014-09-06,14.0,CHI,Seiurus,aurocapilla,Parulidae,4580,Yes,Forest,Lower
2014-09-06,14.0,CHI,catharus,ustulatus,Turdidae,2331,Yes,Forest,Lower
2014-09-06,14.0,CHI,Mniotilta,varia,Parulidae,620,Yes,Forest,Upper
2014-09-06,14.0,CHI,Seiurus,aurocapilla,Parulidae,4580,Yes,Forest,Lower
2014-09-06,14.0,MP,Empidonax,minimus,Tyrannidae,96,No,Edge,Upper
2014-09-06,14.0,CHI,Seiurus,aurocapilla,Parulidae,4580,Yes,Forest,Lower
2014-09-06,14.0,CHI,Cardellina,pusilla,Parulidae,185,Yes,Edge,Lower
2014-09-06,14.0,MP,Seiurus,aurocapilla,Parulidae,4580,Yes,Forest,Lower
2014-09-06,14.0,CHI,Seiurus,aurocapilla,Parulidae,4580,Yes,Forest,Lower
2014-09-06,14.0,MP,Parkesia,noveboracensis,Parulidae,916,Yes,Forest,Lower
2014-09-06,14.0,MP,Parkesia,noveboracensis,Parulidae,916,Yes,Forest,Lower
2014-09-06,14.0,MP,Parkesia,noveboracensis,Parulidae,916,Yes,Forest,Lower
2014-09-06,14.0,CHI,Vireo,olivaceus,Vireonidae,133,No,Forest,Upper
2014-09-06,14.0,CHI,Oporornis,agilis,Parulidae,365,Yes,Forest,Lower
2014-09-06,14.0,CHI,Oreothlypis,peregrina,Parulidae,2515,Yes,Edge,Upper
2014-09-06,14.0,CHI,Oreothlypis,peregrina,Parulidae,2515,Yes,Edge,Upper
2014-09-06,14.0,CHI,catharus,ustulatus,Turdidae,2331,Yes,Forest,Lower
2014-09-06,14.0,CHI,catharus,ustulatus,Turdidae,2331,Yes,Forest,Lower
2014-09-06,14.0,CHI,catharus,ustulatus,Turdidae,2331,Yes,Forest,Lower
2014-09-06,14.0,MP,Oreothlypis,peregrina,Parulidae,2515,Yes,Edge,Upper
2014-09-06,14.0,CHI,Setophaga,caerulescens,Parulidae,183,Yes,Forest,Upper
2014-09-06,14.0,CHI,Oreothlypis,peregrina,Parulidae,2515,Yes,Edge,Upper
2014-09-06,14.0,CHI,Setophaga,striata,Parulidae,787,Yes,Forest,Upper
2014-09-06,14.0,CHI,Setophaga,striata,Parulidae,787,Yes,Forest,Upper
2014-09-06,14.0,CHI,catharus,ustulatus,Turdidae,2331,Yes,Forest,Lower
2014-09-06,14.0,CHI,Setophaga,striata,Parulidae,787,Yes,Forest,Upper
2014-09-06,14.0,CHI,catharus,ustulatus,Turdidae,2331,Yes,Forest,Lower
2014-09-06,14.0,CHI,Oreothlypis,peregrina,Parulidae,2515,Yes,Edge,Upper
2014-09-06,14.0,CHI,Oreothlypis,peregrina,Parulidae,2515,Yes,Edge,Upper
2014-09-06,14.0,CHI,catharus,ustulatus,Turdidae,2331,Yes,Forest,Lower
2014-09-06,14.0,CHI,Setophaga,striata,Parulidae,787,Yes,Forest,Upper
2014-09-06,14.0,CHI,Oreothlypis,peregrina,Parulidae,2515,Yes,Edge,Upper
2014-09-06,14.0,CHI,catharus,ustulatus,Turdidae,2331,Yes,Forest,Lower
2014-09-06,14.0,MP,catharus,ustulatus,Turdidae,2331,Yes,Forest,Lower
2014-09-07,15.0,CHI,Seiurus,aurocapilla,Parulidae,4580,Yes,Forest,Lower
2014-09-07,15.0,CHI,Cardellina,pusilla,Parulidae,185,Yes,Edge,Lower
2014-09-07,15.0,MP,Seiurus,aurocapilla,Parulidae,4580,Yes,Forest,Lower
2014-09-07,15.0,CHI,Catharus,fuscescens,Turdidae,727,Yes,Forest,Lower
2014-09-07,15.0,CHI,Setophaga,pensylvanica,Parulidae,303,Yes,Edge,Upper
2014-09-07,15.0,CHI,Catharus,fuscescens,Turdidae,727,Yes,Forest,Lower
2014-09-07,15.0,MP,Seiurus,aurocapilla,Parulidae,4580,Yes,Forest,Lower
2014-09-07,15.0,CHI,Seiurus,aurocapilla,Parulidae,4580,Yes,Forest,Lower
2014-09-07,15.0,CHI,Seiurus,aurocapilla,Parulidae,4580,Yes,Forest,Lower
2014-09-07,15.0,CHI,catharus,ustulatus,Turdidae,2331,Yes,Forest,Lower
2014-09-07,15.0,CHI,Oporornis,agilis,Parulidae,365,Yes,Forest,Lower
2014-09-07,15.0,CHI,Oreothlypis,peregrina,Parulidae,2515,Yes,Edge,Upper
2014-09-07,15.0,CHI,geothlypis,philadelphia,Parulidae,430,Yes,Edge,Lower
2014-09-07,15.0,CHI,Seiurus,aurocapilla,Parulidae,4580,Yes,Forest,Lower
2014-09-07,15.0,MP,Spizella,passerina,Passerellidae,68,Yes,Edge,Lower
2014-09-07,15.0,CHI,catharus,ustulatus,Turdidae,2331,Yes,Forest,Lower
2014-09-07,15.0,CHI,Oreothlypis,peregrina,Parulidae,2515,Yes,Edge,Upper
2014-09-07,15.0,CHI,catharus,ustulatus,Turdidae,2331,Yes,Forest,Lower
2014-09-07,15.0,CHI,setophaga,ruticilla,Parulidae,868,Yes,Edge,Upper
2014-09-07,15.0,CHI,catharus,ustulatus,Turdidae,2331,Yes,Forest,Lower
2014-09-07,15.0,CHI,Setophaga,virens,Parulidae,223,Yes,Forest,Upper
2014-09-07,15.0,CHI,Oreothlypis,peregrina,Parulidae,2515,Yes,Edge,Upper
2014-09-07,15.0,CHI,Setophaga,magnolia,Parulidae,1224,yes,forest,Upper
2014-09-07,15.0,CHI,Setophaga,magnolia,Parulidae,1224,yes,forest,Upper
2014-09-07,15.0,CHI,Setophaga,magnolia,Parulidae,1224,yes,forest,Upper
2014-09-07,15.0,CHI,Setophaga,magnolia,Parulidae,1224,yes,forest,Upper
2014-09-07,15.0,CHI,Setophaga,caerulescens,Parulidae,183,Yes,Forest,Upper
2014-09-07,15.0,CHI,Geothlypis,trichas,Parulidae,1555,Yes,Open,Lower
2014-09-07,15.0,CHI,Seiurus,aurocapilla,Parulidae,4580,Yes,Forest,Lower
2014-09-07,15.0,CHI,Setophaga,magnolia,Parulidae,1224,yes,forest,Upper
2014-09-07,15.0,CHI,catharus,ustulatus,Turdidae,2331,Yes,Forest,Lower
2014-09-07,15.0,CHI,catharus,ustulatus,Turdidae,2331,Yes,Forest,Lower
2014-09-07,15.0,CHI,Melospiza,lincolnii,Passerellidae,2029,yes,edge,Lower
2014-09-07,15.0,CHI,Geothlypis,trichas,Parulidae,1555,Yes,Open,Lower
2014-09-07,15.0,CHI,catharus,ustulatus,Turdidae,2331,Yes,Forest,Lower
2014-09-07,15.0,MP,Seiurus,aurocapilla,Parulidae,4580,Yes,Forest,Lower
2014-09-07,15.0,CHI,Setophaga,magnolia,Parulidae,1224,yes,forest,Upper
2014-09-07,15.0,CHI,catharus,ustulatus,Turdidae,2331,Yes,Forest,Lower
2014-09-07,15.0,CHI,catharus,ustulatus,Turdidae,2331,Yes,Forest,Lower
2014-09-07,15.0,CHI,catharus,ustulatus,Turdidae,2331,Yes,Forest,Lower
2014-09-07,15.0,CHI,Oreothlypis,peregrina,Parulidae,2515,Yes,Edge,Upper
2014-09-07,15.0,CHI,Catharus,minimus,Turdidae,822,Yes,Forest,Lower
2014-09-07,15.0,CHI,Seiurus,aurocapilla,Parulidae,4580,Yes,Forest,Lower
2014-09-07,15.0,CHI,setophaga,ruticilla,Parulidae,868,Yes,Edge,Upper
2014-09-07,15.0,CHI,setophaga,ruticilla,Parulidae,868,Yes,Edge,Upper
2014-09-07,15.0,CHI,catharus,ustulatus,Turdidae,2331,Yes,Forest,Lower
2014-09-07,15.0,CHI,catharus,ustulatus,Turdidae,2331,Yes,Forest,Lower
2014-09-07,15.0,CHI,Oreothlypis,peregrina,Parulidae,2515,Yes,Edge,Upper
2014-09-07,15.0,CHI,Empidonax,minimus,Tyrannidae,96,No,Edge,Upper
2014-09-07,15.0,MP,Oreothlypis,peregrina,Parulidae,2515,Yes,Edge,Upper
2014-09-07,15.0,CHI,Empidonax,minimus,Tyrannidae,96,No,Edge,Upper
2014-09-07,15.0,MP,Oreothlypis,peregrina,Parulidae,2515,Yes,Edge,Upper
2014-09-07,15.0,CHI,Seiurus,aurocapilla,Parulidae,4580,Yes,Forest,Lower
2014-09-07,15.0,MP,Oreothlypis,peregrina,Parulidae,2515,Yes,Edge,Upper
2014-09-07,15.0,CHI,Setophaga,palmarum,Parulidae,694,Yes,Edge,Lower
2014-09-07,15.0,CHI,Seiurus,aurocapilla,Parulidae,4580,Yes,Forest,Lower
2014-09-07,15.0,CHI,Seiurus,aurocapilla,Parulidae,4580,Yes,Forest,Lower
2014-09-07,15.0,CHI,Seiurus,aurocapilla,Parulidae,4580,Yes,Forest,Lower
2014-09-07,15.0,CHI,Oreothlypis,peregrina,Parulidae,2515,Yes,Edge,Upper
2014-09-07,15.0,CHI,Seiurus,aurocapilla,Parulidae,4580,Yes,Forest,Lower
2014-09-07,15.0,CHI,catharus,ustulatus,Turdidae,2331,Yes,Forest,Lower
2014-09-07,15.0,CHI,Seiurus,aurocapilla,Parulidae,4580,Yes,Forest,Lower
2014-09-07,15.0,MP,Oreothlypis,peregrina,Parulidae,2515,Yes,Edge,Upper
2014-09-07,15.0,MP,Seiurus,aurocapilla,Parulidae,4580,Yes,Forest,Lower
2014-09-07,15.0,CHI,Seiurus,aurocapilla,Parulidae,4580,Yes,Forest,Lower
2014-09-07,15.0,CHI,Seiurus,aurocapilla,Parulidae,4580,Yes,Forest,Lower
2014-09-07,15.0,CHI,catharus,ustulatus,Turdidae,2331,Yes,Forest,Lower
2014-09-07,15.0,CHI,catharus,ustulatus,Turdidae,2331,Yes,Forest,Lower
2014-09-07,15.0,CHI,catharus,ustulatus,Turdidae,2331,Yes,Forest,Lower
2014-09-07,15.0,CHI,catharus,ustulatus,Turdidae,2331,Yes,Forest,Lower
2014-09-07,15.0,CHI,Vireo,olivaceus,Vireonidae,133,No,Forest,Upper
2014-09-07,15.0,CHI,Setophaga,fusca,Parulidae,201,Yes,Forest,Upper
2014-09-07,15.0,CHI,Seiurus,aurocapilla,Parulidae,4580,Yes,Forest,Lower
2014-09-07,15.0,CHI,Parkesia,noveboracensis,Parulidae,916,Yes,Forest,Lower
2014-09-07,15.0,CHI,Seiurus,aurocapilla,Parulidae,4580,Yes,Forest,Lower
2014-09-07,15.0,CHI,Setophaga,striata,Parulidae,787,Yes,Forest,Upper
2014-09-07,15.0,CHI,Setophaga,striata,Parulidae,787,Yes,Forest,Upper
2014-09-07,15.0,MP,Parkesia,noveboracensis,Parulidae,916,Yes,Forest,Lower
2014-09-08,15.0,CHI,setophaga,ruticilla,Parulidae,868,Yes,Edge,Upper
2014-09-08,15.0,MP,setophaga,ruticilla,Parulidae,868,Yes,Edge,Upper
2014-09-08,15.0,CHI,catharus,ustulatus,Turdidae,2331,Yes,Forest,Lower
2014-09-08,15.0,CHI,Setophaga,striata,Parulidae,787,Yes,Forest,Upper
2014-09-08,15.0,CHI,Setophaga,magnolia,Parulidae,1224,yes,forest,Upper
2014-09-08,15.0,CHI,Sayornis,phoebe,Tyrannidae,24,No,Edge,Upper
2014-09-08,15.0,MP,Setophaga,striata,Parulidae,787,Yes,Forest,Upper
2014-09-08,15.0,CHI,catharus,ustulatus,Turdidae,2331,Yes,Forest,Lower
2014-09-08,15.0,CHI,Melospiza,lincolnii,Passerellidae,2029,yes,edge,Lower
2014-09-08,15.0,CHI,Geothlypis,trichas,Parulidae,1555,Yes,Open,Lower
2014-09-08,15.0,CHI,Pheucticus,ludovicianus,Cardinalidae,397,Yes,Forest,Upper
2014-09-08,15.0,CHI,catharus,ustulatus,Turdidae,2331,Yes,Forest,Lower
2014-09-08,15.0,CHI,catharus,ustulatus,Turdidae,2331,Yes,Forest,Lower
2014-09-08,15.0,MP,Setophaga,palmarum,Parulidae,694,Yes,Edge,Lower
2014-09-08,15.0,CHI,Parkesia,noveboracensis,Parulidae,916,Yes,Forest,Lower
2014-09-08,15.0,CHI,Melospiza,lincolnii,Passerellidae,2029,yes,edge,Lower
2014-09-08,15.0,CHI,Oreothlypis,peregrina,Parulidae,2515,Yes,Edge,Upper
2014-09-08,15.0,CHI,Oreothlypis,peregrina,Parulidae,2515,Yes,Edge,Upper
2014-09-08,15.0,CHI,Oreothlypis,peregrina,Parulidae,2515,Yes,Edge,Upper
2014-09-08,15.0,CHI,Oreothlypis,peregrina,Parulidae,2515,Yes,Edge,Upper
2014-09-08,15.0,CHI,Seiurus,aurocapilla,Parulidae,4580,Yes,Forest,Lower
2014-09-08,15.0,CHI,Cardellina,pusilla,Parulidae,185,Yes,Edge,Lower
2014-09-09,15.0,CHI,Seiurus,aurocapilla,Parulidae,4580,Yes,Forest,Lower
2014-09-09,15.0,MP,Oreothlypis,peregrina,Parulidae,2515,Yes,Edge,Upper
2014-09-09,15.0,CHI,Setophaga,striata,Parulidae,787,Yes,Forest,Upper
2014-09-09,15.0,CHI,Setophaga,striata,Parulidae,787,Yes,Forest,Upper
2014-09-09,15.0,CHI,Oreothlypis,ruficapilla,Parulidae,1690,Yes,Forest,Upper
2014-09-09,15.0,MP,catharus,ustulatus,Turdidae,2331,Yes,Forest,Lower
2014-09-09,15.0,CHI,Oreothlypis,ruficapilla,Parulidae,1690,Yes,Forest,Upper
2014-09-10,17.0,CHI,Oreothlypis,peregrina,Parulidae,2515,Yes,Edge,Upper
2014-09-10,17.0,CHI,Oreothlypis,peregrina,Parulidae,2515,Yes,Edge,Upper
2014-09-10,17.0,CHI,Setophaga,striata,Parulidae,787,Yes,Forest,Upper
2014-09-11,14.0,CHI,Oreothlypis,peregrina,Parulidae,2515,Yes,Edge,Upper
2014-09-11,14.0,CHI,catharus,ustulatus,Turdidae,2331,Yes,Forest,Lower
2014-09-11,14.0,CHI,Oreothlypis,peregrina,Parulidae,2515,Yes,Edge,Upper
2014-09-11,14.0,CHI,setophaga,ruticilla,Parulidae,868,Yes,Edge,Upper
2014-09-11,14.0,CHI,Empidonax,minimus,Tyrannidae,96,No,Edge,Upper
2014-09-11,14.0,CHI,catharus,ustulatus,Turdidae,2331,Yes,Forest,Lower
2014-09-11,14.0,CHI,catharus,ustulatus,Turdidae,2331,Yes,Forest,Lower
2014-09-11,14.0,CHI,Catharus,minimus,Turdidae,822,Yes,Forest,Lower
2014-09-11,14.0,CHI,Seiurus,aurocapilla,Parulidae,4580,Yes,Forest,Lower
2014-09-11,14.0,CHI,Seiurus,aurocapilla,Parulidae,4580,Yes,Forest,Lower
2014-09-11,14.0,CHI,Catharus,fuscescens,Turdidae,727,Yes,Forest,Lower
2014-09-11,14.0,CHI,Setophaga,pensylvanica,Parulidae,303,Yes,Edge,Upper
2014-09-11,14.0,CHI,catharus,ustulatus,Turdidae,2331,Yes,Forest,Lower
2014-09-11,14.0,CHI,catharus,ustulatus,Turdidae,2331,Yes,Forest,Lower
2014-09-11,14.0,CHI,Piranga,olivacea,Cardinalidae,127,Yes,Forest,Upper
2014-09-11,14.0,CHI,catharus,ustulatus,Turdidae,2331,Yes,Forest,Lower
2014-09-11,14.0,CHI,Catharus,minimus,Turdidae,822,Yes,Forest,Lower
2014-09-11,14.0,CHI,Catharus,minimus,Turdidae,822,Yes,Forest,Lower
2014-09-11,14.0,CHI,Oporornis,agilis,Parulidae,365,Yes,Forest,Lower
2014-09-11,14.0,MP,Setophaga,striata,Parulidae,787,Yes,Forest,Upper
2014-09-11,14.0,CHI,Setophaga,magnolia,Parulidae,1224,yes,forest,Upper
2014-09-12,14.0,MP,Catharus,minimus,Turdidae,822,Yes,Forest,Lower
2014-09-12,14.0,CHI,Vireo,olivaceus,Vireonidae,133,No,Forest,Upper
2014-09-12,14.0,MP,Pheucticus,ludovicianus,Cardinalidae,397,Yes,Forest,Upper
2014-09-12,14.0,CHI,Cardellina,pusilla,Parulidae,185,Yes,Edge,Lower
2014-09-12,14.0,CHI,catharus,ustulatus,Turdidae,2331,Yes,Forest,Lower
2014-09-12,14.0,CHI,Setophaga,tigrina,Parulidae,182,Yes,Forest,Upper
2014-09-12,14.0,CHI,catharus,ustulatus,Turdidae,2331,Yes,Forest,Lower
2014-09-12,14.0,CHI,Cardellina,pusilla,Parulidae,185,Yes,Edge,Lower
2014-09-12,14.0,CHI,catharus,ustulatus,Turdidae,2331,Yes,Forest,Lower
2014-09-12,14.0,CHI,catharus,ustulatus,Turdidae,2331,Yes,Forest,Lower
2014-09-12,14.0,CHI,catharus,ustulatus,Turdidae,2331,Yes,Forest,Lower
2014-09-12,14.0,CHI,catharus,ustulatus,Turdidae,2331,Yes,Forest,Lower
2014-09-12,14.0,CHI,Catharus,minimus,Turdidae,822,Yes,Forest,Lower
2014-09-12,14.0,CHI,catharus,ustulatus,Turdidae,2331,Yes,Forest,Lower
2014-09-12,14.0,CHI,catharus,ustulatus,Turdidae,2331,Yes,Forest,Lower
2014-09-12,14.0,MP,catharus,ustulatus,Turdidae,2331,Yes,Forest,Lower
2014-09-12,14.0,CHI,Catharus,minimus,Turdidae,822,Yes,Forest,Lower
2014-09-12,14.0,CHI,Geothlypis,trichas,Parulidae,1555,Yes,Open,Lower
2014-09-12,14.0,CHI,Setophaga,striata,Parulidae,787,Yes,Forest,Upper
2014-09-12,14.0,CHI,Geothlypis,trichas,Parulidae,1555,Yes,Open,Lower
2014-09-12,14.0,CHI,cistothorus,palustris,Troglodytidae,91,No,Open,Lower
2014-09-12,14.0,CHI,Setophaga,magnolia,Parulidae,1224,yes,forest,Upper
2014-09-12,14.0,CHI,Seiurus,aurocapilla,Parulidae,4580,Yes,Forest,Lower
2014-09-12,14.0,CHI,Oreothlypis,ruficapilla,Parulidae,1690,Yes,Forest,Upper
2014-09-12,14.0,CHI,Seiurus,aurocapilla,Parulidae,4580,Yes,Forest,Lower
2014-09-12,14.0,CHI,Seiurus,aurocapilla,Parulidae,4580,Yes,Forest,Lower
2014-09-12,14.0,CHI,Oreothlypis,ruficapilla,Parulidae,1690,Yes,Forest,Upper
2014-09-12,14.0,CHI,geothlypis,philadelphia,Parulidae,430,Yes,Edge,Lower
2014-09-12,14.0,CHI,Setophaga,fusca,Parulidae,201,Yes,Forest,Upper
2014-09-12,14.0,MP,Setophaga,virens,Parulidae,223,Yes,Forest,Upper
2014-09-12,14.0,CHI,Setophaga,virens,Parulidae,223,Yes,Forest,Upper
2014-09-12,14.0,CHI,Oreothlypis,peregrina,Parulidae,2515,Yes,Edge,Upper
2014-09-12,14.0,CHI,Oreothlypis,peregrina,Parulidae,2515,Yes,Edge,Upper
2014-09-12,14.0,CHI,Setophaga,pensylvanica,Parulidae,303,Yes,Edge,Upper
2014-09-12,14.0,CHI,Geothlypis,trichas,Parulidae,1555,Yes,Open,Lower
2014-09-12,14.0,CHI,Oreothlypis,peregrina,Parulidae,2515,Yes,Edge,Upper
2014-09-12,14.0,CHI,Seiurus,aurocapilla,Parulidae,4580,Yes,Forest,Lower
2014-09-12,14.0,CHI,setophaga,ruticilla,Parulidae,868,Yes,Edge,Upper
2014-09-12,14.0,CHI,Setophaga,magnolia,Parulidae,1224,yes,forest,Upper
2014-09-12,14.0,CHI,Setophaga,magnolia,Parulidae,1224,yes,forest,Upper
2014-09-12,14.0,CHI,Setophaga,magnolia,Parulidae,1224,yes,forest,Upper
2014-09-12,14.0,CHI,Setophaga,magnolia,Parulidae,1224,yes,forest,Upper
2014-09-12,14.0,CHI,setophaga,ruticilla,Parulidae,868,Yes,Edge,Upper
2014-09-12,14.0,CHI,Setophaga,magnolia,Parulidae,1224,yes,forest,Upper
2014-09-13,16.0,CHI,geothlypis,philadelphia,Parulidae,430,Yes,Edge,Lower
2014-09-13,16.0,CHI,catharus,ustulatus,Turdidae,2331,Yes,Forest,Lower
2014-09-13,16.0,CHI,Catharus,minimus,Turdidae,822,Yes,Forest,Lower
2014-09-13,16.0,MP,Parkesia,noveboracensis,Parulidae,916,Yes,Forest,Lower
2014-09-13,16.0,CHI,Oreothlypis,peregrina,Parulidae,2515,Yes,Edge,Upper
2014-09-13,16.0,CHI,Catharus,minimus,Turdidae,822,Yes,Forest,Lower
2014-09-13,16.0,MP,catharus,ustulatus,Turdidae,2331,Yes,Forest,Lower
2014-09-13,16.0,CHI,Oreothlypis,peregrina,Parulidae,2515,Yes,Edge,Upper
2014-09-13,16.0,CHI,Pheucticus,ludovicianus,Cardinalidae,397,Yes,Forest,Upper
2014-09-13,16.0,CHI,Cardellina,pusilla,Parulidae,185,Yes,Edge,Lower
2014-09-13,16.0,MP,Oreothlypis,peregrina,Parulidae,2515,Yes,Edge,Upper
2014-09-13,16.0,CHI,Seiurus,aurocapilla,Parulidae,4580,Yes,Forest,Lower
2014-09-13,16.0,CHI,catharus,ustulatus,Turdidae,2331,Yes,Forest,Lower
2014-09-13,16.0,MP,Melospiza,lincolnii,Passerellidae,2029,yes,edge,Lower
2014-09-13,16.0,CHI,catharus,ustulatus,Turdidae,2331,Yes,Forest,Lower
2014-09-13,16.0,CHI,catharus,ustulatus,Turdidae,2331,Yes,Forest,Lower
2014-09-13,16.0,MP,Setophaga,striata,Parulidae,787,Yes,Forest,Upper
2014-09-13,16.0,MP,Setophaga,caerulescens,Parulidae,183,Yes,Forest,Upper
2014-09-13,16.0,CHI,Geothlypis,trichas,Parulidae,1555,Yes,Open,Lower
2014-09-13,16.0,CHI,Setophaga,magnolia,Parulidae,1224,yes,forest,Upper
2014-09-13,16.0,CHI,catharus,ustulatus,Turdidae,2331,Yes,Forest,Lower
2014-09-13,16.0,CHI,catharus,ustulatus,Turdidae,2331,Yes,Forest,Lower
2014-09-13,16.0,CHI,Oreothlypis,peregrina,Parulidae,2515,Yes,Edge,Upper
2014-09-13,16.0,CHI,catharus,ustulatus,Turdidae,2331,Yes,Forest,Lower
2014-09-13,16.0,CHI,Seiurus,aurocapilla,Parulidae,4580,Yes,Forest,Lower
2014-09-13,16.0,CHI,Seiurus,aurocapilla,Parulidae,4580,Yes,Forest,Lower
2014-09-13,16.0,CHI,catharus,ustulatus,Turdidae,2331,Yes,Forest,Lower
2014-09-13,16.0,MP,Setophaga,striata,Parulidae,787,Yes,Forest,Upper
2014-09-14,14.0,CHI,Oreothlypis,ruficapilla,Parulidae,1690,Yes,Forest,Upper
2014-09-14,14.0,CHI,Parkesia,noveboracensis,Parulidae,916,Yes,Forest,Lower
2014-09-14,14.0,CHI,geothlypis,philadelphia,Parulidae,430,Yes,Edge,Lower
2014-09-14,14.0,CHI,catharus,ustulatus,Turdidae,2331,Yes,Forest,Lower
2014-09-14,14.0,CHI,Oporornis,agilis,Parulidae,365,Yes,Forest,Lower
2014-09-14,14.0,CHI,Oporornis,agilis,Parulidae,365,Yes,Forest,Lower
2014-09-14,14.0,MP,Geothlypis,trichas,Parulidae,1555,Yes,Open,Lower
2014-09-14,14.0,CHI,catharus,ustulatus,Turdidae,2331,Yes,Forest,Lower
2014-09-14,14.0,CHI,catharus,ustulatus,Turdidae,2331,Yes,Forest,Lower
2014-09-14,14.0,CHI,Seiurus,aurocapilla,Parulidae,4580,Yes,Forest,Lower
2014-09-14,14.0,CHI,Setophaga,striata,Parulidae,787,Yes,Forest,Upper
2014-09-14,14.0,CHI,Seiurus,aurocapilla,Parulidae,4580,Yes,Forest,Lower
2014-09-14,14.0,CHI,Oreothlypis,peregrina,Parulidae,2515,Yes,Edge,Upper
2014-09-14,14.0,CHI,Geothlypis,trichas,Parulidae,1555,Yes,Open,Lower
2014-09-14,14.0,CHI,Setophaga,striata,Parulidae,787,Yes,Forest,Upper
2014-09-14,14.0,CHI,Seiurus,aurocapilla,Parulidae,4580,Yes,Forest,Lower
2014-09-15,17.0,CHI,Oreothlypis,ruficapilla,Parulidae,1690,Yes,Forest,Upper
2014-09-15,17.0,CHI,Seiurus,aurocapilla,Parulidae,4580,Yes,Forest,Lower
2014-09-15,17.0,CHI,Oreothlypis,peregrina,Parulidae,2515,Yes,Edge,Upper
2014-09-15,17.0,CHI,Seiurus,aurocapilla,Parulidae,4580,Yes,Forest,Lower
2014-09-15,17.0,CHI,Seiurus,aurocapilla,Parulidae,4580,Yes,Forest,Lower
2014-09-15,17.0,CHI,catharus,ustulatus,Turdidae,2331,Yes,Forest,Lower
2014-09-15,17.0,CHI,Seiurus,aurocapilla,Parulidae,4580,Yes,Forest,Lower
2014-09-15,17.0,CHI,Seiurus,aurocapilla,Parulidae,4580,Yes,Forest,Lower
2014-09-15,17.0,MP,Seiurus,aurocapilla,Parulidae,4580,Yes,Forest,Lower
2014-09-15,17.0,CHI,Seiurus,aurocapilla,Parulidae,4580,Yes,Forest,Lower
2014-09-15,17.0,CHI,Seiurus,aurocapilla,Parulidae,4580,Yes,Forest,Lower
2014-09-15,17.0,MP,Seiurus,aurocapilla,Parulidae,4580,Yes,Forest,Lower
2014-09-15,17.0,CHI,Setophaga,fusca,Parulidae,201,Yes,Forest,Upper
2014-09-15,17.0,CHI,Seiurus,aurocapilla,Parulidae,4580,Yes,Forest,Lower
2014-09-15,17.0,CHI,catharus,ustulatus,Turdidae,2331,Yes,Forest,Lower
2014-09-15,17.0,CHI,Cardellina,canadensis,Parulidae,241,Yes,Forest,Lower
2014-09-15,17.0,CHI,Oreothlypis,peregrina,Parulidae,2515,Yes,Edge,Upper
2014-09-15,17.0,CHI,catharus,ustulatus,Turdidae,2331,Yes,Forest,Lower
2014-09-15,17.0,CHI,Oreothlypis,peregrina,Parulidae,2515,Yes,Edge,Upper
2014-09-15,17.0,CHI,Setophaga,pensylvanica,Parulidae,303,Yes,Edge,Upper
2014-09-15,17.0,CHI,Oreothlypis,peregrina,Parulidae,2515,Yes,Edge,Upper
2014-09-15,17.0,CHI,catharus,ustulatus,Turdidae,2331,Yes,Forest,Lower
2014-09-15,17.0,CHI,Oreothlypis,peregrina,Parulidae,2515,Yes,Edge,Upper
2014-09-15,17.0,CHI,geothlypis,philadelphia,Parulidae,430,Yes,Edge,Lower
2014-09-15,17.0,CHI,Seiurus,aurocapilla,Parulidae,4580,Yes,Forest,Lower
2014-09-15,17.0,CHI,Seiurus,aurocapilla,Parulidae,4580,Yes,Forest,Lower
2014-09-15,17.0,CHI,Seiurus,aurocapilla,Parulidae,4580,Yes,Forest,Lower
2014-09-15,17.0,MP,catharus,ustulatus,Turdidae,2331,Yes,Forest,Lower
2014-09-15,17.0,CHI,Oreothlypis,peregrina,Parulidae,2515,Yes,Edge,Upper
2014-09-15,17.0,CHI,Oreothlypis,peregrina,Parulidae,2515,Yes,Edge,Upper
2014-09-15,17.0,CHI,Oreothlypis,peregrina,Parulidae,2515,Yes,Edge,Upper
2014-09-15,17.0,CHI,Oreothlypis,peregrina,Parulidae,2515,Yes,Edge,Upper
2014-09-15,17.0,CHI,Pheucticus,ludovicianus,Cardinalidae,397,Yes,Forest,Upper
2014-09-15,17.0,CHI,Oreothlypis,peregrina,Parulidae,2515,Yes,Edge,Upper
2014-09-15,17.0,CHI,Oreothlypis,peregrina,Parulidae,2515,Yes,Edge,Upper
2014-09-15,17.0,CHI,Oreothlypis,peregrina,Parulidae,2515,Yes,Edge,Upper
2014-09-15,17.0,CHI,Setophaga,pensylvanica,Parulidae,303,Yes,Edge,Upper
2014-09-15,17.0,CHI,Oreothlypis,peregrina,Parulidae,2515,Yes,Edge,Upper
2014-09-15,17.0,MP,Seiurus,aurocapilla,Parulidae,4580,Yes,Forest,Lower
2014-09-15,17.0,CHI,Oreothlypis,peregrina,Parulidae,2515,Yes,Edge,Upper
2014-09-15,17.0,CHI,Oreothlypis,peregrina,Parulidae,2515,Yes,Edge,Upper
2014-09-15,17.0,CHI,Oreothlypis,peregrina,Parulidae,2515,Yes,Edge,Upper
2014-09-15,17.0,CHI,Oreothlypis,peregrina,Parulidae,2515,Yes,Edge,Upper
2014-09-15,17.0,CHI,Parkesia,noveboracensis,Parulidae,916,Yes,Forest,Lower
2014-09-15,17.0,CHI,Seiurus,aurocapilla,Parulidae,4580,Yes,Forest,Lower
2014-09-15,17.0,CHI,Parkesia,noveboracensis,Parulidae,916,Yes,Forest,Lower
2014-09-15,17.0,CHI,Oreothlypis,peregrina,Parulidae,2515,Yes,Edge,Upper
2014-09-15,17.0,CHI,Oreothlypis,peregrina,Parulidae,2515,Yes,Edge,Upper
2014-09-15,17.0,CHI,Oreothlypis,peregrina,Parulidae,2515,Yes,Edge,Upper
2014-09-15,17.0,CHI,Oreothlypis,peregrina,Parulidae,2515,Yes,Edge,Upper
2014-09-15,17.0,CHI,Seiurus,aurocapilla,Parulidae,4580,Yes,Forest,Lower
2014-09-15,17.0,CHI,Seiurus,aurocapilla,Parulidae,4580,Yes,Forest,Lower
2014-09-15,17.0,CHI,Seiurus,aurocapilla,Parulidae,4580,Yes,Forest,Lower
2014-09-15,17.0,CHI,Seiurus,aurocapilla,Parulidae,4580,Yes,Forest,Lower
2014-09-15,17.0,CHI,Oreothlypis,peregrina,Parulidae,2515,Yes,Edge,Upper
2014-09-15,17.0,MP,catharus,ustulatus,Turdidae,2331,Yes,Forest,Lower
2014-09-15,17.0,CHI,Oreothlypis,peregrina,Parulidae,2515,Yes,Edge,Upper
2014-09-15,17.0,CHI,catharus,ustulatus,Turdidae,2331,Yes,Forest,Lower
2014-09-15,17.0,CHI,Setophaga,pensylvanica,Parulidae,303,Yes,Edge,Upper
2014-09-15,17.0,CHI,Oreothlypis,peregrina,Parulidae,2515,Yes,Edge,Upper
2014-09-15,17.0,CHI,Seiurus,aurocapilla,Parulidae,4580,Yes,Forest,Lower
2014-09-15,17.0,CHI,Mniotilta,varia,Parulidae,620,Yes,Forest,Upper
2014-09-15,17.0,CHI,Mniotilta,varia,Parulidae,620,Yes,Forest,Upper
2014-09-15,17.0,CHI,Mniotilta,varia,Parulidae,620,Yes,Forest,Upper
2014-09-15,17.0,CHI,Oreothlypis,peregrina,Parulidae,2515,Yes,Edge,Upper
2014-09-15,17.0,CHI,Seiurus,aurocapilla,Parulidae,4580,Yes,Forest,Lower
2014-09-15,17.0,CHI,Oreothlypis,peregrina,Parulidae,2515,Yes,Edge,Upper
2014-09-15,17.0,CHI,Mniotilta,varia,Parulidae,620,Yes,Forest,Upper
2014-09-15,17.0,CHI,catharus,ustulatus,Turdidae,2331,Yes,Forest,Lower
2014-09-15,17.0,MP,Oreothlypis,peregrina,Parulidae,2515,Yes,Edge,Upper
2014-09-15,17.0,CHI,Mniotilta,varia,Parulidae,620,Yes,Forest,Upper
2014-09-15,17.0,CHI,Mniotilta,varia,Parulidae,620,Yes,Forest,Upper
2014-09-15,17.0,MP,Mniotilta,varia,Parulidae,620,Yes,Forest,Upper
2014-09-15,17.0,CHI,Oreothlypis,peregrina,Parulidae,2515,Yes,Edge,Upper
2014-09-15,17.0,CHI,catharus,ustulatus,Turdidae,2331,Yes,Forest,Lower
2014-09-15,17.0,CHI,Oreothlypis,peregrina,Parulidae,2515,Yes,Edge,Upper
2014-09-15,17.0,CHI,Cardellina,pusilla,Parulidae,185,Yes,Edge,Lower
2014-09-15,17.0,CHI,Catharus,minimus,Turdidae,822,Yes,Forest,Lower
2014-09-15,17.0,CHI,Setophaga,striata,Parulidae,787,Yes,Forest,Upper
2014-09-15,17.0,CHI,Setophaga,magnolia,Parulidae,1224,yes,forest,Upper
2014-09-15,17.0,CHI,Setophaga,magnolia,Parulidae,1224,yes,forest,Upper
2014-09-15,17.0,CHI,Setophaga,striata,Parulidae,787,Yes,Forest,Upper
2014-09-15,17.0,CHI,Setophaga,striata,Parulidae,787,Yes,Forest,Upper
2014-09-15,17.0,CHI,Geothlypis,trichas,Parulidae,1555,Yes,Open,Lower
2014-09-15,17.0,CHI,Setophaga,striata,Parulidae,787,Yes,Forest,Upper
2014-09-15,17.0,CHI,Setophaga,striata,Parulidae,787,Yes,Forest,Upper
2014-09-15,17.0,CHI,Setophaga,striata,Parulidae,787,Yes,Forest,Upper
2014-09-15,17.0,CHI,Oreothlypis,peregrina,Parulidae,2515,Yes,Edge,Upper
2014-09-15,17.0,CHI,Mniotilta,varia,Parulidae,620,Yes,Forest,Upper
2014-09-15,17.0,CHI,Oreothlypis,peregrina,Parulidae,2515,Yes,Edge,Upper
2014-09-15,17.0,CHI,setophaga,ruticilla,Parulidae,868,Yes,Edge,Upper
2014-09-15,17.0,CHI,Oreothlypis,peregrina,Parulidae,2515,Yes,Edge,Upper
2014-09-15,17.0,CHI,Seiurus,aurocapilla,Parulidae,4580,Yes,Forest,Lower
2014-09-15,17.0,CHI,Setophaga,pensylvanica,Parulidae,303,Yes,Edge,Upper
2014-09-15,17.0,CHI,Seiurus,aurocapilla,Parulidae,4580,Yes,Forest,Lower
2014-09-15,17.0,CHI,Oreothlypis,peregrina,Parulidae,2515,Yes,Edge,Upper
2014-09-15,17.0,CHI,Mniotilta,varia,Parulidae,620,Yes,Forest,Upper
2014-09-15,17.0,MP,Seiurus,aurocapilla,Parulidae,4580,Yes,Forest,Lower
2014-09-15,17.0,CHI,setophaga,ruticilla,Parulidae,868,Yes,Edge,Upper
2014-09-15,17.0,CHI,Setophaga,pensylvanica,Parulidae,303,Yes,Edge,Upper
2014-09-15,17.0,CHI,Oreothlypis,peregrina,Parulidae,2515,Yes,Edge,Upper
2014-09-15,17.0,CHI,Setophaga,pensylvanica,Parulidae,303,Yes,Edge,Upper
2014-09-15,17.0,CHI,Oreothlypis,peregrina,Parulidae,2515,Yes,Edge,Upper
2014-09-15,17.0,CHI,Seiurus,aurocapilla,Parulidae,4580,Yes,Forest,Lower
2014-09-15,17.0,CHI,setophaga,ruticilla,Parulidae,868,Yes,Edge,Upper
2014-09-15,17.0,MP,Seiurus,aurocapilla,Parulidae,4580,Yes,Forest,Lower
2014-09-15,17.0,MP,Oreothlypis,peregrina,Parulidae,2515,Yes,Edge,Upper
2014-09-15,17.0,CHI,Vireo,olivaceus,Vireonidae,133,No,Forest,Upper
2014-09-15,17.0,CHI,Vireo,olivaceus,Vireonidae,133,No,Forest,Upper
2014-09-15,17.0,CHI,Mniotilta,varia,Parulidae,620,Yes,Forest,Upper
2014-09-15,17.0,CHI,setophaga,ruticilla,Parulidae,868,Yes,Edge,Upper
2014-09-15,17.0,CHI,Mniotilta,varia,Parulidae,620,Yes,Forest,Upper
2014-09-15,17.0,CHI,setophaga,ruticilla,Parulidae,868,Yes,Edge,Upper
2014-09-15,17.0,MP,setophaga,ruticilla,Parulidae,868,Yes,Edge,Upper
2014-09-15,17.0,MP,setophaga,ruticilla,Parulidae,868,Yes,Edge,Upper
2014-09-15,17.0,CHI,Mniotilta,varia,Parulidae,620,Yes,Forest,Upper
2014-09-16,15.0,CHI,Parkesia,noveboracensis,Parulidae,916,Yes,Forest,Lower
2014-09-16,15.0,CHI,catharus,ustulatus,Turdidae,2331,Yes,Forest,Lower
2014-09-16,15.0,CHI,Geothlypis,trichas,Parulidae,1555,Yes,Open,Lower
2014-09-16,15.0,CHI,catharus,ustulatus,Turdidae,2331,Yes,Forest,Lower
2014-09-16,15.0,CHI,catharus,ustulatus,Turdidae,2331,Yes,Forest,Lower
2014-09-16,15.0,CHI,catharus,ustulatus,Turdidae,2331,Yes,Forest,Lower
2014-09-16,15.0,CHI,Geothlypis,trichas,Parulidae,1555,Yes,Open,Lower
2014-09-16,15.0,CHI,catharus,ustulatus,Turdidae,2331,Yes,Forest,Lower
2014-09-16,15.0,CHI,geothlypis,philadelphia,Parulidae,430,Yes,Edge,Lower
2014-09-16,15.0,CHI,Seiurus,aurocapilla,Parulidae,4580,Yes,Forest,Lower
2014-09-16,15.0,MP,Geothlypis,trichas,Parulidae,1555,Yes,Open,Lower
2014-09-16,15.0,CHI,Setophaga,pensylvanica,Parulidae,303,Yes,Edge,Upper
2014-09-16,15.0,CHI,Seiurus,aurocapilla,Parulidae,4580,Yes,Forest,Lower
2014-09-16,15.0,CHI,Seiurus,aurocapilla,Parulidae,4580,Yes,Forest,Lower
2014-09-16,15.0,MP,Oreothlypis,peregrina,Parulidae,2515,Yes,Edge,Upper
2014-09-16,15.0,CHI,Setophaga,tigrina,Parulidae,182,Yes,Forest,Upper
2014-09-16,15.0,CHI,Oreothlypis,peregrina,Parulidae,2515,Yes,Edge,Upper
2014-09-16,15.0,MP,Oreothlypis,peregrina,Parulidae,2515,Yes,Edge,Upper
2014-09-16,15.0,CHI,Seiurus,aurocapilla,Parulidae,4580,Yes,Forest,Lower
2014-09-16,15.0,MP,Oreothlypis,peregrina,Parulidae,2515,Yes,Edge,Upper
2014-09-16,15.0,CHI,Mniotilta,varia,Parulidae,620,Yes,Forest,Upper
2014-09-16,15.0,CHI,Mniotilta,varia,Parulidae,620,Yes,Forest,Upper
2014-09-16,15.0,CHI,Seiurus,aurocapilla,Parulidae,4580,Yes,Forest,Lower
2014-09-16,15.0,CHI,Piranga,olivacea,Cardinalidae,127,Yes,Forest,Upper
2014-09-16,15.0,MP,Seiurus,aurocapilla,Parulidae,4580,Yes,Forest,Lower
2014-09-16,15.0,CHI,catharus,ustulatus,Turdidae,2331,Yes,Forest,Lower
2014-09-16,15.0,MP,Seiurus,aurocapilla,Parulidae,4580,Yes,Forest,Lower
2014-09-16,15.0,CHI,Seiurus,aurocapilla,Parulidae,4580,Yes,Forest,Lower
2014-09-16,15.0,CHI,Geothlypis,trichas,Parulidae,1555,Yes,Open,Lower
2014-09-16,15.0,CHI,setophaga,ruticilla,Parulidae,868,Yes,Edge,Upper
2014-09-16,15.0,CHI,Seiurus,aurocapilla,Parulidae,4580,Yes,Forest,Lower
2014-09-16,15.0,MP,Seiurus,aurocapilla,Parulidae,4580,Yes,Forest,Lower
2014-09-16,15.0,CHI,Geothlypis,trichas,Parulidae,1555,Yes,Open,Lower
2014-09-16,15.0,CHI,catharus,ustulatus,Turdidae,2331,Yes,Forest,Lower
2014-09-16,15.0,CHI,Oreothlypis,peregrina,Parulidae,2515,Yes,Edge,Upper
2014-09-16,15.0,CHI,Oreothlypis,peregrina,Parulidae,2515,Yes,Edge,Upper
2014-09-16,15.0,CHI,Oreothlypis,peregrina,Parulidae,2515,Yes,Edge,Upper
2014-09-16,15.0,MP,Oreothlypis,ruficapilla,Parulidae,1690,Yes,Forest,Upper
2014-09-16,15.0,MP,Seiurus,aurocapilla,Parulidae,4580,Yes,Forest,Lower
2014-09-16,15.0,MP,Oreothlypis,ruficapilla,Parulidae,1690,Yes,Forest,Upper
2014-09-16,15.0,CHI,Setophaga,castanea,Parulidae,287,Yes,Forest,Upper
2014-09-16,15.0,CHI,Seiurus,aurocapilla,Parulidae,4580,Yes,Forest,Lower
2014-09-16,15.0,CHI,cistothorus,palustris,Troglodytidae,91,No,Open,Lower
2014-09-16,15.0,CHI,Oreothlypis,ruficapilla,Parulidae,1690,Yes,Forest,Upper
2014-09-17,14.0,CHI,Oreothlypis,peregrina,Parulidae,2515,Yes,Edge,Upper
2014-09-17,14.0,CHI,Oreothlypis,peregrina,Parulidae,2515,Yes,Edge,Upper
2014-09-17,14.0,CHI,Setophaga,striata,Parulidae,787,Yes,Forest,Upper
2014-09-17,14.0,MP,Oreothlypis,peregrina,Parulidae,2515,Yes,Edge,Upper
2014-09-17,14.0,MP,Zonotrichia,albicollis,Passerellidae,10133,Yes,Forest,Lower
2014-09-17,14.0,CHI,setophaga,ruticilla,Parulidae,868,Yes,Edge,Upper
2014-09-17,14.0,CHI,setophaga,ruticilla,Parulidae,868,Yes,Edge,Upper
2014-09-17,14.0,CHI,setophaga,ruticilla,Parulidae,868,Yes,Edge,Upper
2014-09-17,14.0,CHI,Setophaga,striata,Parulidae,787,Yes,Forest,Upper
2014-09-17,14.0,CHI,Oreothlypis,peregrina,Parulidae,2515,Yes,Edge,Upper
2014-09-17,14.0,CHI,Setophaga,petechia,Parulidae,77,Yes,Edge,Upper
2014-09-17,14.0,CHI,Catharus,minimus,Turdidae,822,Yes,Forest,Lower
2014-09-17,14.0,CHI,catharus,ustulatus,Turdidae,2331,Yes,Forest,Lower
2014-09-17,14.0,CHI,Vireo,olivaceus,Vireonidae,133,No,Forest,Upper
2014-09-17,14.0,MP,Catharus,minimus,Turdidae,822,Yes,Forest,Lower
2014-09-17,14.0,CHI,catharus,ustulatus,Turdidae,2331,Yes,Forest,Lower
2014-09-17,14.0,CHI,Mniotilta,varia,Parulidae,620,Yes,Forest,Upper
2014-09-17,14.0,CHI,Mniotilta,varia,Parulidae,620,Yes,Forest,Upper
2014-09-17,14.0,CHI,Catharus,minimus,Turdidae,822,Yes,Forest,Lower
2014-09-17,14.0,CHI,Setophaga,magnolia,Parulidae,1224,yes,forest,Upper
2014-09-17,14.0,CHI,Setophaga,magnolia,Parulidae,1224,yes,forest,Upper
2014-09-17,14.0,CHI,Catharus,minimus,Turdidae,822,Yes,Forest,Lower
2014-09-17,14.0,CHI,catharus,ustulatus,Turdidae,2331,Yes,Forest,Lower
2014-09-17,14.0,CHI,Mniotilta,varia,Parulidae,620,Yes,Forest,Upper
2014-09-17,14.0,CHI,Mniotilta,varia,Parulidae,620,Yes,Forest,Upper
2014-09-17,14.0,CHI,catharus,ustulatus,Turdidae,2331,Yes,Forest,Lower
2014-09-17,14.0,CHI,Setophaga,striata,Parulidae,787,Yes,Forest,Upper
2014-09-17,14.0,CHI,Seiurus,aurocapilla,Parulidae,4580,Yes,Forest,Lower
2014-09-17,14.0,CHI,Spizella,pallida,Passerellidae,50,Yes,Open,Lower
2014-09-17,14.0,CHI,catharus,ustulatus,Turdidae,2331,Yes,Forest,Lower
2014-09-17,14.0,CHI,Setophaga,striata,Parulidae,787,Yes,Forest,Upper
2014-09-17,14.0,CHI,Setophaga,palmarum,Parulidae,694,Yes,Edge,Lower
2014-09-17,14.0,CHI,Seiurus,aurocapilla,Parulidae,4580,Yes,Forest,Lower
2014-09-17,14.0,CHI,Seiurus,aurocapilla,Parulidae,4580,Yes,Forest,Lower
2014-09-17,14.0,MP,Seiurus,aurocapilla,Parulidae,4580,Yes,Forest,Lower
2014-09-17,14.0,CHI,Seiurus,aurocapilla,Parulidae,4580,Yes,Forest,Lower
2014-09-18,14.0,CHI,Zonotrichia,albicollis,Passerellidae,10133,Yes,Forest,Lower
2014-09-18,14.0,CHI,Seiurus,aurocapilla,Parulidae,4580,Yes,Forest,Lower
2014-09-18,14.0,CHI,catharus,ustulatus,Turdidae,2331,Yes,Forest,Lower
2014-09-18,14.0,CHI,catharus,ustulatus,Turdidae,2331,Yes,Forest,Lower
2014-09-18,14.0,CHI,Zonotrichia,albicollis,Passerellidae,10133,Yes,Forest,Lower
2014-09-18,14.0,CHI,Melospiza,lincolnii,Passerellidae,2029,yes,edge,Lower
2014-09-18,14.0,CHI,Setophaga,striata,Parulidae,787,Yes,Forest,Upper
2014-09-18,14.0,CHI,Melospiza,lincolnii,Passerellidae,2029,yes,edge,Lower
2014-09-18,14.0,MP,Melospiza,lincolnii,Passerellidae,2029,yes,edge,Lower
2014-09-18,14.0,CHI,Vireo,olivaceus,Vireonidae,133,No,Forest,Upper
2014-09-18,14.0,CHI,Melospiza,lincolnii,Passerellidae,2029,yes,edge,Lower
2014-09-18,14.0,CHI,Seiurus,aurocapilla,Parulidae,4580,Yes,Forest,Lower
2014-09-18,14.0,CHI,Melospiza,lincolnii,Passerellidae,2029,yes,edge,Lower
2014-09-18,14.0,CHI,Melospiza,lincolnii,Passerellidae,2029,yes,edge,Lower
2014-09-18,14.0,CHI,catharus,ustulatus,Turdidae,2331,Yes,Forest,Lower
2014-09-18,14.0,CHI,Oreothlypis,peregrina,Parulidae,2515,Yes,Edge,Upper
2014-09-18,14.0,CHI,Oreothlypis,peregrina,Parulidae,2515,Yes,Edge,Upper
2014-09-18,14.0,CHI,Catharus,minimus,Turdidae,822,Yes,Forest,Lower
2014-09-18,14.0,CHI,Setophaga,striata,Parulidae,787,Yes,Forest,Upper
2014-09-18,14.0,CHI,Setophaga,pensylvanica,Parulidae,303,Yes,Edge,Upper
2014-09-18,14.0,CHI,Zonotrichia,albicollis,Passerellidae,10133,Yes,Forest,Lower
2014-09-18,14.0,CHI,Melospiza,lincolnii,Passerellidae,2029,yes,edge,Lower
2014-09-18,14.0,CHI,Setophaga,magnolia,Parulidae,1224,yes,forest,Upper
2014-09-18,14.0,CHI,Geothlypis,trichas,Parulidae,1555,Yes,Open,Lower
2014-09-18,14.0,CHI,Oporornis,agilis,Parulidae,365,Yes,Forest,Lower
2014-09-18,14.0,CHI,Vireo,philadelphicus,Vireonidae,12,No,Forest,Upper
2014-09-18,14.0,CHI,Seiurus,aurocapilla,Parulidae,4580,Yes,Forest,Lower
2014-09-18,14.0,CHI,catharus,ustulatus,Turdidae,2331,Yes,Forest,Lower
2014-09-18,14.0,CHI,catharus,ustulatus,Turdidae,2331,Yes,Forest,Lower
2014-09-18,14.0,CHI,Oreothlypis,ruficapilla,Parulidae,1690,Yes,Forest,Upper
2014-09-18,14.0,CHI,catharus,ustulatus,Turdidae,2331,Yes,Forest,Lower
2014-09-18,14.0,CHI,setophaga,ruticilla,Parulidae,868,Yes,Edge,Upper
2014-09-18,14.0,CHI,setophaga,ruticilla,Parulidae,868,Yes,Edge,Upper
2014-09-18,14.0,CHI,Setophaga,magnolia,Parulidae,1224,yes,forest,Upper
2014-09-18,14.0,CHI,Seiurus,aurocapilla,Parulidae,4580,Yes,Forest,Lower
2014-09-18,14.0,CHI,catharus,ustulatus,Turdidae,2331,Yes,Forest,Lower
2014-09-19,14.0,CHI,Mniotilta,varia,Parulidae,620,Yes,Forest,Upper
2014-09-19,14.0,CHI,Mniotilta,varia,Parulidae,620,Yes,Forest,Upper
2014-09-19,14.0,MP,Toxostoma,rufum,Mimidae,166,No,Edge,Lower
2014-09-19,14.0,CHI,Oreothlypis,ruficapilla,Parulidae,1690,Yes,Forest,Upper
2014-09-19,14.0,CHI,setophaga,ruticilla,Parulidae,868,Yes,Edge,Upper
2014-09-19,14.0,CHI,Oreothlypis,ruficapilla,Parulidae,1690,Yes,Forest,Upper
2014-09-19,14.0,CHI,Oreothlypis,peregrina,Parulidae,2515,Yes,Edge,Upper
2014-09-19,14.0,CHI,Oreothlypis,ruficapilla,Parulidae,1690,Yes,Forest,Upper
2014-09-19,14.0,MP,Geothlypis,trichas,Parulidae,1555,Yes,Open,Lower
2014-09-19,14.0,CHI,Seiurus,aurocapilla,Parulidae,4580,Yes,Forest,Lower
2014-09-19,14.0,CHI,Melospiza,lincolnii,Passerellidae,2029,yes,edge,Lower
2014-09-19,14.0,CHI,Setophaga,striata,Parulidae,787,Yes,Forest,Upper
2014-09-19,14.0,CHI,Oreothlypis,ruficapilla,Parulidae,1690,Yes,Forest,Upper
2014-09-19,14.0,CHI,Seiurus,aurocapilla,Parulidae,4580,Yes,Forest,Lower
2014-09-19,14.0,CHI,Seiurus,aurocapilla,Parulidae,4580,Yes,Forest,Lower
2014-09-19,14.0,CHI,Seiurus,aurocapilla,Parulidae,4580,Yes,Forest,Lower
2014-09-19,14.0,CHI,Seiurus,aurocapilla,Parulidae,4580,Yes,Forest,Lower
2014-09-19,14.0,CHI,Seiurus,aurocapilla,Parulidae,4580,Yes,Forest,Lower
2014-09-19,14.0,CHI,Zonotrichia,albicollis,Passerellidae,10133,Yes,Forest,Lower
2014-09-19,14.0,CHI,Seiurus,aurocapilla,Parulidae,4580,Yes,Forest,Lower
2014-09-19,14.0,CHI,Geothlypis,trichas,Parulidae,1555,Yes,Open,Lower
2014-09-20,14.0,CHI,Catharus,minimus,Turdidae,822,Yes,Forest,Lower
2014-09-20,14.0,CHI,Catharus,minimus,Turdidae,822,Yes,Forest,Lower
2014-09-20,14.0,MP,Melospiza,lincolnii,Passerellidae,2029,yes,edge,Lower
2014-09-20,14.0,CHI,Cardellina,canadensis,Parulidae,241,Yes,Forest,Lower
2014-09-20,14.0,CHI,Oreothlypis,ruficapilla,Parulidae,1690,Yes,Forest,Upper
2014-09-20,14.0,CHI,Oreothlypis,ruficapilla,Parulidae,1690,Yes,Forest,Upper
2014-09-20,14.0,CHI,Oreothlypis,ruficapilla,Parulidae,1690,Yes,Forest,Upper
2014-09-20,14.0,CHI,Vireo,olivaceus,Vireonidae,133,No,Forest,Upper
2014-09-20,14.0,CHI,Setophaga,castanea,Parulidae,287,Yes,Forest,Upper
2014-09-20,14.0,CHI,Seiurus,aurocapilla,Parulidae,4580,Yes,Forest,Lower
2014-09-20,14.0,CHI,Seiurus,aurocapilla,Parulidae,4580,Yes,Forest,Lower
2014-09-20,14.0,CHI,catharus,ustulatus,Turdidae,2331,Yes,Forest,Lower
2014-09-20,14.0,CHI,Setophaga,magnolia,Parulidae,1224,yes,forest,Upper
2014-09-20,14.0,CHI,Setophaga,striata,Parulidae,787,Yes,Forest,Upper
2014-09-20,14.0,CHI,Pheucticus,ludovicianus,Cardinalidae,397,Yes,Forest,Upper
2014-09-20,14.0,CHI,Zonotrichia,albicollis,Passerellidae,10133,Yes,Forest,Lower
2014-09-20,14.0,CHI,Zonotrichia,albicollis,Passerellidae,10133,Yes,Forest,Lower
2014-09-20,14.0,CHI,Mniotilta,varia,Parulidae,620,Yes,Forest,Upper
2014-09-20,14.0,CHI,catharus,ustulatus,Turdidae,2331,Yes,Forest,Lower
2014-09-20,14.0,CHI,Zonotrichia,albicollis,Passerellidae,10133,Yes,Forest,Lower
2014-09-20,14.0,CHI,Seiurus,aurocapilla,Parulidae,4580,Yes,Forest,Lower
2014-09-20,14.0,CHI,Oreothlypis,peregrina,Parulidae,2515,Yes,Edge,Upper
2014-09-20,14.0,CHI,Seiurus,aurocapilla,Parulidae,4580,Yes,Forest,Lower
2014-09-21,14.0,MP,catharus,ustulatus,Turdidae,2331,Yes,Forest,Lower
2014-09-21,14.0,CHI,Oreothlypis,peregrina,Parulidae,2515,Yes,Edge,Upper
2014-09-21,14.0,CHI,Oreothlypis,peregrina,Parulidae,2515,Yes,Edge,Upper
2014-09-21,14.0,CHI,Setophaga,magnolia,Parulidae,1224,yes,forest,Upper
2014-09-21,14.0,CHI,Setophaga,magnolia,Parulidae,1224,yes,forest,Upper
2014-09-21,14.0,MP,Oreothlypis,ruficapilla,Parulidae,1690,Yes,Forest,Upper
2014-09-21,14.0,CHI,Oreothlypis,peregrina,Parulidae,2515,Yes,Edge,Upper
2014-09-21,14.0,CHI,Oreothlypis,ruficapilla,Parulidae,1690,Yes,Forest,Upper
2014-09-21,14.0,CHI,Oreothlypis,peregrina,Parulidae,2515,Yes,Edge,Upper
2014-09-21,14.0,CHI,Oreothlypis,peregrina,Parulidae,2515,Yes,Edge,Upper
2014-09-21,14.0,CHI,Oreothlypis,peregrina,Parulidae,2515,Yes,Edge,Upper
2014-09-21,14.0,MP,Oreothlypis,peregrina,Parulidae,2515,Yes,Edge,Upper
2014-09-21,14.0,CHI,Oreothlypis,peregrina,Parulidae,2515,Yes,Edge,Upper
2014-09-21,14.0,CHI,Oreothlypis,peregrina,Parulidae,2515,Yes,Edge,Upper
2014-09-21,14.0,CHI,Oreothlypis,peregrina,Parulidae,2515,Yes,Edge,Upper
2014-09-21,14.0,CHI,catharus,ustulatus,Turdidae,2331,Yes,Forest,Lower
2014-09-21,14.0,CHI,Oreothlypis,peregrina,Parulidae,2515,Yes,Edge,Upper
2014-09-21,14.0,CHI,Oreothlypis,peregrina,Parulidae,2515,Yes,Edge,Upper
2014-09-21,14.0,CHI,Setophaga,magnolia,Parulidae,1224,yes,forest,Upper
2014-09-21,14.0,CHI,Oreothlypis,peregrina,Parulidae,2515,Yes,Edge,Upper
2014-09-21,14.0,CHI,Setophaga,magnolia,Parulidae,1224,yes,forest,Upper
2014-09-21,14.0,CHI,Oreothlypis,peregrina,Parulidae,2515,Yes,Edge,Upper
2014-09-21,14.0,CHI,Oreothlypis,peregrina,Parulidae,2515,Yes,Edge,Upper
2014-09-21,14.0,CHI,Oreothlypis,peregrina,Parulidae,2515,Yes,Edge,Upper
2014-09-21,14.0,MP,Oreothlypis,peregrina,Parulidae,2515,Yes,Edge,Upper
2014-09-21,14.0,CHI,Setophaga,tigrina,Parulidae,182,Yes,Forest,Upper
2014-09-21,14.0,CHI,Setophaga,palmarum,Parulidae,694,Yes,Edge,Lower
2014-09-21,14.0,CHI,Mniotilta,varia,Parulidae,620,Yes,Forest,Upper
2014-09-21,14.0,CHI,Setophaga,fusca,Parulidae,201,Yes,Forest,Upper
2014-09-21,14.0,CHI,Setophaga,fusca,Parulidae,201,Yes,Forest,Upper
2014-09-21,14.0,CHI,Setophaga,fusca,Parulidae,201,Yes,Forest,Upper
2014-09-21,14.0,CHI,Mniotilta,varia,Parulidae,620,Yes,Forest,Upper
2014-09-21,14.0,CHI,Mniotilta,varia,Parulidae,620,Yes,Forest,Upper
2014-09-21,14.0,CHI,dumetella,carolinensis,Mimidae,599,no,edge,Lower
2014-09-21,14.0,MP,Mniotilta,varia,Parulidae,620,Yes,Forest,Upper
2014-09-21,14.0,CHI,Setophaga,palmarum,Parulidae,694,Yes,Edge,Lower
2014-09-21,14.0,CHI,Setophaga,palmarum,Parulidae,694,Yes,Edge,Lower
2014-09-21,14.0,CHI,Setophaga,palmarum,Parulidae,694,Yes,Edge,Lower
2014-09-21,14.0,MP,Pheucticus,ludovicianus,Cardinalidae,397,Yes,Forest,Upper
2014-09-21,14.0,CHI,Vireo,olivaceus,Vireonidae,133,No,Forest,Upper
2014-09-21,14.0,MP,Setophaga,palmarum,Parulidae,694,Yes,Edge,Lower
2014-09-21,14.0,CHI,Setophaga,palmarum,Parulidae,694,Yes,Edge,Lower
2014-09-21,14.0,CHI,Setophaga,palmarum,Parulidae,694,Yes,Edge,Lower
2014-09-21,14.0,MP,Setophaga,palmarum,Parulidae,694,Yes,Edge,Lower
2014-09-21,14.0,CHI,Setophaga,palmarum,Parulidae,694,Yes,Edge,Lower
2014-09-21,14.0,CHI,Cardellina,canadensis,Parulidae,241,Yes,Forest,Lower
2014-09-21,14.0,CHI,Catharus,minimus,Turdidae,822,Yes,Forest,Lower
2014-09-21,14.0,MP,Catharus,minimus,Turdidae,822,Yes,Forest,Lower
2014-09-21,14.0,MP,Catharus,minimus,Turdidae,822,Yes,Forest,Lower
2014-09-21,14.0,MP,Catharus,minimus,Turdidae,822,Yes,Forest,Lower
2014-09-21,14.0,MP,setophaga,ruticilla,Parulidae,868,Yes,Edge,Upper
2014-09-21,14.0,CHI,Setophaga,castanea,Parulidae,287,Yes,Forest,Upper
2014-09-21,14.0,CHI,geothlypis,philadelphia,Parulidae,430,Yes,Edge,Lower
2014-09-21,14.0,CHI,Parkesia,noveboracensis,Parulidae,916,Yes,Forest,Lower
2014-09-21,14.0,MP,Vermivora,chrysoptera,Parulidae,53,Yes,Edge,Upper
2014-09-21,14.0,CHI,cistothorus,palustris,Troglodytidae,91,No,Open,Lower
2014-09-21,14.0,CHI,Setophaga,magnolia,Parulidae,1224,yes,forest,Upper
2014-09-21,14.0,CHI,Setophaga,striata,Parulidae,787,Yes,Forest,Upper
2014-09-21,14.0,CHI,Seiurus,aurocapilla,Parulidae,4580,Yes,Forest,Lower
2014-09-21,14.0,CHI,Setophaga,striata,Parulidae,787,Yes,Forest,Upper
2014-09-21,14.0,CHI,Seiurus,aurocapilla,Parulidae,4580,Yes,Forest,Lower
2014-09-21,14.0,CHI,Seiurus,aurocapilla,Parulidae,4580,Yes,Forest,Lower
2014-09-21,14.0,CHI,Seiurus,aurocapilla,Parulidae,4580,Yes,Forest,Lower
2014-09-21,14.0,MP,Setophaga,striata,Parulidae,787,Yes,Forest,Upper
2014-09-21,14.0,CHI,Setophaga,striata,Parulidae,787,Yes,Forest,Upper
2014-09-21,14.0,CHI,catharus,ustulatus,Turdidae,2331,Yes,Forest,Lower
2014-09-21,14.0,MP,catharus,ustulatus,Turdidae,2331,Yes,Forest,Lower
2014-09-21,14.0,MP,Geothlypis,trichas,Parulidae,1555,Yes,Open,Lower
2014-09-21,14.0,MP,Seiurus,aurocapilla,Parulidae,4580,Yes,Forest,Lower
2014-09-21,14.0,CHI,Seiurus,aurocapilla,Parulidae,4580,Yes,Forest,Lower
2014-09-21,14.0,CHI,Seiurus,aurocapilla,Parulidae,4580,Yes,Forest,Lower
2014-09-21,14.0,MP,Seiurus,aurocapilla,Parulidae,4580,Yes,Forest,Lower
2014-09-21,14.0,CHI,Seiurus,aurocapilla,Parulidae,4580,Yes,Forest,Lower
2014-09-21,14.0,MP,catharus,ustulatus,Turdidae,2331,Yes,Forest,Lower
2014-09-21,14.0,MP,Setophaga,striata,Parulidae,787,Yes,Forest,Upper
2014-09-21,14.0,MP,Setophaga,striata,Parulidae,787,Yes,Forest,Upper
2014-09-21,14.0,MP,Seiurus,aurocapilla,Parulidae,4580,Yes,Forest,Lower
2014-09-21,14.0,CHI,Seiurus,aurocapilla,Parulidae,4580,Yes,Forest,Lower
2014-09-21,14.0,MP,Setophaga,striata,Parulidae,787,Yes,Forest,Upper
2014-09-22,14.0,CHI,Catharus,guttatus,Turdidae,3729,Yes,Forest,Lower
2014-09-22,14.0,CHI,Vireo,olivaceus,Vireonidae,133,No,Forest,Upper
2014-09-22,14.0,CHI,Zonotrichia,albicollis,Passerellidae,10133,Yes,Forest,Lower
2014-09-22,14.0,CHI,dumetella,carolinensis,Mimidae,599,no,edge,Lower
2014-09-22,14.0,CHI,Oreothlypis,ruficapilla,Parulidae,1690,Yes,Forest,Upper
2014-09-22,14.0,CHI,Catharus,guttatus,Turdidae,3729,Yes,Forest,Lower
2014-09-22,14.0,MP,Oreothlypis,ruficapilla,Parulidae,1690,Yes,Forest,Upper
2014-09-22,14.0,CHI,Setophaga,castanea,Parulidae,287,Yes,Forest,Upper
2014-09-22,14.0,MP,Setophaga,striata,Parulidae,787,Yes,Forest,Upper
2014-09-22,14.0,CHI,Setophaga,palmarum,Parulidae,694,Yes,Edge,Lower
2014-09-22,14.0,CHI,troglodytes,hiemalis,Troglodytidae,474,No,Forest,Lower
2014-09-22,14.0,MP,Zonotrichia,albicollis,Passerellidae,10133,Yes,Forest,Lower
2014-09-22,14.0,CHI,troglodytes,hiemalis,Troglodytidae,474,No,Forest,Lower
2014-09-22,14.0,CHI,Seiurus,aurocapilla,Parulidae,4580,Yes,Forest,Lower
2014-09-22,14.0,CHI,Zonotrichia,albicollis,Passerellidae,10133,Yes,Forest,Lower
2014-09-22,14.0,CHI,Oreothlypis,ruficapilla,Parulidae,1690,Yes,Forest,Upper
2014-09-22,14.0,CHI,Setophaga,magnolia,Parulidae,1224,yes,forest,Upper
2014-09-22,14.0,CHI,Setophaga,striata,Parulidae,787,Yes,Forest,Upper
2014-09-22,14.0,CHI,Setophaga,striata,Parulidae,787,Yes,Forest,Upper
2014-09-22,14.0,CHI,Setophaga,magnolia,Parulidae,1224,yes,forest,Upper
2014-09-22,14.0,CHI,Zonotrichia,albicollis,Passerellidae,10133,Yes,Forest,Lower
2014-09-22,14.0,CHI,Zonotrichia,albicollis,Passerellidae,10133,Yes,Forest,Lower
2014-09-22,14.0,CHI,Oreothlypis,peregrina,Parulidae,2515,Yes,Edge,Upper
2014-09-22,14.0,CHI,Oreothlypis,peregrina,Parulidae,2515,Yes,Edge,Upper
2014-09-22,14.0,CHI,Cardellina,pusilla,Parulidae,185,Yes,Edge,Lower
2014-09-22,14.0,CHI,Catharus,minimus,Turdidae,822,Yes,Forest,Lower
2014-09-22,14.0,MP,Parkesia,noveboracensis,Parulidae,916,Yes,Forest,Lower
2014-09-22,14.0,CHI,Catharus,minimus,Turdidae,822,Yes,Forest,Lower
2014-09-22,14.0,CHI,Catharus,minimus,Turdidae,822,Yes,Forest,Lower
2014-09-22,14.0,CHI,Junco,hyemalis,Passerellidae,6303,Yes,Edge,Lower
2014-09-22,14.0,CHI,Oreothlypis,ruficapilla,Parulidae,1690,Yes,Forest,Upper
2014-09-22,14.0,CHI,Oreothlypis,ruficapilla,Parulidae,1690,Yes,Forest,Upper
2014-09-22,14.0,CHI,Catharus,minimus,Turdidae,822,Yes,Forest,Lower
2014-09-22,14.0,CHI,Zonotrichia,albicollis,Passerellidae,10133,Yes,Forest,Lower
2014-09-22,14.0,CHI,Setophaga,magnolia,Parulidae,1224,yes,forest,Upper
2014-09-22,14.0,CHI,Catharus,minimus,Turdidae,822,Yes,Forest,Lower
2014-09-22,14.0,CHI,Setophaga,fusca,Parulidae,201,Yes,Forest,Upper
2014-09-22,14.0,CHI,Catharus,guttatus,Turdidae,3729,Yes,Forest,Lower
2014-09-22,14.0,CHI,Zonotrichia,albicollis,Passerellidae,10133,Yes,Forest,Lower
2014-09-22,14.0,CHI,Melospiza,lincolnii,Passerellidae,2029,yes,edge,Lower
2014-09-22,14.0,CHI,Seiurus,aurocapilla,Parulidae,4580,Yes,Forest,Lower
2014-09-22,14.0,CHI,Setophaga,castanea,Parulidae,287,Yes,Forest,Upper
2014-09-22,14.0,CHI,geothlypis,philadelphia,Parulidae,430,Yes,Edge,Lower
2014-09-22,14.0,CHI,Sitta,canadensis,Sittidae,260,Yes,Forest,Upper
2014-09-22,14.0,CHI,Melospiza,lincolnii,Passerellidae,2029,yes,edge,Lower
2014-09-22,14.0,CHI,Pheucticus,ludovicianus,Cardinalidae,397,Yes,Forest,Upper
2014-09-22,14.0,MP,Melospiza,lincolnii,Passerellidae,2029,yes,edge,Lower
2014-09-22,14.0,CHI,setophaga,ruticilla,Parulidae,868,Yes,Edge,Upper
2014-09-22,14.0,CHI,catharus,ustulatus,Turdidae,2331,Yes,Forest,Lower
2014-09-22,14.0,CHI,Pheucticus,ludovicianus,Cardinalidae,397,Yes,Forest,Upper
2014-09-22,14.0,CHI,Seiurus,aurocapilla,Parulidae,4580,Yes,Forest,Lower
2014-09-22,14.0,CHI,Melospiza,lincolnii,Passerellidae,2029,yes,edge,Lower
2014-09-22,14.0,CHI,Melospiza,lincolnii,Passerellidae,2029,yes,edge,Lower
2014-09-22,14.0,CHI,Melospiza,lincolnii,Passerellidae,2029,yes,edge,Lower
2014-09-22,14.0,CHI,Seiurus,aurocapilla,Parulidae,4580,Yes,Forest,Lower
2014-09-22,14.0,MP,Melospiza,lincolnii,Passerellidae,2029,yes,edge,Lower
2014-09-22,14.0,CHI,Zonotrichia,albicollis,Passerellidae,10133,Yes,Forest,Lower
2014-09-22,14.0,CHI,catharus,ustulatus,Turdidae,2331,Yes,Forest,Lower
2014-09-22,14.0,CHI,catharus,ustulatus,Turdidae,2331,Yes,Forest,Lower
2014-09-22,14.0,CHI,Zonotrichia,albicollis,Passerellidae,10133,Yes,Forest,Lower
2014-09-22,14.0,CHI,catharus,ustulatus,Turdidae,2331,Yes,Forest,Lower
2014-09-22,14.0,CHI,catharus,ustulatus,Turdidae,2331,Yes,Forest,Lower
2014-09-22,14.0,CHI,Zonotrichia,albicollis,Passerellidae,10133,Yes,Forest,Lower
2014-09-22,14.0,CHI,Catharus,guttatus,Turdidae,3729,Yes,Forest,Lower
2014-09-22,14.0,MP,Cistothorus,platensis,Troglodytidae,60,no,open,Lower
2014-09-22,14.0,CHI,Seiurus,aurocapilla,Parulidae,4580,Yes,Forest,Lower
2014-09-22,14.0,CHI,Seiurus,aurocapilla,Parulidae,4580,Yes,Forest,Lower
2014-09-22,14.0,CHI,Seiurus,aurocapilla,Parulidae,4580,Yes,Forest,Lower
2014-09-22,14.0,CHI,Oreothlypis,ruficapilla,Parulidae,1690,Yes,Forest,Upper
2014-09-22,14.0,MP,Seiurus,aurocapilla,Parulidae,4580,Yes,Forest,Lower
2014-09-22,14.0,CHI,Junco,hyemalis,Passerellidae,6303,Yes,Edge,Lower
2014-09-23,16.0,MP,Catharus,guttatus,Turdidae,3729,Yes,Forest,Lower
2014-09-23,16.0,CHI,Junco,hyemalis,Passerellidae,6303,Yes,Edge,Lower
2014-09-23,16.0,MP,Geothlypis,trichas,Parulidae,1555,Yes,Open,Lower
2014-09-23,16.0,CHI,Catharus,guttatus,Turdidae,3729,Yes,Forest,Lower
2014-09-23,16.0,MP,Junco,hyemalis,Passerellidae,6303,Yes,Edge,Lower
2014-09-23,16.0,CHI,Zonotrichia,albicollis,Passerellidae,10133,Yes,Forest,Lower
2014-09-23,16.0,CHI,Junco,hyemalis,Passerellidae,6303,Yes,Edge,Lower
2014-09-23,16.0,CHI,Setophaga,magnolia,Parulidae,1224,yes,forest,Upper
2014-09-23,16.0,CHI,Setophaga,palmarum,Parulidae,694,Yes,Edge,Lower
2014-09-23,16.0,MP,Oreothlypis,ruficapilla,Parulidae,1690,Yes,Forest,Upper
2014-09-23,16.0,CHI,catharus,ustulatus,Turdidae,2331,Yes,Forest,Lower
2014-09-23,16.0,MP,catharus,ustulatus,Turdidae,2331,Yes,Forest,Lower
2014-09-23,16.0,MP,catharus,ustulatus,Turdidae,2331,Yes,Forest,Lower
2014-09-23,16.0,CHI,catharus,ustulatus,Turdidae,2331,Yes,Forest,Lower
2014-09-23,16.0,CHI,catharus,ustulatus,Turdidae,2331,Yes,Forest,Lower
2014-09-23,16.0,CHI,Geothlypis,trichas,Parulidae,1555,Yes,Open,Lower
2014-09-23,16.0,MP,troglodytes,hiemalis,Troglodytidae,474,No,Forest,Lower
2014-09-23,16.0,CHI,Setophaga,palmarum,Parulidae,694,Yes,Edge,Lower
2014-09-23,16.0,MP,Parkesia,noveboracensis,Parulidae,916,Yes,Forest,Lower
2014-09-23,16.0,CHI,Setophaga,striata,Parulidae,787,Yes,Forest,Upper
2014-09-23,16.0,CHI,Setophaga,striata,Parulidae,787,Yes,Forest,Upper
2014-09-23,16.0,CHI,Setophaga,striata,Parulidae,787,Yes,Forest,Upper
2014-09-23,16.0,MP,Oreothlypis,ruficapilla,Parulidae,1690,Yes,Forest,Upper
2014-09-23,16.0,CHI,Seiurus,aurocapilla,Parulidae,4580,Yes,Forest,Lower
2014-09-23,16.0,MP,Melospiza,lincolnii,Passerellidae,2029,yes,edge,Lower
2014-09-23,16.0,MP,Melospiza,lincolnii,Passerellidae,2029,yes,edge,Lower
2014-09-23,16.0,CHI,Setophaga,castanea,Parulidae,287,Yes,Forest,Upper
2014-09-23,16.0,CHI,Seiurus,aurocapilla,Parulidae,4580,Yes,Forest,Lower
2014-09-23,16.0,MP,Oreothlypis,peregrina,Parulidae,2515,Yes,Edge,Upper
2014-09-23,16.0,CHI,Oreothlypis,peregrina,Parulidae,2515,Yes,Edge,Upper
2014-09-23,16.0,CHI,Oreothlypis,peregrina,Parulidae,2515,Yes,Edge,Upper
2014-09-23,16.0,CHI,Oreothlypis,peregrina,Parulidae,2515,Yes,Edge,Upper
2014-09-23,16.0,CHI,Oreothlypis,peregrina,Parulidae,2515,Yes,Edge,Upper
2014-09-23,16.0,MP,Oreothlypis,peregrina,Parulidae,2515,Yes,Edge,Upper
2014-09-23,16.0,MP,Catharus,minimus,Turdidae,822,Yes,Forest,Lower
2014-09-23,16.0,MP,Seiurus,aurocapilla,Parulidae,4580,Yes,Forest,Lower
2014-09-23,16.0,CHI,Setophaga,striata,Parulidae,787,Yes,Forest,Upper
2014-09-23,16.0,MP,Catharus,minimus,Turdidae,822,Yes,Forest,Lower
2014-09-23,16.0,CHI,Junco,hyemalis,Passerellidae,6303,Yes,Edge,Lower
2014-09-23,16.0,CHI,Setophaga,striata,Parulidae,787,Yes,Forest,Upper
2014-09-23,16.0,CHI,Sitta,canadensis,Sittidae,260,Yes,Forest,Upper
2014-09-23,16.0,MP,Oreothlypis,ruficapilla,Parulidae,1690,Yes,Forest,Upper
2014-09-23,16.0,CHI,Junco,hyemalis,Passerellidae,6303,Yes,Edge,Lower
2014-09-23,16.0,CHI,Catharus,guttatus,Turdidae,3729,Yes,Forest,Lower
2014-09-23,16.0,MP,Catharus,minimus,Turdidae,822,Yes,Forest,Lower
2014-09-23,16.0,MP,Setophaga,striata,Parulidae,787,Yes,Forest,Upper
2014-09-24,14.0,CHI,Catharus,minimus,Turdidae,822,Yes,Forest,Lower
2014-09-24,14.0,CHI,Melospiza,lincolnii,Passerellidae,2029,yes,edge,Lower
2014-09-24,14.0,CHI,Setophaga,striata,Parulidae,787,Yes,Forest,Upper
2014-09-24,14.0,CHI,Oreothlypis,celata,Parulidae,227,Yes,Edge,Lower
2014-09-24,14.0,CHI,Setophaga,striata,Parulidae,787,Yes,Forest,Upper
2014-09-24,14.0,CHI,Oreothlypis,peregrina,Parulidae,2515,Yes,Edge,Upper
2014-09-24,14.0,CHI,Zonotrichia,albicollis,Passerellidae,10133,Yes,Forest,Lower
2014-09-24,14.0,CHI,Zonotrichia,albicollis,Passerellidae,10133,Yes,Forest,Lower
2014-09-24,14.0,CHI,Zonotrichia,albicollis,Passerellidae,10133,Yes,Forest,Lower
2014-09-24,14.0,CHI,Zonotrichia,albicollis,Passerellidae,10133,Yes,Forest,Lower
2014-09-24,14.0,CHI,Setophaga,striata,Parulidae,787,Yes,Forest,Upper
2014-09-24,14.0,CHI,Oreothlypis,ruficapilla,Parulidae,1690,Yes,Forest,Upper
2014-09-24,14.0,CHI,Melospiza,lincolnii,Passerellidae,2029,yes,edge,Lower
2014-09-24,14.0,MP,Parkesia,noveboracensis,Parulidae,916,Yes,Forest,Lower
2014-09-24,14.0,CHI,Oreothlypis,ruficapilla,Parulidae,1690,Yes,Forest,Upper
2014-09-24,14.0,CHI,Melospiza,lincolnii,Passerellidae,2029,yes,edge,Lower
2014-09-24,14.0,MP,Parkesia,noveboracensis,Parulidae,916,Yes,Forest,Lower
2014-09-24,14.0,CHI,Oreothlypis,peregrina,Parulidae,2515,Yes,Edge,Upper
2014-09-24,14.0,CHI,Zonotrichia,leucophrys,Passerellidae,1090,Yes,Edge,Lower
2014-09-24,14.0,MP,catharus,ustulatus,Turdidae,2331,Yes,Forest,Lower
2014-09-24,14.0,CHI,setophaga,ruticilla,Parulidae,868,Yes,Edge,Upper
2014-09-24,14.0,CHI,Setophaga,virens,Parulidae,223,Yes,Forest,Upper
2014-09-24,14.0,CHI,Zonotrichia,albicollis,Passerellidae,10133,Yes,Forest,Lower
2014-09-24,14.0,CHI,Setophaga,palmarum,Parulidae,694,Yes,Edge,Lower
2014-09-24,14.0,CHI,Catharus,minimus,Turdidae,822,Yes,Forest,Lower
2014-09-24,14.0,MP,Oreothlypis,peregrina,Parulidae,2515,Yes,Edge,Upper
2014-09-24,14.0,CHI,Oreothlypis,peregrina,Parulidae,2515,Yes,Edge,Upper
2014-09-24,14.0,CHI,Melospiza,lincolnii,Passerellidae,2029,yes,edge,Lower
2014-09-24,14.0,CHI,Oreothlypis,ruficapilla,Parulidae,1690,Yes,Forest,Upper
2014-09-25,16.0,CHI,Zonotrichia,leucophrys,Passerellidae,1090,Yes,Edge,Lower
2014-09-25,16.0,CHI,Seiurus,aurocapilla,Parulidae,4580,Yes,Forest,Lower
2014-09-25,16.0,CHI,Oreothlypis,ruficapilla,Parulidae,1690,Yes,Forest,Upper
2014-09-25,16.0,CHI,catharus,ustulatus,Turdidae,2331,Yes,Forest,Lower
2014-09-25,16.0,CHI,Seiurus,aurocapilla,Parulidae,4580,Yes,Forest,Lower
2014-09-25,16.0,CHI,Parkesia,noveboracensis,Parulidae,916,Yes,Forest,Lower
2014-09-25,16.0,CHI,Oreothlypis,ruficapilla,Parulidae,1690,Yes,Forest,Upper
2014-09-25,16.0,CHI,Oreothlypis,peregrina,Parulidae,2515,Yes,Edge,Upper
2014-09-25,16.0,CHI,Setophaga,striata,Parulidae,787,Yes,Forest,Upper
2014-09-25,16.0,CHI,Setophaga,striata,Parulidae,787,Yes,Forest,Upper
2014-09-25,16.0,CHI,Oreothlypis,peregrina,Parulidae,2515,Yes,Edge,Upper
2014-09-25,16.0,CHI,Oreothlypis,peregrina,Parulidae,2515,Yes,Edge,Upper
2014-09-25,16.0,CHI,Oreothlypis,peregrina,Parulidae,2515,Yes,Edge,Upper
2014-09-25,16.0,CHI,Setophaga,caerulescens,Parulidae,183,Yes,Forest,Upper
2014-09-25,16.0,CHI,Parkesia,noveboracensis,Parulidae,916,Yes,Forest,Lower
2014-09-25,16.0,CHI,Oreothlypis,ruficapilla,Parulidae,1690,Yes,Forest,Upper
2014-09-25,16.0,CHI,Oreothlypis,peregrina,Parulidae,2515,Yes,Edge,Upper
2014-09-25,16.0,CHI,dumetella,carolinensis,Mimidae,599,no,edge,Lower
2014-09-25,16.0,CHI,Seiurus,aurocapilla,Parulidae,4580,Yes,Forest,Lower
2014-09-25,16.0,CHI,geothlypis,philadelphia,Parulidae,430,Yes,Edge,Lower
2014-09-25,16.0,CHI,Melospiza,lincolnii,Passerellidae,2029,yes,edge,Lower
2014-09-25,16.0,CHI,setophaga,ruticilla,Parulidae,868,Yes,Edge,Upper
2014-09-25,16.0,CHI,Setophaga,magnolia,Parulidae,1224,yes,forest,Upper
2014-09-25,16.0,MP,Oreothlypis,peregrina,Parulidae,2515,Yes,Edge,Upper
2014-09-25,16.0,CHI,Oreothlypis,ruficapilla,Parulidae,1690,Yes,Forest,Upper
2014-09-25,16.0,CHI,Oreothlypis,ruficapilla,Parulidae,1690,Yes,Forest,Upper
2014-09-25,16.0,CHI,Seiurus,aurocapilla,Parulidae,4580,Yes,Forest,Lower
2014-09-27,17.0,CHI,geothlypis,philadelphia,Parulidae,430,Yes,Edge,Lower
2014-09-27,17.0,CHI,Setophaga,castanea,Parulidae,287,Yes,Forest,Upper
2014-09-27,17.0,CHI,Oreothlypis,ruficapilla,Parulidae,1690,Yes,Forest,Upper
2014-09-27,17.0,CHI,Zonotrichia,albicollis,Passerellidae,10133,Yes,Forest,Lower
2014-09-27,17.0,CHI,Seiurus,aurocapilla,Parulidae,4580,Yes,Forest,Lower
2014-09-27,17.0,CHI,Seiurus,aurocapilla,Parulidae,4580,Yes,Forest,Lower
2014-09-27,17.0,CHI,Zonotrichia,albicollis,Passerellidae,10133,Yes,Forest,Lower
2014-09-27,17.0,CHI,catharus,ustulatus,Turdidae,2331,Yes,Forest,Lower
2014-09-27,17.0,CHI,catharus,ustulatus,Turdidae,2331,Yes,Forest,Lower
2014-09-27,17.0,CHI,Setophaga,magnolia,Parulidae,1224,yes,forest,Upper
2014-09-27,17.0,CHI,Setophaga,magnolia,Parulidae,1224,yes,forest,Upper
2014-09-27,17.0,CHI,Setophaga,magnolia,Parulidae,1224,yes,forest,Upper
2014-09-27,17.0,CHI,Catharus,minimus,Turdidae,822,Yes,Forest,Lower
2014-09-27,17.0,CHI,Setophaga,striata,Parulidae,787,Yes,Forest,Upper
2014-09-27,17.0,CHI,Setophaga,striata,Parulidae,787,Yes,Forest,Upper
2014-09-27,17.0,CHI,Setophaga,striata,Parulidae,787,Yes,Forest,Upper
2014-09-27,17.0,CHI,Setophaga,striata,Parulidae,787,Yes,Forest,Upper
2014-09-27,17.0,CHI,Setophaga,striata,Parulidae,787,Yes,Forest,Upper
2014-09-27,17.0,CHI,Catharus,minimus,Turdidae,822,Yes,Forest,Lower
2014-09-27,17.0,CHI,Catharus,minimus,Turdidae,822,Yes,Forest,Lower
2014-09-27,17.0,CHI,Catharus,minimus,Turdidae,822,Yes,Forest,Lower
2014-09-27,17.0,CHI,Melospiza,lincolnii,Passerellidae,2029,yes,edge,Lower
2014-09-27,17.0,CHI,Melospiza,lincolnii,Passerellidae,2029,yes,edge,Lower
2014-09-27,17.0,CHI,Seiurus,aurocapilla,Parulidae,4580,Yes,Forest,Lower
2014-09-27,17.0,CHI,Oreothlypis,ruficapilla,Parulidae,1690,Yes,Forest,Upper
2014-09-27,17.0,CHI,Zonotrichia,albicollis,Passerellidae,10133,Yes,Forest,Lower
2014-09-27,17.0,CHI,catharus,ustulatus,Turdidae,2331,Yes,Forest,Lower
2014-09-27,17.0,CHI,Oreothlypis,ruficapilla,Parulidae,1690,Yes,Forest,Upper
2014-09-27,17.0,CHI,catharus,ustulatus,Turdidae,2331,Yes,Forest,Lower
2014-09-27,17.0,MP,Zonotrichia,albicollis,Passerellidae,10133,Yes,Forest,Lower
2014-09-27,17.0,CHI,Zonotrichia,albicollis,Passerellidae,10133,Yes,Forest,Lower
2014-09-27,17.0,CHI,Zonotrichia,albicollis,Passerellidae,10133,Yes,Forest,Lower
2014-09-27,17.0,CHI,Oreothlypis,ruficapilla,Parulidae,1690,Yes,Forest,Upper
2014-09-27,17.0,CHI,Oreothlypis,ruficapilla,Parulidae,1690,Yes,Forest,Upper
2014-09-27,17.0,CHI,Zonotrichia,albicollis,Passerellidae,10133,Yes,Forest,Lower
2014-09-27,17.0,CHI,Zonotrichia,albicollis,Passerellidae,10133,Yes,Forest,Lower
2014-09-27,17.0,CHI,Zonotrichia,albicollis,Passerellidae,10133,Yes,Forest,Lower
2014-09-27,17.0,CHI,Oreothlypis,ruficapilla,Parulidae,1690,Yes,Forest,Upper
2014-09-27,17.0,CHI,Melospiza,lincolnii,Passerellidae,2029,yes,edge,Lower
2014-09-27,17.0,CHI,Oreothlypis,ruficapilla,Parulidae,1690,Yes,Forest,Upper
2014-09-28,17.0,CHI,Setophaga,virens,Parulidae,223,Yes,Forest,Upper
2014-09-28,17.0,CHI,Zonotrichia,albicollis,Passerellidae,10133,Yes,Forest,Lower
2014-09-28,17.0,CHI,Setophaga,palmarum,Parulidae,694,Yes,Edge,Lower
2014-09-28,17.0,CHI,Zonotrichia,albicollis,Passerellidae,10133,Yes,Forest,Lower
2014-09-28,17.0,CHI,Melospiza,lincolnii,Passerellidae,2029,yes,edge,Lower
2014-09-28,17.0,CHI,Setophaga,magnolia,Parulidae,1224,yes,forest,Upper
2014-09-28,17.0,CHI,Setophaga,magnolia,Parulidae,1224,yes,forest,Upper
2014-09-28,17.0,CHI,Melospiza,lincolnii,Passerellidae,2029,yes,edge,Lower
2014-09-28,17.0,CHI,Catharus,minimus,Turdidae,822,Yes,Forest,Lower
2014-09-28,17.0,CHI,Zonotrichia,albicollis,Passerellidae,10133,Yes,Forest,Lower
2014-09-28,17.0,CHI,Zonotrichia,albicollis,Passerellidae,10133,Yes,Forest,Lower
2014-09-28,17.0,CHI,Catharus,minimus,Turdidae,822,Yes,Forest,Lower
2014-09-28,17.0,CHI,Zonotrichia,albicollis,Passerellidae,10133,Yes,Forest,Lower
2014-09-28,17.0,CHI,Zonotrichia,albicollis,Passerellidae,10133,Yes,Forest,Lower
2014-09-28,17.0,MP,Zonotrichia,albicollis,Passerellidae,10133,Yes,Forest,Lower
2014-09-28,17.0,MP,Catharus,minimus,Turdidae,822,Yes,Forest,Lower
2014-09-28,17.0,MP,Catharus,minimus,Turdidae,822,Yes,Forest,Lower
2014-09-28,17.0,CHI,Zonotrichia,albicollis,Passerellidae,10133,Yes,Forest,Lower
2014-09-28,17.0,CHI,Zonotrichia,albicollis,Passerellidae,10133,Yes,Forest,Lower
2014-09-28,17.0,CHI,Catharus,minimus,Turdidae,822,Yes,Forest,Lower
2014-09-28,17.0,CHI,Zonotrichia,albicollis,Passerellidae,10133,Yes,Forest,Lower
2014-09-28,17.0,CHI,Zonotrichia,albicollis,Passerellidae,10133,Yes,Forest,Lower
2014-09-28,17.0,CHI,Melospiza,lincolnii,Passerellidae,2029,yes,edge,Lower
2014-09-28,17.0,CHI,catharus,ustulatus,Turdidae,2331,Yes,Forest,Lower
2014-09-28,17.0,CHI,Setophaga,fusca,Parulidae,201,Yes,Forest,Upper
2014-09-28,17.0,CHI,Oreothlypis,ruficapilla,Parulidae,1690,Yes,Forest,Upper
2014-09-28,17.0,CHI,troglodytes,hiemalis,Troglodytidae,474,No,Forest,Lower
2014-09-28,17.0,MP,dumetella,carolinensis,Mimidae,599,no,edge,Lower
2014-09-28,17.0,CHI,Seiurus,aurocapilla,Parulidae,4580,Yes,Forest,Lower
2014-09-28,17.0,CHI,catharus,ustulatus,Turdidae,2331,Yes,Forest,Lower
2014-09-28,17.0,CHI,dumetella,carolinensis,Mimidae,599,no,edge,Lower
2014-09-28,17.0,CHI,Seiurus,aurocapilla,Parulidae,4580,Yes,Forest,Lower
2014-09-28,17.0,CHI,Spizella,pallida,Passerellidae,50,Yes,Open,Lower
2014-09-28,17.0,CHI,catharus,ustulatus,Turdidae,2331,Yes,Forest,Lower
2014-09-28,17.0,CHI,Setophaga,striata,Parulidae,787,Yes,Forest,Upper
2014-09-28,17.0,CHI,Setophaga,striata,Parulidae,787,Yes,Forest,Upper
2014-09-28,17.0,CHI,Setophaga,striata,Parulidae,787,Yes,Forest,Upper
2014-09-28,17.0,CHI,Setophaga,striata,Parulidae,787,Yes,Forest,Upper
2014-09-28,17.0,CHI,catharus,ustulatus,Turdidae,2331,Yes,Forest,Lower
2014-09-29,5.0,CHI,Zonotrichia,albicollis,Passerellidae,10133,Yes,Forest,Lower
2014-09-29,5.0,CHI,Mniotilta,varia,Parulidae,620,Yes,Forest,Upper
2014-09-29,5.0,CHI,Setophaga,magnolia,Parulidae,1224,yes,forest,Upper
2014-09-29,5.0,CHI,Mniotilta,varia,Parulidae,620,Yes,Forest,Upper
2014-09-29,5.0,CHI,Seiurus,aurocapilla,Parulidae,4580,Yes,Forest,Lower
2014-09-29,5.0,CHI,Mniotilta,varia,Parulidae,620,Yes,Forest,Upper
2014-09-29,5.0,CHI,Seiurus,aurocapilla,Parulidae,4580,Yes,Forest,Lower
2014-09-29,5.0,CHI,Zonotrichia,albicollis,Passerellidae,10133,Yes,Forest,Lower
2014-09-29,5.0,CHI,Melospiza,lincolnii,Passerellidae,2029,yes,edge,Lower
2014-09-29,5.0,CHI,Zonotrichia,albicollis,Passerellidae,10133,Yes,Forest,Lower
2014-09-29,5.0,CHI,Setophaga,magnolia,Parulidae,1224,yes,forest,Upper
2014-09-29,5.0,CHI,Setophaga,magnolia,Parulidae,1224,yes,forest,Upper
2014-09-29,5.0,CHI,Setophaga,magnolia,Parulidae,1224,yes,forest,Upper
2014-09-29,5.0,CHI,Setophaga,castanea,Parulidae,287,Yes,Forest,Upper
2014-09-29,5.0,CHI,Setophaga,magnolia,Parulidae,1224,yes,forest,Upper
2014-09-29,5.0,CHI,Oreothlypis,peregrina,Parulidae,2515,Yes,Edge,Upper
2014-09-29,5.0,CHI,Melospiza,lincolnii,Passerellidae,2029,yes,edge,Lower
2014-09-29,5.0,CHI,Oreothlypis,peregrina,Parulidae,2515,Yes,Edge,Upper
2014-09-29,5.0,CHI,Melospiza,lincolnii,Passerellidae,2029,yes,edge,Lower
2014-09-29,5.0,CHI,Setophaga,magnolia,Parulidae,1224,yes,forest,Upper
2014-09-29,5.0,CHI,Regulus,calendula,Regulidae,416,No,Forest,Upper
2014-09-29,5.0,CHI,Oreothlypis,ruficapilla,Parulidae,1690,Yes,Forest,Upper
2014-09-29,5.0,CHI,Regulus,calendula,Regulidae,416,No,Forest,Upper
2014-09-29,5.0,CHI,Setophaga,magnolia,Parulidae,1224,yes,forest,Upper
2014-09-29,5.0,CHI,Setophaga,magnolia,Parulidae,1224,yes,forest,Upper
2014-09-29,5.0,CHI,Oreothlypis,peregrina,Parulidae,2515,Yes,Edge,Upper
2014-09-29,5.0,CHI,Mniotilta,varia,Parulidae,620,Yes,Forest,Upper
2014-09-29,5.0,CHI,Setophaga,magnolia,Parulidae,1224,yes,forest,Upper
2014-09-29,5.0,CHI,Geothlypis,trichas,Parulidae,1555,Yes,Open,Lower
2014-09-29,5.0,CHI,Seiurus,aurocapilla,Parulidae,4580,Yes,Forest,Lower
2014-09-29,5.0,CHI,Seiurus,aurocapilla,Parulidae,4580,Yes,Forest,Lower
2014-09-29,5.0,CHI,Zonotrichia,albicollis,Passerellidae,10133,Yes,Forest,Lower
2014-09-29,5.0,CHI,setophaga,ruticilla,Parulidae,868,Yes,Edge,Upper
2014-09-29,5.0,CHI,Regulus,calendula,Regulidae,416,No,Forest,Upper
2014-09-29,5.0,CHI,Melospiza,lincolnii,Passerellidae,2029,yes,edge,Lower
2014-09-29,5.0,CHI,Seiurus,aurocapilla,Parulidae,4580,Yes,Forest,Lower
2014-09-29,5.0,CHI,Oreothlypis,peregrina,Parulidae,2515,Yes,Edge,Upper
2014-09-29,5.0,CHI,Zonotrichia,albicollis,Passerellidae,10133,Yes,Forest,Lower
2014-09-29,5.0,CHI,Melospiza,lincolnii,Passerellidae,2029,yes,edge,Lower
2014-09-29,5.0,CHI,Melospiza,lincolnii,Passerellidae,2029,yes,edge,Lower
2014-09-29,5.0,CHI,Oreothlypis,ruficapilla,Parulidae,1690,Yes,Forest,Upper
2014-09-29,5.0,CHI,Oreothlypis,peregrina,Parulidae,2515,Yes,Edge,Upper
2014-09-29,5.0,CHI,Oreothlypis,peregrina,Parulidae,2515,Yes,Edge,Upper
2014-09-29,5.0,CHI,Geothlypis,trichas,Parulidae,1555,Yes,Open,Lower
2014-09-29,5.0,CHI,Zonotrichia,albicollis,Passerellidae,10133,Yes,Forest,Lower
2014-09-29,5.0,CHI,Seiurus,aurocapilla,Parulidae,4580,Yes,Forest,Lower
2014-09-29,5.0,CHI,Melospiza,lincolnii,Passerellidae,2029,yes,edge,Lower
2014-09-29,5.0,CHI,Oreothlypis,peregrina,Parulidae,2515,Yes,Edge,Upper
2014-09-29,5.0,CHI,Parkesia,noveboracensis,Parulidae,916,Yes,Forest,Lower
2014-09-29,5.0,CHI,Oreothlypis,peregrina,Parulidae,2515,Yes,Edge,Upper
2014-09-29,5.0,CHI,catharus,ustulatus,Turdidae,2331,Yes,Forest,Lower
2014-09-29,5.0,CHI,Oreothlypis,peregrina,Parulidae,2515,Yes,Edge,Upper
2014-09-29,5.0,CHI,catharus,ustulatus,Turdidae,2331,Yes,Forest,Lower
2014-09-29,5.0,CHI,Zonotrichia,albicollis,Passerellidae,10133,Yes,Forest,Lower
2014-09-29,5.0,CHI,catharus,ustulatus,Turdidae,2331,Yes,Forest,Lower
2014-09-29,5.0,CHI,Oreothlypis,peregrina,Parulidae,2515,Yes,Edge,Upper
2014-09-29,5.0,CHI,Zonotrichia,albicollis,Passerellidae,10133,Yes,Forest,Lower
2014-09-29,5.0,CHI,Oreothlypis,peregrina,Parulidae,2515,Yes,Edge,Upper
2014-09-29,5.0,CHI,Oreothlypis,peregrina,Parulidae,2515,Yes,Edge,Upper
2014-09-29,5.0,CHI,Oreothlypis,ruficapilla,Parulidae,1690,Yes,Forest,Upper
2014-09-29,5.0,CHI,Oreothlypis,ruficapilla,Parulidae,1690,Yes,Forest,Upper
2014-09-29,5.0,CHI,Setophaga,magnolia,Parulidae,1224,yes,forest,Upper
2014-09-29,5.0,CHI,Setophaga,coronata,Parulidae,887,yes,forest,Upper
2014-09-29,5.0,CHI,Oreothlypis,peregrina,Parulidae,2515,Yes,Edge,Upper
2014-09-29,5.0,CHI,Seiurus,aurocapilla,Parulidae,4580,Yes,Forest,Lower
2014-09-29,5.0,CHI,Zonotrichia,albicollis,Passerellidae,10133,Yes,Forest,Lower
2014-09-29,5.0,CHI,Melospiza,lincolnii,Passerellidae,2029,yes,edge,Lower
2014-09-29,5.0,CHI,Zonotrichia,albicollis,Passerellidae,10133,Yes,Forest,Lower
2014-09-29,5.0,CHI,Setophaga,pensylvanica,Parulidae,303,Yes,Edge,Upper
2014-09-29,5.0,CHI,Zonotrichia,albicollis,Passerellidae,10133,Yes,Forest,Lower
2014-09-29,5.0,CHI,Seiurus,aurocapilla,Parulidae,4580,Yes,Forest,Lower
2014-09-29,5.0,CHI,Zonotrichia,albicollis,Passerellidae,10133,Yes,Forest,Lower
2014-09-29,5.0,CHI,Zonotrichia,albicollis,Passerellidae,10133,Yes,Forest,Lower
2014-09-29,5.0,CHI,Geothlypis,trichas,Parulidae,1555,Yes,Open,Lower
2014-09-29,5.0,CHI,dumetella,carolinensis,Mimidae,599,no,edge,Lower
2014-09-29,5.0,CHI,Oreothlypis,ruficapilla,Parulidae,1690,Yes,Forest,Upper
2014-09-29,5.0,CHI,Zonotrichia,albicollis,Passerellidae,10133,Yes,Forest,Lower
2014-09-29,5.0,CHI,Zonotrichia,albicollis,Passerellidae,10133,Yes,Forest,Lower
2014-09-29,5.0,CHI,Oreothlypis,peregrina,Parulidae,2515,Yes,Edge,Upper
2014-09-29,5.0,CHI,Oreothlypis,ruficapilla,Parulidae,1690,Yes,Forest,Upper
2014-09-29,5.0,CHI,Oreothlypis,peregrina,Parulidae,2515,Yes,Edge,Upper
2014-09-29,5.0,CHI,Zonotrichia,albicollis,Passerellidae,10133,Yes,Forest,Lower
2014-09-29,5.0,CHI,Oreothlypis,peregrina,Parulidae,2515,Yes,Edge,Upper
2014-09-29,5.0,CHI,dumetella,carolinensis,Mimidae,599,no,edge,Lower
2014-09-29,5.0,CHI,Mniotilta,varia,Parulidae,620,Yes,Forest,Upper
2014-09-29,5.0,CHI,Oreothlypis,ruficapilla,Parulidae,1690,Yes,Forest,Upper
2014-09-29,5.0,CHI,Oreothlypis,ruficapilla,Parulidae,1690,Yes,Forest,Upper
2014-09-29,5.0,CHI,Seiurus,aurocapilla,Parulidae,4580,Yes,Forest,Lower
2014-09-29,5.0,CHI,setophaga,ruticilla,Parulidae,868,Yes,Edge,Upper
2014-09-29,5.0,CHI,Junco,hyemalis,Passerellidae,6303,Yes,Edge,Lower
2014-09-29,5.0,CHI,Seiurus,aurocapilla,Parulidae,4580,Yes,Forest,Lower
2014-09-29,5.0,CHI,Junco,hyemalis,Passerellidae,6303,Yes,Edge,Lower
2014-09-29,5.0,CHI,Zonotrichia,albicollis,Passerellidae,10133,Yes,Forest,Lower
2014-09-29,5.0,CHI,Geothlypis,trichas,Parulidae,1555,Yes,Open,Lower
2014-09-29,5.0,CHI,Geothlypis,trichas,Parulidae,1555,Yes,Open,Lower
2014-09-29,5.0,CHI,Setophaga,virens,Parulidae,223,Yes,Forest,Upper
2014-09-29,5.0,CHI,setophaga,ruticilla,Parulidae,868,Yes,Edge,Upper
2014-09-29,5.0,CHI,Zonotrichia,albicollis,Passerellidae,10133,Yes,Forest,Lower
2014-09-29,5.0,CHI,Catharus,guttatus,Turdidae,3729,Yes,Forest,Lower
2014-09-29,5.0,CHI,Catharus,guttatus,Turdidae,3729,Yes,Forest,Lower
2014-09-29,5.0,CHI,Catharus,guttatus,Turdidae,3729,Yes,Forest,Lower
2014-09-29,5.0,CHI,setophaga,ruticilla,Parulidae,868,Yes,Edge,Upper
2014-09-29,5.0,CHI,Catharus,guttatus,Turdidae,3729,Yes,Forest,Lower
2014-09-29,5.0,CHI,Zonotrichia,albicollis,Passerellidae,10133,Yes,Forest,Lower
2014-09-29,5.0,CHI,Catharus,guttatus,Turdidae,3729,Yes,Forest,Lower
2014-09-29,5.0,CHI,Catharus,guttatus,Turdidae,3729,Yes,Forest,Lower
2014-09-29,5.0,CHI,Catharus,guttatus,Turdidae,3729,Yes,Forest,Lower
2014-09-29,5.0,CHI,Setophaga,virens,Parulidae,223,Yes,Forest,Upper
2014-09-29,5.0,CHI,Catharus,guttatus,Turdidae,3729,Yes,Forest,Lower
2014-09-29,5.0,CHI,Catharus,minimus,Turdidae,822,Yes,Forest,Lower
2014-09-29,5.0,CHI,Setophaga,palmarum,Parulidae,694,Yes,Edge,Lower
2014-09-29,5.0,CHI,Parkesia,noveboracensis,Parulidae,916,Yes,Forest,Lower
2014-09-29,5.0,CHI,Catharus,minimus,Turdidae,822,Yes,Forest,Lower
2014-09-29,5.0,CHI,Catharus,minimus,Turdidae,822,Yes,Forest,Lower
2014-09-29,5.0,CHI,Setophaga,virens,Parulidae,223,Yes,Forest,Upper
2014-09-30,5.0,CHI,Zonotrichia,albicollis,Passerellidae,10133,Yes,Forest,Lower
2014-09-30,5.0,CHI,Zonotrichia,albicollis,Passerellidae,10133,Yes,Forest,Lower
2014-09-30,5.0,CHI,Zonotrichia,albicollis,Passerellidae,10133,Yes,Forest,Lower
2014-09-30,5.0,CHI,Parkesia,noveboracensis,Parulidae,916,Yes,Forest,Lower
2014-09-30,5.0,CHI,Parkesia,noveboracensis,Parulidae,916,Yes,Forest,Lower
2014-09-30,5.0,CHI,Setophaga,palmarum,Parulidae,694,Yes,Edge,Lower
2014-09-30,5.0,CHI,Zonotrichia,albicollis,Passerellidae,10133,Yes,Forest,Lower
2014-09-30,5.0,CHI,Zonotrichia,albicollis,Passerellidae,10133,Yes,Forest,Lower
2014-09-30,5.0,CHI,catharus,ustulatus,Turdidae,2331,Yes,Forest,Lower
2014-09-30,5.0,CHI,Oreothlypis,peregrina,Parulidae,2515,Yes,Edge,Upper
2014-09-30,5.0,CHI,setophaga,ruticilla,Parulidae,868,Yes,Edge,Upper
2014-09-30,5.0,CHI,Zonotrichia,albicollis,Passerellidae,10133,Yes,Forest,Lower
2014-09-30,5.0,MP,Passerina,cyanea,Cardinalidae,725,yes,edge,Upper
2014-09-30,5.0,CHI,Zonotrichia,albicollis,Passerellidae,10133,Yes,Forest,Lower
2014-09-30,5.0,CHI,Oreothlypis,peregrina,Parulidae,2515,Yes,Edge,Upper
2014-09-30,5.0,CHI,Oreothlypis,peregrina,Parulidae,2515,Yes,Edge,Upper
2014-09-30,5.0,CHI,Setophaga,tigrina,Parulidae,182,Yes,Forest,Upper
2014-09-30,5.0,CHI,Zonotrichia,albicollis,Passerellidae,10133,Yes,Forest,Lower
2014-09-30,5.0,CHI,Zonotrichia,albicollis,Passerellidae,10133,Yes,Forest,Lower
2014-09-30,5.0,CHI,Zonotrichia,albicollis,Passerellidae,10133,Yes,Forest,Lower
2014-09-30,5.0,CHI,catharus,ustulatus,Turdidae,2331,Yes,Forest,Lower
2014-09-30,5.0,CHI,Oreothlypis,peregrina,Parulidae,2515,Yes,Edge,Upper
2014-09-30,5.0,CHI,Oreothlypis,peregrina,Parulidae,2515,Yes,Edge,Upper
2014-09-30,5.0,CHI,Melospiza,lincolnii,Passerellidae,2029,yes,edge,Lower
2014-09-30,5.0,CHI,Zonotrichia,albicollis,Passerellidae,10133,Yes,Forest,Lower
2014-09-30,5.0,CHI,Setophaga,magnolia,Parulidae,1224,yes,forest,Upper
2014-09-30,5.0,CHI,Melospiza,lincolnii,Passerellidae,2029,yes,edge,Lower
2014-09-30,5.0,CHI,Melospiza,lincolnii,Passerellidae,2029,yes,edge,Lower
2014-09-30,5.0,CHI,Setophaga,palmarum,Parulidae,694,Yes,Edge,Lower
2014-09-30,5.0,MP,Oporornis,agilis,Parulidae,365,Yes,Forest,Lower
2014-09-30,5.0,CHI,Melospiza,lincolnii,Passerellidae,2029,yes,edge,Lower
2014-09-30,5.0,CHI,Setophaga,striata,Parulidae,787,Yes,Forest,Upper
2014-09-30,5.0,CHI,Junco,hyemalis,Passerellidae,6303,Yes,Edge,Lower
2014-09-30,5.0,CHI,Mniotilta,varia,Parulidae,620,Yes,Forest,Upper
2014-09-30,5.0,CHI,Oreothlypis,ruficapilla,Parulidae,1690,Yes,Forest,Upper
2014-09-30,5.0,CHI,Junco,hyemalis,Passerellidae,6303,Yes,Edge,Lower
2014-09-30,5.0,CHI,Oreothlypis,ruficapilla,Parulidae,1690,Yes,Forest,Upper
2014-09-30,5.0,CHI,Sitta,canadensis,Sittidae,260,Yes,Forest,Upper
2014-09-30,5.0,CHI,Oreothlypis,ruficapilla,Parulidae,1690,Yes,Forest,Upper
2014-09-30,5.0,CHI,Catharus,guttatus,Turdidae,3729,Yes,Forest,Lower
2014-09-30,5.0,CHI,Geothlypis,trichas,Parulidae,1555,Yes,Open,Lower
2014-09-30,5.0,CHI,Setophaga,virens,Parulidae,223,Yes,Forest,Upper
2014-09-30,5.0,CHI,Seiurus,aurocapilla,Parulidae,4580,Yes,Forest,Lower
2014-09-30,5.0,CHI,Seiurus,aurocapilla,Parulidae,4580,Yes,Forest,Lower
2014-09-30,5.0,CHI,Catharus,minimus,Turdidae,822,Yes,Forest,Lower
2014-09-30,5.0,CHI,Geothlypis,trichas,Parulidae,1555,Yes,Open,Lower
2014-10-01,4.0,CHI,Oreothlypis,peregrina,Parulidae,2515,Yes,Edge,Upper
2014-10-01,4.0,CHI,Oreothlypis,peregrina,Parulidae,2515,Yes,Edge,Upper
2014-10-01,4.0,CHI,Setophaga,caerulescens,Parulidae,183,Yes,Forest,Upper
2014-10-01,4.0,CHI,catharus,ustulatus,Turdidae,2331,Yes,Forest,Lower
2014-10-01,4.0,CHI,dumetella,carolinensis,Mimidae,599,no,edge,Lower
2014-10-01,4.0,CHI,Setophaga,palmarum,Parulidae,694,Yes,Edge,Lower
2014-10-01,4.0,CHI,Regulus,calendula,Regulidae,416,No,Forest,Upper
2014-10-01,4.0,CHI,Seiurus,aurocapilla,Parulidae,4580,Yes,Forest,Lower
2014-10-01,4.0,CHI,Junco,hyemalis,Passerellidae,6303,Yes,Edge,Lower
2014-10-01,4.0,CHI,Zonotrichia,albicollis,Passerellidae,10133,Yes,Forest,Lower
2014-10-01,4.0,CHI,Oreothlypis,celata,Parulidae,227,Yes,Edge,Lower
2014-10-01,4.0,CHI,Zonotrichia,albicollis,Passerellidae,10133,Yes,Forest,Lower
2014-10-01,4.0,CHI,dumetella,carolinensis,Mimidae,599,no,edge,Lower
2014-10-01,4.0,CHI,Zonotrichia,albicollis,Passerellidae,10133,Yes,Forest,Lower
2014-10-01,4.0,CHI,catharus,ustulatus,Turdidae,2331,Yes,Forest,Lower
2014-10-01,4.0,CHI,Oreothlypis,ruficapilla,Parulidae,1690,Yes,Forest,Upper
2014-10-01,4.0,CHI,Zonotrichia,albicollis,Passerellidae,10133,Yes,Forest,Lower
2014-10-01,4.0,CHI,catharus,ustulatus,Turdidae,2331,Yes,Forest,Lower
2014-10-01,4.0,CHI,Geothlypis,trichas,Parulidae,1555,Yes,Open,Lower
2014-10-01,4.0,CHI,setophaga,ruticilla,Parulidae,868,Yes,Edge,Upper
2014-10-01,4.0,CHI,Zonotrichia,albicollis,Passerellidae,10133,Yes,Forest,Lower
2014-10-01,4.0,CHI,Zonotrichia,albicollis,Passerellidae,10133,Yes,Forest,Lower
2014-10-01,4.0,CHI,Catharus,guttatus,Turdidae,3729,Yes,Forest,Lower
2014-10-01,4.0,CHI,Oreothlypis,ruficapilla,Parulidae,1690,Yes,Forest,Upper
2014-10-01,4.0,CHI,Oreothlypis,ruficapilla,Parulidae,1690,Yes,Forest,Upper
2014-10-01,4.0,CHI,Melospiza,lincolnii,Passerellidae,2029,yes,edge,Lower
2014-10-01,4.0,CHI,Setophaga,striata,Parulidae,787,Yes,Forest,Upper
2014-10-01,4.0,CHI,Setophaga,striata,Parulidae,787,Yes,Forest,Upper
2014-10-01,4.0,CHI,Oreothlypis,ruficapilla,Parulidae,1690,Yes,Forest,Upper
2014-10-01,4.0,CHI,catharus,ustulatus,Turdidae,2331,Yes,Forest,Lower
2014-10-01,4.0,CHI,Setophaga,coronata,Parulidae,887,yes,forest,Upper
2014-10-01,4.0,CHI,Oreothlypis,ruficapilla,Parulidae,1690,Yes,Forest,Upper
2014-10-02,4.0,CHI,Geothlypis,trichas,Parulidae,1555,Yes,Open,Lower
2014-10-02,4.0,CHI,Zonotrichia,albicollis,Passerellidae,10133,Yes,Forest,Lower
2014-10-02,4.0,CHI,Geothlypis,trichas,Parulidae,1555,Yes,Open,Lower
2014-10-02,4.0,CHI,Mniotilta,varia,Parulidae,620,Yes,Forest,Upper
2014-10-02,4.0,CHI,Passerina,cyanea,Cardinalidae,725,yes,edge,Upper
2014-10-02,4.0,CHI,Zonotrichia,albicollis,Passerellidae,10133,Yes,Forest,Lower
2014-10-02,4.0,CHI,Setophaga,castanea,Parulidae,287,Yes,Forest,Upper
2014-10-02,4.0,CHI,Setophaga,castanea,Parulidae,287,Yes,Forest,Upper
2014-10-02,4.0,CHI,Parkesia,noveboracensis,Parulidae,916,Yes,Forest,Lower
2014-10-02,4.0,CHI,Seiurus,aurocapilla,Parulidae,4580,Yes,Forest,Lower
2014-10-02,4.0,CHI,Zonotrichia,albicollis,Passerellidae,10133,Yes,Forest,Lower
2014-10-02,4.0,CHI,Zonotrichia,albicollis,Passerellidae,10133,Yes,Forest,Lower
2014-10-02,4.0,CHI,Zonotrichia,albicollis,Passerellidae,10133,Yes,Forest,Lower
2014-10-02,4.0,CHI,Setophaga,americana,Parulidae,59,Yes,Forest,Upper
2014-10-02,4.0,CHI,Oreothlypis,ruficapilla,Parulidae,1690,Yes,Forest,Upper
2014-10-02,4.0,CHI,Oreothlypis,peregrina,Parulidae,2515,Yes,Edge,Upper
2014-10-02,4.0,CHI,Oreothlypis,ruficapilla,Parulidae,1690,Yes,Forest,Upper
2014-10-02,4.0,CHI,Setophaga,palmarum,Parulidae,694,Yes,Edge,Lower
2014-10-02,4.0,CHI,dumetella,carolinensis,Mimidae,599,no,edge,Lower
2014-10-02,4.0,CHI,Oreothlypis,ruficapilla,Parulidae,1690,Yes,Forest,Upper
2014-10-02,4.0,CHI,Setophaga,virens,Parulidae,223,Yes,Forest,Upper
2014-10-02,4.0,CHI,Catharus,guttatus,Turdidae,3729,Yes,Forest,Lower
2014-10-02,4.0,CHI,Setophaga,striata,Parulidae,787,Yes,Forest,Upper
2014-10-02,4.0,CHI,Oreothlypis,ruficapilla,Parulidae,1690,Yes,Forest,Upper
2014-10-02,4.0,CHI,Oreothlypis,peregrina,Parulidae,2515,Yes,Edge,Upper
2014-10-02,4.0,CHI,Setophaga,magnolia,Parulidae,1224,yes,forest,Upper
2014-10-02,4.0,CHI,Toxostoma,rufum,Mimidae,166,No,Edge,Lower
2014-10-03,4.0,CHI,Seiurus,aurocapilla,Parulidae,4580,Yes,Forest,Lower
2014-10-03,4.0,CHI,Oreothlypis,peregrina,Parulidae,2515,Yes,Edge,Upper
2014-10-03,4.0,CHI,Zonotrichia,albicollis,Passerellidae,10133,Yes,Forest,Lower
2014-10-03,4.0,CHI,Zonotrichia,albicollis,Passerellidae,10133,Yes,Forest,Lower
2014-10-03,4.0,CHI,Setophaga,striata,Parulidae,787,Yes,Forest,Upper
2014-10-03,4.0,CHI,catharus,ustulatus,Turdidae,2331,Yes,Forest,Lower
2014-10-03,4.0,MP,Zonotrichia,albicollis,Passerellidae,10133,Yes,Forest,Lower
2014-10-04,16.0,CHI,Setophaga,palmarum,Parulidae,694,Yes,Edge,Lower
2014-10-04,16.0,CHI,Setophaga,palmarum,Parulidae,694,Yes,Edge,Lower
2014-10-04,16.0,MP,Setophaga,coronata,Parulidae,887,yes,forest,Upper
2014-10-04,16.0,CHI,Seiurus,aurocapilla,Parulidae,4580,Yes,Forest,Lower
2014-10-04,16.0,CHI,Seiurus,aurocapilla,Parulidae,4580,Yes,Forest,Lower
2014-10-04,16.0,CHI,Setophaga,palmarum,Parulidae,694,Yes,Edge,Lower
2014-10-04,16.0,CHI,Spizella,pallida,Passerellidae,50,Yes,Open,Lower
2014-10-04,16.0,CHI,Setophaga,magnolia,Parulidae,1224,yes,forest,Upper
2014-10-04,16.0,CHI,Oreothlypis,peregrina,Parulidae,2515,Yes,Edge,Upper
2014-10-04,16.0,CHI,Zonotrichia,albicollis,Passerellidae,10133,Yes,Forest,Lower
2014-10-04,16.0,MP,Zonotrichia,albicollis,Passerellidae,10133,Yes,Forest,Lower
2014-10-04,16.0,CHI,Setophaga,magnolia,Parulidae,1224,yes,forest,Upper
2014-10-04,16.0,CHI,Zonotrichia,albicollis,Passerellidae,10133,Yes,Forest,Lower
2014-10-04,16.0,MP,Setophaga,palmarum,Parulidae,694,Yes,Edge,Lower
2014-10-04,16.0,CHI,Seiurus,aurocapilla,Parulidae,4580,Yes,Forest,Lower
2014-10-04,16.0,CHI,Oreothlypis,peregrina,Parulidae,2515,Yes,Edge,Upper
2014-10-04,16.0,CHI,Setophaga,magnolia,Parulidae,1224,yes,forest,Upper
2014-10-04,16.0,CHI,Setophaga,magnolia,Parulidae,1224,yes,forest,Upper
2014-10-04,16.0,CHI,Setophaga,tigrina,Parulidae,182,Yes,Forest,Upper
2014-10-04,16.0,CHI,catharus,ustulatus,Turdidae,2331,Yes,Forest,Lower
2014-10-04,16.0,CHI,dumetella,carolinensis,Mimidae,599,no,edge,Lower
2014-10-04,16.0,CHI,dumetella,carolinensis,Mimidae,599,no,edge,Lower
2014-10-04,16.0,MP,Geothlypis,trichas,Parulidae,1555,Yes,Open,Lower
2014-10-04,16.0,CHI,Mniotilta,varia,Parulidae,620,Yes,Forest,Upper
2014-10-04,16.0,CHI,Mniotilta,varia,Parulidae,620,Yes,Forest,Upper
2014-10-04,16.0,CHI,Setophaga,striata,Parulidae,787,Yes,Forest,Upper
2014-10-04,16.0,CHI,Geothlypis,trichas,Parulidae,1555,Yes,Open,Lower
2014-10-04,16.0,MP,Geothlypis,trichas,Parulidae,1555,Yes,Open,Lower
2014-10-04,16.0,MP,Setophaga,striata,Parulidae,787,Yes,Forest,Upper
2014-10-04,16.0,CHI,Setophaga,striata,Parulidae,787,Yes,Forest,Upper
2014-10-04,16.0,MP,Geothlypis,trichas,Parulidae,1555,Yes,Open,Lower
2014-10-04,16.0,CHI,Geothlypis,trichas,Parulidae,1555,Yes,Open,Lower
2014-10-04,16.0,CHI,Setophaga,pinus,Parulidae,49,Yes,Forest,Upper
2014-10-04,16.0,CHI,Oreothlypis,ruficapilla,Parulidae,1690,Yes,Forest,Upper
2014-10-04,16.0,CHI,Geothlypis,trichas,Parulidae,1555,Yes,Open,Lower
2014-10-04,16.0,CHI,Oreothlypis,ruficapilla,Parulidae,1690,Yes,Forest,Upper
2014-10-04,16.0,CHI,Parkesia,noveboracensis,Parulidae,916,Yes,Forest,Lower
2014-10-04,16.0,CHI,Oreothlypis,peregrina,Parulidae,2515,Yes,Edge,Upper
2014-10-04,16.0,CHI,Setophaga,palmarum,Parulidae,694,Yes,Edge,Lower
2014-10-04,16.0,CHI,Setophaga,palmarum,Parulidae,694,Yes,Edge,Lower
2014-10-04,16.0,CHI,Setophaga,palmarum,Parulidae,694,Yes,Edge,Lower
2014-10-04,16.0,CHI,Oreothlypis,peregrina,Parulidae,2515,Yes,Edge,Upper
2014-10-04,16.0,CHI,Oreothlypis,peregrina,Parulidae,2515,Yes,Edge,Upper
2014-10-04,16.0,CHI,Setophaga,magnolia,Parulidae,1224,yes,forest,Upper
2014-10-04,16.0,MP,Oreothlypis,ruficapilla,Parulidae,1690,Yes,Forest,Upper
2014-10-04,16.0,CHI,Setophaga,magnolia,Parulidae,1224,yes,forest,Upper
2014-10-04,16.0,CHI,Seiurus,aurocapilla,Parulidae,4580,Yes,Forest,Lower
2014-10-04,16.0,MP,Melospiza,lincolnii,Passerellidae,2029,yes,edge,Lower
2014-10-04,16.0,CHI,Seiurus,aurocapilla,Parulidae,4580,Yes,Forest,Lower
2014-10-04,16.0,CHI,Setophaga,magnolia,Parulidae,1224,yes,forest,Upper
2014-10-04,16.0,CHI,Seiurus,aurocapilla,Parulidae,4580,Yes,Forest,Lower
2014-10-04,16.0,CHI,Seiurus,aurocapilla,Parulidae,4580,Yes,Forest,Lower
2014-10-04,16.0,CHI,Seiurus,aurocapilla,Parulidae,4580,Yes,Forest,Lower
2014-10-04,16.0,CHI,Seiurus,aurocapilla,Parulidae,4580,Yes,Forest,Lower
2014-10-04,16.0,CHI,Seiurus,aurocapilla,Parulidae,4580,Yes,Forest,Lower
2014-10-04,16.0,CHI,Seiurus,aurocapilla,Parulidae,4580,Yes,Forest,Lower
2014-10-04,16.0,CHI,Seiurus,aurocapilla,Parulidae,4580,Yes,Forest,Lower
2014-10-04,16.0,CHI,Seiurus,aurocapilla,Parulidae,4580,Yes,Forest,Lower
2014-10-04,16.0,CHI,Seiurus,aurocapilla,Parulidae,4580,Yes,Forest,Lower
2014-10-04,16.0,CHI,Seiurus,aurocapilla,Parulidae,4580,Yes,Forest,Lower
2014-10-04,16.0,CHI,Setophaga,palmarum,Parulidae,694,Yes,Edge,Lower
2014-10-04,16.0,MP,Setophaga,palmarum,Parulidae,694,Yes,Edge,Lower
2014-10-04,16.0,CHI,Seiurus,aurocapilla,Parulidae,4580,Yes,Forest,Lower
2014-10-04,16.0,CHI,Seiurus,aurocapilla,Parulidae,4580,Yes,Forest,Lower
2014-10-04,16.0,CHI,Setophaga,palmarum,Parulidae,694,Yes,Edge,Lower
2014-10-04,16.0,CHI,Setophaga,palmarum,Parulidae,694,Yes,Edge,Lower
2014-10-04,16.0,CHI,Seiurus,aurocapilla,Parulidae,4580,Yes,Forest,Lower
2014-10-04,16.0,CHI,Seiurus,aurocapilla,Parulidae,4580,Yes,Forest,Lower
2014-10-04,16.0,CHI,Seiurus,aurocapilla,Parulidae,4580,Yes,Forest,Lower
2014-10-04,16.0,CHI,Seiurus,aurocapilla,Parulidae,4580,Yes,Forest,Lower
2014-10-04,16.0,CHI,Seiurus,aurocapilla,Parulidae,4580,Yes,Forest,Lower
2014-10-04,16.0,CHI,Setophaga,palmarum,Parulidae,694,Yes,Edge,Lower
2014-10-04,16.0,CHI,Setophaga,palmarum,Parulidae,694,Yes,Edge,Lower
2014-10-04,16.0,CHI,Setophaga,palmarum,Parulidae,694,Yes,Edge,Lower
2014-10-04,16.0,MP,Setophaga,palmarum,Parulidae,694,Yes,Edge,Lower
2014-10-04,16.0,CHI,setophaga,ruticilla,Parulidae,868,Yes,Edge,Upper
2014-10-04,16.0,CHI,setophaga,ruticilla,Parulidae,868,Yes,Edge,Upper
2014-10-04,16.0,MP,Passerina,cyanea,Cardinalidae,725,yes,edge,Upper
2014-10-04,16.0,MP,Seiurus,aurocapilla,Parulidae,4580,Yes,Forest,Lower
2014-10-04,16.0,CHI,Contopus,virens,Tyrannidae,70,No,Forest,Upper
2014-10-04,16.0,CHI,Seiurus,aurocapilla,Parulidae,4580,Yes,Forest,Lower
2014-10-04,16.0,MP,Setophaga,palmarum,Parulidae,694,Yes,Edge,Lower
2014-10-04,16.0,CHI,Setophaga,americana,Parulidae,59,Yes,Forest,Upper
2014-10-04,16.0,CHI,Seiurus,aurocapilla,Parulidae,4580,Yes,Forest,Lower
2014-10-04,16.0,CHI,Seiurus,aurocapilla,Parulidae,4580,Yes,Forest,Lower
2014-10-04,16.0,CHI,Oreothlypis,peregrina,Parulidae,2515,Yes,Edge,Upper
2014-10-04,16.0,CHI,setophaga,ruticilla,Parulidae,868,Yes,Edge,Upper
2014-10-05,16.0,CHI,Pheucticus,ludovicianus,Cardinalidae,397,Yes,Forest,Upper
2014-10-05,16.0,MP,Seiurus,aurocapilla,Parulidae,4580,Yes,Forest,Lower
2014-10-05,16.0,CHI,Setophaga,magnolia,Parulidae,1224,yes,forest,Upper
2014-10-05,16.0,CHI,Seiurus,aurocapilla,Parulidae,4580,Yes,Forest,Lower
2014-10-05,16.0,CHI,Zonotrichia,albicollis,Passerellidae,10133,Yes,Forest,Lower
2014-10-05,16.0,CHI,Seiurus,aurocapilla,Parulidae,4580,Yes,Forest,Lower
2014-10-05,16.0,CHI,Setophaga,coronata,Parulidae,887,yes,forest,Upper
2014-10-05,16.0,CHI,Setophaga,magnolia,Parulidae,1224,yes,forest,Upper
2014-10-05,16.0,CHI,Oreothlypis,peregrina,Parulidae,2515,Yes,Edge,Upper
2014-10-05,16.0,CHI,Oreothlypis,peregrina,Parulidae,2515,Yes,Edge,Upper
2014-10-05,16.0,CHI,Zonotrichia,albicollis,Passerellidae,10133,Yes,Forest,Lower
2014-10-05,16.0,CHI,Zonotrichia,albicollis,Passerellidae,10133,Yes,Forest,Lower
2014-10-05,16.0,MP,Zonotrichia,albicollis,Passerellidae,10133,Yes,Forest,Lower
2014-10-05,16.0,MP,Zonotrichia,albicollis,Passerellidae,10133,Yes,Forest,Lower
2014-10-05,16.0,CHI,Oreothlypis,peregrina,Parulidae,2515,Yes,Edge,Upper
2014-10-05,16.0,CHI,Zonotrichia,albicollis,Passerellidae,10133,Yes,Forest,Lower
2014-10-05,16.0,CHI,Seiurus,aurocapilla,Parulidae,4580,Yes,Forest,Lower
2014-10-05,16.0,CHI,setophaga,ruticilla,Parulidae,868,Yes,Edge,Upper
2014-10-05,16.0,CHI,Seiurus,aurocapilla,Parulidae,4580,Yes,Forest,Lower
2014-10-05,16.0,MP,Setophaga,coronata,Parulidae,887,yes,forest,Upper
2014-10-05,16.0,CHI,dumetella,carolinensis,Mimidae,599,no,edge,Lower
2014-10-05,16.0,CHI,Seiurus,aurocapilla,Parulidae,4580,Yes,Forest,Lower
2014-10-05,16.0,CHI,Seiurus,aurocapilla,Parulidae,4580,Yes,Forest,Lower
2014-10-05,16.0,MP,setophaga,ruticilla,Parulidae,868,Yes,Edge,Upper
2014-10-05,16.0,CHI,Geothlypis,trichas,Parulidae,1555,Yes,Open,Lower
2014-10-05,16.0,CHI,setophaga,ruticilla,Parulidae,868,Yes,Edge,Upper
2014-10-05,16.0,MP,Setophaga,coronata,Parulidae,887,yes,forest,Upper
2014-10-05,16.0,CHI,Seiurus,aurocapilla,Parulidae,4580,Yes,Forest,Lower
2014-10-05,16.0,CHI,Setophaga,coronata,Parulidae,887,yes,forest,Upper
2014-10-05,16.0,CHI,Oreothlypis,peregrina,Parulidae,2515,Yes,Edge,Upper
2014-10-05,16.0,CHI,Geothlypis,trichas,Parulidae,1555,Yes,Open,Lower
2014-10-05,16.0,CHI,Geothlypis,trichas,Parulidae,1555,Yes,Open,Lower
2014-10-05,16.0,CHI,Passerina,cyanea,Cardinalidae,725,yes,edge,Upper
2014-10-05,16.0,CHI,Seiurus,aurocapilla,Parulidae,4580,Yes,Forest,Lower
2014-10-05,16.0,CHI,Seiurus,aurocapilla,Parulidae,4580,Yes,Forest,Lower
2014-10-05,16.0,CHI,Seiurus,aurocapilla,Parulidae,4580,Yes,Forest,Lower
2014-10-05,16.0,CHI,Setophaga,coronata,Parulidae,887,yes,forest,Upper
2014-10-05,16.0,MP,Setophaga,coronata,Parulidae,887,yes,forest,Upper
2014-10-05,16.0,CHI,Oreothlypis,peregrina,Parulidae,2515,Yes,Edge,Upper
2014-10-05,16.0,CHI,Melospiza,lincolnii,Passerellidae,2029,yes,edge,Lower
2014-10-05,16.0,CHI,Catharus,minimus,Turdidae,822,Yes,Forest,Lower
2014-10-05,16.0,CHI,Geothlypis,trichas,Parulidae,1555,Yes,Open,Lower
2014-10-05,16.0,CHI,Junco,hyemalis,Passerellidae,6303,Yes,Edge,Lower
2014-10-05,16.0,CHI,Setophaga,palmarum,Parulidae,694,Yes,Edge,Lower
2014-10-05,16.0,CHI,Setophaga,palmarum,Parulidae,694,Yes,Edge,Lower
2014-10-05,16.0,CHI,Catharus,minimus,Turdidae,822,Yes,Forest,Lower
2014-10-05,16.0,MP,Setophaga,palmarum,Parulidae,694,Yes,Edge,Lower
2014-10-05,16.0,CHI,Catharus,guttatus,Turdidae,3729,Yes,Forest,Lower
2014-10-05,16.0,CHI,Catharus,minimus,Turdidae,822,Yes,Forest,Lower
2014-10-05,16.0,CHI,Catharus,guttatus,Turdidae,3729,Yes,Forest,Lower
2014-10-05,16.0,CHI,Hylocichla,mustelina,Turdidae,500,Yes,Forest,Lower
2014-10-05,16.0,MP,Setophaga,palmarum,Parulidae,694,Yes,Edge,Lower
2014-10-05,16.0,MP,Setophaga,palmarum,Parulidae,694,Yes,Edge,Lower
2014-10-05,16.0,MP,Setophaga,palmarum,Parulidae,694,Yes,Edge,Lower
2014-10-05,16.0,CHI,Geothlypis,trichas,Parulidae,1555,Yes,Open,Lower
2014-10-05,16.0,CHI,Setophaga,palmarum,Parulidae,694,Yes,Edge,Lower
2014-10-05,16.0,CHI,Hylocichla,mustelina,Turdidae,500,Yes,Forest,Lower
2014-10-05,16.0,CHI,Setophaga,palmarum,Parulidae,694,Yes,Edge,Lower
2014-10-05,16.0,CHI,Setophaga,palmarum,Parulidae,694,Yes,Edge,Lower
2014-10-05,16.0,CHI,Junco,hyemalis,Passerellidae,6303,Yes,Edge,Lower
2014-10-05,16.0,CHI,Geothlypis,trichas,Parulidae,1555,Yes,Open,Lower
2014-10-05,16.0,CHI,geothlypis,philadelphia,Parulidae,430,Yes,Edge,Lower
2014-10-05,16.0,MP,Mniotilta,varia,Parulidae,620,Yes,Forest,Upper
2014-10-05,16.0,CHI,Setophaga,pinus,Parulidae,49,Yes,Forest,Upper
2014-10-06,14.0,CHI,Mniotilta,varia,Parulidae,620,Yes,Forest,Upper
2014-10-06,14.0,MP,Oreothlypis,peregrina,Parulidae,2515,Yes,Edge,Upper
2014-10-06,14.0,CHI,Oreothlypis,peregrina,Parulidae,2515,Yes,Edge,Upper
2014-10-06,14.0,MP,Zonotrichia,albicollis,Passerellidae,10133,Yes,Forest,Lower
2014-10-06,14.0,CHI,setophaga,ruticilla,Parulidae,868,Yes,Edge,Upper
2014-10-06,14.0,CHI,Setophaga,magnolia,Parulidae,1224,yes,forest,Upper
2014-10-06,14.0,CHI,Setophaga,magnolia,Parulidae,1224,yes,forest,Upper
2014-10-06,14.0,CHI,Setophaga,magnolia,Parulidae,1224,yes,forest,Upper
2014-10-06,14.0,CHI,Oreothlypis,peregrina,Parulidae,2515,Yes,Edge,Upper
2014-10-06,14.0,CHI,Seiurus,aurocapilla,Parulidae,4580,Yes,Forest,Lower
2014-10-06,14.0,CHI,Oreothlypis,peregrina,Parulidae,2515,Yes,Edge,Upper
2014-10-06,14.0,CHI,Seiurus,aurocapilla,Parulidae,4580,Yes,Forest,Lower
2014-10-06,14.0,CHI,Mniotilta,varia,Parulidae,620,Yes,Forest,Upper
2014-10-06,14.0,CHI,Seiurus,aurocapilla,Parulidae,4580,Yes,Forest,Lower
2014-10-06,14.0,CHI,Seiurus,aurocapilla,Parulidae,4580,Yes,Forest,Lower
2014-10-06,14.0,CHI,Hylocichla,mustelina,Turdidae,500,Yes,Forest,Lower
2014-10-06,14.0,CHI,Oreothlypis,peregrina,Parulidae,2515,Yes,Edge,Upper
2014-10-06,14.0,CHI,Oreothlypis,ruficapilla,Parulidae,1690,Yes,Forest,Upper
2014-10-07,4.0,CHI,Oreothlypis,peregrina,Parulidae,2515,Yes,Edge,Upper
2014-10-07,4.0,CHI,Oreothlypis,peregrina,Parulidae,2515,Yes,Edge,Upper
2014-10-07,4.0,CHI,Seiurus,aurocapilla,Parulidae,4580,Yes,Forest,Lower
2014-10-07,4.0,CHI,Oreothlypis,peregrina,Parulidae,2515,Yes,Edge,Upper
2014-10-07,4.0,CHI,Oreothlypis,peregrina,Parulidae,2515,Yes,Edge,Upper
2014-10-07,4.0,CHI,Seiurus,aurocapilla,Parulidae,4580,Yes,Forest,Lower
2014-10-07,4.0,CHI,Seiurus,aurocapilla,Parulidae,4580,Yes,Forest,Lower
2014-10-07,4.0,CHI,Oreothlypis,peregrina,Parulidae,2515,Yes,Edge,Upper
2014-10-07,4.0,CHI,Oreothlypis,peregrina,Parulidae,2515,Yes,Edge,Upper
2014-10-07,4.0,CHI,Setophaga,magnolia,Parulidae,1224,yes,forest,Upper
2014-10-07,4.0,CHI,Seiurus,aurocapilla,Parulidae,4580,Yes,Forest,Lower
2014-10-07,4.0,CHI,Seiurus,aurocapilla,Parulidae,4580,Yes,Forest,Lower
2014-10-07,4.0,CHI,Geothlypis,trichas,Parulidae,1555,Yes,Open,Lower
2014-10-07,4.0,CHI,Oreothlypis,ruficapilla,Parulidae,1690,Yes,Forest,Upper
2014-10-07,4.0,CHI,Seiurus,aurocapilla,Parulidae,4580,Yes,Forest,Lower
2014-10-07,4.0,CHI,Geothlypis,trichas,Parulidae,1555,Yes,Open,Lower
2014-10-07,4.0,CHI,Geothlypis,trichas,Parulidae,1555,Yes,Open,Lower
2014-10-07,4.0,MP,Setophaga,coronata,Parulidae,887,yes,forest,Upper
2014-10-07,4.0,CHI,Junco,hyemalis,Passerellidae,6303,Yes,Edge,Lower
2014-10-07,4.0,CHI,Vireo,olivaceus,Vireonidae,133,No,Forest,Upper
2014-10-07,4.0,CHI,Zonotrichia,albicollis,Passerellidae,10133,Yes,Forest,Lower
2014-10-07,4.0,CHI,Zonotrichia,albicollis,Passerellidae,10133,Yes,Forest,Lower
2014-10-07,4.0,MP,Zonotrichia,albicollis,Passerellidae,10133,Yes,Forest,Lower
2014-10-07,4.0,MP,Geothlypis,trichas,Parulidae,1555,Yes,Open,Lower
2014-10-07,4.0,CHI,Seiurus,aurocapilla,Parulidae,4580,Yes,Forest,Lower
2014-10-07,4.0,CHI,Geothlypis,trichas,Parulidae,1555,Yes,Open,Lower
2014-10-07,4.0,CHI,Setophaga,palmarum,Parulidae,694,Yes,Edge,Lower
2014-10-07,4.0,MP,Catharus,guttatus,Turdidae,3729,Yes,Forest,Lower
2014-10-07,4.0,CHI,Geothlypis,trichas,Parulidae,1555,Yes,Open,Lower
2014-10-08,4.0,MP,Zonotrichia,albicollis,Passerellidae,10133,Yes,Forest,Lower
2014-10-08,4.0,MP,Junco,hyemalis,Passerellidae,6303,Yes,Edge,Lower
2014-10-08,4.0,CHI,Junco,hyemalis,Passerellidae,6303,Yes,Edge,Lower
2014-10-08,4.0,CHI,Seiurus,aurocapilla,Parulidae,4580,Yes,Forest,Lower
2014-10-08,4.0,CHI,Setophaga,caerulescens,Parulidae,183,Yes,Forest,Upper
2014-10-08,4.0,CHI,Junco,hyemalis,Passerellidae,6303,Yes,Edge,Lower
2014-10-08,4.0,CHI,dumetella,carolinensis,Mimidae,599,no,edge,Lower
2014-10-08,4.0,CHI,Zonotrichia,albicollis,Passerellidae,10133,Yes,Forest,Lower
2014-10-08,4.0,CHI,Zonotrichia,albicollis,Passerellidae,10133,Yes,Forest,Lower
2014-10-08,4.0,CHI,Setophaga,coronata,Parulidae,887,yes,forest,Upper
2014-10-08,4.0,CHI,Zonotrichia,albicollis,Passerellidae,10133,Yes,Forest,Lower
2014-10-08,4.0,CHI,Junco,hyemalis,Passerellidae,6303,Yes,Edge,Lower
2014-10-08,4.0,CHI,Junco,hyemalis,Passerellidae,6303,Yes,Edge,Lower
2014-10-08,4.0,CHI,Catharus,guttatus,Turdidae,3729,Yes,Forest,Lower
2014-10-08,4.0,CHI,Catharus,guttatus,Turdidae,3729,Yes,Forest,Lower
2014-10-08,4.0,CHI,Catharus,guttatus,Turdidae,3729,Yes,Forest,Lower
2014-10-08,4.0,MP,Catharus,guttatus,Turdidae,3729,Yes,Forest,Lower
2014-10-08,4.0,MP,Zonotrichia,albicollis,Passerellidae,10133,Yes,Forest,Lower
2014-10-08,4.0,CHI,Setophaga,coronata,Parulidae,887,yes,forest,Upper
2014-10-08,4.0,CHI,Zonotrichia,leucophrys,Passerellidae,1090,Yes,Edge,Lower
2014-10-08,4.0,CHI,Geothlypis,trichas,Parulidae,1555,Yes,Open,Lower
2014-10-08,4.0,CHI,dumetella,carolinensis,Mimidae,599,no,edge,Lower
2014-10-08,4.0,CHI,Catharus,minimus,Turdidae,822,Yes,Forest,Lower
2014-10-08,4.0,CHI,Zonotrichia,leucophrys,Passerellidae,1090,Yes,Edge,Lower
2014-10-08,4.0,CHI,Zonotrichia,leucophrys,Passerellidae,1090,Yes,Edge,Lower
2014-10-08,4.0,CHI,Setophaga,castanea,Parulidae,287,Yes,Forest,Upper
2014-10-08,4.0,CHI,Catharus,guttatus,Turdidae,3729,Yes,Forest,Lower
2014-10-08,4.0,CHI,Catharus,guttatus,Turdidae,3729,Yes,Forest,Lower
2014-10-08,4.0,CHI,Oreothlypis,peregrina,Parulidae,2515,Yes,Edge,Upper
2014-10-08,4.0,CHI,Catharus,guttatus,Turdidae,3729,Yes,Forest,Lower
2014-10-08,4.0,MP,Geothlypis,trichas,Parulidae,1555,Yes,Open,Lower
2014-10-08,4.0,CHI,Oreothlypis,peregrina,Parulidae,2515,Yes,Edge,Upper
2014-10-08,4.0,MP,Catharus,guttatus,Turdidae,3729,Yes,Forest,Lower
2014-10-08,4.0,MP,Melospiza,lincolnii,Passerellidae,2029,yes,edge,Lower
2014-10-08,4.0,CHI,Catharus,guttatus,Turdidae,3729,Yes,Forest,Lower
2014-10-08,4.0,CHI,Melospiza,lincolnii,Passerellidae,2029,yes,edge,Lower
2014-10-08,4.0,CHI,Setophaga,virens,Parulidae,223,Yes,Forest,Upper
2014-10-08,4.0,CHI,Setophaga,virens,Parulidae,223,Yes,Forest,Upper
2014-10-08,4.0,CHI,Melospiza,melodia,Passerellidae,5124,Yes,Edge,Lower
2014-10-08,4.0,CHI,Oreothlypis,peregrina,Parulidae,2515,Yes,Edge,Upper
2014-10-08,4.0,CHI,cistothorus,palustris,Troglodytidae,91,No,Open,Lower
2014-10-08,4.0,CHI,Junco,hyemalis,Passerellidae,6303,Yes,Edge,Lower
2014-10-08,4.0,CHI,Regulus,satrapa,Regulidae,1029,Yes,Forest,Upper
2014-10-08,4.0,CHI,Oreothlypis,ruficapilla,Parulidae,1690,Yes,Forest,Upper
2014-10-08,4.0,CHI,Zonotrichia,albicollis,Passerellidae,10133,Yes,Forest,Lower
2014-10-08,4.0,CHI,Zonotrichia,albicollis,Passerellidae,10133,Yes,Forest,Lower
2014-10-08,4.0,CHI,Zonotrichia,albicollis,Passerellidae,10133,Yes,Forest,Lower
2014-10-08,4.0,CHI,Oreothlypis,ruficapilla,Parulidae,1690,Yes,Forest,Upper
2014-10-08,4.0,CHI,Oreothlypis,ruficapilla,Parulidae,1690,Yes,Forest,Upper
2014-10-08,4.0,CHI,Regulus,satrapa,Regulidae,1029,Yes,Forest,Upper
2014-10-08,4.0,CHI,Passerella,iliaca,Passerellidae,2443,Yes,Edge,Lower
2014-10-08,4.0,CHI,Zonotrichia,albicollis,Passerellidae,10133,Yes,Forest,Lower
2014-10-08,4.0,CHI,Zonotrichia,albicollis,Passerellidae,10133,Yes,Forest,Lower
2014-10-08,4.0,CHI,Zonotrichia,albicollis,Passerellidae,10133,Yes,Forest,Lower
2014-10-08,4.0,CHI,Zonotrichia,albicollis,Passerellidae,10133,Yes,Forest,Lower
2014-10-08,4.0,CHI,Passerella,iliaca,Passerellidae,2443,Yes,Edge,Lower
2014-10-08,4.0,CHI,Setophaga,palmarum,Parulidae,694,Yes,Edge,Lower
2014-10-08,4.0,CHI,Setophaga,palmarum,Parulidae,694,Yes,Edge,Lower
2014-10-08,4.0,CHI,Passerella,iliaca,Passerellidae,2443,Yes,Edge,Lower
2014-10-08,4.0,MP,Passerella,iliaca,Passerellidae,2443,Yes,Edge,Lower
2014-10-08,4.0,CHI,Oreothlypis,ruficapilla,Parulidae,1690,Yes,Forest,Upper
2014-10-08,4.0,CHI,Zonotrichia,albicollis,Passerellidae,10133,Yes,Forest,Lower
2014-10-08,4.0,CHI,Zonotrichia,albicollis,Passerellidae,10133,Yes,Forest,Lower
2014-10-08,4.0,CHI,Catharus,guttatus,Turdidae,3729,Yes,Forest,Lower
2014-10-08,4.0,CHI,Setophaga,magnolia,Parulidae,1224,yes,forest,Upper
2014-10-08,4.0,CHI,Zonotrichia,albicollis,Passerellidae,10133,Yes,Forest,Lower
2014-10-08,4.0,CHI,Spizella,passerina,Passerellidae,68,Yes,Edge,Lower
2014-10-08,4.0,CHI,Zonotrichia,albicollis,Passerellidae,10133,Yes,Forest,Lower
2014-10-08,4.0,CHI,Zonotrichia,albicollis,Passerellidae,10133,Yes,Forest,Lower
2014-10-08,4.0,CHI,Zonotrichia,albicollis,Passerellidae,10133,Yes,Forest,Lower
2014-10-08,4.0,CHI,Zonotrichia,albicollis,Passerellidae,10133,Yes,Forest,Lower
2014-10-08,4.0,CHI,Zonotrichia,albicollis,Passerellidae,10133,Yes,Forest,Lower
2014-10-08,4.0,CHI,Zonotrichia,albicollis,Passerellidae,10133,Yes,Forest,Lower
2014-10-08,4.0,CHI,Setophaga,magnolia,Parulidae,1224,yes,forest,Upper
2014-10-08,4.0,CHI,Zonotrichia,albicollis,Passerellidae,10133,Yes,Forest,Lower
2014-10-09,4.0,CHI,Junco,hyemalis,Passerellidae,6303,Yes,Edge,Lower
2014-10-09,4.0,CHI,Junco,hyemalis,Passerellidae,6303,Yes,Edge,Lower
2014-10-09,4.0,CHI,Junco,hyemalis,Passerellidae,6303,Yes,Edge,Lower
2014-10-09,4.0,CHI,Setophaga,tigrina,Parulidae,182,Yes,Forest,Upper
2014-10-09,4.0,CHI,Setophaga,coronata,Parulidae,887,yes,forest,Upper
2014-10-09,4.0,CHI,Junco,hyemalis,Passerellidae,6303,Yes,Edge,Lower
2014-10-09,4.0,CHI,Junco,hyemalis,Passerellidae,6303,Yes,Edge,Lower
2014-10-09,4.0,CHI,Junco,hyemalis,Passerellidae,6303,Yes,Edge,Lower
2014-10-09,4.0,CHI,Junco,hyemalis,Passerellidae,6303,Yes,Edge,Lower
2014-10-09,4.0,CHI,Junco,hyemalis,Passerellidae,6303,Yes,Edge,Lower
2014-10-09,4.0,CHI,Junco,hyemalis,Passerellidae,6303,Yes,Edge,Lower
2014-10-09,4.0,CHI,Setophaga,coronata,Parulidae,887,yes,forest,Upper
2014-10-09,4.0,CHI,Junco,hyemalis,Passerellidae,6303,Yes,Edge,Lower
2014-10-09,4.0,CHI,Junco,hyemalis,Passerellidae,6303,Yes,Edge,Lower
2014-10-09,4.0,CHI,Junco,hyemalis,Passerellidae,6303,Yes,Edge,Lower
2014-10-09,4.0,CHI,Junco,hyemalis,Passerellidae,6303,Yes,Edge,Lower
2014-10-09,4.0,CHI,Junco,hyemalis,Passerellidae,6303,Yes,Edge,Lower
2014-10-09,4.0,CHI,Zonotrichia,albicollis,Passerellidae,10133,Yes,Forest,Lower
2014-10-09,4.0,CHI,catharus,ustulatus,Turdidae,2331,Yes,Forest,Lower
2014-10-09,4.0,CHI,Junco,hyemalis,Passerellidae,6303,Yes,Edge,Lower
2014-10-09,4.0,CHI,Zonotrichia,albicollis,Passerellidae,10133,Yes,Forest,Lower
2014-10-09,4.0,CHI,Catharus,guttatus,Turdidae,3729,Yes,Forest,Lower
2014-10-09,4.0,CHI,Zonotrichia,albicollis,Passerellidae,10133,Yes,Forest,Lower
2014-10-09,4.0,CHI,Toxostoma,rufum,Mimidae,166,No,Edge,Lower
2014-10-09,4.0,CHI,troglodytes,hiemalis,Troglodytidae,474,No,Forest,Lower
2014-10-09,4.0,CHI,Zonotrichia,albicollis,Passerellidae,10133,Yes,Forest,Lower
2014-10-09,4.0,CHI,Regulus,satrapa,Regulidae,1029,Yes,Forest,Upper
2014-10-09,4.0,CHI,Junco,hyemalis,Passerellidae,6303,Yes,Edge,Lower
2014-10-09,4.0,CHI,Junco,hyemalis,Passerellidae,6303,Yes,Edge,Lower
2014-10-09,4.0,CHI,Junco,hyemalis,Passerellidae,6303,Yes,Edge,Lower
2014-10-09,4.0,CHI,Zonotrichia,leucophrys,Passerellidae,1090,Yes,Edge,Lower
2014-10-09,4.0,CHI,Passerella,iliaca,Passerellidae,2443,Yes,Edge,Lower
2014-10-09,4.0,CHI,Passerella,iliaca,Passerellidae,2443,Yes,Edge,Lower
2014-10-09,4.0,CHI,Melospiza,melodia,Passerellidae,5124,Yes,Edge,Lower
2014-10-09,4.0,CHI,Passerella,iliaca,Passerellidae,2443,Yes,Edge,Lower
2014-10-09,4.0,CHI,Geothlypis,trichas,Parulidae,1555,Yes,Open,Lower
2014-10-09,4.0,CHI,Zonotrichia,albicollis,Passerellidae,10133,Yes,Forest,Lower
2014-10-09,4.0,CHI,Geothlypis,trichas,Parulidae,1555,Yes,Open,Lower
2014-10-09,4.0,CHI,Catharus,guttatus,Turdidae,3729,Yes,Forest,Lower
2014-10-09,4.0,CHI,Oreothlypis,peregrina,Parulidae,2515,Yes,Edge,Upper
2014-10-09,4.0,CHI,Catharus,guttatus,Turdidae,3729,Yes,Forest,Lower
2014-10-09,4.0,CHI,Catharus,guttatus,Turdidae,3729,Yes,Forest,Lower
2014-10-09,4.0,CHI,Catharus,guttatus,Turdidae,3729,Yes,Forest,Lower
2014-10-09,4.0,CHI,Catharus,guttatus,Turdidae,3729,Yes,Forest,Lower
2014-10-09,4.0,CHI,Catharus,guttatus,Turdidae,3729,Yes,Forest,Lower
2014-10-09,4.0,CHI,Oreothlypis,peregrina,Parulidae,2515,Yes,Edge,Upper
2014-10-09,4.0,MP,Zonotrichia,leucophrys,Passerellidae,1090,Yes,Edge,Lower
2014-10-09,4.0,CHI,Junco,hyemalis,Passerellidae,6303,Yes,Edge,Lower
2014-10-09,4.0,CHI,Zonotrichia,albicollis,Passerellidae,10133,Yes,Forest,Lower
2014-10-09,4.0,CHI,Setophaga,coronata,Parulidae,887,yes,forest,Upper
2014-10-09,4.0,CHI,Mniotilta,varia,Parulidae,620,Yes,Forest,Upper
2014-10-09,4.0,CHI,Zonotrichia,albicollis,Passerellidae,10133,Yes,Forest,Lower
2014-10-09,4.0,CHI,Seiurus,aurocapilla,Parulidae,4580,Yes,Forest,Lower
2014-10-09,4.0,CHI,Catharus,guttatus,Turdidae,3729,Yes,Forest,Lower
2014-10-09,4.0,CHI,Catharus,guttatus,Turdidae,3729,Yes,Forest,Lower
2014-10-09,4.0,CHI,Seiurus,aurocapilla,Parulidae,4580,Yes,Forest,Lower
2014-10-09,4.0,CHI,Catharus,guttatus,Turdidae,3729,Yes,Forest,Lower
2014-10-09,4.0,CHI,Catharus,guttatus,Turdidae,3729,Yes,Forest,Lower
2014-10-09,4.0,CHI,Catharus,guttatus,Turdidae,3729,Yes,Forest,Lower
2014-10-09,4.0,CHI,Junco,hyemalis,Passerellidae,6303,Yes,Edge,Lower
2014-10-09,4.0,CHI,Catharus,guttatus,Turdidae,3729,Yes,Forest,Lower
2014-10-09,4.0,CHI,Catharus,guttatus,Turdidae,3729,Yes,Forest,Lower
2014-10-09,4.0,CHI,Catharus,guttatus,Turdidae,3729,Yes,Forest,Lower
2014-10-09,4.0,CHI,Zonotrichia,albicollis,Passerellidae,10133,Yes,Forest,Lower
2014-10-09,4.0,CHI,Zonotrichia,albicollis,Passerellidae,10133,Yes,Forest,Lower
2014-10-09,4.0,CHI,Zonotrichia,albicollis,Passerellidae,10133,Yes,Forest,Lower
2014-10-09,4.0,CHI,Zonotrichia,albicollis,Passerellidae,10133,Yes,Forest,Lower
2014-10-09,4.0,CHI,Catharus,guttatus,Turdidae,3729,Yes,Forest,Lower
2014-10-09,4.0,CHI,Zonotrichia,albicollis,Passerellidae,10133,Yes,Forest,Lower
2014-10-09,4.0,CHI,Zonotrichia,albicollis,Passerellidae,10133,Yes,Forest,Lower
2014-10-09,4.0,CHI,Junco,hyemalis,Passerellidae,6303,Yes,Edge,Lower
2014-10-09,4.0,CHI,Melospiza,lincolnii,Passerellidae,2029,yes,edge,Lower
2014-10-09,4.0,CHI,Setophaga,striata,Parulidae,787,Yes,Forest,Upper
2014-10-09,4.0,CHI,Junco,hyemalis,Passerellidae,6303,Yes,Edge,Lower
2014-10-09,4.0,CHI,Junco,hyemalis,Passerellidae,6303,Yes,Edge,Lower
2014-10-09,4.0,CHI,Zonotrichia,albicollis,Passerellidae,10133,Yes,Forest,Lower
2014-10-09,4.0,CHI,Zonotrichia,albicollis,Passerellidae,10133,Yes,Forest,Lower
2014-10-09,4.0,CHI,Zonotrichia,albicollis,Passerellidae,10133,Yes,Forest,Lower
2014-10-09,4.0,CHI,Melospiza,lincolnii,Passerellidae,2029,yes,edge,Lower
2014-10-09,4.0,MP,Zonotrichia,albicollis,Passerellidae,10133,Yes,Forest,Lower
2014-10-09,4.0,CHI,Junco,hyemalis,Passerellidae,6303,Yes,Edge,Lower
2014-10-09,4.0,CHI,Catharus,guttatus,Turdidae,3729,Yes,Forest,Lower
2014-10-09,4.0,CHI,Oreothlypis,ruficapilla,Parulidae,1690,Yes,Forest,Upper
2014-10-09,4.0,CHI,Melospiza,lincolnii,Passerellidae,2029,yes,edge,Lower
2014-10-09,4.0,CHI,Zonotrichia,albicollis,Passerellidae,10133,Yes,Forest,Lower
2014-10-09,4.0,CHI,Junco,hyemalis,Passerellidae,6303,Yes,Edge,Lower
2014-10-09,4.0,CHI,Zonotrichia,albicollis,Passerellidae,10133,Yes,Forest,Lower
2014-10-09,4.0,CHI,Zonotrichia,albicollis,Passerellidae,10133,Yes,Forest,Lower
2014-10-09,4.0,MP,Zonotrichia,albicollis,Passerellidae,10133,Yes,Forest,Lower
2014-10-09,4.0,CHI,Zonotrichia,albicollis,Passerellidae,10133,Yes,Forest,Lower
2014-10-09,4.0,CHI,Zonotrichia,albicollis,Passerellidae,10133,Yes,Forest,Lower
2014-10-09,4.0,CHI,Zonotrichia,albicollis,Passerellidae,10133,Yes,Forest,Lower
2014-10-09,4.0,CHI,Zonotrichia,albicollis,Passerellidae,10133,Yes,Forest,Lower
2014-10-09,4.0,CHI,troglodytes,hiemalis,Troglodytidae,474,No,Forest,Lower
2014-10-09,4.0,CHI,Zonotrichia,albicollis,Passerellidae,10133,Yes,Forest,Lower
2014-10-09,4.0,MP,Catharus,guttatus,Turdidae,3729,Yes,Forest,Lower
2014-10-09,4.0,CHI,Zonotrichia,albicollis,Passerellidae,10133,Yes,Forest,Lower
2014-10-09,4.0,MP,Zonotrichia,albicollis,Passerellidae,10133,Yes,Forest,Lower
2014-10-09,4.0,CHI,Zonotrichia,albicollis,Passerellidae,10133,Yes,Forest,Lower
2014-10-09,4.0,MP,Zonotrichia,albicollis,Passerellidae,10133,Yes,Forest,Lower
2014-10-09,4.0,CHI,Junco,hyemalis,Passerellidae,6303,Yes,Edge,Lower
2014-10-09,4.0,MP,Oreothlypis,celata,Parulidae,227,Yes,Edge,Lower
2014-10-09,4.0,MP,Zonotrichia,albicollis,Passerellidae,10133,Yes,Forest,Lower
2014-10-09,4.0,CHI,Zonotrichia,albicollis,Passerellidae,10133,Yes,Forest,Lower
2014-10-09,4.0,CHI,Melospiza,lincolnii,Passerellidae,2029,yes,edge,Lower
2014-10-09,4.0,CHI,Junco,hyemalis,Passerellidae,6303,Yes,Edge,Lower
2014-10-10,4.0,CHI,Oreothlypis,ruficapilla,Parulidae,1690,Yes,Forest,Upper
2014-10-10,4.0,CHI,Zonotrichia,albicollis,Passerellidae,10133,Yes,Forest,Lower
2014-10-10,4.0,CHI,Junco,hyemalis,Passerellidae,6303,Yes,Edge,Lower
2014-10-10,4.0,CHI,Catharus,guttatus,Turdidae,3729,Yes,Forest,Lower
2014-10-10,4.0,CHI,Junco,hyemalis,Passerellidae,6303,Yes,Edge,Lower
2014-10-10,4.0,CHI,Junco,hyemalis,Passerellidae,6303,Yes,Edge,Lower
2014-10-10,4.0,MP,Zonotrichia,albicollis,Passerellidae,10133,Yes,Forest,Lower
2014-10-10,4.0,CHI,troglodytes,hiemalis,Troglodytidae,474,No,Forest,Lower
2014-10-10,4.0,MP,troglodytes,hiemalis,Troglodytidae,474,No,Forest,Lower
2014-10-10,4.0,CHI,troglodytes,hiemalis,Troglodytidae,474,No,Forest,Lower
2014-10-10,4.0,CHI,Regulus,satrapa,Regulidae,1029,Yes,Forest,Upper
2014-10-10,4.0,CHI,Zonotrichia,albicollis,Passerellidae,10133,Yes,Forest,Lower
2014-10-10,4.0,CHI,Regulus,satrapa,Regulidae,1029,Yes,Forest,Upper
2014-10-10,4.0,CHI,Zonotrichia,albicollis,Passerellidae,10133,Yes,Forest,Lower
2014-10-10,4.0,CHI,troglodytes,hiemalis,Troglodytidae,474,No,Forest,Lower
2014-10-10,4.0,MP,Zonotrichia,albicollis,Passerellidae,10133,Yes,Forest,Lower
2014-10-10,4.0,CHI,Zonotrichia,albicollis,Passerellidae,10133,Yes,Forest,Lower
2014-10-10,4.0,CHI,Regulus,satrapa,Regulidae,1029,Yes,Forest,Upper
2014-10-10,4.0,CHI,troglodytes,hiemalis,Troglodytidae,474,No,Forest,Lower
2014-10-10,4.0,CHI,Passerella,iliaca,Passerellidae,2443,Yes,Edge,Lower
2014-10-10,4.0,CHI,Catharus,guttatus,Turdidae,3729,Yes,Forest,Lower
2014-10-10,4.0,CHI,Oreothlypis,ruficapilla,Parulidae,1690,Yes,Forest,Upper
2014-10-10,4.0,MP,Passerella,iliaca,Passerellidae,2443,Yes,Edge,Lower
2014-10-10,4.0,CHI,troglodytes,hiemalis,Troglodytidae,474,No,Forest,Lower
2014-10-10,4.0,CHI,troglodytes,hiemalis,Troglodytidae,474,No,Forest,Lower
2014-10-10,4.0,CHI,troglodytes,hiemalis,Troglodytidae,474,No,Forest,Lower
2014-10-10,4.0,CHI,troglodytes,hiemalis,Troglodytidae,474,No,Forest,Lower
2014-10-10,4.0,CHI,troglodytes,hiemalis,Troglodytidae,474,No,Forest,Lower
2014-10-10,4.0,CHI,Catharus,guttatus,Turdidae,3729,Yes,Forest,Lower
2014-10-10,4.0,CHI,Junco,hyemalis,Passerellidae,6303,Yes,Edge,Lower
2014-10-10,4.0,CHI,troglodytes,hiemalis,Troglodytidae,474,No,Forest,Lower
2014-10-10,4.0,CHI,Junco,hyemalis,Passerellidae,6303,Yes,Edge,Lower
2014-10-10,4.0,CHI,Junco,hyemalis,Passerellidae,6303,Yes,Edge,Lower
2014-10-10,4.0,CHI,Catharus,guttatus,Turdidae,3729,Yes,Forest,Lower
2014-10-10,4.0,CHI,Junco,hyemalis,Passerellidae,6303,Yes,Edge,Lower
2014-10-10,4.0,CHI,Junco,hyemalis,Passerellidae,6303,Yes,Edge,Lower
2014-10-10,4.0,CHI,Junco,hyemalis,Passerellidae,6303,Yes,Edge,Lower
2014-10-10,4.0,CHI,Seiurus,aurocapilla,Parulidae,4580,Yes,Forest,Lower
2014-10-10,4.0,CHI,Junco,hyemalis,Passerellidae,6303,Yes,Edge,Lower
2014-10-10,4.0,MP,Zonotrichia,albicollis,Passerellidae,10133,Yes,Forest,Lower
2014-10-10,4.0,CHI,Catharus,guttatus,Turdidae,3729,Yes,Forest,Lower
2014-10-10,4.0,MP,Zonotrichia,albicollis,Passerellidae,10133,Yes,Forest,Lower
2014-10-10,4.0,CHI,Zonotrichia,albicollis,Passerellidae,10133,Yes,Forest,Lower
2014-10-10,4.0,MP,Zonotrichia,albicollis,Passerellidae,10133,Yes,Forest,Lower
2014-10-10,4.0,CHI,Zonotrichia,albicollis,Passerellidae,10133,Yes,Forest,Lower
2014-10-10,4.0,CHI,troglodytes,hiemalis,Troglodytidae,474,No,Forest,Lower
2014-10-10,4.0,CHI,Junco,hyemalis,Passerellidae,6303,Yes,Edge,Lower
2014-10-10,4.0,MP,troglodytes,hiemalis,Troglodytidae,474,No,Forest,Lower
2014-10-10,4.0,MP,Junco,hyemalis,Passerellidae,6303,Yes,Edge,Lower
2014-10-10,4.0,MP,troglodytes,hiemalis,Troglodytidae,474,No,Forest,Lower
2014-10-10,4.0,CHI,Zonotrichia,albicollis,Passerellidae,10133,Yes,Forest,Lower
2014-10-10,4.0,CHI,Catharus,guttatus,Turdidae,3729,Yes,Forest,Lower
2014-10-10,4.0,CHI,troglodytes,hiemalis,Troglodytidae,474,No,Forest,Lower
2014-10-10,4.0,MP,Zonotrichia,albicollis,Passerellidae,10133,Yes,Forest,Lower
2014-10-10,4.0,CHI,Junco,hyemalis,Passerellidae,6303,Yes,Edge,Lower
2014-10-10,4.0,CHI,Junco,hyemalis,Passerellidae,6303,Yes,Edge,Lower
2014-10-10,4.0,CHI,Oreothlypis,ruficapilla,Parulidae,1690,Yes,Forest,Upper
2014-10-10,4.0,CHI,Junco,hyemalis,Passerellidae,6303,Yes,Edge,Lower
2014-10-10,4.0,CHI,Junco,hyemalis,Passerellidae,6303,Yes,Edge,Lower
2014-10-10,4.0,CHI,dumetella,carolinensis,Mimidae,599,no,edge,Lower
2014-10-10,4.0,CHI,Zonotrichia,albicollis,Passerellidae,10133,Yes,Forest,Lower
2014-10-10,4.0,CHI,Setophaga,striata,Parulidae,787,Yes,Forest,Upper
2014-10-10,4.0,MP,Junco,hyemalis,Passerellidae,6303,Yes,Edge,Lower
2014-10-10,4.0,CHI,Setophaga,coronata,Parulidae,887,yes,forest,Upper
2014-10-10,4.0,CHI,Zonotrichia,albicollis,Passerellidae,10133,Yes,Forest,Lower
2014-10-10,4.0,CHI,troglodytes,hiemalis,Troglodytidae,474,No,Forest,Lower
2014-10-10,4.0,CHI,Setophaga,coronata,Parulidae,887,yes,forest,Upper
2014-10-10,4.0,CHI,troglodytes,hiemalis,Troglodytidae,474,No,Forest,Lower
2014-10-10,4.0,CHI,Zonotrichia,albicollis,Passerellidae,10133,Yes,Forest,Lower
2014-10-10,4.0,CHI,Cistothorus,platensis,Troglodytidae,60,no,open,Lower
2014-10-10,4.0,MP,Zonotrichia,albicollis,Passerellidae,10133,Yes,Forest,Lower
2014-10-10,4.0,CHI,Oreothlypis,celata,Parulidae,227,Yes,Edge,Lower
2014-10-10,4.0,CHI,Zonotrichia,albicollis,Passerellidae,10133,Yes,Forest,Lower
2014-10-10,4.0,CHI,Zonotrichia,albicollis,Passerellidae,10133,Yes,Forest,Lower
2014-10-10,4.0,MP,Zonotrichia,leucophrys,Passerellidae,1090,Yes,Edge,Lower
2014-10-10,4.0,CHI,Zonotrichia,albicollis,Passerellidae,10133,Yes,Forest,Lower
2014-10-10,4.0,CHI,Zonotrichia,albicollis,Passerellidae,10133,Yes,Forest,Lower
2014-10-10,4.0,CHI,Zonotrichia,albicollis,Passerellidae,10133,Yes,Forest,Lower
2014-10-10,4.0,CHI,Zonotrichia,albicollis,Passerellidae,10133,Yes,Forest,Lower
2014-10-10,4.0,CHI,Zonotrichia,albicollis,Passerellidae,10133,Yes,Forest,Lower
2014-10-10,4.0,MP,Zonotrichia,albicollis,Passerellidae,10133,Yes,Forest,Lower
2014-10-10,4.0,CHI,Zonotrichia,albicollis,Passerellidae,10133,Yes,Forest,Lower
2014-10-10,4.0,CHI,Zonotrichia,albicollis,Passerellidae,10133,Yes,Forest,Lower
2014-10-10,4.0,CHI,Zonotrichia,albicollis,Passerellidae,10133,Yes,Forest,Lower
2014-10-10,4.0,CHI,Zonotrichia,albicollis,Passerellidae,10133,Yes,Forest,Lower
2014-10-10,4.0,CHI,Zonotrichia,albicollis,Passerellidae,10133,Yes,Forest,Lower
2014-10-10,4.0,CHI,Zonotrichia,albicollis,Passerellidae,10133,Yes,Forest,Lower
2014-10-10,4.0,MP,Zonotrichia,albicollis,Passerellidae,10133,Yes,Forest,Lower
2014-10-10,4.0,MP,Zonotrichia,albicollis,Passerellidae,10133,Yes,Forest,Lower
2014-10-10,4.0,MP,Zonotrichia,albicollis,Passerellidae,10133,Yes,Forest,Lower
2014-10-10,4.0,CHI,Catharus,guttatus,Turdidae,3729,Yes,Forest,Lower
2014-10-10,4.0,MP,Zonotrichia,albicollis,Passerellidae,10133,Yes,Forest,Lower
2014-10-10,4.0,MP,Setophaga,palmarum,Parulidae,694,Yes,Edge,Lower
2014-10-10,4.0,CHI,Catharus,guttatus,Turdidae,3729,Yes,Forest,Lower
2014-10-10,4.0,MP,Zonotrichia,albicollis,Passerellidae,10133,Yes,Forest,Lower
2014-10-10,4.0,CHI,Zonotrichia,albicollis,Passerellidae,10133,Yes,Forest,Lower
2014-10-10,4.0,CHI,Zonotrichia,albicollis,Passerellidae,10133,Yes,Forest,Lower
2014-10-10,4.0,CHI,Zonotrichia,albicollis,Passerellidae,10133,Yes,Forest,Lower
2014-10-10,4.0,MP,Zonotrichia,albicollis,Passerellidae,10133,Yes,Forest,Lower
2014-10-10,4.0,CHI,Zonotrichia,albicollis,Passerellidae,10133,Yes,Forest,Lower
2014-10-10,4.0,CHI,Catharus,guttatus,Turdidae,3729,Yes,Forest,Lower
2014-10-10,4.0,CHI,Troglodytes,aedon,Troglodytidae,104,No,Edge,Lower
2014-10-10,4.0,CHI,Zonotrichia,albicollis,Passerellidae,10133,Yes,Forest,Lower
2014-10-10,4.0,CHI,Zonotrichia,albicollis,Passerellidae,10133,Yes,Forest,Lower
2014-10-10,4.0,CHI,Zonotrichia,albicollis,Passerellidae,10133,Yes,Forest,Lower
2014-10-10,4.0,CHI,Zonotrichia,albicollis,Passerellidae,10133,Yes,Forest,Lower
2014-10-10,4.0,CHI,Zonotrichia,albicollis,Passerellidae,10133,Yes,Forest,Lower
2014-10-10,4.0,CHI,Catharus,guttatus,Turdidae,3729,Yes,Forest,Lower
2014-10-10,4.0,MP,Zonotrichia,albicollis,Passerellidae,10133,Yes,Forest,Lower
2014-10-10,4.0,CHI,Zonotrichia,albicollis,Passerellidae,10133,Yes,Forest,Lower
2014-10-10,4.0,CHI,Catharus,guttatus,Turdidae,3729,Yes,Forest,Lower
2014-10-10,4.0,CHI,Zonotrichia,albicollis,Passerellidae,10133,Yes,Forest,Lower
2014-10-10,4.0,MP,Zonotrichia,albicollis,Passerellidae,10133,Yes,Forest,Lower
2014-10-10,4.0,CHI,Zonotrichia,albicollis,Passerellidae,10133,Yes,Forest,Lower
2014-10-10,4.0,CHI,Catharus,guttatus,Turdidae,3729,Yes,Forest,Lower
2014-10-10,4.0,MP,Zonotrichia,leucophrys,Passerellidae,1090,Yes,Edge,Lower
2014-10-10,4.0,CHI,Zonotrichia,albicollis,Passerellidae,10133,Yes,Forest,Lower
2014-10-10,4.0,CHI,Setophaga,magnolia,Parulidae,1224,yes,forest,Upper
2014-10-10,4.0,CHI,Zonotrichia,albicollis,Passerellidae,10133,Yes,Forest,Lower
2014-10-10,4.0,MP,Zonotrichia,albicollis,Passerellidae,10133,Yes,Forest,Lower
2014-10-10,4.0,CHI,Zonotrichia,albicollis,Passerellidae,10133,Yes,Forest,Lower
2014-10-10,4.0,CHI,Zonotrichia,albicollis,Passerellidae,10133,Yes,Forest,Lower
2014-10-10,4.0,MP,Zonotrichia,albicollis,Passerellidae,10133,Yes,Forest,Lower
2014-10-10,4.0,CHI,Zonotrichia,albicollis,Passerellidae,10133,Yes,Forest,Lower
2014-10-10,4.0,CHI,Zonotrichia,albicollis,Passerellidae,10133,Yes,Forest,Lower
2014-10-10,4.0,CHI,catharus,ustulatus,Turdidae,2331,Yes,Forest,Lower
2014-10-10,4.0,CHI,Catharus,guttatus,Turdidae,3729,Yes,Forest,Lower
2014-10-10,4.0,MP,Catharus,guttatus,Turdidae,3729,Yes,Forest,Lower
2014-10-10,4.0,CHI,Pheucticus,ludovicianus,Cardinalidae,397,Yes,Forest,Upper
2014-10-10,4.0,CHI,Catharus,guttatus,Turdidae,3729,Yes,Forest,Lower
2014-10-10,4.0,MP,Zonotrichia,albicollis,Passerellidae,10133,Yes,Forest,Lower
2014-10-10,4.0,CHI,Zonotrichia,albicollis,Passerellidae,10133,Yes,Forest,Lower
2014-10-10,4.0,CHI,Catharus,guttatus,Turdidae,3729,Yes,Forest,Lower
2014-10-10,4.0,MP,Zonotrichia,albicollis,Passerellidae,10133,Yes,Forest,Lower
2014-10-10,4.0,MP,Zonotrichia,albicollis,Passerellidae,10133,Yes,Forest,Lower
2014-10-10,4.0,CHI,Zonotrichia,albicollis,Passerellidae,10133,Yes,Forest,Lower
2014-10-10,4.0,CHI,Zonotrichia,albicollis,Passerellidae,10133,Yes,Forest,Lower
2014-10-10,4.0,MP,Zonotrichia,albicollis,Passerellidae,10133,Yes,Forest,Lower
2014-10-10,4.0,CHI,Zonotrichia,albicollis,Passerellidae,10133,Yes,Forest,Lower
2014-10-10,4.0,CHI,Zonotrichia,albicollis,Passerellidae,10133,Yes,Forest,Lower
2014-10-10,4.0,CHI,Zonotrichia,albicollis,Passerellidae,10133,Yes,Forest,Lower
2014-10-10,4.0,CHI,Catharus,guttatus,Turdidae,3729,Yes,Forest,Lower
2014-10-10,4.0,CHI,Catharus,guttatus,Turdidae,3729,Yes,Forest,Lower
2014-10-10,4.0,CHI,Zonotrichia,albicollis,Passerellidae,10133,Yes,Forest,Lower
2014-10-10,4.0,CHI,Regulus,satrapa,Regulidae,1029,Yes,Forest,Upper
2014-10-11,7.0,CHI,setophaga,ruticilla,Parulidae,868,Yes,Edge,Upper
2014-10-11,7.0,CHI,Zonotrichia,albicollis,Passerellidae,10133,Yes,Forest,Lower
2014-10-11,7.0,CHI,Zonotrichia,albicollis,Passerellidae,10133,Yes,Forest,Lower
2014-10-11,7.0,CHI,troglodytes,hiemalis,Troglodytidae,474,No,Forest,Lower
2014-10-11,7.0,CHI,Catharus,guttatus,Turdidae,3729,Yes,Forest,Lower
2014-10-11,7.0,CHI,Zonotrichia,albicollis,Passerellidae,10133,Yes,Forest,Lower
2014-10-11,7.0,CHI,Catharus,guttatus,Turdidae,3729,Yes,Forest,Lower
2014-10-11,7.0,CHI,Regulus,satrapa,Regulidae,1029,Yes,Forest,Upper
2014-10-11,7.0,CHI,Junco,hyemalis,Passerellidae,6303,Yes,Edge,Lower
2014-10-11,7.0,CHI,Melospiza,lincolnii,Passerellidae,2029,yes,edge,Lower
2014-10-11,7.0,CHI,Catharus,guttatus,Turdidae,3729,Yes,Forest,Lower
2014-10-11,7.0,CHI,Catharus,guttatus,Turdidae,3729,Yes,Forest,Lower
2014-10-11,7.0,CHI,Melospiza,lincolnii,Passerellidae,2029,yes,edge,Lower
2014-10-11,7.0,CHI,Zonotrichia,albicollis,Passerellidae,10133,Yes,Forest,Lower
2014-10-11,7.0,CHI,Regulus,satrapa,Regulidae,1029,Yes,Forest,Upper
2014-10-11,7.0,CHI,Junco,hyemalis,Passerellidae,6303,Yes,Edge,Lower
2014-10-11,7.0,CHI,Junco,hyemalis,Passerellidae,6303,Yes,Edge,Lower
2014-10-11,7.0,CHI,Junco,hyemalis,Passerellidae,6303,Yes,Edge,Lower
2014-10-11,7.0,CHI,Melospiza,lincolnii,Passerellidae,2029,yes,edge,Lower
2014-10-11,7.0,CHI,Catharus,guttatus,Turdidae,3729,Yes,Forest,Lower
2014-10-11,7.0,CHI,Catharus,guttatus,Turdidae,3729,Yes,Forest,Lower
2014-10-11,7.0,CHI,Catharus,guttatus,Turdidae,3729,Yes,Forest,Lower
2014-10-11,7.0,CHI,Catharus,guttatus,Turdidae,3729,Yes,Forest,Lower
2014-10-11,7.0,CHI,Zonotrichia,albicollis,Passerellidae,10133,Yes,Forest,Lower
2014-10-11,7.0,CHI,Zonotrichia,albicollis,Passerellidae,10133,Yes,Forest,Lower
2014-10-11,7.0,CHI,Oreothlypis,ruficapilla,Parulidae,1690,Yes,Forest,Upper
2014-10-11,7.0,MP,Junco,hyemalis,Passerellidae,6303,Yes,Edge,Lower
2014-10-11,7.0,CHI,Zonotrichia,albicollis,Passerellidae,10133,Yes,Forest,Lower
2014-10-11,7.0,CHI,Zonotrichia,leucophrys,Passerellidae,1090,Yes,Edge,Lower
2014-10-11,7.0,CHI,Zonotrichia,albicollis,Passerellidae,10133,Yes,Forest,Lower
2014-10-11,7.0,CHI,Zonotrichia,leucophrys,Passerellidae,1090,Yes,Edge,Lower
2014-10-11,7.0,CHI,Zonotrichia,albicollis,Passerellidae,10133,Yes,Forest,Lower
2014-10-11,7.0,CHI,Zonotrichia,albicollis,Passerellidae,10133,Yes,Forest,Lower
2014-10-11,7.0,CHI,troglodytes,hiemalis,Troglodytidae,474,No,Forest,Lower
2014-10-11,7.0,CHI,Regulus,satrapa,Regulidae,1029,Yes,Forest,Upper
2014-10-11,7.0,CHI,troglodytes,hiemalis,Troglodytidae,474,No,Forest,Lower
2014-10-11,7.0,CHI,Zonotrichia,leucophrys,Passerellidae,1090,Yes,Edge,Lower
2014-10-11,7.0,CHI,Passerella,iliaca,Passerellidae,2443,Yes,Edge,Lower
2014-10-11,7.0,CHI,Melospiza,lincolnii,Passerellidae,2029,yes,edge,Lower
2014-10-11,7.0,CHI,Zonotrichia,albicollis,Passerellidae,10133,Yes,Forest,Lower
2014-10-11,7.0,CHI,Zonotrichia,albicollis,Passerellidae,10133,Yes,Forest,Lower
2014-10-11,7.0,CHI,Zonotrichia,albicollis,Passerellidae,10133,Yes,Forest,Lower
2014-10-11,7.0,CHI,Zonotrichia,albicollis,Passerellidae,10133,Yes,Forest,Lower
2014-10-11,7.0,CHI,Junco,hyemalis,Passerellidae,6303,Yes,Edge,Lower
2014-10-11,7.0,CHI,Zonotrichia,albicollis,Passerellidae,10133,Yes,Forest,Lower
2014-10-11,7.0,CHI,Catharus,guttatus,Turdidae,3729,Yes,Forest,Lower
2014-10-11,7.0,CHI,Junco,hyemalis,Passerellidae,6303,Yes,Edge,Lower
2014-10-11,7.0,CHI,Zonotrichia,albicollis,Passerellidae,10133,Yes,Forest,Lower
2014-10-11,7.0,CHI,Zonotrichia,albicollis,Passerellidae,10133,Yes,Forest,Lower
2014-10-11,7.0,CHI,Junco,hyemalis,Passerellidae,6303,Yes,Edge,Lower
2014-10-11,7.0,MP,Setophaga,palmarum,Parulidae,694,Yes,Edge,Lower
2014-10-11,7.0,CHI,Zonotrichia,albicollis,Passerellidae,10133,Yes,Forest,Lower
2014-10-11,7.0,CHI,Zonotrichia,albicollis,Passerellidae,10133,Yes,Forest,Lower
2014-10-11,7.0,CHI,Zonotrichia,albicollis,Passerellidae,10133,Yes,Forest,Lower
2014-10-11,7.0,CHI,Zonotrichia,albicollis,Passerellidae,10133,Yes,Forest,Lower
2014-10-11,7.0,CHI,Zonotrichia,albicollis,Passerellidae,10133,Yes,Forest,Lower
2014-10-11,7.0,CHI,Junco,hyemalis,Passerellidae,6303,Yes,Edge,Lower
2014-10-11,7.0,MP,Zonotrichia,leucophrys,Passerellidae,1090,Yes,Edge,Lower
2014-10-11,7.0,CHI,Zonotrichia,albicollis,Passerellidae,10133,Yes,Forest,Lower
2014-10-11,7.0,CHI,Zonotrichia,albicollis,Passerellidae,10133,Yes,Forest,Lower
2014-10-11,7.0,CHI,Zonotrichia,albicollis,Passerellidae,10133,Yes,Forest,Lower
2014-10-11,7.0,CHI,Zonotrichia,albicollis,Passerellidae,10133,Yes,Forest,Lower
2014-10-11,7.0,CHI,Zonotrichia,albicollis,Passerellidae,10133,Yes,Forest,Lower
2014-10-11,7.0,CHI,Zonotrichia,albicollis,Passerellidae,10133,Yes,Forest,Lower
2014-10-11,7.0,CHI,Zonotrichia,albicollis,Passerellidae,10133,Yes,Forest,Lower
2014-10-11,7.0,CHI,Zonotrichia,albicollis,Passerellidae,10133,Yes,Forest,Lower
2014-10-11,7.0,CHI,Setophaga,magnolia,Parulidae,1224,yes,forest,Upper
2014-10-11,7.0,CHI,Zonotrichia,albicollis,Passerellidae,10133,Yes,Forest,Lower
2014-10-11,7.0,CHI,Zonotrichia,albicollis,Passerellidae,10133,Yes,Forest,Lower
2014-10-11,7.0,CHI,Catharus,guttatus,Turdidae,3729,Yes,Forest,Lower
2014-10-11,7.0,CHI,Zonotrichia,albicollis,Passerellidae,10133,Yes,Forest,Lower
2014-10-11,7.0,MP,Zonotrichia,albicollis,Passerellidae,10133,Yes,Forest,Lower
2014-10-11,7.0,CHI,Zonotrichia,albicollis,Passerellidae,10133,Yes,Forest,Lower
2014-10-11,7.0,CHI,Parkesia,noveboracensis,Parulidae,916,Yes,Forest,Lower
2014-10-11,7.0,CHI,Zonotrichia,albicollis,Passerellidae,10133,Yes,Forest,Lower
2014-10-11,7.0,CHI,Passerella,iliaca,Passerellidae,2443,Yes,Edge,Lower
2014-10-11,7.0,CHI,Zonotrichia,albicollis,Passerellidae,10133,Yes,Forest,Lower
2014-10-11,7.0,CHI,Junco,hyemalis,Passerellidae,6303,Yes,Edge,Lower
2014-10-11,7.0,CHI,Oreothlypis,ruficapilla,Parulidae,1690,Yes,Forest,Upper
2014-10-11,7.0,CHI,Zonotrichia,albicollis,Passerellidae,10133,Yes,Forest,Lower
2014-10-11,7.0,CHI,Oreothlypis,ruficapilla,Parulidae,1690,Yes,Forest,Upper
2014-10-11,7.0,CHI,Setophaga,magnolia,Parulidae,1224,yes,forest,Upper
2014-10-11,7.0,CHI,Zonotrichia,albicollis,Passerellidae,10133,Yes,Forest,Lower
2014-10-11,7.0,CHI,Zonotrichia,albicollis,Passerellidae,10133,Yes,Forest,Lower
2014-10-11,7.0,CHI,Junco,hyemalis,Passerellidae,6303,Yes,Edge,Lower
2014-10-11,7.0,CHI,Zonotrichia,albicollis,Passerellidae,10133,Yes,Forest,Lower
2014-10-11,7.0,CHI,Zonotrichia,albicollis,Passerellidae,10133,Yes,Forest,Lower
2014-10-11,7.0,CHI,Setophaga,coronata,Parulidae,887,yes,forest,Upper
2014-10-11,7.0,CHI,Zonotrichia,albicollis,Passerellidae,10133,Yes,Forest,Lower
2014-10-11,7.0,CHI,Zonotrichia,albicollis,Passerellidae,10133,Yes,Forest,Lower
2014-10-11,7.0,CHI,Zonotrichia,albicollis,Passerellidae,10133,Yes,Forest,Lower
2014-10-11,7.0,CHI,Catharus,guttatus,Turdidae,3729,Yes,Forest,Lower
2014-10-11,7.0,CHI,catharus,ustulatus,Turdidae,2331,Yes,Forest,Lower
2014-10-11,7.0,CHI,Catharus,guttatus,Turdidae,3729,Yes,Forest,Lower
2014-10-13,14.0,MP,Oreothlypis,celata,Parulidae,227,Yes,Edge,Lower
2014-10-13,14.0,CHI,Zonotrichia,albicollis,Passerellidae,10133,Yes,Forest,Lower
2014-10-13,14.0,CHI,Zonotrichia,albicollis,Passerellidae,10133,Yes,Forest,Lower
2014-10-13,14.0,CHI,Zonotrichia,albicollis,Passerellidae,10133,Yes,Forest,Lower
2014-10-13,14.0,MP,Melospiza,melodia,Passerellidae,5124,Yes,Edge,Lower
2014-10-13,14.0,CHI,troglodytes,hiemalis,Troglodytidae,474,No,Forest,Lower
2014-10-13,14.0,CHI,Oreothlypis,ruficapilla,Parulidae,1690,Yes,Forest,Upper
2014-10-13,14.0,MP,Catharus,guttatus,Turdidae,3729,Yes,Forest,Lower
2014-10-13,14.0,CHI,Catharus,guttatus,Turdidae,3729,Yes,Forest,Lower
2014-10-13,14.0,CHI,Oreothlypis,ruficapilla,Parulidae,1690,Yes,Forest,Upper
2014-10-13,14.0,CHI,Oreothlypis,ruficapilla,Parulidae,1690,Yes,Forest,Upper
2014-10-13,14.0,CHI,Catharus,guttatus,Turdidae,3729,Yes,Forest,Lower
2014-10-14,4.0,CHI,Geothlypis,trichas,Parulidae,1555,Yes,Open,Lower
2014-10-14,4.0,CHI,Setophaga,magnolia,Parulidae,1224,yes,forest,Upper
2014-10-15,4.0,CHI,Regulus,calendula,Regulidae,416,No,Forest,Upper
2014-10-15,4.0,CHI,Zonotrichia,albicollis,Passerellidae,10133,Yes,Forest,Lower
2014-10-15,4.0,CHI,Geothlypis,trichas,Parulidae,1555,Yes,Open,Lower
2014-10-15,4.0,CHI,Zonotrichia,albicollis,Passerellidae,10133,Yes,Forest,Lower
2014-10-15,4.0,CHI,Geothlypis,trichas,Parulidae,1555,Yes,Open,Lower
2014-10-15,4.0,CHI,Melospiza,lincolnii,Passerellidae,2029,yes,edge,Lower
2014-10-15,4.0,CHI,Catharus,guttatus,Turdidae,3729,Yes,Forest,Lower
2014-10-15,4.0,CHI,Catharus,guttatus,Turdidae,3729,Yes,Forest,Lower
2014-10-15,4.0,CHI,catharus,ustulatus,Turdidae,2331,Yes,Forest,Lower
2014-10-15,4.0,CHI,Catharus,guttatus,Turdidae,3729,Yes,Forest,Lower
2014-10-16,14.0,CHI,Setophaga,striata,Parulidae,787,Yes,Forest,Upper
2014-10-16,14.0,CHI,Oreothlypis,celata,Parulidae,227,Yes,Edge,Lower
2014-10-16,14.0,MP,Zonotrichia,leucophrys,Passerellidae,1090,Yes,Edge,Lower
2014-10-16,14.0,CHI,Setophaga,coronata,Parulidae,887,yes,forest,Upper
2014-10-16,14.0,CHI,Oreothlypis,celata,Parulidae,227,Yes,Edge,Lower
2014-10-16,14.0,MP,Melospiza,lincolnii,Passerellidae,2029,yes,edge,Lower
2014-10-16,14.0,CHI,Oreothlypis,ruficapilla,Parulidae,1690,Yes,Forest,Upper
2014-10-16,14.0,CHI,Oreothlypis,ruficapilla,Parulidae,1690,Yes,Forest,Upper
2014-10-16,14.0,CHI,Setophaga,coronata,Parulidae,887,yes,forest,Upper
2014-10-17,16.0,MP,Passerella,iliaca,Passerellidae,2443,Yes,Edge,Lower
2014-10-17,16.0,MP,Zonotrichia,albicollis,Passerellidae,10133,Yes,Forest,Lower
2014-10-17,16.0,CHI,Zonotrichia,albicollis,Passerellidae,10133,Yes,Forest,Lower
2014-10-17,16.0,CHI,Oreothlypis,ruficapilla,Parulidae,1690,Yes,Forest,Upper
2014-10-17,16.0,CHI,Oreothlypis,ruficapilla,Parulidae,1690,Yes,Forest,Upper
2014-10-17,16.0,CHI,Zonotrichia,albicollis,Passerellidae,10133,Yes,Forest,Lower
2014-10-17,16.0,CHI,Junco,hyemalis,Passerellidae,6303,Yes,Edge,Lower
2014-10-17,16.0,CHI,Zonotrichia,albicollis,Passerellidae,10133,Yes,Forest,Lower
2014-10-17,16.0,CHI,Catharus,guttatus,Turdidae,3729,Yes,Forest,Lower
2014-10-17,16.0,MP,Passerella,iliaca,Passerellidae,2443,Yes,Edge,Lower
2014-10-17,16.0,CHI,Setophaga,palmarum,Parulidae,694,Yes,Edge,Lower
2014-10-17,16.0,CHI,Catharus,guttatus,Turdidae,3729,Yes,Forest,Lower
2014-10-17,16.0,MP,Passerculus,sandwichensis,Passerellidae,274,yes,open,Lower	
2014-10-17,16.0,CHI,Catharus,guttatus,Turdidae,3729,Yes,Forest,Lower
2014-10-17,16.0,CHI,Junco,hyemalis,Passerellidae,6303,Yes,Edge,Lower
2014-10-18,17.0,CHI,Catharus,guttatus,Turdidae,3729,Yes,Forest,Lower
2014-10-18,17.0,CHI,Junco,hyemalis,Passerellidae,6303,Yes,Edge,Lower
2014-10-18,17.0,CHI,Zonotrichia,albicollis,Passerellidae,10133,Yes,Forest,Lower
2014-10-18,17.0,CHI,Junco,hyemalis,Passerellidae,6303,Yes,Edge,Lower
2014-10-18,17.0,MP,Junco,hyemalis,Passerellidae,6303,Yes,Edge,Lower
2014-10-18,17.0,CHI,Catharus,guttatus,Turdidae,3729,Yes,Forest,Lower
2014-10-18,17.0,CHI,Catharus,guttatus,Turdidae,3729,Yes,Forest,Lower
2014-10-18,17.0,CHI,Setophaga,coronata,Parulidae,887,yes,forest,Upper
2014-10-18,17.0,CHI,Setophaga,striata,Parulidae,787,Yes,Forest,Upper
2014-10-18,17.0,CHI,Catharus,guttatus,Turdidae,3729,Yes,Forest,Lower
2014-10-18,17.0,CHI,Seiurus,aurocapilla,Parulidae,4580,Yes,Forest,Lower
2014-10-18,17.0,CHI,Seiurus,aurocapilla,Parulidae,4580,Yes,Forest,Lower
2014-10-18,17.0,CHI,Catharus,guttatus,Turdidae,3729,Yes,Forest,Lower
2014-10-18,17.0,CHI,Zonotrichia,albicollis,Passerellidae,10133,Yes,Forest,Lower
2014-10-20,12.0,CHI,Regulus,calendula,Regulidae,416,No,Forest,Upper
2014-10-20,12.0,CHI,Regulus,calendula,Regulidae,416,No,Forest,Upper
2014-10-20,12.0,MP,Junco,hyemalis,Passerellidae,6303,Yes,Edge,Lower
2014-10-20,12.0,CHI,Zonotrichia,albicollis,Passerellidae,10133,Yes,Forest,Lower
2014-10-20,12.0,MP,Oreothlypis,ruficapilla,Parulidae,1690,Yes,Forest,Upper
2014-10-20,12.0,CHI,Zonotrichia,leucophrys,Passerellidae,1090,Yes,Edge,Lower
2014-10-20,12.0,MP,Oreothlypis,celata,Parulidae,227,Yes,Edge,Lower
2014-10-20,12.0,CHI,Oreothlypis,celata,Parulidae,227,Yes,Edge,Lower
2014-10-20,12.0,CHI,troglodytes,hiemalis,Troglodytidae,474,No,Forest,Lower
2014-10-20,12.0,CHI,Junco,hyemalis,Passerellidae,6303,Yes,Edge,Lower
2014-10-20,12.0,CHI,Junco,hyemalis,Passerellidae,6303,Yes,Edge,Lower
2014-10-20,12.0,MP,Zonotrichia,albicollis,Passerellidae,10133,Yes,Forest,Lower
2014-10-20,12.0,MP,Junco,hyemalis,Passerellidae,6303,Yes,Edge,Lower
2014-10-20,12.0,CHI,Junco,hyemalis,Passerellidae,6303,Yes,Edge,Lower
2014-10-20,12.0,CHI,Zonotrichia,albicollis,Passerellidae,10133,Yes,Forest,Lower
2014-10-20,12.0,CHI,Passerella,iliaca,Passerellidae,2443,Yes,Edge,Lower
2014-10-20,12.0,CHI,Passerella,iliaca,Passerellidae,2443,Yes,Edge,Lower
2014-10-20,12.0,CHI,Passerella,iliaca,Passerellidae,2443,Yes,Edge,Lower
2014-10-20,12.0,CHI,Setophaga,coronata,Parulidae,887,yes,forest,Upper
2014-10-20,12.0,CHI,Zonotrichia,albicollis,Passerellidae,10133,Yes,Forest,Lower
2014-10-20,12.0,CHI,Zonotrichia,albicollis,Passerellidae,10133,Yes,Forest,Lower
2014-10-20,12.0,CHI,Zonotrichia,albicollis,Passerellidae,10133,Yes,Forest,Lower
2014-10-20,12.0,CHI,Zonotrichia,albicollis,Passerellidae,10133,Yes,Forest,Lower
2014-10-20,12.0,MP,Junco,hyemalis,Passerellidae,6303,Yes,Edge,Lower
2014-10-20,12.0,CHI,catharus,ustulatus,Turdidae,2331,Yes,Forest,Lower
2014-10-21,12.0,CHI,Setophaga,coronata,Parulidae,887,yes,forest,Upper
2014-10-21,12.0,MP,Zonotrichia,leucophrys,Passerellidae,1090,Yes,Edge,Lower
2014-10-21,12.0,CHI,Catharus,guttatus,Turdidae,3729,Yes,Forest,Lower
2014-10-21,12.0,CHI,Catharus,guttatus,Turdidae,3729,Yes,Forest,Lower
2014-10-21,12.0,CHI,Junco,hyemalis,Passerellidae,6303,Yes,Edge,Lower
2014-10-21,12.0,CHI,Junco,hyemalis,Passerellidae,6303,Yes,Edge,Lower
2014-10-21,12.0,CHI,Zonotrichia,albicollis,Passerellidae,10133,Yes,Forest,Lower
2014-10-21,12.0,CHI,Zonotrichia,albicollis,Passerellidae,10133,Yes,Forest,Lower
2014-10-21,12.0,CHI,Regulus,satrapa,Regulidae,1029,Yes,Forest,Upper
2014-10-21,12.0,CHI,Passerella,iliaca,Passerellidae,2443,Yes,Edge,Lower
2014-10-21,12.0,CHI,troglodytes,hiemalis,Troglodytidae,474,No,Forest,Lower
2014-10-21,12.0,CHI,Regulus,satrapa,Regulidae,1029,Yes,Forest,Upper
2014-10-21,12.0,CHI,Junco,hyemalis,Passerellidae,6303,Yes,Edge,Lower
2014-10-21,12.0,CHI,Junco,hyemalis,Passerellidae,6303,Yes,Edge,Lower
2014-10-22,13.0,CHI,Melospiza,melodia,Passerellidae,5124,Yes,Edge,Lower
2014-10-22,13.0,CHI,Zonotrichia,albicollis,Passerellidae,10133,Yes,Forest,Lower
2014-10-22,13.0,CHI,Melospiza,melodia,Passerellidae,5124,Yes,Edge,Lower
2014-10-22,13.0,CHI,Melospiza,melodia,Passerellidae,5124,Yes,Edge,Lower
2014-10-22,13.0,CHI,Zonotrichia,albicollis,Passerellidae,10133,Yes,Forest,Lower
2014-10-22,13.0,CHI,Zonotrichia,leucophrys,Passerellidae,1090,Yes,Edge,Lower
2014-10-22,13.0,CHI,Zonotrichia,leucophrys,Passerellidae,1090,Yes,Edge,Lower
2014-10-22,13.0,CHI,Passerella,iliaca,Passerellidae,2443,Yes,Edge,Lower
2014-10-22,13.0,CHI,Passerella,iliaca,Passerellidae,2443,Yes,Edge,Lower
2014-10-22,13.0,CHI,Passerella,iliaca,Passerellidae,2443,Yes,Edge,Lower
2014-10-22,13.0,CHI,Junco,hyemalis,Passerellidae,6303,Yes,Edge,Lower
2014-10-22,13.0,CHI,Junco,hyemalis,Passerellidae,6303,Yes,Edge,Lower
2014-10-22,13.0,CHI,Passerella,iliaca,Passerellidae,2443,Yes,Edge,Lower
2014-10-22,13.0,CHI,Zonotrichia,albicollis,Passerellidae,10133,Yes,Forest,Lower
2014-10-22,13.0,CHI,Oreothlypis,ruficapilla,Parulidae,1690,Yes,Forest,Upper
2014-10-22,13.0,CHI,Catharus,guttatus,Turdidae,3729,Yes,Forest,Lower
2014-10-22,13.0,CHI,Oreothlypis,ruficapilla,Parulidae,1690,Yes,Forest,Upper
2014-10-22,13.0,CHI,Zonotrichia,albicollis,Passerellidae,10133,Yes,Forest,Lower
2014-10-22,13.0,CHI,Zonotrichia,albicollis,Passerellidae,10133,Yes,Forest,Lower
2014-10-22,13.0,CHI,Zonotrichia,albicollis,Passerellidae,10133,Yes,Forest,Lower
2014-10-22,13.0,MP,Melospiza,melodia,Passerellidae,5124,Yes,Edge,Lower
2014-10-22,13.0,CHI,Zonotrichia,albicollis,Passerellidae,10133,Yes,Forest,Lower
2014-10-22,13.0,CHI,Junco,hyemalis,Passerellidae,6303,Yes,Edge,Lower
2014-10-22,13.0,CHI,Zonotrichia,albicollis,Passerellidae,10133,Yes,Forest,Lower
2014-10-22,13.0,CHI,Junco,hyemalis,Passerellidae,6303,Yes,Edge,Lower
2014-10-22,13.0,CHI,Junco,hyemalis,Passerellidae,6303,Yes,Edge,Lower
2014-10-22,13.0,CHI,Junco,hyemalis,Passerellidae,6303,Yes,Edge,Lower
2014-10-22,13.0,MP,Junco,hyemalis,Passerellidae,6303,Yes,Edge,Lower
2014-10-22,13.0,CHI,Oreothlypis,ruficapilla,Parulidae,1690,Yes,Forest,Upper
2014-10-22,13.0,CHI,Junco,hyemalis,Passerellidae,6303,Yes,Edge,Lower
2014-10-22,13.0,CHI,Passerella,iliaca,Passerellidae,2443,Yes,Edge,Lower
2014-10-22,13.0,CHI,Zonotrichia,albicollis,Passerellidae,10133,Yes,Forest,Lower
2014-10-22,13.0,CHI,Junco,hyemalis,Passerellidae,6303,Yes,Edge,Lower
2014-10-22,13.0,CHI,troglodytes,hiemalis,Troglodytidae,474,No,Forest,Lower
2014-10-22,13.0,CHI,Melospiza,lincolnii,Passerellidae,2029,yes,edge,Lower
2014-10-22,13.0,CHI,Melospiza,lincolnii,Passerellidae,2029,yes,edge,Lower
2014-10-22,13.0,CHI,Regulus,satrapa,Regulidae,1029,Yes,Forest,Upper
2014-10-22,13.0,CHI,Junco,hyemalis,Passerellidae,6303,Yes,Edge,Lower
2014-10-22,13.0,CHI,Junco,hyemalis,Passerellidae,6303,Yes,Edge,Lower
2014-10-22,13.0,CHI,Catharus,guttatus,Turdidae,3729,Yes,Forest,Lower
2014-10-22,13.0,CHI,troglodytes,hiemalis,Troglodytidae,474,No,Forest,Lower
2014-10-22,13.0,MP,Melospiza,lincolnii,Passerellidae,2029,yes,edge,Lower
2014-10-22,13.0,CHI,Regulus,satrapa,Regulidae,1029,Yes,Forest,Upper
2014-10-22,13.0,CHI,Regulus,satrapa,Regulidae,1029,Yes,Forest,Upper
2014-10-22,13.0,CHI,troglodytes,hiemalis,Troglodytidae,474,No,Forest,Lower
2014-10-22,13.0,CHI,Catharus,guttatus,Turdidae,3729,Yes,Forest,Lower
2014-10-22,13.0,CHI,Junco,hyemalis,Passerellidae,6303,Yes,Edge,Lower
2014-10-22,13.0,CHI,Junco,hyemalis,Passerellidae,6303,Yes,Edge,Lower
2014-10-22,13.0,CHI,Passerella,iliaca,Passerellidae,2443,Yes,Edge,Lower
2014-10-22,13.0,CHI,Catharus,guttatus,Turdidae,3729,Yes,Forest,Lower
2014-10-22,13.0,CHI,Passerella,iliaca,Passerellidae,2443,Yes,Edge,Lower
2014-10-22,13.0,CHI,Junco,hyemalis,Passerellidae,6303,Yes,Edge,Lower
2014-10-22,13.0,CHI,troglodytes,hiemalis,Troglodytidae,474,No,Forest,Lower
2014-10-23,17.0,CHI,Junco,hyemalis,Passerellidae,6303,Yes,Edge,Lower
2014-10-23,17.0,CHI,Regulus,satrapa,Regulidae,1029,Yes,Forest,Upper
2014-10-23,17.0,CHI,Regulus,satrapa,Regulidae,1029,Yes,Forest,Upper
2014-10-23,17.0,CHI,troglodytes,hiemalis,Troglodytidae,474,No,Forest,Lower
2014-10-23,17.0,MP,Catharus,guttatus,Turdidae,3729,Yes,Forest,Lower
2014-10-23,17.0,CHI,Catharus,guttatus,Turdidae,3729,Yes,Forest,Lower
2014-10-23,17.0,CHI,Junco,hyemalis,Passerellidae,6303,Yes,Edge,Lower
2014-10-23,17.0,CHI,Junco,hyemalis,Passerellidae,6303,Yes,Edge,Lower
2014-10-23,17.0,CHI,Oreothlypis,ruficapilla,Parulidae,1690,Yes,Forest,Upper
2014-10-23,17.0,MP,Zonotrichia,leucophrys,Passerellidae,1090,Yes,Edge,Lower
2014-10-23,17.0,CHI,Zonotrichia,leucophrys,Passerellidae,1090,Yes,Edge,Lower
2014-10-23,17.0,MP,Melospiza,melodia,Passerellidae,5124,Yes,Edge,Lower
2014-10-23,17.0,CHI,Zonotrichia,albicollis,Passerellidae,10133,Yes,Forest,Lower
2014-10-23,17.0,CHI,Zonotrichia,albicollis,Passerellidae,10133,Yes,Forest,Lower
2014-10-23,17.0,MP,Zonotrichia,albicollis,Passerellidae,10133,Yes,Forest,Lower
2014-10-23,17.0,CHI,Zonotrichia,leucophrys,Passerellidae,1090,Yes,Edge,Lower
2014-10-23,17.0,CHI,Zonotrichia,albicollis,Passerellidae,10133,Yes,Forest,Lower
2014-10-23,17.0,CHI,Passerella,iliaca,Passerellidae,2443,Yes,Edge,Lower
2014-10-23,17.0,CHI,Regulus,satrapa,Regulidae,1029,Yes,Forest,Upper
2014-10-24,17.0,CHI,Catharus,guttatus,Turdidae,3729,Yes,Forest,Lower
2014-10-24,17.0,CHI,catharus,ustulatus,Turdidae,2331,Yes,Forest,Lower
2014-10-24,17.0,CHI,Regulus,satrapa,Regulidae,1029,Yes,Forest,Upper
2014-10-24,17.0,CHI,Junco,hyemalis,Passerellidae,6303,Yes,Edge,Lower
2014-10-24,17.0,CHI,Zonotrichia,albicollis,Passerellidae,10133,Yes,Forest,Lower
2014-10-24,17.0,MP,Junco,hyemalis,Passerellidae,6303,Yes,Edge,Lower
2014-10-24,17.0,CHI,Zonotrichia,albicollis,Passerellidae,10133,Yes,Forest,Lower
2014-10-24,17.0,CHI,Zonotrichia,albicollis,Passerellidae,10133,Yes,Forest,Lower
2014-10-24,17.0,MP,Zonotrichia,leucophrys,Passerellidae,1090,Yes,Edge,Lower
2014-10-25,17.0,CHI,Junco,hyemalis,Passerellidae,6303,Yes,Edge,Lower
2014-10-25,17.0,CHI,Catharus,guttatus,Turdidae,3729,Yes,Forest,Lower
2014-10-25,17.0,CHI,Setophaga,palmarum,Parulidae,694,Yes,Edge,Lower
2014-10-25,17.0,CHI,Junco,hyemalis,Passerellidae,6303,Yes,Edge,Lower
2014-10-25,17.0,CHI,Passerella,iliaca,Passerellidae,2443,Yes,Edge,Lower
2014-10-25,17.0,CHI,Oreothlypis,celata,Parulidae,227,Yes,Edge,Lower
2014-10-25,17.0,CHI,Regulus,calendula,Regulidae,416,No,Forest,Upper
2014-10-25,17.0,CHI,Vireo,olivaceus,Vireonidae,133,No,Forest,Upper
2014-10-25,17.0,CHI,Junco,hyemalis,Passerellidae,6303,Yes,Edge,Lower
2014-10-25,17.0,CHI,catharus,ustulatus,Turdidae,2331,Yes,Forest,Lower
2014-10-25,17.0,CHI,Zonotrichia,albicollis,Passerellidae,10133,Yes,Forest,Lower
2014-10-25,17.0,CHI,Regulus,satrapa,Regulidae,1029,Yes,Forest,Upper
2014-10-25,17.0,CHI,Passerella,iliaca,Passerellidae,2443,Yes,Edge,Lower
2014-10-25,17.0,CHI,Passerella,iliaca,Passerellidae,2443,Yes,Edge,Lower
2014-10-25,17.0,CHI,Zonotrichia,albicollis,Passerellidae,10133,Yes,Forest,Lower
2014-10-25,17.0,MP,Junco,hyemalis,Passerellidae,6303,Yes,Edge,Lower
2014-10-25,17.0,CHI,Junco,hyemalis,Passerellidae,6303,Yes,Edge,Lower
2014-10-26,14.0,CHI,Passerella,iliaca,Passerellidae,2443,Yes,Edge,Lower
2014-10-26,14.0,CHI,Junco,hyemalis,Passerellidae,6303,Yes,Edge,Lower
2014-10-26,14.0,CHI,Junco,hyemalis,Passerellidae,6303,Yes,Edge,Lower
2014-10-26,14.0,CHI,Passerella,iliaca,Passerellidae,2443,Yes,Edge,Lower
2014-10-26,14.0,CHI,Regulus,satrapa,Regulidae,1029,Yes,Forest,Upper
2014-10-26,14.0,CHI,Junco,hyemalis,Passerellidae,6303,Yes,Edge,Lower
2014-10-26,14.0,CHI,Regulus,satrapa,Regulidae,1029,Yes,Forest,Upper
2014-10-26,14.0,CHI,Junco,hyemalis,Passerellidae,6303,Yes,Edge,Lower
2014-10-26,14.0,CHI,Junco,hyemalis,Passerellidae,6303,Yes,Edge,Lower
2014-10-26,14.0,CHI,Junco,hyemalis,Passerellidae,6303,Yes,Edge,Lower
2014-10-26,14.0,CHI,Junco,hyemalis,Passerellidae,6303,Yes,Edge,Lower
2014-10-26,14.0,CHI,Junco,hyemalis,Passerellidae,6303,Yes,Edge,Lower
2014-10-26,14.0,CHI,Junco,hyemalis,Passerellidae,6303,Yes,Edge,Lower
2014-10-26,14.0,CHI,Junco,hyemalis,Passerellidae,6303,Yes,Edge,Lower
2014-10-26,14.0,CHI,Junco,hyemalis,Passerellidae,6303,Yes,Edge,Lower
2014-10-26,14.0,CHI,Regulus,satrapa,Regulidae,1029,Yes,Forest,Upper
2014-10-26,14.0,CHI,Junco,hyemalis,Passerellidae,6303,Yes,Edge,Lower
2014-10-26,14.0,CHI,Regulus,satrapa,Regulidae,1029,Yes,Forest,Upper
2014-10-26,14.0,CHI,Regulus,satrapa,Regulidae,1029,Yes,Forest,Upper
2014-10-26,14.0,CHI,Melospiza,lincolnii,Passerellidae,2029,yes,edge,Lower
2014-10-26,14.0,CHI,Regulus,satrapa,Regulidae,1029,Yes,Forest,Upper
2014-10-26,14.0,CHI,Junco,hyemalis,Passerellidae,6303,Yes,Edge,Lower
2014-10-26,14.0,CHI,Junco,hyemalis,Passerellidae,6303,Yes,Edge,Lower
2014-10-26,14.0,CHI,Junco,hyemalis,Passerellidae,6303,Yes,Edge,Lower
2014-10-26,14.0,CHI,Junco,hyemalis,Passerellidae,6303,Yes,Edge,Lower
2014-10-26,14.0,CHI,Junco,hyemalis,Passerellidae,6303,Yes,Edge,Lower
2014-10-26,14.0,CHI,Passerella,iliaca,Passerellidae,2443,Yes,Edge,Lower
2014-10-26,14.0,CHI,Junco,hyemalis,Passerellidae,6303,Yes,Edge,Lower
2014-10-26,14.0,CHI,Junco,hyemalis,Passerellidae,6303,Yes,Edge,Lower
2014-10-26,14.0,CHI,Junco,hyemalis,Passerellidae,6303,Yes,Edge,Lower
2014-10-26,14.0,CHI,Junco,hyemalis,Passerellidae,6303,Yes,Edge,Lower
2014-10-26,14.0,CHI,Junco,hyemalis,Passerellidae,6303,Yes,Edge,Lower
2014-10-26,14.0,CHI,Junco,hyemalis,Passerellidae,6303,Yes,Edge,Lower
2014-10-26,14.0,CHI,Junco,hyemalis,Passerellidae,6303,Yes,Edge,Lower
2014-10-26,14.0,CHI,Junco,hyemalis,Passerellidae,6303,Yes,Edge,Lower
2014-10-26,14.0,CHI,Junco,hyemalis,Passerellidae,6303,Yes,Edge,Lower
2014-10-26,14.0,CHI,Zonotrichia,albicollis,Passerellidae,10133,Yes,Forest,Lower
2014-10-26,14.0,CHI,Melospiza,melodia,Passerellidae,5124,Yes,Edge,Lower
2014-10-26,14.0,CHI,Junco,hyemalis,Passerellidae,6303,Yes,Edge,Lower
2014-10-26,14.0,MP,Melospiza,melodia,Passerellidae,5124,Yes,Edge,Lower
2014-10-26,14.0,CHI,Junco,hyemalis,Passerellidae,6303,Yes,Edge,Lower
2014-10-26,14.0,MP,Melospiza,melodia,Passerellidae,5124,Yes,Edge,Lower
2014-10-26,14.0,CHI,Junco,hyemalis,Passerellidae,6303,Yes,Edge,Lower
2014-10-26,14.0,CHI,Spizelloides,arborea,Passerellidae,1262,Yes,Edge,Lower
2014-10-26,14.0,CHI,Junco,hyemalis,Passerellidae,6303,Yes,Edge,Lower
2014-10-26,14.0,CHI,Catharus,guttatus,Turdidae,3729,Yes,Forest,Lower
2014-10-26,14.0,MP,Catharus,guttatus,Turdidae,3729,Yes,Forest,Lower
2014-10-26,14.0,CHI,Junco,hyemalis,Passerellidae,6303,Yes,Edge,Lower
2014-10-26,14.0,CHI,Junco,hyemalis,Passerellidae,6303,Yes,Edge,Lower
2014-10-26,14.0,CHI,Junco,hyemalis,Passerellidae,6303,Yes,Edge,Lower
2014-10-26,14.0,CHI,Regulus,calendula,Regulidae,416,No,Forest,Upper
2014-10-26,14.0,CHI,Passerella,iliaca,Passerellidae,2443,Yes,Edge,Lower
2014-10-26,14.0,CHI,Regulus,satrapa,Regulidae,1029,Yes,Forest,Upper
2014-10-26,14.0,MP,Junco,hyemalis,Passerellidae,6303,Yes,Edge,Lower
2014-10-26,14.0,CHI,Junco,hyemalis,Passerellidae,6303,Yes,Edge,Lower
2014-10-26,14.0,CHI,Junco,hyemalis,Passerellidae,6303,Yes,Edge,Lower
2014-10-26,14.0,CHI,Passerella,iliaca,Passerellidae,2443,Yes,Edge,Lower
2014-10-26,14.0,CHI,Regulus,satrapa,Regulidae,1029,Yes,Forest,Upper
2014-10-26,14.0,CHI,Zonotrichia,albicollis,Passerellidae,10133,Yes,Forest,Lower
2014-10-26,14.0,CHI,troglodytes,hiemalis,Troglodytidae,474,No,Forest,Lower
2014-10-26,14.0,CHI,Junco,hyemalis,Passerellidae,6303,Yes,Edge,Lower
2014-10-26,14.0,CHI,Spizelloides,arborea,Passerellidae,1262,Yes,Edge,Lower
2014-10-27,14.0,MP,Junco,hyemalis,Passerellidae,6303,Yes,Edge,Lower
2014-10-27,14.0,CHI,Regulus,satrapa,Regulidae,1029,Yes,Forest,Upper
2014-10-27,14.0,CHI,Passerella,iliaca,Passerellidae,2443,Yes,Edge,Lower
2014-10-27,14.0,CHI,Junco,hyemalis,Passerellidae,6303,Yes,Edge,Lower
2014-10-27,14.0,CHI,Junco,hyemalis,Passerellidae,6303,Yes,Edge,Lower
2014-10-27,14.0,CHI,Passerella,iliaca,Passerellidae,2443,Yes,Edge,Lower
2014-10-27,14.0,CHI,Junco,hyemalis,Passerellidae,6303,Yes,Edge,Lower
2014-10-27,14.0,CHI,Zonotrichia,albicollis,Passerellidae,10133,Yes,Forest,Lower
2014-10-27,14.0,MP,Junco,hyemalis,Passerellidae,6303,Yes,Edge,Lower
2014-10-27,14.0,MP,Zonotrichia,albicollis,Passerellidae,10133,Yes,Forest,Lower
2014-10-27,14.0,MP,Junco,hyemalis,Passerellidae,6303,Yes,Edge,Lower
2014-10-27,14.0,CHI,Junco,hyemalis,Passerellidae,6303,Yes,Edge,Lower
2014-10-28,14.0,CHI,Passerella,iliaca,Passerellidae,2443,Yes,Edge,Lower
2014-10-28,14.0,CHI,Setophaga,pinus,Parulidae,49,Yes,Forest,Upper
2014-10-28,14.0,CHI,Junco,hyemalis,Passerellidae,6303,Yes,Edge,Lower
2014-10-28,14.0,CHI,Ammodramus,savannarum,Passerellidae,106,Yes,Open,Lower
2014-10-29,17.0,CHI,Passerella,iliaca,Passerellidae,2443,Yes,Edge,Lower
2014-10-29,17.0,CHI,Seiurus,aurocapilla,Parulidae,4580,Yes,Forest,Lower
2014-10-29,17.0,CHI,troglodytes,hiemalis,Troglodytidae,474,No,Forest,Lower
2014-10-29,17.0,CHI,Zonotrichia,albicollis,Passerellidae,10133,Yes,Forest,Lower
2014-10-29,17.0,CHI,Sitta,canadensis,Sittidae,260,Yes,Forest,Upper
2014-10-31,17.0,CHI,Junco,hyemalis,Passerellidae,6303,Yes,Edge,Lower
2014-10-31,17.0,CHI,Junco,hyemalis,Passerellidae,6303,Yes,Edge,Lower
2014-10-31,17.0,CHI,Junco,hyemalis,Passerellidae,6303,Yes,Edge,Lower
2014-10-31,17.0,CHI,Junco,hyemalis,Passerellidae,6303,Yes,Edge,Lower
2014-10-31,17.0,CHI,Passerella,iliaca,Passerellidae,2443,Yes,Edge,Lower
2014-10-31,17.0,CHI,Junco,hyemalis,Passerellidae,6303,Yes,Edge,Lower
2014-10-31,17.0,CHI,Zonotrichia,albicollis,Passerellidae,10133,Yes,Forest,Lower
2014-10-31,17.0,MP,Passerella,iliaca,Passerellidae,2443,Yes,Edge,Lower
2014-10-31,17.0,CHI,Passerella,iliaca,Passerellidae,2443,Yes,Edge,Lower
2014-11-01,17.0,CHI,Passerella,iliaca,Passerellidae,2443,Yes,Edge,Lower
2014-11-01,17.0,CHI,Passerella,iliaca,Passerellidae,2443,Yes,Edge,Lower
2014-11-01,17.0,CHI,Passerella,iliaca,Passerellidae,2443,Yes,Edge,Lower
2014-11-01,17.0,CHI,Seiurus,aurocapilla,Parulidae,4580,Yes,Forest,Lower
2014-11-01,17.0,CHI,Regulus,calendula,Regulidae,416,No,Forest,Upper
2014-11-01,17.0,CHI,Regulus,calendula,Regulidae,416,No,Forest,Upper
2014-11-01,17.0,CHI,Passerella,iliaca,Passerellidae,2443,Yes,Edge,Lower
2014-11-01,17.0,CHI,Junco,hyemalis,Passerellidae,6303,Yes,Edge,Lower
2014-11-01,17.0,CHI,troglodytes,hiemalis,Troglodytidae,474,No,Forest,Lower
2014-11-01,17.0,CHI,Junco,hyemalis,Passerellidae,6303,Yes,Edge,Lower
2014-11-01,17.0,MP,Junco,hyemalis,Passerellidae,6303,Yes,Edge,Lower
2014-11-01,17.0,CHI,Oreothlypis,ruficapilla,Parulidae,1690,Yes,Forest,Upper
2014-11-01,17.0,CHI,Passerella,iliaca,Passerellidae,2443,Yes,Edge,Lower
2014-11-01,17.0,CHI,Junco,hyemalis,Passerellidae,6303,Yes,Edge,Lower
2014-11-01,17.0,CHI,Passerella,iliaca,Passerellidae,2443,Yes,Edge,Lower
2014-11-01,17.0,CHI,Passerella,iliaca,Passerellidae,2443,Yes,Edge,Lower
2014-11-02,17.0,CHI,Zonotrichia,albicollis,Passerellidae,10133,Yes,Forest,Lower
2014-11-02,17.0,MP,Spizelloides,arborea,Passerellidae,1262,Yes,Edge,Lower
2014-11-02,17.0,CHI,Zonotrichia,albicollis,Passerellidae,10133,Yes,Forest,Lower
2014-11-02,17.0,CHI,Passerella,iliaca,Passerellidae,2443,Yes,Edge,Lower
2014-11-02,17.0,CHI,Passerella,iliaca,Passerellidae,2443,Yes,Edge,Lower
2014-11-03,17.0,CHI,Zonotrichia,albicollis,Passerellidae,10133,Yes,Forest,Lower
2014-11-03,17.0,CHI,Passerella,iliaca,Passerellidae,2443,Yes,Edge,Lower
2014-11-03,17.0,CHI,Junco,hyemalis,Passerellidae,6303,Yes,Edge,Lower
2014-11-03,17.0,CHI,Regulus,calendula,Regulidae,416,No,Forest,Upper
2014-11-04,17.0,CHI,Catharus,guttatus,Turdidae,3729,Yes,Forest,Lower
2014-11-05,17.0,CHI,Junco,hyemalis,Passerellidae,6303,Yes,Edge,Lower
2014-11-05,17.0,MP,Passerella,iliaca,Passerellidae,2443,Yes,Edge,Lower
2014-11-05,17.0,CHI,Junco,hyemalis,Passerellidae,6303,Yes,Edge,Lower
2014-11-05,17.0,CHI,Passerella,iliaca,Passerellidae,2443,Yes,Edge,Lower
2014-11-05,17.0,CHI,Junco,hyemalis,Passerellidae,6303,Yes,Edge,Lower
2014-11-05,17.0,MP,Junco,hyemalis,Passerellidae,6303,Yes,Edge,Lower
2014-11-05,17.0,CHI,Passerella,iliaca,Passerellidae,2443,Yes,Edge,Lower
2014-11-06,17.0,CHI,Junco,hyemalis,Passerellidae,6303,Yes,Edge,Lower
2014-11-06,17.0,MP,Passerella,iliaca,Passerellidae,2443,Yes,Edge,Lower
2014-11-06,17.0,MP,Junco,hyemalis,Passerellidae,6303,Yes,Edge,Lower
2014-11-06,17.0,CHI,Junco,hyemalis,Passerellidae,6303,Yes,Edge,Lower
2014-11-06,17.0,CHI,Junco,hyemalis,Passerellidae,6303,Yes,Edge,Lower
2014-11-07,17.0,CHI,Melospiza,melodia,Passerellidae,5124,Yes,Edge,Lower
2014-11-07,17.0,CHI,Junco,hyemalis,Passerellidae,6303,Yes,Edge,Lower
2014-11-07,17.0,CHI,Junco,hyemalis,Passerellidae,6303,Yes,Edge,Lower
2014-11-07,17.0,CHI,Junco,hyemalis,Passerellidae,6303,Yes,Edge,Lower
2014-11-07,17.0,CHI,Passerella,iliaca,Passerellidae,2443,Yes,Edge,Lower
2014-11-07,17.0,CHI,Junco,hyemalis,Passerellidae,6303,Yes,Edge,Lower
2014-11-07,17.0,MP,Junco,hyemalis,Passerellidae,6303,Yes,Edge,Lower
2014-11-07,17.0,CHI,Passerella,iliaca,Passerellidae,2443,Yes,Edge,Lower
2014-11-07,17.0,CHI,Passerella,iliaca,Passerellidae,2443,Yes,Edge,Lower
2014-11-07,17.0,MP,Regulus,satrapa,Regulidae,1029,Yes,Forest,Upper
2014-11-07,17.0,CHI,Spizelloides,arborea,Passerellidae,1262,Yes,Edge,Lower
2014-11-07,17.0,CHI,Spizelloides,arborea,Passerellidae,1262,Yes,Edge,Lower
2014-11-07,17.0,CHI,Junco,hyemalis,Passerellidae,6303,Yes,Edge,Lower
2014-11-07,17.0,CHI,Sitta,canadensis,Sittidae,260,Yes,Forest,Upper
2014-11-07,17.0,MP,Catharus,guttatus,Turdidae,3729,Yes,Forest,Lower
2014-11-07,17.0,MP,Spizelloides,arborea,Passerellidae,1262,Yes,Edge,Lower
2014-11-08,17.0,CHI,Junco,hyemalis,Passerellidae,6303,Yes,Edge,Lower
2014-11-08,17.0,MP,Junco,hyemalis,Passerellidae,6303,Yes,Edge,Lower
2014-11-08,17.0,CHI,Zonotrichia,albicollis,Passerellidae,10133,Yes,Forest,Lower
2014-11-09,16.0,CHI,Junco,hyemalis,Passerellidae,6303,Yes,Edge,Lower
2014-11-09,16.0,CHI,Junco,hyemalis,Passerellidae,6303,Yes,Edge,Lower
2014-11-09,16.0,CHI,Catharus,guttatus,Turdidae,3729,Yes,Forest,Lower
2014-11-09,16.0,CHI,Junco,hyemalis,Passerellidae,6303,Yes,Edge,Lower
2014-11-09,16.0,CHI,Junco,hyemalis,Passerellidae,6303,Yes,Edge,Lower
2014-11-09,16.0,CHI,Zonotrichia,albicollis,Passerellidae,10133,Yes,Forest,Lower
2014-11-09,16.0,CHI,Zonotrichia,albicollis,Passerellidae,10133,Yes,Forest,Lower
2014-11-09,16.0,CHI,Zonotrichia,albicollis,Passerellidae,10133,Yes,Forest,Lower
2014-11-10,16.0,MP,Junco,hyemalis,Passerellidae,6303,Yes,Edge,Lower
2014-11-10,16.0,MP,Junco,hyemalis,Passerellidae,6303,Yes,Edge,Lower
2014-11-10,16.0,MP,Junco,hyemalis,Passerellidae,6303,Yes,Edge,Lower
2014-11-11,4.0,CHI,Passerella,iliaca,Passerellidae,2443,Yes,Edge,Lower
2014-11-12,4.0,CHI,Passerella,iliaca,Passerellidae,2443,Yes,Edge,Lower
2014-11-12,4.0,CHI,Junco,hyemalis,Passerellidae,6303,Yes,Edge,Lower
2014-11-12,4.0,MP,Junco,hyemalis,Passerellidae,6303,Yes,Edge,Lower
2014-11-12,4.0,MP,Junco,hyemalis,Passerellidae,6303,Yes,Edge,Lower
2014-11-12,4.0,MP,Junco,hyemalis,Passerellidae,6303,Yes,Edge,Lower
2014-11-12,4.0,MP,Passerella,iliaca,Passerellidae,2443,Yes,Edge,Lower
2014-11-12,4.0,CHI,Passerella,iliaca,Passerellidae,2443,Yes,Edge,Lower
2014-11-13,4.0,CHI,Junco,hyemalis,Passerellidae,6303,Yes,Edge,Lower
2014-11-13,4.0,CHI,Junco,hyemalis,Passerellidae,6303,Yes,Edge,Lower
2014-11-13,4.0,CHI,Passerella,iliaca,Passerellidae,2443,Yes,Edge,Lower
2014-11-14,4.0,CHI,Setophaga,palmarum,Parulidae,694,Yes,Edge,Lower
2014-11-16,7.0,CHI,Setophaga,coronata,Parulidae,887,yes,forest,Upper
2015-03-11,14.0,MP,Spizelloides,arborea,Passerellidae,1262,Yes,Edge,Lower
2015-03-14,14.0,MP,Melospiza,melodia,Passerellidae,5124,Yes,Edge,Lower
2015-03-16,14.0,MP,Junco,hyemalis,Passerellidae,6303,Yes,Edge,Lower
2015-03-16,14.0,MP,Melospiza,melodia,Passerellidae,5124,Yes,Edge,Lower
2015-03-16,14.0,MP,Melospiza,melodia,Passerellidae,5124,Yes,Edge,Lower
2015-03-16,14.0,MP,Spizelloides,arborea,Passerellidae,1262,Yes,Edge,Lower
2015-03-16,14.0,MP,Melospiza,melodia,Passerellidae,5124,Yes,Edge,Lower
2015-03-16,14.0,MP,Spizelloides,arborea,Passerellidae,1262,Yes,Edge,Lower
2015-03-16,14.0,MP,Melospiza,melodia,Passerellidae,5124,Yes,Edge,Lower
2015-03-16,14.0,MP,Melospiza,melodia,Passerellidae,5124,Yes,Edge,Lower
2015-03-16,14.0,MP,Spizelloides,arborea,Passerellidae,1262,Yes,Edge,Lower
2015-03-16,14.0,MP,Spizelloides,arborea,Passerellidae,1262,Yes,Edge,Lower
2015-03-16,14.0,MP,Spizelloides,arborea,Passerellidae,1262,Yes,Edge,Lower
2015-03-16,14.0,MP,Spizelloides,arborea,Passerellidae,1262,Yes,Edge,Lower
2015-03-16,14.0,CHI,Junco,hyemalis,Passerellidae,6303,Yes,Edge,Lower
2015-03-16,14.0,MP,Junco,hyemalis,Passerellidae,6303,Yes,Edge,Lower
2015-03-16,14.0,MP,Melospiza,melodia,Passerellidae,5124,Yes,Edge,Lower
2015-03-20,14.0,MP,Melospiza,melodia,Passerellidae,5124,Yes,Edge,Lower
2015-03-21,14.0,MP,Spizelloides,arborea,Passerellidae,1262,Yes,Edge,Lower
2015-03-21,14.0,MP,Melospiza,melodia,Passerellidae,5124,Yes,Edge,Lower
2015-03-21,14.0,MP,Melospiza,melodia,Passerellidae,5124,Yes,Edge,Lower
2015-03-21,14.0,MP,Melospiza,melodia,Passerellidae,5124,Yes,Edge,Lower
2015-03-21,14.0,MP,Melospiza,melodia,Passerellidae,5124,Yes,Edge,Lower
2015-03-21,14.0,MP,Melospiza,melodia,Passerellidae,5124,Yes,Edge,Lower
2015-03-21,14.0,MP,Melospiza,melodia,Passerellidae,5124,Yes,Edge,Lower
2015-03-21,14.0,MP,Melospiza,melodia,Passerellidae,5124,Yes,Edge,Lower
2015-03-21,14.0,MP,Melospiza,melodia,Passerellidae,5124,Yes,Edge,Lower
2015-03-21,14.0,CHI,Melospiza,melodia,Passerellidae,5124,Yes,Edge,Lower
2015-03-22,4.0,CHI,Passerella,iliaca,Passerellidae,2443,Yes,Edge,Lower
2015-03-22,4.0,MP,Melospiza,melodia,Passerellidae,5124,Yes,Edge,Lower
2015-03-25,4.0,CHI,Melospiza,melodia,Passerellidae,5124,Yes,Edge,Lower
2015-03-25,4.0,CHI,Junco,hyemalis,Passerellidae,6303,Yes,Edge,Lower
2015-03-26,11.0,CHI,Melospiza,melodia,Passerellidae,5124,Yes,Edge,Lower
2015-03-29,11.0,CHI,Melospiza,melodia,Passerellidae,5124,Yes,Edge,Lower
2015-03-29,11.0,CHI,Melospiza,melodia,Passerellidae,5124,Yes,Edge,Lower
2015-03-29,11.0,CHI,Melospiza,melodia,Passerellidae,5124,Yes,Edge,Lower
2015-03-29,11.0,CHI,Melospiza,melodia,Passerellidae,5124,Yes,Edge,Lower
2015-03-30,5.0,CHI,Melospiza,melodia,Passerellidae,5124,Yes,Edge,Lower
2015-03-30,5.0,CHI,Melospiza,melodia,Passerellidae,5124,Yes,Edge,Lower
2015-03-30,5.0,CHI,Melospiza,melodia,Passerellidae,5124,Yes,Edge,Lower
2015-03-31,5.0,MP,Melospiza,melodia,Passerellidae,5124,Yes,Edge,Lower
2015-03-31,5.0,CHI,Melospiza,melodia,Passerellidae,5124,Yes,Edge,Lower
2015-03-31,5.0,CHI,Junco,hyemalis,Passerellidae,6303,Yes,Edge,Lower
2015-03-31,5.0,CHI,Passerella,iliaca,Passerellidae,2443,Yes,Edge,Lower
2015-03-31,5.0,MP,Junco,hyemalis,Passerellidae,6303,Yes,Edge,Lower
2015-03-31,5.0,CHI,Junco,hyemalis,Passerellidae,6303,Yes,Edge,Lower
2015-03-31,5.0,MP,Passerella,iliaca,Passerellidae,2443,Yes,Edge,Lower
2015-03-31,5.0,MP,Melospiza,melodia,Passerellidae,5124,Yes,Edge,Lower
2015-04-01,5.0,MP,Junco,hyemalis,Passerellidae,6303,Yes,Edge,Lower
2015-04-01,5.0,CHI,troglodytes,hiemalis,Troglodytidae,474,No,Forest,Lower
2015-04-01,5.0,CHI,Junco,hyemalis,Passerellidae,6303,Yes,Edge,Lower
2015-04-01,5.0,CHI,troglodytes,hiemalis,Troglodytidae,474,No,Forest,Lower
2015-04-01,5.0,CHI,Regulus,satrapa,Regulidae,1029,Yes,Forest,Upper
2015-04-01,5.0,CHI,Melospiza,melodia,Passerellidae,5124,Yes,Edge,Lower
2015-04-01,5.0,CHI,Passerella,iliaca,Passerellidae,2443,Yes,Edge,Lower
2015-04-01,5.0,CHI,Junco,hyemalis,Passerellidae,6303,Yes,Edge,Lower
2015-04-01,5.0,CHI,Regulus,satrapa,Regulidae,1029,Yes,Forest,Upper
2015-04-01,5.0,CHI,troglodytes,hiemalis,Troglodytidae,474,No,Forest,Lower
2015-04-01,5.0,CHI,Regulus,satrapa,Regulidae,1029,Yes,Forest,Upper
2015-04-01,5.0,CHI,Regulus,satrapa,Regulidae,1029,Yes,Forest,Upper
2015-04-01,5.0,CHI,Passerella,iliaca,Passerellidae,2443,Yes,Edge,Lower
2015-04-01,5.0,CHI,Melospiza,melodia,Passerellidae,5124,Yes,Edge,Lower
2015-04-01,5.0,MP,Melospiza,melodia,Passerellidae,5124,Yes,Edge,Lower
2015-04-01,5.0,CHI,Passerella,iliaca,Passerellidae,2443,Yes,Edge,Lower
2015-04-01,5.0,CHI,Passerella,iliaca,Passerellidae,2443,Yes,Edge,Lower
2015-04-01,5.0,CHI,Regulus,satrapa,Regulidae,1029,Yes,Forest,Upper
2015-04-01,5.0,CHI,Junco,hyemalis,Passerellidae,6303,Yes,Edge,Lower
2015-04-02,11.0,MP,Melospiza,melodia,Passerellidae,5124,Yes,Edge,Lower
2015-04-02,11.0,MP,Melospiza,melodia,Passerellidae,5124,Yes,Edge,Lower
2015-04-02,11.0,CHI,Passerella,iliaca,Passerellidae,2443,Yes,Edge,Lower
2015-04-02,11.0,CHI,Passerella,iliaca,Passerellidae,2443,Yes,Edge,Lower
2015-04-02,11.0,MP,Melospiza,melodia,Passerellidae,5124,Yes,Edge,Lower
2015-04-02,11.0,MP,Melospiza,melodia,Passerellidae,5124,Yes,Edge,Lower
2015-04-02,11.0,CHI,Junco,hyemalis,Passerellidae,6303,Yes,Edge,Lower
2015-04-02,11.0,MP,Catharus,guttatus,Turdidae,3729,Yes,Forest,Lower
2015-04-02,11.0,CHI,Passerella,iliaca,Passerellidae,2443,Yes,Edge,Lower
2015-04-02,11.0,CHI,Junco,hyemalis,Passerellidae,6303,Yes,Edge,Lower
2015-04-02,11.0,CHI,Spizella,pusilla,Passerellidae,325,Yes,Open,Lower
2015-04-02,11.0,CHI,Junco,hyemalis,Passerellidae,6303,Yes,Edge,Lower
2015-04-02,11.0,MP,Junco,hyemalis,Passerellidae,6303,Yes,Edge,Lower
2015-04-02,11.0,MP,troglodytes,hiemalis,Troglodytidae,474,No,Forest,Lower
2015-04-02,11.0,CHI,Junco,hyemalis,Passerellidae,6303,Yes,Edge,Lower
2015-04-02,11.0,MP,Catharus,guttatus,Turdidae,3729,Yes,Forest,Lower
2015-04-03,12.0,CHI,Passerella,iliaca,Passerellidae,2443,Yes,Edge,Lower
2015-04-03,12.0,MP,Junco,hyemalis,Passerellidae,6303,Yes,Edge,Lower
2015-04-03,12.0,CHI,Junco,hyemalis,Passerellidae,6303,Yes,Edge,Lower
2015-04-03,12.0,MP,Catharus,guttatus,Turdidae,3729,Yes,Forest,Lower
2015-04-03,12.0,CHI,Regulus,satrapa,Regulidae,1029,Yes,Forest,Upper
2015-04-04,12.0,CHI,Melospiza,melodia,Passerellidae,5124,Yes,Edge,Lower
2015-04-05,13.0,CHI,Passerella,iliaca,Passerellidae,2443,Yes,Edge,Lower
2015-04-05,13.0,CHI,Junco,hyemalis,Passerellidae,6303,Yes,Edge,Lower
2015-04-05,13.0,MP,Catharus,guttatus,Turdidae,3729,Yes,Forest,Lower
2015-04-05,13.0,CHI,Junco,hyemalis,Passerellidae,6303,Yes,Edge,Lower
2015-04-06,12.0,CHI,Catharus,guttatus,Turdidae,3729,Yes,Forest,Lower
2015-04-06,12.0,MP,Melospiza,melodia,Passerellidae,5124,Yes,Edge,Lower
2015-04-06,12.0,MP,Junco,hyemalis,Passerellidae,6303,Yes,Edge,Lower
2015-04-08,10.0,CHI,Junco,hyemalis,Passerellidae,6303,Yes,Edge,Lower
2015-04-08,10.0,CHI,Junco,hyemalis,Passerellidae,6303,Yes,Edge,Lower
2015-04-09,7.0,CHI,Catharus,guttatus,Turdidae,3729,Yes,Forest,Lower
2015-04-09,7.0,MP,Catharus,guttatus,Turdidae,3729,Yes,Forest,Lower
2015-04-10,10.0,CHI,Catharus,guttatus,Turdidae,3729,Yes,Forest,Lower
2015-04-10,10.0,CHI,Catharus,guttatus,Turdidae,3729,Yes,Forest,Lower
2015-04-10,10.0,CHI,Catharus,guttatus,Turdidae,3729,Yes,Forest,Lower
2015-04-10,10.0,MP,Spizelloides,arborea,Passerellidae,1262,Yes,Edge,Lower
2015-04-10,10.0,CHI,Toxostoma,rufum,Mimidae,166,No,Edge,Lower
2015-04-10,10.0,MP,Passerella,iliaca,Passerellidae,2443,Yes,Edge,Lower
2015-04-10,10.0,MP,Junco,hyemalis,Passerellidae,6303,Yes,Edge,Lower
2015-04-10,10.0,CHI,Regulus,satrapa,Regulidae,1029,Yes,Forest,Upper
2015-04-10,10.0,CHI,Junco,hyemalis,Passerellidae,6303,Yes,Edge,Lower
2015-04-11,10.0,CHI,Junco,hyemalis,Passerellidae,6303,Yes,Edge,Lower
2015-04-11,10.0,CHI,Junco,hyemalis,Passerellidae,6303,Yes,Edge,Lower
2015-04-11,10.0,CHI,Junco,hyemalis,Passerellidae,6303,Yes,Edge,Lower
2015-04-11,10.0,CHI,Junco,hyemalis,Passerellidae,6303,Yes,Edge,Lower
2015-04-11,10.0,CHI,Junco,hyemalis,Passerellidae,6303,Yes,Edge,Lower
2015-04-11,10.0,MP,Junco,hyemalis,Passerellidae,6303,Yes,Edge,Lower
2015-04-12,10.0,CHI,Catharus,guttatus,Turdidae,3729,Yes,Forest,Lower
2015-04-12,10.0,CHI,Regulus,satrapa,Regulidae,1029,Yes,Forest,Upper
2015-04-12,10.0,CHI,Passerella,iliaca,Passerellidae,2443,Yes,Edge,Lower
2015-04-12,10.0,CHI,Junco,hyemalis,Passerellidae,6303,Yes,Edge,Lower
2015-04-12,10.0,CHI,Catharus,guttatus,Turdidae,3729,Yes,Forest,Lower
2015-04-12,10.0,MP,Junco,hyemalis,Passerellidae,6303,Yes,Edge,Lower
2015-04-12,10.0,CHI,Junco,hyemalis,Passerellidae,6303,Yes,Edge,Lower
2015-04-12,10.0,CHI,Junco,hyemalis,Passerellidae,6303,Yes,Edge,Lower
2015-04-12,10.0,CHI,Regulus,satrapa,Regulidae,1029,Yes,Forest,Upper
2015-04-12,10.0,CHI,Catharus,guttatus,Turdidae,3729,Yes,Forest,Lower
2015-04-12,10.0,CHI,Junco,hyemalis,Passerellidae,6303,Yes,Edge,Lower
2015-04-12,10.0,CHI,Setophaga,pinus,Parulidae,49,Yes,Forest,Upper
2015-04-13,9.0,CHI,Junco,hyemalis,Passerellidae,6303,Yes,Edge,Lower
2015-04-13,9.0,MP,Catharus,guttatus,Turdidae,3729,Yes,Forest,Lower
2015-04-13,9.0,CHI,Passerella,iliaca,Passerellidae,2443,Yes,Edge,Lower
2015-04-13,9.0,MP,Junco,hyemalis,Passerellidae,6303,Yes,Edge,Lower
2015-04-13,9.0,CHI,Zonotrichia,albicollis,Passerellidae,10133,Yes,Forest,Lower
2015-04-13,9.0,MP,Catharus,guttatus,Turdidae,3729,Yes,Forest,Lower
2015-04-13,9.0,CHI,Junco,hyemalis,Passerellidae,6303,Yes,Edge,Lower
2015-04-13,9.0,MP,Zonotrichia,albicollis,Passerellidae,10133,Yes,Forest,Lower
2015-04-14,9.0,CHI,Regulus,satrapa,Regulidae,1029,Yes,Forest,Upper
2015-04-14,9.0,CHI,Catharus,guttatus,Turdidae,3729,Yes,Forest,Lower
2015-04-15,9.0,CHI,Regulus,calendula,Regulidae,416,No,Forest,Upper
2015-04-15,9.0,CHI,Junco,hyemalis,Passerellidae,6303,Yes,Edge,Lower
2015-04-15,9.0,CHI,Junco,hyemalis,Passerellidae,6303,Yes,Edge,Lower
2015-04-15,9.0,CHI,Regulus,satrapa,Regulidae,1029,Yes,Forest,Upper
2015-04-15,9.0,CHI,Toxostoma,rufum,Mimidae,166,No,Edge,Lower
2015-04-15,9.0,CHI,Junco,hyemalis,Passerellidae,6303,Yes,Edge,Lower
2015-04-15,9.0,CHI,Junco,hyemalis,Passerellidae,6303,Yes,Edge,Lower
2015-04-16,14.0,CHI,Catharus,guttatus,Turdidae,3729,Yes,Forest,Lower
2015-04-17,12.0,CHI,Catharus,guttatus,Turdidae,3729,Yes,Forest,Lower
2015-04-17,12.0,CHI,Catharus,guttatus,Turdidae,3729,Yes,Forest,Lower
2015-04-17,12.0,CHI,Spizella,passerina,Passerellidae,68,Yes,Edge,Lower
2015-04-17,12.0,CHI,Catharus,guttatus,Turdidae,3729,Yes,Forest,Lower
2015-04-17,12.0,CHI,Catharus,guttatus,Turdidae,3729,Yes,Forest,Lower
2015-04-17,12.0,MP,Catharus,guttatus,Turdidae,3729,Yes,Forest,Lower
2015-04-17,12.0,CHI,Catharus,guttatus,Turdidae,3729,Yes,Forest,Lower
2015-04-17,12.0,CHI,Regulus,calendula,Regulidae,416,No,Forest,Upper
2015-04-17,12.0,CHI,Catharus,guttatus,Turdidae,3729,Yes,Forest,Lower
2015-04-17,12.0,CHI,Zonotrichia,albicollis,Passerellidae,10133,Yes,Forest,Lower
2015-04-17,12.0,CHI,Catharus,guttatus,Turdidae,3729,Yes,Forest,Lower
2015-04-17,12.0,CHI,Toxostoma,rufum,Mimidae,166,No,Edge,Lower
2015-04-18,12.0,CHI,Zonotrichia,albicollis,Passerellidae,10133,Yes,Forest,Lower
2015-04-18,12.0,CHI,Regulus,calendula,Regulidae,416,No,Forest,Upper
2015-04-18,12.0,CHI,Catharus,guttatus,Turdidae,3729,Yes,Forest,Lower
2015-04-18,12.0,CHI,Catharus,guttatus,Turdidae,3729,Yes,Forest,Lower
2015-04-18,12.0,CHI,Catharus,guttatus,Turdidae,3729,Yes,Forest,Lower
2015-04-18,12.0,CHI,Catharus,guttatus,Turdidae,3729,Yes,Forest,Lower
2015-04-18,12.0,CHI,Catharus,guttatus,Turdidae,3729,Yes,Forest,Lower
2015-04-18,12.0,CHI,Zonotrichia,albicollis,Passerellidae,10133,Yes,Forest,Lower
2015-04-18,12.0,CHI,Catharus,guttatus,Turdidae,3729,Yes,Forest,Lower
2015-04-18,12.0,CHI,Catharus,guttatus,Turdidae,3729,Yes,Forest,Lower
2015-04-18,12.0,CHI,Regulus,satrapa,Regulidae,1029,Yes,Forest,Upper
2015-04-18,12.0,CHI,Catharus,guttatus,Turdidae,3729,Yes,Forest,Lower
2015-04-18,12.0,CHI,Zonotrichia,albicollis,Passerellidae,10133,Yes,Forest,Lower
2015-04-18,12.0,CHI,Catharus,guttatus,Turdidae,3729,Yes,Forest,Lower
2015-04-18,12.0,CHI,troglodytes,hiemalis,Troglodytidae,474,No,Forest,Lower
2015-04-18,12.0,CHI,troglodytes,hiemalis,Troglodytidae,474,No,Forest,Lower
2015-04-18,12.0,CHI,Catharus,guttatus,Turdidae,3729,Yes,Forest,Lower
2015-04-18,12.0,CHI,Catharus,guttatus,Turdidae,3729,Yes,Forest,Lower
2015-04-18,12.0,MP,Catharus,guttatus,Turdidae,3729,Yes,Forest,Lower
2015-04-18,12.0,CHI,troglodytes,hiemalis,Troglodytidae,474,No,Forest,Lower
2015-04-18,12.0,CHI,Zonotrichia,albicollis,Passerellidae,10133,Yes,Forest,Lower
2015-04-18,12.0,CHI,Catharus,guttatus,Turdidae,3729,Yes,Forest,Lower
2015-04-18,12.0,CHI,Catharus,guttatus,Turdidae,3729,Yes,Forest,Lower
2015-04-18,12.0,CHI,Toxostoma,rufum,Mimidae,166,No,Edge,Lower
2015-04-18,12.0,CHI,Catharus,guttatus,Turdidae,3729,Yes,Forest,Lower
2015-04-18,12.0,CHI,Catharus,guttatus,Turdidae,3729,Yes,Forest,Lower
2015-04-18,12.0,CHI,Catharus,guttatus,Turdidae,3729,Yes,Forest,Lower
2015-04-18,12.0,CHI,Catharus,guttatus,Turdidae,3729,Yes,Forest,Lower
2015-04-18,12.0,CHI,Catharus,guttatus,Turdidae,3729,Yes,Forest,Lower
2015-04-18,12.0,CHI,Catharus,guttatus,Turdidae,3729,Yes,Forest,Lower
2015-04-18,12.0,CHI,Catharus,guttatus,Turdidae,3729,Yes,Forest,Lower
2015-04-18,12.0,CHI,Zonotrichia,albicollis,Passerellidae,10133,Yes,Forest,Lower
2015-04-18,12.0,CHI,Catharus,guttatus,Turdidae,3729,Yes,Forest,Lower
2015-04-18,12.0,CHI,Catharus,guttatus,Turdidae,3729,Yes,Forest,Lower
2015-04-18,12.0,CHI,Catharus,guttatus,Turdidae,3729,Yes,Forest,Lower
2015-04-18,12.0,CHI,Catharus,guttatus,Turdidae,3729,Yes,Forest,Lower
2015-04-18,12.0,CHI,Catharus,guttatus,Turdidae,3729,Yes,Forest,Lower
2015-04-18,12.0,CHI,Catharus,guttatus,Turdidae,3729,Yes,Forest,Lower
2015-04-18,12.0,CHI,Catharus,guttatus,Turdidae,3729,Yes,Forest,Lower
2015-04-18,12.0,CHI,Junco,hyemalis,Passerellidae,6303,Yes,Edge,Lower
2015-04-19,11.0,CHI,Catharus,guttatus,Turdidae,3729,Yes,Forest,Lower
2015-04-19,11.0,CHI,Catharus,guttatus,Turdidae,3729,Yes,Forest,Lower
2015-04-19,11.0,CHI,Catharus,guttatus,Turdidae,3729,Yes,Forest,Lower
2015-04-19,11.0,CHI,Zonotrichia,albicollis,Passerellidae,10133,Yes,Forest,Lower
2015-04-19,11.0,CHI,Catharus,guttatus,Turdidae,3729,Yes,Forest,Lower
2015-04-19,11.0,CHI,Junco,hyemalis,Passerellidae,6303,Yes,Edge,Lower
2015-04-19,11.0,CHI,Zonotrichia,albicollis,Passerellidae,10133,Yes,Forest,Lower
2015-04-19,11.0,CHI,Pipilo,erythrophthalmus,Passerellidae,82,Rare,Edge,Lower
2015-04-19,11.0,CHI,Toxostoma,rufum,Mimidae,166,No,Edge,Lower
2015-04-19,11.0,CHI,Troglodytes,aedon,Troglodytidae,104,No,Edge,Lower
2015-04-19,11.0,CHI,Junco,hyemalis,Passerellidae,6303,Yes,Edge,Lower
2015-04-21,7.0,CHI,Zonotrichia,albicollis,Passerellidae,10133,Yes,Forest,Lower
2015-04-22,5.0,CHI,Zonotrichia,albicollis,Passerellidae,10133,Yes,Forest,Lower
2015-04-23,5.0,CHI,Zonotrichia,albicollis,Passerellidae,10133,Yes,Forest,Lower
2015-04-23,5.0,CHI,Zonotrichia,albicollis,Passerellidae,10133,Yes,Forest,Lower
2015-04-25,5.0,CHI,Zonotrichia,albicollis,Passerellidae,10133,Yes,Forest,Lower
2015-04-25,5.0,CHI,Zonotrichia,albicollis,Passerellidae,10133,Yes,Forest,Lower
2015-04-25,5.0,CHI,Zonotrichia,albicollis,Passerellidae,10133,Yes,Forest,Lower
2015-04-25,5.0,CHI,Zonotrichia,albicollis,Passerellidae,10133,Yes,Forest,Lower
2015-04-25,5.0,CHI,Regulus,calendula,Regulidae,416,No,Forest,Upper
2015-04-25,5.0,CHI,Zonotrichia,albicollis,Passerellidae,10133,Yes,Forest,Lower
2015-04-25,5.0,CHI,Zonotrichia,albicollis,Passerellidae,10133,Yes,Forest,Lower
2015-04-25,5.0,CHI,Zonotrichia,albicollis,Passerellidae,10133,Yes,Forest,Lower
2015-04-25,5.0,CHI,Zonotrichia,albicollis,Passerellidae,10133,Yes,Forest,Lower
2015-04-26,6.0,CHI,Zonotrichia,albicollis,Passerellidae,10133,Yes,Forest,Lower
2015-04-26,6.0,CHI,Catharus,guttatus,Turdidae,3729,Yes,Forest,Lower
2015-04-26,6.0,CHI,Zonotrichia,albicollis,Passerellidae,10133,Yes,Forest,Lower
2015-04-26,6.0,CHI,Zonotrichia,albicollis,Passerellidae,10133,Yes,Forest,Lower
2015-04-26,6.0,CHI,Zonotrichia,albicollis,Passerellidae,10133,Yes,Forest,Lower
2015-04-26,6.0,CHI,Zonotrichia,albicollis,Passerellidae,10133,Yes,Forest,Lower
2015-04-26,6.0,CHI,Setophaga,pinus,Parulidae,49,Yes,Forest,Upper
2015-04-26,6.0,CHI,Zonotrichia,albicollis,Passerellidae,10133,Yes,Forest,Lower
2015-04-26,6.0,CHI,Catharus,guttatus,Turdidae,3729,Yes,Forest,Lower
2015-04-28,3.0,CHI,Catharus,guttatus,Turdidae,3729,Yes,Forest,Lower
2015-04-28,3.0,CHI,Zonotrichia,albicollis,Passerellidae,10133,Yes,Forest,Lower
2015-04-28,3.0,CHI,Catharus,guttatus,Turdidae,3729,Yes,Forest,Lower
2015-04-29,3.0,CHI,Regulus,calendula,Regulidae,416,No,Forest,Upper
2015-04-29,3.0,CHI,Zonotrichia,albicollis,Passerellidae,10133,Yes,Forest,Lower
2015-04-29,3.0,CHI,Zonotrichia,albicollis,Passerellidae,10133,Yes,Forest,Lower
2015-04-29,3.0,CHI,Catharus,guttatus,Turdidae,3729,Yes,Forest,Lower
2015-04-29,3.0,CHI,Setophaga,coronata,Parulidae,887,yes,forest,Upper
2015-04-29,3.0,CHI,Zonotrichia,albicollis,Passerellidae,10133,Yes,Forest,Lower
2015-04-29,3.0,CHI,Regulus,calendula,Regulidae,416,No,Forest,Upper
2015-04-29,3.0,CHI,Melospiza,melodia,Passerellidae,5124,Yes,Edge,Lower
2015-04-29,3.0,CHI,Regulus,calendula,Regulidae,416,No,Forest,Upper
2015-04-29,3.0,CHI,Catharus,guttatus,Turdidae,3729,Yes,Forest,Lower
2015-04-29,3.0,CHI,Catharus,guttatus,Turdidae,3729,Yes,Forest,Lower
2015-04-29,3.0,CHI,Catharus,guttatus,Turdidae,3729,Yes,Forest,Lower
2015-04-30,3.0,MP,Parkesia,noveboracensis,Parulidae,916,Yes,Forest,Lower
2015-04-30,3.0,CHI,Parkesia,noveboracensis,Parulidae,916,Yes,Forest,Lower
2015-05-04,6.0,CHI,Setophaga,americana,Parulidae,59,Yes,Forest,Upper
2015-05-04,6.0,CHI,Seiurus,aurocapilla,Parulidae,4580,Yes,Forest,Lower
2015-05-04,6.0,CHI,Zonotrichia,albicollis,Passerellidae,10133,Yes,Forest,Lower
2015-05-04,6.0,CHI,Zonotrichia,albicollis,Passerellidae,10133,Yes,Forest,Lower
2015-05-04,6.0,CHI,Zonotrichia,albicollis,Passerellidae,10133,Yes,Forest,Lower
2015-05-04,6.0,CHI,Zonotrichia,albicollis,Passerellidae,10133,Yes,Forest,Lower
2015-05-04,6.0,CHI,Seiurus,aurocapilla,Parulidae,4580,Yes,Forest,Lower
2015-05-04,6.0,CHI,Zonotrichia,albicollis,Passerellidae,10133,Yes,Forest,Lower
2015-05-04,6.0,CHI,Zonotrichia,albicollis,Passerellidae,10133,Yes,Forest,Lower
2015-05-04,6.0,CHI,Zonotrichia,albicollis,Passerellidae,10133,Yes,Forest,Lower
2015-05-04,6.0,CHI,Zonotrichia,albicollis,Passerellidae,10133,Yes,Forest,Lower
2015-05-04,6.0,CHI,Zonotrichia,albicollis,Passerellidae,10133,Yes,Forest,Lower
2015-05-04,6.0,CHI,Seiurus,aurocapilla,Parulidae,4580,Yes,Forest,Lower
2015-05-04,6.0,CHI,Zonotrichia,albicollis,Passerellidae,10133,Yes,Forest,Lower
2015-05-04,6.0,CHI,Seiurus,aurocapilla,Parulidae,4580,Yes,Forest,Lower
2015-05-04,6.0,CHI,Oreothlypis,ruficapilla,Parulidae,1690,Yes,Forest,Upper
2015-05-04,6.0,CHI,Hylocichla,mustelina,Turdidae,500,Yes,Forest,Lower
2015-05-04,6.0,CHI,catharus,ustulatus,Turdidae,2331,Yes,Forest,Lower
2015-05-04,6.0,CHI,Toxostoma,rufum,Mimidae,166,No,Edge,Lower
2015-05-04,6.0,MP,dumetella,carolinensis,Mimidae,599,no,edge,Lower
2015-05-04,6.0,MP,dumetella,carolinensis,Mimidae,599,no,edge,Lower
2015-05-04,6.0,CHI,Seiurus,aurocapilla,Parulidae,4580,Yes,Forest,Lower
2015-05-04,6.0,MP,Catharus,minimus,Turdidae,822,Yes,Forest,Lower
2015-05-04,6.0,CHI,Seiurus,aurocapilla,Parulidae,4580,Yes,Forest,Lower
2015-05-04,6.0,CHI,Seiurus,aurocapilla,Parulidae,4580,Yes,Forest,Lower
2015-05-04,6.0,CHI,Zonotrichia,albicollis,Passerellidae,10133,Yes,Forest,Lower
2015-05-04,6.0,MP,Seiurus,aurocapilla,Parulidae,4580,Yes,Forest,Lower
2015-05-04,6.0,CHI,Seiurus,aurocapilla,Parulidae,4580,Yes,Forest,Lower
2015-05-04,6.0,MP,cistothorus,palustris,Troglodytidae,91,No,Open,Lower
2015-05-04,6.0,CHI,Zonotrichia,albicollis,Passerellidae,10133,Yes,Forest,Lower
2015-05-04,6.0,CHI,Zonotrichia,albicollis,Passerellidae,10133,Yes,Forest,Lower
2015-05-04,6.0,CHI,Zonotrichia,albicollis,Passerellidae,10133,Yes,Forest,Lower
2015-05-04,6.0,CHI,Piranga,olivacea,Cardinalidae,127,Yes,Forest,Upper
2015-05-04,6.0,CHI,Seiurus,aurocapilla,Parulidae,4580,Yes,Forest,Lower
2015-05-04,6.0,CHI,Seiurus,aurocapilla,Parulidae,4580,Yes,Forest,Lower
2015-05-04,6.0,CHI,Melospiza,lincolnii,Passerellidae,2029,yes,edge,Lower
2015-05-04,6.0,MP,Catharus,fuscescens,Turdidae,727,Yes,Forest,Lower
2015-05-04,6.0,CHI,Seiurus,aurocapilla,Parulidae,4580,Yes,Forest,Lower
2015-05-04,6.0,CHI,Seiurus,aurocapilla,Parulidae,4580,Yes,Forest,Lower
2015-05-04,6.0,CHI,Zonotrichia,albicollis,Passerellidae,10133,Yes,Forest,Lower
2015-05-04,6.0,CHI,Seiurus,aurocapilla,Parulidae,4580,Yes,Forest,Lower
2015-05-04,6.0,CHI,Zonotrichia,leucophrys,Passerellidae,1090,Yes,Edge,Lower
2015-05-04,6.0,CHI,Zonotrichia,leucophrys,Passerellidae,1090,Yes,Edge,Lower
2015-05-04,6.0,CHI,Parkesia,noveboracensis,Parulidae,916,Yes,Forest,Lower
2015-05-04,6.0,CHI,Catharus,guttatus,Turdidae,3729,Yes,Forest,Lower
2015-05-04,6.0,CHI,Parkesia,noveboracensis,Parulidae,916,Yes,Forest,Lower
2015-05-04,6.0,CHI,Pheucticus,ludovicianus,Cardinalidae,397,Yes,Forest,Upper
2015-05-04,6.0,CHI,Hylocichla,mustelina,Turdidae,500,Yes,Forest,Lower
2015-05-04,6.0,CHI,Geothlypis,formosa,Parulidae,16,Yes,Forest,Lower
2015-05-04,6.0,CHI,Seiurus,aurocapilla,Parulidae,4580,Yes,Forest,Lower
2015-05-04,6.0,CHI,Zonotrichia,albicollis,Passerellidae,10133,Yes,Forest,Lower
2015-05-04,6.0,CHI,Zonotrichia,albicollis,Passerellidae,10133,Yes,Forest,Lower
2015-05-04,6.0,CHI,Icterus,galbula,Icteridae,83,Yes,Edge,Upper
2015-05-04,6.0,CHI,Zonotrichia,albicollis,Passerellidae,10133,Yes,Forest,Lower
2015-05-04,6.0,CHI,Zonotrichia,albicollis,Passerellidae,10133,Yes,Forest,Lower
2015-05-04,6.0,CHI,Passerina,cyanea,Cardinalidae,725,yes,edge,Upper
2015-05-04,6.0,CHI,Seiurus,aurocapilla,Parulidae,4580,Yes,Forest,Lower
2015-05-04,6.0,CHI,Zonotrichia,albicollis,Passerellidae,10133,Yes,Forest,Lower
2015-05-04,6.0,CHI,Zonotrichia,albicollis,Passerellidae,10133,Yes,Forest,Lower
2015-05-04,6.0,CHI,Seiurus,aurocapilla,Parulidae,4580,Yes,Forest,Lower
2015-05-05,6.0,CHI,Zonotrichia,albicollis,Passerellidae,10133,Yes,Forest,Lower
2015-05-05,6.0,CHI,Seiurus,aurocapilla,Parulidae,4580,Yes,Forest,Lower
2015-05-05,6.0,CHI,Seiurus,aurocapilla,Parulidae,4580,Yes,Forest,Lower
2015-05-05,6.0,CHI,Seiurus,aurocapilla,Parulidae,4580,Yes,Forest,Lower
2015-05-05,6.0,CHI,Seiurus,aurocapilla,Parulidae,4580,Yes,Forest,Lower
2015-05-05,6.0,CHI,catharus,ustulatus,Turdidae,2331,Yes,Forest,Lower
2015-05-05,6.0,CHI,Troglodytes,aedon,Troglodytidae,104,No,Edge,Lower
2015-05-05,6.0,CHI,Zonotrichia,albicollis,Passerellidae,10133,Yes,Forest,Lower
2015-05-05,6.0,CHI,Zonotrichia,albicollis,Passerellidae,10133,Yes,Forest,Lower
2015-05-05,6.0,CHI,Toxostoma,rufum,Mimidae,166,No,Edge,Lower
2015-05-05,6.0,CHI,Hylocichla,mustelina,Turdidae,500,Yes,Forest,Lower
2015-05-05,6.0,CHI,Geothlypis,trichas,Parulidae,1555,Yes,Open,Lower
2015-05-05,6.0,CHI,Zonotrichia,albicollis,Passerellidae,10133,Yes,Forest,Lower
2015-05-05,6.0,CHI,Zonotrichia,albicollis,Passerellidae,10133,Yes,Forest,Lower
2015-05-05,6.0,CHI,Zonotrichia,albicollis,Passerellidae,10133,Yes,Forest,Lower
2015-05-06,6.0,CHI,Melospiza,lincolnii,Passerellidae,2029,yes,edge,Lower
2015-05-06,6.0,CHI,Zonotrichia,albicollis,Passerellidae,10133,Yes,Forest,Lower
2015-05-06,6.0,CHI,Zonotrichia,albicollis,Passerellidae,10133,Yes,Forest,Lower
2015-05-06,6.0,CHI,Zonotrichia,albicollis,Passerellidae,10133,Yes,Forest,Lower
2015-05-06,6.0,CHI,Zonotrichia,albicollis,Passerellidae,10133,Yes,Forest,Lower
2015-05-06,6.0,CHI,Zonotrichia,albicollis,Passerellidae,10133,Yes,Forest,Lower
2015-05-06,6.0,CHI,Zonotrichia,albicollis,Passerellidae,10133,Yes,Forest,Lower
2015-05-06,6.0,CHI,Zonotrichia,albicollis,Passerellidae,10133,Yes,Forest,Lower
2015-05-06,6.0,CHI,Zonotrichia,albicollis,Passerellidae,10133,Yes,Forest,Lower
2015-05-06,6.0,CHI,Zonotrichia,albicollis,Passerellidae,10133,Yes,Forest,Lower
2015-05-06,6.0,CHI,Zonotrichia,albicollis,Passerellidae,10133,Yes,Forest,Lower
2015-05-06,6.0,CHI,Pheucticus,ludovicianus,Cardinalidae,397,Yes,Forest,Upper
2015-05-06,6.0,CHI,Pheucticus,ludovicianus,Cardinalidae,397,Yes,Forest,Upper
2015-05-06,6.0,CHI,Seiurus,aurocapilla,Parulidae,4580,Yes,Forest,Lower
2015-05-06,6.0,CHI,Zonotrichia,albicollis,Passerellidae,10133,Yes,Forest,Lower
2015-05-06,6.0,CHI,Zonotrichia,albicollis,Passerellidae,10133,Yes,Forest,Lower
2015-05-06,6.0,CHI,Passerina,cyanea,Cardinalidae,725,yes,edge,Upper
2015-05-06,6.0,CHI,Geothlypis,trichas,Parulidae,1555,Yes,Open,Lower
2015-05-06,6.0,CHI,Zonotrichia,albicollis,Passerellidae,10133,Yes,Forest,Lower
2015-05-08,6.0,CHI,Zonotrichia,albicollis,Passerellidae,10133,Yes,Forest,Lower
2015-05-08,6.0,CHI,Seiurus,aurocapilla,Parulidae,4580,Yes,Forest,Lower
2015-05-08,6.0,MP,Seiurus,aurocapilla,Parulidae,4580,Yes,Forest,Lower
2015-05-08,6.0,MP,Geothlypis,trichas,Parulidae,1555,Yes,Open,Lower
2015-05-08,6.0,CHI,Pheucticus,ludovicianus,Cardinalidae,397,Yes,Forest,Upper
2015-05-08,6.0,CHI,Setophaga,castanea,Parulidae,287,Yes,Forest,Upper
2015-05-08,6.0,CHI,Icterus,galbula,Icteridae,83,Yes,Edge,Upper
2015-05-08,6.0,CHI,Oreothlypis,ruficapilla,Parulidae,1690,Yes,Forest,Upper
2015-05-08,6.0,CHI,Zonotrichia,albicollis,Passerellidae,10133,Yes,Forest,Lower
2015-05-08,6.0,CHI,Pheucticus,ludovicianus,Cardinalidae,397,Yes,Forest,Upper
2015-05-08,6.0,CHI,dumetella,carolinensis,Mimidae,599,no,edge,Lower
2015-05-08,6.0,CHI,Seiurus,aurocapilla,Parulidae,4580,Yes,Forest,Lower
2015-05-08,6.0,CHI,Seiurus,aurocapilla,Parulidae,4580,Yes,Forest,Lower
2015-05-08,6.0,CHI,Icterus,galbula,Icteridae,83,Yes,Edge,Upper
2015-05-08,6.0,CHI,Seiurus,aurocapilla,Parulidae,4580,Yes,Forest,Lower
2015-05-08,6.0,CHI,Catharus,minimus,Turdidae,822,Yes,Forest,Lower
2015-05-08,6.0,CHI,Seiurus,aurocapilla,Parulidae,4580,Yes,Forest,Lower
2015-05-08,6.0,CHI,Geothlypis,formosa,Parulidae,16,Yes,Forest,Lower
2015-05-08,6.0,CHI,Catharus,fuscescens,Turdidae,727,Yes,Forest,Lower
2015-05-08,6.0,MP,Catharus,fuscescens,Turdidae,727,Yes,Forest,Lower
2015-05-08,6.0,CHI,Catharus,fuscescens,Turdidae,727,Yes,Forest,Lower
2015-05-08,6.0,CHI,Catharus,fuscescens,Turdidae,727,Yes,Forest,Lower
2015-05-08,6.0,CHI,Geothlypis,trichas,Parulidae,1555,Yes,Open,Lower
2015-05-08,6.0,CHI,Zonotrichia,albicollis,Passerellidae,10133,Yes,Forest,Lower
2015-05-08,6.0,MP,Piranga,olivacea,Cardinalidae,127,Yes,Forest,Upper
2015-05-08,6.0,CHI,Zonotrichia,albicollis,Passerellidae,10133,Yes,Forest,Lower
2015-05-08,6.0,CHI,Oreothlypis,celata,Parulidae,227,Yes,Edge,Lower
2015-05-10,3.0,CHI,Seiurus,aurocapilla,Parulidae,4580,Yes,Forest,Lower
2015-05-10,3.0,CHI,Passerina,cyanea,Cardinalidae,725,yes,edge,Upper
2015-05-10,3.0,CHI,Seiurus,aurocapilla,Parulidae,4580,Yes,Forest,Lower
2015-05-10,3.0,CHI,Setophaga,fusca,Parulidae,201,Yes,Forest,Upper
2015-05-11,3.0,CHI,Pheucticus,ludovicianus,Cardinalidae,397,Yes,Forest,Upper
2015-05-11,3.0,CHI,Zonotrichia,albicollis,Passerellidae,10133,Yes,Forest,Lower
2015-05-11,3.0,CHI,Seiurus,aurocapilla,Parulidae,4580,Yes,Forest,Lower
2015-05-11,3.0,CHI,Seiurus,aurocapilla,Parulidae,4580,Yes,Forest,Lower
2015-05-11,3.0,CHI,Seiurus,aurocapilla,Parulidae,4580,Yes,Forest,Lower
2015-05-11,3.0,CHI,Seiurus,aurocapilla,Parulidae,4580,Yes,Forest,Lower
2015-05-11,3.0,MP,Melospiza,lincolnii,Passerellidae,2029,yes,edge,Lower
2015-05-11,3.0,CHI,Oreothlypis,ruficapilla,Parulidae,1690,Yes,Forest,Upper
2015-05-11,3.0,CHI,Oreothlypis,ruficapilla,Parulidae,1690,Yes,Forest,Upper
2015-05-11,3.0,CHI,Setophaga,pensylvanica,Parulidae,303,Yes,Edge,Upper
2015-05-11,3.0,CHI,Seiurus,aurocapilla,Parulidae,4580,Yes,Forest,Lower
2015-05-11,3.0,CHI,Seiurus,aurocapilla,Parulidae,4580,Yes,Forest,Lower
2015-05-11,3.0,CHI,Setophaga,pensylvanica,Parulidae,303,Yes,Edge,Upper
2015-05-11,3.0,CHI,Seiurus,aurocapilla,Parulidae,4580,Yes,Forest,Lower
2015-05-11,3.0,CHI,Toxostoma,rufum,Mimidae,166,No,Edge,Lower
2015-05-11,3.0,CHI,Seiurus,aurocapilla,Parulidae,4580,Yes,Forest,Lower
2015-05-11,3.0,CHI,Piranga,olivacea,Cardinalidae,127,Yes,Forest,Upper
2015-05-11,3.0,CHI,Seiurus,aurocapilla,Parulidae,4580,Yes,Forest,Lower
2015-05-11,3.0,CHI,Seiurus,aurocapilla,Parulidae,4580,Yes,Forest,Lower
2015-05-11,3.0,CHI,Catharus,minimus,Turdidae,822,Yes,Forest,Lower
2015-05-11,3.0,CHI,Seiurus,aurocapilla,Parulidae,4580,Yes,Forest,Lower
2015-05-11,3.0,CHI,Vireo,olivaceus,Vireonidae,133,No,Forest,Upper
2015-05-11,3.0,CHI,Setophaga,magnolia,Parulidae,1224,yes,forest,Upper
2015-05-11,3.0,CHI,Oreothlypis,peregrina,Parulidae,2515,Yes,Edge,Upper
2015-05-11,3.0,CHI,Icterus,galbula,Icteridae,83,Yes,Edge,Upper
2015-05-11,3.0,CHI,Seiurus,aurocapilla,Parulidae,4580,Yes,Forest,Lower
2015-05-11,3.0,CHI,Oreothlypis,peregrina,Parulidae,2515,Yes,Edge,Upper
2015-05-11,3.0,CHI,Parkesia,noveboracensis,Parulidae,916,Yes,Forest,Lower
2015-05-11,3.0,CHI,Seiurus,aurocapilla,Parulidae,4580,Yes,Forest,Lower
2015-05-11,3.0,CHI,Mniotilta,varia,Parulidae,620,Yes,Forest,Upper
2015-05-11,3.0,CHI,Mniotilta,varia,Parulidae,620,Yes,Forest,Upper
2015-05-11,3.0,MP,setophaga,ruticilla,Parulidae,868,Yes,Edge,Upper
2015-05-12,9.0,CHI,catharus,ustulatus,Turdidae,2331,Yes,Forest,Lower
2015-05-12,9.0,CHI,Zonotrichia,albicollis,Passerellidae,10133,Yes,Forest,Lower
2015-05-12,9.0,CHI,Setophaga,pensylvanica,Parulidae,303,Yes,Edge,Upper
2015-05-12,9.0,MP,Melospiza,lincolnii,Passerellidae,2029,yes,edge,Lower
2015-05-12,9.0,CHI,Vireo,olivaceus,Vireonidae,133,No,Forest,Upper
2015-05-12,9.0,CHI,Pheucticus,ludovicianus,Cardinalidae,397,Yes,Forest,Upper
2015-05-12,9.0,CHI,Zonotrichia,albicollis,Passerellidae,10133,Yes,Forest,Lower
2015-05-12,9.0,MP,Passerina,cyanea,Cardinalidae,725,yes,edge,Upper
2015-05-12,9.0,CHI,Zonotrichia,albicollis,Passerellidae,10133,Yes,Forest,Lower
2015-05-12,9.0,CHI,Zonotrichia,albicollis,Passerellidae,10133,Yes,Forest,Lower
2015-05-12,9.0,CHI,Zonotrichia,albicollis,Passerellidae,10133,Yes,Forest,Lower
2015-05-12,9.0,MP,Geothlypis,trichas,Parulidae,1555,Yes,Open,Lower
2015-05-12,9.0,CHI,catharus,ustulatus,Turdidae,2331,Yes,Forest,Lower
2015-05-12,9.0,MP,Zonotrichia,albicollis,Passerellidae,10133,Yes,Forest,Lower
2015-05-12,9.0,CHI,Troglodytes,aedon,Troglodytidae,104,No,Edge,Lower
2015-05-12,9.0,CHI,Passerina,cyanea,Cardinalidae,725,yes,edge,Upper
2015-05-12,9.0,MP,Oreothlypis,peregrina,Parulidae,2515,Yes,Edge,Upper
2015-05-12,9.0,CHI,Seiurus,aurocapilla,Parulidae,4580,Yes,Forest,Lower
2015-05-12,9.0,CHI,Seiurus,aurocapilla,Parulidae,4580,Yes,Forest,Lower
2015-05-12,9.0,MP,Parkesia,noveboracensis,Parulidae,916,Yes,Forest,Lower
2015-05-12,9.0,CHI,Seiurus,aurocapilla,Parulidae,4580,Yes,Forest,Lower
2015-05-12,9.0,MP,Zonotrichia,leucophrys,Passerellidae,1090,Yes,Edge,Lower
2015-05-12,9.0,CHI,Seiurus,aurocapilla,Parulidae,4580,Yes,Forest,Lower
2015-05-12,9.0,CHI,Setophaga,virens,Parulidae,223,Yes,Forest,Upper
2015-05-12,9.0,MP,Seiurus,aurocapilla,Parulidae,4580,Yes,Forest,Lower
2015-05-12,9.0,MP,Zonotrichia,leucophrys,Passerellidae,1090,Yes,Edge,Lower
2015-05-12,9.0,CHI,Seiurus,aurocapilla,Parulidae,4580,Yes,Forest,Lower
2015-05-12,9.0,CHI,Vermivora,chrysoptera,Parulidae,53,Yes,Edge,Upper
2015-05-12,9.0,CHI,Setophaga,palmarum,Parulidae,694,Yes,Edge,Lower
2015-05-12,9.0,CHI,Seiurus,aurocapilla,Parulidae,4580,Yes,Forest,Lower
2015-05-12,9.0,MP,dumetella,carolinensis,Mimidae,599,no,edge,Lower
2015-05-12,9.0,CHI,Icterus,galbula,Icteridae,83,Yes,Edge,Upper
2015-05-12,9.0,MP,Seiurus,aurocapilla,Parulidae,4580,Yes,Forest,Lower
2015-05-12,9.0,MP,Setophaga,magnolia,Parulidae,1224,yes,forest,Upper
2015-05-12,9.0,CHI,Seiurus,aurocapilla,Parulidae,4580,Yes,Forest,Lower
2015-05-12,9.0,CHI,Hylocichla,mustelina,Turdidae,500,Yes,Forest,Lower
2015-05-12,9.0,MP,Ammodramus,savannarum,Passerellidae,106,Yes,Open,Lower
2015-05-12,9.0,CHI,Seiurus,aurocapilla,Parulidae,4580,Yes,Forest,Lower
2015-05-12,9.0,CHI,Seiurus,aurocapilla,Parulidae,4580,Yes,Forest,Lower
2015-05-12,9.0,CHI,Oreothlypis,peregrina,Parulidae,2515,Yes,Edge,Upper
2015-05-12,9.0,CHI,Oreothlypis,peregrina,Parulidae,2515,Yes,Edge,Upper
2015-05-12,9.0,CHI,Oreothlypis,peregrina,Parulidae,2515,Yes,Edge,Upper
2015-05-12,9.0,CHI,Seiurus,aurocapilla,Parulidae,4580,Yes,Forest,Lower
2015-05-12,9.0,CHI,Empidonax,flaviventris,Tyrannidae,68,No,Forest,Upper
2015-05-12,9.0,CHI,Geothlypis,trichas,Parulidae,1555,Yes,Open,Lower
2015-05-13,10.0,CHI,Hylocichla,mustelina,Turdidae,500,Yes,Forest,Lower
2015-05-13,10.0,CHI,Catharus,fuscescens,Turdidae,727,Yes,Forest,Lower
2015-05-13,10.0,CHI,Piranga,olivacea,Cardinalidae,127,Yes,Forest,Upper
2015-05-13,10.0,CHI,Oreothlypis,peregrina,Parulidae,2515,Yes,Edge,Upper
2015-05-13,10.0,CHI,Seiurus,aurocapilla,Parulidae,4580,Yes,Forest,Lower
2015-05-13,10.0,CHI,Oreothlypis,peregrina,Parulidae,2515,Yes,Edge,Upper
2015-05-13,10.0,CHI,Zonotrichia,albicollis,Passerellidae,10133,Yes,Forest,Lower
2015-05-13,10.0,CHI,Junco,hyemalis,Passerellidae,6303,Yes,Edge,Lower
2015-05-13,10.0,CHI,Setophaga,virens,Parulidae,223,Yes,Forest,Upper
2015-05-14,10.0,CHI,Mniotilta,varia,Parulidae,620,Yes,Forest,Upper
2015-05-14,10.0,CHI,Seiurus,aurocapilla,Parulidae,4580,Yes,Forest,Lower
2015-05-14,10.0,CHI,Oreothlypis,peregrina,Parulidae,2515,Yes,Edge,Upper
2015-05-14,10.0,CHI,Passerina,cyanea,Cardinalidae,725,yes,edge,Upper
2015-05-14,10.0,CHI,Parkesia,noveboracensis,Parulidae,916,Yes,Forest,Lower
2015-05-14,10.0,CHI,Hylocichla,mustelina,Turdidae,500,Yes,Forest,Lower
2015-05-14,10.0,CHI,Hylocichla,mustelina,Turdidae,500,Yes,Forest,Lower
2015-05-14,10.0,CHI,Vermivora,chrysoptera,Parulidae,53,Yes,Edge,Upper
2015-05-14,10.0,CHI,setophaga,ruticilla,Parulidae,868,Yes,Edge,Upper
2015-05-14,10.0,CHI,Zonotrichia,albicollis,Passerellidae,10133,Yes,Forest,Lower
2015-05-14,10.0,CHI,Seiurus,aurocapilla,Parulidae,4580,Yes,Forest,Lower
2015-05-15,10.0,CHI,Geothlypis,trichas,Parulidae,1555,Yes,Open,Lower
2015-05-15,10.0,MP,Geothlypis,trichas,Parulidae,1555,Yes,Open,Lower
2015-05-15,10.0,CHI,catharus,ustulatus,Turdidae,2331,Yes,Forest,Lower
2015-05-15,10.0,CHI,Oreothlypis,peregrina,Parulidae,2515,Yes,Edge,Upper
2015-05-15,10.0,MP,Melospiza,lincolnii,Passerellidae,2029,yes,edge,Lower
2015-05-15,10.0,CHI,Oreothlypis,peregrina,Parulidae,2515,Yes,Edge,Upper
2015-05-15,10.0,CHI,Icterus,galbula,Icteridae,83,Yes,Edge,Upper
2015-05-15,10.0,CHI,Seiurus,aurocapilla,Parulidae,4580,Yes,Forest,Lower
2015-05-15,10.0,MP,Melospiza,lincolnii,Passerellidae,2029,yes,edge,Lower
2015-05-15,10.0,CHI,dumetella,carolinensis,Mimidae,599,no,edge,Lower
2015-05-15,10.0,MP,dumetella,carolinensis,Mimidae,599,no,edge,Lower
2015-05-15,10.0,MP,dumetella,carolinensis,Mimidae,599,no,edge,Lower
2015-05-15,10.0,CHI,Contopus,virens,Tyrannidae,70,No,Forest,Upper
2015-05-15,10.0,CHI,Seiurus,aurocapilla,Parulidae,4580,Yes,Forest,Lower
2015-05-15,10.0,CHI,Seiurus,aurocapilla,Parulidae,4580,Yes,Forest,Lower
2015-05-15,10.0,MP,Melospiza,lincolnii,Passerellidae,2029,yes,edge,Lower
2015-05-15,10.0,CHI,Seiurus,aurocapilla,Parulidae,4580,Yes,Forest,Lower
2015-05-15,10.0,CHI,Seiurus,aurocapilla,Parulidae,4580,Yes,Forest,Lower
2015-05-15,10.0,CHI,Setophaga,coronata,Parulidae,887,yes,forest,Upper
2015-05-15,10.0,CHI,Setophaga,magnolia,Parulidae,1224,yes,forest,Upper
2015-05-15,10.0,CHI,Setophaga,magnolia,Parulidae,1224,yes,forest,Upper
2015-05-15,10.0,MP,Setophaga,magnolia,Parulidae,1224,yes,forest,Upper
2015-05-15,10.0,CHI,Setophaga,magnolia,Parulidae,1224,yes,forest,Upper
2015-05-15,10.0,CHI,Setophaga,magnolia,Parulidae,1224,yes,forest,Upper
2015-05-15,10.0,CHI,Seiurus,aurocapilla,Parulidae,4580,Yes,Forest,Lower
2015-05-15,10.0,CHI,setophaga,ruticilla,Parulidae,868,Yes,Edge,Upper
2015-05-15,10.0,CHI,dumetella,carolinensis,Mimidae,599,no,edge,Lower
2015-05-15,10.0,CHI,Vireo,olivaceus,Vireonidae,133,No,Forest,Upper
2015-05-15,10.0,CHI,Catharus,minimus,Turdidae,822,Yes,Forest,Lower
2015-05-15,10.0,CHI,Catharus,fuscescens,Turdidae,727,Yes,Forest,Lower
2015-05-15,10.0,MP,Oreothlypis,ruficapilla,Parulidae,1690,Yes,Forest,Upper
2015-05-15,10.0,CHI,Catharus,fuscescens,Turdidae,727,Yes,Forest,Lower
2015-05-15,10.0,CHI,Oreothlypis,ruficapilla,Parulidae,1690,Yes,Forest,Upper
2015-05-15,10.0,CHI,Piranga,olivacea,Cardinalidae,127,Yes,Forest,Upper
2015-05-15,10.0,CHI,Zonotrichia,albicollis,Passerellidae,10133,Yes,Forest,Lower
2015-05-15,10.0,CHI,Seiurus,aurocapilla,Parulidae,4580,Yes,Forest,Lower
2015-05-15,10.0,CHI,Seiurus,aurocapilla,Parulidae,4580,Yes,Forest,Lower
2015-05-15,10.0,CHI,Seiurus,aurocapilla,Parulidae,4580,Yes,Forest,Lower
2015-05-15,10.0,CHI,Seiurus,aurocapilla,Parulidae,4580,Yes,Forest,Lower
2015-05-15,10.0,CHI,Seiurus,aurocapilla,Parulidae,4580,Yes,Forest,Lower
2015-05-15,10.0,CHI,Zonotrichia,albicollis,Passerellidae,10133,Yes,Forest,Lower
2015-05-16,13.0,CHI,Seiurus,aurocapilla,Parulidae,4580,Yes,Forest,Lower
2015-05-16,13.0,CHI,Catharus,minimus,Turdidae,822,Yes,Forest,Lower
2015-05-16,13.0,CHI,Catharus,minimus,Turdidae,822,Yes,Forest,Lower
2015-05-16,13.0,MP,Geothlypis,trichas,Parulidae,1555,Yes,Open,Lower
2015-05-16,13.0,CHI,Seiurus,aurocapilla,Parulidae,4580,Yes,Forest,Lower
2015-05-16,13.0,CHI,Geothlypis,trichas,Parulidae,1555,Yes,Open,Lower
2015-05-16,13.0,CHI,Oreothlypis,ruficapilla,Parulidae,1690,Yes,Forest,Upper
2015-05-16,13.0,CHI,Empidonax,flaviventris,Tyrannidae,68,No,Forest,Upper
2015-05-16,13.0,MP,Melospiza,lincolnii,Passerellidae,2029,yes,edge,Lower
2015-05-16,13.0,CHI,Mniotilta,varia,Parulidae,620,Yes,Forest,Upper
2015-05-16,13.0,CHI,Oreothlypis,ruficapilla,Parulidae,1690,Yes,Forest,Upper
2015-05-16,13.0,CHI,Setophaga,virens,Parulidae,223,Yes,Forest,Upper
2015-05-16,13.0,MP,Catharus,fuscescens,Turdidae,727,Yes,Forest,Lower
2015-05-16,13.0,CHI,Empidonax,minimus,Tyrannidae,96,No,Edge,Upper
2015-05-16,13.0,MP,Melospiza,lincolnii,Passerellidae,2029,yes,edge,Lower
2015-05-16,13.0,MP,Melospiza,lincolnii,Passerellidae,2029,yes,edge,Lower
2015-05-16,13.0,CHI,Seiurus,aurocapilla,Parulidae,4580,Yes,Forest,Lower
2015-05-16,13.0,CHI,setophaga,ruticilla,Parulidae,868,Yes,Edge,Upper
2015-05-16,13.0,CHI,Piranga,olivacea,Cardinalidae,127,Yes,Forest,Upper
2015-05-16,13.0,CHI,Zonotrichia,albicollis,Passerellidae,10133,Yes,Forest,Lower
2015-05-16,13.0,CHI,Zonotrichia,albicollis,Passerellidae,10133,Yes,Forest,Lower
2015-05-16,13.0,CHI,Zonotrichia,albicollis,Passerellidae,10133,Yes,Forest,Lower
2015-05-16,13.0,CHI,Oreothlypis,peregrina,Parulidae,2515,Yes,Edge,Upper
2015-05-16,13.0,CHI,Seiurus,aurocapilla,Parulidae,4580,Yes,Forest,Lower
2015-05-16,13.0,CHI,Seiurus,aurocapilla,Parulidae,4580,Yes,Forest,Lower
2015-05-16,13.0,CHI,Seiurus,aurocapilla,Parulidae,4580,Yes,Forest,Lower
2015-05-16,13.0,CHI,Seiurus,aurocapilla,Parulidae,4580,Yes,Forest,Lower
2015-05-16,13.0,CHI,Zonotrichia,leucophrys,Passerellidae,1090,Yes,Edge,Lower
2015-05-16,13.0,CHI,Seiurus,aurocapilla,Parulidae,4580,Yes,Forest,Lower
2015-05-16,13.0,CHI,Seiurus,aurocapilla,Parulidae,4580,Yes,Forest,Lower
2015-05-16,13.0,CHI,Seiurus,aurocapilla,Parulidae,4580,Yes,Forest,Lower
2015-05-16,13.0,CHI,Seiurus,aurocapilla,Parulidae,4580,Yes,Forest,Lower
2015-05-16,13.0,CHI,Seiurus,aurocapilla,Parulidae,4580,Yes,Forest,Lower
2015-05-16,13.0,CHI,Seiurus,aurocapilla,Parulidae,4580,Yes,Forest,Lower
2015-05-16,13.0,CHI,Pheucticus,ludovicianus,Cardinalidae,397,Yes,Forest,Upper
2015-05-16,13.0,CHI,Pheucticus,ludovicianus,Cardinalidae,397,Yes,Forest,Upper
2015-05-16,13.0,MP,Seiurus,aurocapilla,Parulidae,4580,Yes,Forest,Lower
2015-05-16,13.0,CHI,Seiurus,aurocapilla,Parulidae,4580,Yes,Forest,Lower
2015-05-16,13.0,CHI,dumetella,carolinensis,Mimidae,599,no,edge,Lower
2015-05-16,13.0,CHI,dumetella,carolinensis,Mimidae,599,no,edge,Lower
2015-05-16,13.0,CHI,Piranga,olivacea,Cardinalidae,127,Yes,Forest,Upper
2015-05-16,13.0,MP,Melospiza,lincolnii,Passerellidae,2029,yes,edge,Lower
2015-05-16,13.0,CHI,Melospiza,lincolnii,Passerellidae,2029,yes,edge,Lower
2015-05-16,13.0,CHI,Seiurus,aurocapilla,Parulidae,4580,Yes,Forest,Lower
2015-05-16,13.0,CHI,catharus,ustulatus,Turdidae,2331,Yes,Forest,Lower
2015-05-16,13.0,CHI,setophaga,ruticilla,Parulidae,868,Yes,Edge,Upper
2015-05-16,13.0,CHI,Seiurus,aurocapilla,Parulidae,4580,Yes,Forest,Lower
2015-05-16,13.0,CHI,Setophaga,magnolia,Parulidae,1224,yes,forest,Upper
2015-05-16,13.0,CHI,Setophaga,magnolia,Parulidae,1224,yes,forest,Upper
2015-05-16,13.0,CHI,dumetella,carolinensis,Mimidae,599,no,edge,Lower
2015-05-16,13.0,MP,Zonotrichia,leucophrys,Passerellidae,1090,Yes,Edge,Lower
2015-05-16,13.0,CHI,Setophaga,magnolia,Parulidae,1224,yes,forest,Upper
2015-05-16,13.0,CHI,Setophaga,magnolia,Parulidae,1224,yes,forest,Upper
2015-05-16,13.0,CHI,Zonotrichia,albicollis,Passerellidae,10133,Yes,Forest,Lower
2015-05-16,13.0,CHI,dumetella,carolinensis,Mimidae,599,no,edge,Lower
2015-05-17,13.0,MP,Passerina,cyanea,Cardinalidae,725,yes,edge,Upper
2015-05-17,13.0,CHI,Passerina,cyanea,Cardinalidae,725,yes,edge,Upper
2015-05-17,13.0,CHI,Empidonax,minimus,Tyrannidae,96,No,Edge,Upper
2015-05-17,13.0,CHI,setophaga,ruticilla,Parulidae,868,Yes,Edge,Upper
2015-05-17,13.0,CHI,Setophaga,magnolia,Parulidae,1224,yes,forest,Upper
2015-05-17,13.0,CHI,Setophaga,pensylvanica,Parulidae,303,Yes,Edge,Upper
2015-05-17,13.0,CHI,Oreothlypis,peregrina,Parulidae,2515,Yes,Edge,Upper
2015-05-17,13.0,CHI,Zonotrichia,albicollis,Passerellidae,10133,Yes,Forest,Lower
2015-05-17,13.0,CHI,Oreothlypis,peregrina,Parulidae,2515,Yes,Edge,Upper
2015-05-17,13.0,CHI,Empidonax,flaviventris,Tyrannidae,68,No,Forest,Upper
2015-05-17,13.0,MP,Passerina,cyanea,Cardinalidae,725,yes,edge,Upper
2015-05-17,13.0,CHI,Hylocichla,mustelina,Turdidae,500,Yes,Forest,Lower
2015-05-17,13.0,MP,Catharus,fuscescens,Turdidae,727,Yes,Forest,Lower
2015-05-17,13.0,MP,Parkesia,noveboracensis,Parulidae,916,Yes,Forest,Lower
2015-05-17,13.0,CHI,Geothlypis,trichas,Parulidae,1555,Yes,Open,Lower
2015-05-17,13.0,CHI,Geothlypis,trichas,Parulidae,1555,Yes,Open,Lower
2015-05-17,13.0,CHI,Hylocichla,mustelina,Turdidae,500,Yes,Forest,Lower
2015-05-17,13.0,CHI,Geothlypis,trichas,Parulidae,1555,Yes,Open,Lower
2015-05-17,13.0,CHI,Seiurus,aurocapilla,Parulidae,4580,Yes,Forest,Lower
2015-05-17,13.0,CHI,Seiurus,aurocapilla,Parulidae,4580,Yes,Forest,Lower
2015-05-17,13.0,CHI,Parkesia,noveboracensis,Parulidae,916,Yes,Forest,Lower
2015-05-17,13.0,CHI,dumetella,carolinensis,Mimidae,599,no,edge,Lower
2015-05-17,13.0,CHI,Melospiza,lincolnii,Passerellidae,2029,yes,edge,Lower
2015-05-17,13.0,CHI,Seiurus,aurocapilla,Parulidae,4580,Yes,Forest,Lower
2015-05-17,13.0,CHI,Geothlypis,trichas,Parulidae,1555,Yes,Open,Lower
2015-05-17,13.0,CHI,Cardellina,canadensis,Parulidae,241,Yes,Forest,Lower
2015-05-18,13.0,CHI,Cardellina,canadensis,Parulidae,241,Yes,Forest,Lower
2015-05-18,13.0,MP,Setophaga,magnolia,Parulidae,1224,yes,forest,Upper
2015-05-18,13.0,CHI,Piranga,olivacea,Cardinalidae,127,Yes,Forest,Upper
2015-05-18,13.0,CHI,Setophaga,magnolia,Parulidae,1224,yes,forest,Upper
2015-05-18,13.0,CHI,Mniotilta,varia,Parulidae,620,Yes,Forest,Upper
2015-05-18,13.0,CHI,Empidonax,flaviventris,Tyrannidae,68,No,Forest,Upper
2015-05-18,13.0,CHI,Melospiza,lincolnii,Passerellidae,2029,yes,edge,Lower
2015-05-18,13.0,CHI,Parkesia,noveboracensis,Parulidae,916,Yes,Forest,Lower
2015-05-18,13.0,MP,Mniotilta,varia,Parulidae,620,Yes,Forest,Upper
2015-05-18,13.0,CHI,Mniotilta,varia,Parulidae,620,Yes,Forest,Upper
2015-05-18,13.0,CHI,catharus,ustulatus,Turdidae,2331,Yes,Forest,Lower
2015-05-18,13.0,CHI,Cardellina,canadensis,Parulidae,241,Yes,Forest,Lower
2015-05-18,13.0,MP,Catharus,minimus,Turdidae,822,Yes,Forest,Lower
2015-05-18,13.0,CHI,Catharus,minimus,Turdidae,822,Yes,Forest,Lower
2015-05-18,13.0,MP,Empidonax,minimus,Tyrannidae,96,No,Edge,Upper
2015-05-18,13.0,MP,Catharus,fuscescens,Turdidae,727,Yes,Forest,Lower
2015-05-18,13.0,MP,Catharus,fuscescens,Turdidae,727,Yes,Forest,Lower
2015-05-18,13.0,CHI,Catharus,fuscescens,Turdidae,727,Yes,Forest,Lower
2015-05-18,13.0,CHI,Geothlypis,trichas,Parulidae,1555,Yes,Open,Lower
2015-05-18,13.0,CHI,Geothlypis,trichas,Parulidae,1555,Yes,Open,Lower
2015-05-18,13.0,CHI,Geothlypis,trichas,Parulidae,1555,Yes,Open,Lower
2015-05-18,13.0,CHI,Pipilo,erythrophthalmus,Passerellidae,82,Rare,Edge,Lower
2015-05-18,13.0,CHI,Oreothlypis,peregrina,Parulidae,2515,Yes,Edge,Upper
2015-05-18,13.0,CHI,Geothlypis,trichas,Parulidae,1555,Yes,Open,Lower
2015-05-18,13.0,CHI,Setophaga,pensylvanica,Parulidae,303,Yes,Edge,Upper
2015-05-18,13.0,CHI,Setophaga,castanea,Parulidae,287,Yes,Forest,Upper
2015-05-18,13.0,CHI,Oreothlypis,peregrina,Parulidae,2515,Yes,Edge,Upper
2015-05-18,13.0,CHI,dumetella,carolinensis,Mimidae,599,no,edge,Lower
2015-05-18,13.0,CHI,Seiurus,aurocapilla,Parulidae,4580,Yes,Forest,Lower
2015-05-18,13.0,CHI,Passerina,cyanea,Cardinalidae,725,yes,edge,Upper
2015-05-18,13.0,CHI,Vermivora,chrysoptera,Parulidae,53,Yes,Edge,Upper
2015-05-18,13.0,CHI,Passerina,cyanea,Cardinalidae,725,yes,edge,Upper
2015-05-18,13.0,CHI,Empidonax,minimus,Tyrannidae,96,No,Edge,Upper
2015-05-18,13.0,MP,Catharus,minimus,Turdidae,822,Yes,Forest,Lower
2015-05-18,13.0,CHI,Seiurus,aurocapilla,Parulidae,4580,Yes,Forest,Lower
2015-05-18,13.0,CHI,cistothorus,palustris,Troglodytidae,91,No,Open,Lower
2015-05-18,13.0,CHI,Seiurus,aurocapilla,Parulidae,4580,Yes,Forest,Lower
2015-05-19,13.0,CHI,Zonotrichia,albicollis,Passerellidae,10133,Yes,Forest,Lower
2015-05-19,13.0,CHI,Seiurus,aurocapilla,Parulidae,4580,Yes,Forest,Lower
2015-05-19,13.0,MP,Seiurus,aurocapilla,Parulidae,4580,Yes,Forest,Lower
2015-05-19,13.0,MP,Setophaga,fusca,Parulidae,201,Yes,Forest,Upper
2015-05-19,13.0,CHI,Cardellina,canadensis,Parulidae,241,Yes,Forest,Lower
2015-05-19,13.0,CHI,Geothlypis,trichas,Parulidae,1555,Yes,Open,Lower
2015-05-19,13.0,CHI,Hylocichla,mustelina,Turdidae,500,Yes,Forest,Lower
2015-05-20,13.0,CHI,Geothlypis,trichas,Parulidae,1555,Yes,Open,Lower
2015-05-20,13.0,CHI,Cardellina,canadensis,Parulidae,241,Yes,Forest,Lower
2015-05-20,13.0,CHI,Cardellina,canadensis,Parulidae,241,Yes,Forest,Lower
2015-05-20,13.0,CHI,Seiurus,aurocapilla,Parulidae,4580,Yes,Forest,Lower
2015-05-20,13.0,CHI,setophaga,ruticilla,Parulidae,868,Yes,Edge,Upper
2015-05-20,13.0,CHI,Seiurus,aurocapilla,Parulidae,4580,Yes,Forest,Lower
2015-05-20,13.0,CHI,setophaga,ruticilla,Parulidae,868,Yes,Edge,Upper
2015-05-21,13.0,CHI,Setophaga,pensylvanica,Parulidae,303,Yes,Edge,Upper
2015-05-21,13.0,CHI,Seiurus,aurocapilla,Parulidae,4580,Yes,Forest,Lower
2015-05-22,13.0,CHI,Passerina,cyanea,Cardinalidae,725,yes,edge,Upper
2015-05-22,13.0,CHI,Setophaga,castanea,Parulidae,287,Yes,Forest,Upper
2015-05-22,13.0,CHI,Melospiza,lincolnii,Passerellidae,2029,yes,edge,Lower
2015-05-22,13.0,CHI,Mniotilta,varia,Parulidae,620,Yes,Forest,Upper
2015-05-22,13.0,CHI,Catharus,minimus,Turdidae,822,Yes,Forest,Lower
2015-05-22,13.0,CHI,Tyrannus,tyrannus,Tyrannidae,4,Rare,Open,Upper
2015-05-22,13.0,CHI,Seiurus,aurocapilla,Parulidae,4580,Yes,Forest,Lower
2015-05-22,13.0,CHI,dumetella,carolinensis,Mimidae,599,no,edge,Lower
2015-05-22,13.0,CHI,Setophaga,magnolia,Parulidae,1224,yes,forest,Upper
2015-05-22,13.0,CHI,Regulus,calendula,Regulidae,416,No,Forest,Upper
2015-05-22,13.0,CHI,Setophaga,magnolia,Parulidae,1224,yes,forest,Upper
2015-05-22,13.0,CHI,Seiurus,aurocapilla,Parulidae,4580,Yes,Forest,Lower
2015-05-22,13.0,CHI,Seiurus,aurocapilla,Parulidae,4580,Yes,Forest,Lower
2015-05-22,13.0,CHI,Geothlypis,trichas,Parulidae,1555,Yes,Open,Lower
2015-05-22,13.0,CHI,Setophaga,pensylvanica,Parulidae,303,Yes,Edge,Upper
2015-05-22,13.0,CHI,Geothlypis,trichas,Parulidae,1555,Yes,Open,Lower
2015-05-22,13.0,CHI,Setophaga,magnolia,Parulidae,1224,yes,forest,Upper
2015-05-22,13.0,CHI,catharus,ustulatus,Turdidae,2331,Yes,Forest,Lower
2015-05-23,13.0,CHI,Seiurus,aurocapilla,Parulidae,4580,Yes,Forest,Lower
2015-05-23,13.0,CHI,Mniotilta,varia,Parulidae,620,Yes,Forest,Upper
2015-05-23,13.0,CHI,Setophaga,magnolia,Parulidae,1224,yes,forest,Upper
2015-05-23,13.0,CHI,dumetella,carolinensis,Mimidae,599,no,edge,Lower
2015-05-23,13.0,CHI,dumetella,carolinensis,Mimidae,599,no,edge,Lower
2015-05-23,13.0,CHI,Vireo,olivaceus,Vireonidae,133,No,Forest,Upper
2015-05-23,13.0,CHI,catharus,ustulatus,Turdidae,2331,Yes,Forest,Lower
2015-05-24,6.0,CHI,Setophaga,magnolia,Parulidae,1224,yes,forest,Upper
2015-05-24,6.0,CHI,Seiurus,aurocapilla,Parulidae,4580,Yes,Forest,Lower
2015-05-24,6.0,CHI,Setophaga,pensylvanica,Parulidae,303,Yes,Edge,Upper
2015-05-24,6.0,MP,geothlypis,philadelphia,Parulidae,430,Yes,Edge,Lower
2015-05-24,6.0,CHI,Setophaga,fusca,Parulidae,201,Yes,Forest,Upper
2015-05-24,6.0,CHI,Empidonax,flaviventris,Tyrannidae,68,No,Forest,Upper
2015-05-24,6.0,CHI,Empidonax,flaviventris,Tyrannidae,68,No,Forest,Upper
2015-05-24,6.0,CHI,Seiurus,aurocapilla,Parulidae,4580,Yes,Forest,Lower
2015-05-24,6.0,CHI,setophaga,ruticilla,Parulidae,868,Yes,Edge,Upper
2015-05-25,6.0,CHI,Setophaga,pensylvanica,Parulidae,303,Yes,Edge,Upper
2015-05-25,6.0,CHI,Setophaga,magnolia,Parulidae,1224,yes,forest,Upper
2015-05-25,6.0,CHI,Cardellina,canadensis,Parulidae,241,Yes,Forest,Lower
2015-05-25,6.0,MP,Passerina,cyanea,Cardinalidae,725,yes,edge,Upper
2015-05-25,6.0,CHI,Passerina,cyanea,Cardinalidae,725,yes,edge,Upper
2015-05-25,6.0,CHI,catharus,ustulatus,Turdidae,2331,Yes,Forest,Lower
2015-05-25,6.0,MP,Melospiza,lincolnii,Passerellidae,2029,yes,edge,Lower
2015-05-25,6.0,MP,Melospiza,melodia,Passerellidae,5124,Yes,Edge,Lower
2015-05-26,4.0,CHI,setophaga,ruticilla,Parulidae,868,Yes,Edge,Upper
2015-05-26,4.0,CHI,setophaga,ruticilla,Parulidae,868,Yes,Edge,Upper
2015-05-26,4.0,CHI,Oreothlypis,peregrina,Parulidae,2515,Yes,Edge,Upper
2015-05-27,6.0,CHI,Seiurus,aurocapilla,Parulidae,4580,Yes,Forest,Lower
2015-05-27,6.0,CHI,setophaga,ruticilla,Parulidae,868,Yes,Edge,Upper
2015-05-27,6.0,CHI,Empidonax,flaviventris,Tyrannidae,68,No,Forest,Upper
2015-05-27,6.0,CHI,dumetella,carolinensis,Mimidae,599,no,edge,Lower
2015-05-27,6.0,CHI,Contopus,virens,Tyrannidae,70,No,Forest,Upper
2015-05-28,6.0,CHI,Geothlypis,trichas,Parulidae,1555,Yes,Open,Lower
2015-05-29,5.0,CHI,Vireo,olivaceus,Vireonidae,133,No,Forest,Upper
2015-05-29,5.0,CHI,Geothlypis,trichas,Parulidae,1555,Yes,Open,Lower
2015-05-29,5.0,CHI,Geothlypis,trichas,Parulidae,1555,Yes,Open,Lower
2015-08-17,3.0,CHI,Oreothlypis,peregrina,Parulidae,2515,Yes,Edge,Upper
2015-08-17,3.0,MP,Geothlypis,trichas,Parulidae,1555,Yes,Open,Lower
2015-08-17,3.0,CHI,geothlypis,philadelphia,Parulidae,430,Yes,Edge,Lower
2015-08-18,3.0,CHI,Cardellina,canadensis,Parulidae,241,Yes,Forest,Lower
2015-08-19,3.0,CHI,Oreothlypis,peregrina,Parulidae,2515,Yes,Edge,Upper
2015-08-20,3.0,MP,Seiurus,aurocapilla,Parulidae,4580,Yes,Forest,Lower
2015-08-20,3.0,CHI,setophaga,ruticilla,Parulidae,868,Yes,Edge,Upper
2015-08-20,3.0,CHI,Parkesia,noveboracensis,Parulidae,916,Yes,Forest,Lower
2015-08-20,3.0,CHI,Setophaga,fusca,Parulidae,201,Yes,Forest,Upper
2015-08-21,4.0,CHI,Setophaga,fusca,Parulidae,201,Yes,Forest,Upper
2015-08-21,4.0,CHI,Oreothlypis,peregrina,Parulidae,2515,Yes,Edge,Upper
2015-08-21,4.0,CHI,Oreothlypis,peregrina,Parulidae,2515,Yes,Edge,Upper
2015-08-21,4.0,CHI,Cardellina,canadensis,Parulidae,241,Yes,Forest,Lower
2015-08-21,4.0,CHI,Oreothlypis,peregrina,Parulidae,2515,Yes,Edge,Upper
2015-08-21,4.0,CHI,Oreothlypis,peregrina,Parulidae,2515,Yes,Edge,Upper
2015-08-21,4.0,CHI,Oreothlypis,peregrina,Parulidae,2515,Yes,Edge,Upper
2015-08-21,4.0,CHI,Oreothlypis,peregrina,Parulidae,2515,Yes,Edge,Upper
2015-08-21,4.0,CHI,Oreothlypis,peregrina,Parulidae,2515,Yes,Edge,Upper
2015-08-21,4.0,CHI,Oreothlypis,peregrina,Parulidae,2515,Yes,Edge,Upper
2015-08-21,4.0,CHI,Oreothlypis,peregrina,Parulidae,2515,Yes,Edge,Upper
2015-08-21,4.0,CHI,Oreothlypis,peregrina,Parulidae,2515,Yes,Edge,Upper
2015-08-21,4.0,CHI,Oreothlypis,peregrina,Parulidae,2515,Yes,Edge,Upper
2015-08-21,4.0,CHI,Oreothlypis,peregrina,Parulidae,2515,Yes,Edge,Upper
2015-08-21,4.0,CHI,Oreothlypis,peregrina,Parulidae,2515,Yes,Edge,Upper
2015-08-21,4.0,CHI,Oreothlypis,peregrina,Parulidae,2515,Yes,Edge,Upper
2015-08-21,4.0,CHI,Oreothlypis,peregrina,Parulidae,2515,Yes,Edge,Upper
2015-08-21,4.0,CHI,Oreothlypis,peregrina,Parulidae,2515,Yes,Edge,Upper
2015-08-21,4.0,CHI,Oreothlypis,peregrina,Parulidae,2515,Yes,Edge,Upper
2015-08-21,4.0,CHI,Oreothlypis,peregrina,Parulidae,2515,Yes,Edge,Upper
2015-08-21,4.0,CHI,Mniotilta,varia,Parulidae,620,Yes,Forest,Upper
2015-08-21,4.0,CHI,Mniotilta,varia,Parulidae,620,Yes,Forest,Upper
2015-08-21,4.0,CHI,Setophaga,fusca,Parulidae,201,Yes,Forest,Upper
2015-08-21,4.0,CHI,Setophaga,fusca,Parulidae,201,Yes,Forest,Upper
2015-08-21,4.0,CHI,Seiurus,aurocapilla,Parulidae,4580,Yes,Forest,Lower
2015-08-21,4.0,CHI,Seiurus,aurocapilla,Parulidae,4580,Yes,Forest,Lower
2015-08-21,4.0,CHI,Parkesia,noveboracensis,Parulidae,916,Yes,Forest,Lower
2015-08-21,4.0,CHI,Parkesia,noveboracensis,Parulidae,916,Yes,Forest,Lower
2015-08-21,4.0,CHI,Parkesia,noveboracensis,Parulidae,916,Yes,Forest,Lower
2015-08-21,4.0,CHI,Oreothlypis,peregrina,Parulidae,2515,Yes,Edge,Upper
2015-08-21,4.0,CHI,Setophaga,magnolia,Parulidae,1224,yes,forest,Upper
2015-08-21,4.0,CHI,Oreothlypis,peregrina,Parulidae,2515,Yes,Edge,Upper
2015-08-21,4.0,CHI,Oreothlypis,peregrina,Parulidae,2515,Yes,Edge,Upper
2015-08-21,4.0,CHI,Oreothlypis,peregrina,Parulidae,2515,Yes,Edge,Upper
2015-08-21,4.0,CHI,Setophaga,fusca,Parulidae,201,Yes,Forest,Upper
2015-08-21,4.0,CHI,Oreothlypis,peregrina,Parulidae,2515,Yes,Edge,Upper
2015-08-21,4.0,CHI,Oreothlypis,peregrina,Parulidae,2515,Yes,Edge,Upper
2015-08-21,4.0,CHI,Oreothlypis,peregrina,Parulidae,2515,Yes,Edge,Upper
2015-08-21,4.0,CHI,Setophaga,fusca,Parulidae,201,Yes,Forest,Upper
2015-08-21,4.0,CHI,Oreothlypis,peregrina,Parulidae,2515,Yes,Edge,Upper
2015-08-21,4.0,CHI,Oreothlypis,peregrina,Parulidae,2515,Yes,Edge,Upper
2015-08-21,4.0,CHI,Cardellina,canadensis,Parulidae,241,Yes,Forest,Lower
2015-08-21,4.0,CHI,Mniotilta,varia,Parulidae,620,Yes,Forest,Upper
2015-08-21,4.0,CHI,Mniotilta,varia,Parulidae,620,Yes,Forest,Upper
2015-08-21,4.0,CHI,Mniotilta,varia,Parulidae,620,Yes,Forest,Upper
2015-08-22,6.0,CHI,Setophaga,fusca,Parulidae,201,Yes,Forest,Upper
2015-08-22,6.0,CHI,Mniotilta,varia,Parulidae,620,Yes,Forest,Upper
2015-08-22,6.0,CHI,Oreothlypis,peregrina,Parulidae,2515,Yes,Edge,Upper
2015-08-22,6.0,CHI,Oreothlypis,peregrina,Parulidae,2515,Yes,Edge,Upper
2015-08-22,6.0,CHI,Seiurus,aurocapilla,Parulidae,4580,Yes,Forest,Lower
2015-08-22,6.0,CHI,Seiurus,aurocapilla,Parulidae,4580,Yes,Forest,Lower
2015-08-22,6.0,CHI,Oreothlypis,peregrina,Parulidae,2515,Yes,Edge,Upper
2015-08-22,6.0,CHI,Mniotilta,varia,Parulidae,620,Yes,Forest,Upper
2015-08-23,6.0,CHI,Catharus,fuscescens,Turdidae,727,Yes,Forest,Lower
2015-08-23,6.0,CHI,Setophaga,fusca,Parulidae,201,Yes,Forest,Upper
2015-08-23,6.0,CHI,Setophaga,pensylvanica,Parulidae,303,Yes,Edge,Upper
2015-08-23,6.0,CHI,Seiurus,aurocapilla,Parulidae,4580,Yes,Forest,Lower
2015-08-23,6.0,CHI,Oreothlypis,peregrina,Parulidae,2515,Yes,Edge,Upper
2015-08-24,6.0,CHI,setophaga,ruticilla,Parulidae,868,Yes,Edge,Upper
2015-08-24,6.0,CHI,Oreothlypis,peregrina,Parulidae,2515,Yes,Edge,Upper
2015-08-24,6.0,CHI,Oreothlypis,peregrina,Parulidae,2515,Yes,Edge,Upper
2015-08-24,6.0,CHI,setophaga,ruticilla,Parulidae,868,Yes,Edge,Upper
2015-08-24,6.0,CHI,Oreothlypis,peregrina,Parulidae,2515,Yes,Edge,Upper
2015-08-24,6.0,CHI,geothlypis,philadelphia,Parulidae,430,Yes,Edge,Lower
2015-08-24,6.0,CHI,Oreothlypis,peregrina,Parulidae,2515,Yes,Edge,Upper
2015-08-24,6.0,CHI,Oreothlypis,peregrina,Parulidae,2515,Yes,Edge,Upper
2015-08-24,6.0,CHI,Mniotilta,varia,Parulidae,620,Yes,Forest,Upper
2015-08-24,6.0,CHI,Oreothlypis,peregrina,Parulidae,2515,Yes,Edge,Upper
2015-08-24,6.0,CHI,Oreothlypis,peregrina,Parulidae,2515,Yes,Edge,Upper
2015-08-24,6.0,CHI,Cardellina,canadensis,Parulidae,241,Yes,Forest,Lower
2015-08-24,6.0,CHI,Oreothlypis,peregrina,Parulidae,2515,Yes,Edge,Upper
2015-08-24,6.0,CHI,Oreothlypis,peregrina,Parulidae,2515,Yes,Edge,Upper
2015-08-24,6.0,CHI,Mniotilta,varia,Parulidae,620,Yes,Forest,Upper
2015-08-24,6.0,CHI,Seiurus,aurocapilla,Parulidae,4580,Yes,Forest,Lower
2015-08-25,6.0,CHI,Pheucticus,ludovicianus,Cardinalidae,397,Yes,Forest,Upper
2015-08-25,6.0,CHI,Oreothlypis,peregrina,Parulidae,2515,Yes,Edge,Upper
2015-08-25,6.0,CHI,Oreothlypis,peregrina,Parulidae,2515,Yes,Edge,Upper
2015-08-25,6.0,CHI,Oreothlypis,peregrina,Parulidae,2515,Yes,Edge,Upper
2015-08-25,6.0,CHI,Oreothlypis,peregrina,Parulidae,2515,Yes,Edge,Upper
2015-08-25,6.0,CHI,Setophaga,fusca,Parulidae,201,Yes,Forest,Upper
2015-08-25,6.0,CHI,Oreothlypis,peregrina,Parulidae,2515,Yes,Edge,Upper
2015-08-25,6.0,CHI,Parkesia,noveboracensis,Parulidae,916,Yes,Forest,Lower
2015-08-25,6.0,CHI,Seiurus,aurocapilla,Parulidae,4580,Yes,Forest,Lower
2015-08-25,6.0,CHI,setophaga,ruticilla,Parulidae,868,Yes,Edge,Upper
2015-08-25,6.0,CHI,setophaga,ruticilla,Parulidae,868,Yes,Edge,Upper
2015-08-26,3.0,CHI,catharus,ustulatus,Turdidae,2331,Yes,Forest,Lower
2015-08-26,3.0,CHI,geothlypis,philadelphia,Parulidae,430,Yes,Edge,Lower
2015-08-26,3.0,CHI,Oreothlypis,peregrina,Parulidae,2515,Yes,Edge,Upper
2015-08-26,3.0,CHI,catharus,ustulatus,Turdidae,2331,Yes,Forest,Lower
2015-08-27,3.0,CHI,setophaga,ruticilla,Parulidae,868,Yes,Edge,Upper
2015-08-27,3.0,CHI,Seiurus,aurocapilla,Parulidae,4580,Yes,Forest,Lower
2015-08-27,3.0,CHI,setophaga,ruticilla,Parulidae,868,Yes,Edge,Upper
2015-08-27,3.0,CHI,Seiurus,aurocapilla,Parulidae,4580,Yes,Forest,Lower
2015-08-27,3.0,CHI,Setophaga,fusca,Parulidae,201,Yes,Forest,Upper
2015-08-27,3.0,CHI,Oreothlypis,peregrina,Parulidae,2515,Yes,Edge,Upper
2015-08-27,3.0,CHI,catharus,ustulatus,Turdidae,2331,Yes,Forest,Lower
2015-08-27,3.0,CHI,setophaga,ruticilla,Parulidae,868,Yes,Edge,Upper
2015-08-27,3.0,CHI,catharus,ustulatus,Turdidae,2331,Yes,Forest,Lower
2015-08-27,3.0,CHI,catharus,ustulatus,Turdidae,2331,Yes,Forest,Lower
2015-08-27,3.0,CHI,catharus,ustulatus,Turdidae,2331,Yes,Forest,Lower
2015-08-27,3.0,CHI,catharus,ustulatus,Turdidae,2331,Yes,Forest,Lower
2015-08-27,3.0,CHI,Oreothlypis,peregrina,Parulidae,2515,Yes,Edge,Upper
2015-08-27,3.0,CHI,setophaga,ruticilla,Parulidae,868,Yes,Edge,Upper
2015-08-27,3.0,CHI,Icterus,galbula,Icteridae,83,Yes,Edge,Upper
2015-08-27,3.0,CHI,Seiurus,aurocapilla,Parulidae,4580,Yes,Forest,Lower
2015-08-27,3.0,CHI,Seiurus,aurocapilla,Parulidae,4580,Yes,Forest,Lower
2015-08-27,3.0,CHI,Icterus,galbula,Icteridae,83,Yes,Edge,Upper
2015-08-27,3.0,CHI,Cardellina,canadensis,Parulidae,241,Yes,Forest,Lower
2015-08-27,3.0,CHI,Setophaga,magnolia,Parulidae,1224,yes,forest,Upper
2015-08-27,3.0,CHI,Seiurus,aurocapilla,Parulidae,4580,Yes,Forest,Lower
2015-08-27,3.0,CHI,Mniotilta,varia,Parulidae,620,Yes,Forest,Upper
2015-08-27,3.0,CHI,Seiurus,aurocapilla,Parulidae,4580,Yes,Forest,Lower
2015-08-27,3.0,CHI,Mniotilta,varia,Parulidae,620,Yes,Forest,Upper
2015-08-27,3.0,CHI,Seiurus,aurocapilla,Parulidae,4580,Yes,Forest,Lower
2015-08-27,3.0,CHI,Seiurus,aurocapilla,Parulidae,4580,Yes,Forest,Lower
2015-08-27,3.0,CHI,Mniotilta,varia,Parulidae,620,Yes,Forest,Upper
2015-08-27,3.0,CHI,geothlypis,philadelphia,Parulidae,430,Yes,Edge,Lower
2015-08-27,3.0,CHI,geothlypis,philadelphia,Parulidae,430,Yes,Edge,Lower
2015-08-27,3.0,CHI,Mniotilta,varia,Parulidae,620,Yes,Forest,Upper
2015-08-27,3.0,CHI,Mniotilta,varia,Parulidae,620,Yes,Forest,Upper
2015-08-27,3.0,CHI,Seiurus,aurocapilla,Parulidae,4580,Yes,Forest,Lower
2015-08-27,3.0,CHI,Seiurus,aurocapilla,Parulidae,4580,Yes,Forest,Lower
2015-08-27,3.0,CHI,Seiurus,aurocapilla,Parulidae,4580,Yes,Forest,Lower
2015-08-27,3.0,CHI,Seiurus,aurocapilla,Parulidae,4580,Yes,Forest,Lower
2015-08-27,3.0,CHI,Mniotilta,varia,Parulidae,620,Yes,Forest,Upper
2015-08-27,3.0,CHI,Seiurus,aurocapilla,Parulidae,4580,Yes,Forest,Lower
2015-08-28,3.0,CHI,Vermivora,chrysoptera,Parulidae,53,Yes,Edge,Upper
2015-08-28,3.0,CHI,Seiurus,aurocapilla,Parulidae,4580,Yes,Forest,Lower
2015-08-28,3.0,CHI,Seiurus,aurocapilla,Parulidae,4580,Yes,Forest,Lower
2015-08-28,3.0,CHI,Catharus,fuscescens,Turdidae,727,Yes,Forest,Lower
2015-08-28,3.0,CHI,setophaga,ruticilla,Parulidae,868,Yes,Edge,Upper
2015-08-29,3.0,MP,Catharus,fuscescens,Turdidae,727,Yes,Forest,Lower
2015-08-30,3.0,CHI,Oreothlypis,peregrina,Parulidae,2515,Yes,Edge,Upper
2015-08-30,3.0,CHI,Parkesia,noveboracensis,Parulidae,916,Yes,Forest,Lower
2015-08-30,3.0,CHI,Oreothlypis,peregrina,Parulidae,2515,Yes,Edge,Upper
2015-08-30,3.0,CHI,Oreothlypis,peregrina,Parulidae,2515,Yes,Edge,Upper
2015-08-30,3.0,CHI,Setophaga,pensylvanica,Parulidae,303,Yes,Edge,Upper
2015-08-31,3.0,CHI,Setophaga,magnolia,Parulidae,1224,yes,forest,Upper
2015-08-31,3.0,CHI,catharus,ustulatus,Turdidae,2331,Yes,Forest,Lower
2015-08-31,3.0,CHI,Seiurus,aurocapilla,Parulidae,4580,Yes,Forest,Lower
2015-08-31,3.0,CHI,catharus,ustulatus,Turdidae,2331,Yes,Forest,Lower
2015-08-31,3.0,CHI,catharus,ustulatus,Turdidae,2331,Yes,Forest,Lower
2015-08-31,3.0,CHI,Seiurus,aurocapilla,Parulidae,4580,Yes,Forest,Lower
2015-08-31,3.0,CHI,catharus,ustulatus,Turdidae,2331,Yes,Forest,Lower
2015-08-31,3.0,CHI,setophaga,ruticilla,Parulidae,868,Yes,Edge,Upper
2015-08-31,3.0,CHI,setophaga,ruticilla,Parulidae,868,Yes,Edge,Upper
2015-08-31,3.0,CHI,Catharus,fuscescens,Turdidae,727,Yes,Forest,Lower
2015-08-31,3.0,CHI,Oreothlypis,peregrina,Parulidae,2515,Yes,Edge,Upper
2015-08-31,3.0,CHI,Oreothlypis,peregrina,Parulidae,2515,Yes,Edge,Upper
2015-08-31,3.0,CHI,Oreothlypis,peregrina,Parulidae,2515,Yes,Edge,Upper
2015-08-31,3.0,CHI,Seiurus,aurocapilla,Parulidae,4580,Yes,Forest,Lower
2015-08-31,3.0,CHI,Seiurus,aurocapilla,Parulidae,4580,Yes,Forest,Lower
2015-08-31,3.0,CHI,Seiurus,aurocapilla,Parulidae,4580,Yes,Forest,Lower
2015-08-31,3.0,CHI,Setophaga,magnolia,Parulidae,1224,yes,forest,Upper
2015-08-31,3.0,CHI,Mniotilta,varia,Parulidae,620,Yes,Forest,Upper
2015-08-31,3.0,CHI,Empidonax,minimus,Tyrannidae,96,No,Edge,Upper
2015-09-01,3.0,CHI,Seiurus,aurocapilla,Parulidae,4580,Yes,Forest,Lower
2015-09-01,3.0,CHI,Seiurus,aurocapilla,Parulidae,4580,Yes,Forest,Lower
2015-09-01,3.0,MP,Catharus,fuscescens,Turdidae,727,Yes,Forest,Lower
2015-09-01,3.0,CHI,Empidonax,flaviventris,Tyrannidae,68,No,Forest,Upper
2015-09-01,3.0,CHI,Setophaga,magnolia,Parulidae,1224,yes,forest,Upper
2015-09-01,3.0,CHI,Catharus,fuscescens,Turdidae,727,Yes,Forest,Lower
2015-09-01,3.0,CHI,Cardellina,pusilla,Parulidae,185,Yes,Edge,Lower
2015-09-01,3.0,CHI,Oreothlypis,peregrina,Parulidae,2515,Yes,Edge,Upper
2015-09-01,3.0,CHI,catharus,ustulatus,Turdidae,2331,Yes,Forest,Lower
2015-09-01,3.0,CHI,Oreothlypis,peregrina,Parulidae,2515,Yes,Edge,Upper
2015-09-01,3.0,CHI,Oreothlypis,peregrina,Parulidae,2515,Yes,Edge,Upper
2015-09-01,3.0,CHI,Oreothlypis,peregrina,Parulidae,2515,Yes,Edge,Upper
2015-09-01,3.0,CHI,Oreothlypis,peregrina,Parulidae,2515,Yes,Edge,Upper
2015-09-01,3.0,CHI,catharus,ustulatus,Turdidae,2331,Yes,Forest,Lower
2015-09-02,3.0,CHI,Seiurus,aurocapilla,Parulidae,4580,Yes,Forest,Lower
2015-09-02,3.0,CHI,Seiurus,aurocapilla,Parulidae,4580,Yes,Forest,Lower
2015-09-02,3.0,CHI,setophaga,ruticilla,Parulidae,868,Yes,Edge,Upper
2015-09-02,3.0,CHI,setophaga,ruticilla,Parulidae,868,Yes,Edge,Upper
2015-09-02,3.0,CHI,setophaga,ruticilla,Parulidae,868,Yes,Edge,Upper
2015-09-02,3.0,CHI,Setophaga,magnolia,Parulidae,1224,yes,forest,Upper
2015-09-02,3.0,CHI,Setophaga,magnolia,Parulidae,1224,yes,forest,Upper
2015-09-02,3.0,CHI,Oreothlypis,peregrina,Parulidae,2515,Yes,Edge,Upper
2015-09-02,3.0,CHI,Oreothlypis,peregrina,Parulidae,2515,Yes,Edge,Upper
2015-09-02,3.0,CHI,Oreothlypis,peregrina,Parulidae,2515,Yes,Edge,Upper
2015-09-02,3.0,CHI,Oreothlypis,peregrina,Parulidae,2515,Yes,Edge,Upper
2015-09-02,3.0,CHI,catharus,ustulatus,Turdidae,2331,Yes,Forest,Lower
2015-09-02,3.0,CHI,Mniotilta,varia,Parulidae,620,Yes,Forest,Upper
2015-09-02,3.0,CHI,Seiurus,aurocapilla,Parulidae,4580,Yes,Forest,Lower
2015-09-02,3.0,CHI,Catharus,fuscescens,Turdidae,727,Yes,Forest,Lower
2015-09-02,3.0,CHI,Seiurus,aurocapilla,Parulidae,4580,Yes,Forest,Lower
2015-09-02,3.0,CHI,Catharus,fuscescens,Turdidae,727,Yes,Forest,Lower
2015-09-03,3.0,MP,Catharus,fuscescens,Turdidae,727,Yes,Forest,Lower
2015-09-03,3.0,CHI,Vermivora,chrysoptera,Parulidae,53,Yes,Edge,Upper
2015-09-03,3.0,CHI,Oreothlypis,peregrina,Parulidae,2515,Yes,Edge,Upper
2015-09-03,3.0,CHI,Oreothlypis,peregrina,Parulidae,2515,Yes,Edge,Upper
2015-09-03,3.0,CHI,Setophaga,pensylvanica,Parulidae,303,Yes,Edge,Upper
2015-09-03,3.0,CHI,Oreothlypis,peregrina,Parulidae,2515,Yes,Edge,Upper
2015-09-03,3.0,CHI,Oreothlypis,peregrina,Parulidae,2515,Yes,Edge,Upper
2015-09-03,3.0,CHI,Parkesia,noveboracensis,Parulidae,916,Yes,Forest,Lower
2015-09-03,3.0,CHI,Seiurus,aurocapilla,Parulidae,4580,Yes,Forest,Lower
2015-09-03,3.0,CHI,Oporornis,agilis,Parulidae,365,Yes,Forest,Lower
2015-09-03,3.0,CHI,setophaga,ruticilla,Parulidae,868,Yes,Edge,Upper
2015-09-03,3.0,CHI,setophaga,ruticilla,Parulidae,868,Yes,Edge,Upper
2015-09-03,3.0,CHI,setophaga,ruticilla,Parulidae,868,Yes,Edge,Upper
2015-09-03,3.0,CHI,setophaga,ruticilla,Parulidae,868,Yes,Edge,Upper
2015-09-03,3.0,CHI,Oreothlypis,peregrina,Parulidae,2515,Yes,Edge,Upper
2015-09-03,3.0,CHI,Vermivora,chrysoptera,Parulidae,53,Yes,Edge,Upper
2015-09-03,3.0,CHI,Geothlypis,trichas,Parulidae,1555,Yes,Open,Lower
2015-09-03,3.0,CHI,Parkesia,noveboracensis,Parulidae,916,Yes,Forest,Lower
2015-09-03,3.0,CHI,Parkesia,noveboracensis,Parulidae,916,Yes,Forest,Lower
2015-09-03,3.0,CHI,Catharus,fuscescens,Turdidae,727,Yes,Forest,Lower
2015-09-03,3.0,CHI,Catharus,fuscescens,Turdidae,727,Yes,Forest,Lower
2015-09-03,3.0,CHI,Mniotilta,varia,Parulidae,620,Yes,Forest,Upper
2015-09-03,3.0,CHI,Mniotilta,varia,Parulidae,620,Yes,Forest,Upper
2015-09-03,3.0,CHI,Mniotilta,varia,Parulidae,620,Yes,Forest,Upper
2015-09-03,3.0,CHI,Oreothlypis,peregrina,Parulidae,2515,Yes,Edge,Upper
2015-09-03,3.0,CHI,catharus,ustulatus,Turdidae,2331,Yes,Forest,Lower
2015-09-03,3.0,MP,catharus,ustulatus,Turdidae,2331,Yes,Forest,Lower
2015-09-03,3.0,CHI,Mniotilta,varia,Parulidae,620,Yes,Forest,Upper
2015-09-03,3.0,CHI,Mniotilta,varia,Parulidae,620,Yes,Forest,Upper
2015-09-03,3.0,CHI,Oreothlypis,peregrina,Parulidae,2515,Yes,Edge,Upper
2015-09-03,3.0,CHI,Oreothlypis,peregrina,Parulidae,2515,Yes,Edge,Upper
2015-09-03,3.0,CHI,Catharus,fuscescens,Turdidae,727,Yes,Forest,Lower
2015-09-03,3.0,CHI,Oreothlypis,peregrina,Parulidae,2515,Yes,Edge,Upper
2015-09-04,3.0,CHI,setophaga,ruticilla,Parulidae,868,Yes,Edge,Upper
2015-09-04,3.0,CHI,setophaga,ruticilla,Parulidae,868,Yes,Edge,Upper
2015-09-04,3.0,CHI,setophaga,ruticilla,Parulidae,868,Yes,Edge,Upper
2015-09-04,3.0,CHI,Seiurus,aurocapilla,Parulidae,4580,Yes,Forest,Lower
2015-09-04,3.0,CHI,Oreothlypis,peregrina,Parulidae,2515,Yes,Edge,Upper
2015-09-04,3.0,CHI,catharus,ustulatus,Turdidae,2331,Yes,Forest,Lower
2015-09-04,3.0,CHI,catharus,ustulatus,Turdidae,2331,Yes,Forest,Lower
2015-09-04,3.0,CHI,catharus,ustulatus,Turdidae,2331,Yes,Forest,Lower
2015-09-04,3.0,CHI,catharus,ustulatus,Turdidae,2331,Yes,Forest,Lower
2015-09-04,3.0,CHI,Geothlypis,trichas,Parulidae,1555,Yes,Open,Lower
2015-09-04,3.0,CHI,Vermivora,chrysoptera,Parulidae,53,Yes,Edge,Upper
2015-09-04,3.0,CHI,Cardellina,canadensis,Parulidae,241,Yes,Forest,Lower
2015-09-04,3.0,CHI,Setophaga,striata,Parulidae,787,Yes,Forest,Upper
2015-09-04,3.0,CHI,Oreothlypis,peregrina,Parulidae,2515,Yes,Edge,Upper
2015-09-04,3.0,CHI,Oreothlypis,peregrina,Parulidae,2515,Yes,Edge,Upper
2015-09-04,3.0,CHI,Oreothlypis,peregrina,Parulidae,2515,Yes,Edge,Upper
2015-09-04,3.0,CHI,Oreothlypis,peregrina,Parulidae,2515,Yes,Edge,Upper
2015-09-04,3.0,CHI,Seiurus,aurocapilla,Parulidae,4580,Yes,Forest,Lower
2015-09-04,3.0,CHI,Seiurus,aurocapilla,Parulidae,4580,Yes,Forest,Lower
2015-09-04,3.0,CHI,Seiurus,aurocapilla,Parulidae,4580,Yes,Forest,Lower
2015-09-04,3.0,CHI,Mniotilta,varia,Parulidae,620,Yes,Forest,Upper
2015-09-04,3.0,CHI,Mniotilta,varia,Parulidae,620,Yes,Forest,Upper
2015-09-04,3.0,CHI,Parkesia,noveboracensis,Parulidae,916,Yes,Forest,Lower
2015-09-04,3.0,CHI,Setophaga,magnolia,Parulidae,1224,yes,forest,Upper
2015-09-04,3.0,CHI,Oreothlypis,ruficapilla,Parulidae,1690,Yes,Forest,Upper
2015-09-04,3.0,CHI,Catharus,minimus,Turdidae,822,Yes,Forest,Lower
2015-09-04,3.0,CHI,Cardellina,pusilla,Parulidae,185,Yes,Edge,Lower
2015-09-04,3.0,CHI,Setophaga,magnolia,Parulidae,1224,yes,forest,Upper
2015-09-04,3.0,CHI,Setophaga,magnolia,Parulidae,1224,yes,forest,Upper
2015-09-04,3.0,CHI,Setophaga,magnolia,Parulidae,1224,yes,forest,Upper
2015-09-05,3.0,CHI,Parkesia,noveboracensis,Parulidae,916,Yes,Forest,Lower
2015-09-05,3.0,CHI,Seiurus,aurocapilla,Parulidae,4580,Yes,Forest,Lower
2015-09-05,3.0,CHI,Catharus,fuscescens,Turdidae,727,Yes,Forest,Lower
2015-09-05,3.0,CHI,catharus,ustulatus,Turdidae,2331,Yes,Forest,Lower
2015-09-05,3.0,CHI,Seiurus,aurocapilla,Parulidae,4580,Yes,Forest,Lower
2015-09-05,3.0,CHI,geothlypis,philadelphia,Parulidae,430,Yes,Edge,Lower
2015-09-05,3.0,CHI,geothlypis,philadelphia,Parulidae,430,Yes,Edge,Lower
2015-09-05,3.0,CHI,Geothlypis,trichas,Parulidae,1555,Yes,Open,Lower
2015-09-05,3.0,CHI,Oreothlypis,peregrina,Parulidae,2515,Yes,Edge,Upper
2015-09-05,3.0,MP,Cardellina,pusilla,Parulidae,185,Yes,Edge,Lower
2015-09-05,3.0,CHI,Empidonax,flaviventris,Tyrannidae,68,No,Forest,Upper
2015-09-05,3.0,CHI,Catharus,minimus,Turdidae,822,Yes,Forest,Lower
2015-09-06,3.0,CHI,Seiurus,aurocapilla,Parulidae,4580,Yes,Forest,Lower
2015-09-06,3.0,CHI,catharus,ustulatus,Turdidae,2331,Yes,Forest,Lower
2015-09-06,3.0,CHI,catharus,ustulatus,Turdidae,2331,Yes,Forest,Lower
2015-09-06,3.0,CHI,Seiurus,aurocapilla,Parulidae,4580,Yes,Forest,Lower
2015-09-06,3.0,CHI,Geothlypis,trichas,Parulidae,1555,Yes,Open,Lower
2015-09-06,3.0,CHI,Oreothlypis,peregrina,Parulidae,2515,Yes,Edge,Upper
2015-09-06,3.0,CHI,Oreothlypis,peregrina,Parulidae,2515,Yes,Edge,Upper
2015-09-06,3.0,CHI,Oreothlypis,peregrina,Parulidae,2515,Yes,Edge,Upper
2015-09-06,3.0,CHI,Setophaga,striata,Parulidae,787,Yes,Forest,Upper
2015-09-07,3.0,CHI,Setophaga,virens,Parulidae,223,Yes,Forest,Upper
2015-09-07,3.0,CHI,Cardellina,pusilla,Parulidae,185,Yes,Edge,Lower
2015-09-07,3.0,CHI,geothlypis,philadelphia,Parulidae,430,Yes,Edge,Lower
2015-09-07,3.0,CHI,Oreothlypis,peregrina,Parulidae,2515,Yes,Edge,Upper
2015-09-07,3.0,CHI,Oreothlypis,peregrina,Parulidae,2515,Yes,Edge,Upper
2015-09-07,3.0,CHI,Catharus,guttatus,Turdidae,3729,Yes,Forest,Lower
2015-09-08,16.0,CHI,Setophaga,pensylvanica,Parulidae,303,Yes,Edge,Upper
2015-09-08,16.0,CHI,Catharus,fuscescens,Turdidae,727,Yes,Forest,Lower
2015-09-08,16.0,CHI,Oreothlypis,ruficapilla,Parulidae,1690,Yes,Forest,Upper
2015-09-08,16.0,CHI,Oreothlypis,peregrina,Parulidae,2515,Yes,Edge,Upper
2015-09-08,16.0,CHI,Catharus,fuscescens,Turdidae,727,Yes,Forest,Lower
2015-09-08,16.0,CHI,Oreothlypis,peregrina,Parulidae,2515,Yes,Edge,Upper
2015-09-08,16.0,CHI,Oreothlypis,ruficapilla,Parulidae,1690,Yes,Forest,Upper
2015-09-08,16.0,CHI,Catharus,fuscescens,Turdidae,727,Yes,Forest,Lower
2015-09-08,16.0,MP,Catharus,fuscescens,Turdidae,727,Yes,Forest,Lower
2015-09-08,16.0,CHI,Oreothlypis,peregrina,Parulidae,2515,Yes,Edge,Upper
2015-09-08,16.0,CHI,Seiurus,aurocapilla,Parulidae,4580,Yes,Forest,Lower
2015-09-08,16.0,CHI,Setophaga,palmarum,Parulidae,694,Yes,Edge,Lower
2015-09-08,16.0,CHI,Seiurus,aurocapilla,Parulidae,4580,Yes,Forest,Lower
2015-09-08,16.0,CHI,Seiurus,aurocapilla,Parulidae,4580,Yes,Forest,Lower
2015-09-08,16.0,CHI,Seiurus,aurocapilla,Parulidae,4580,Yes,Forest,Lower
2015-09-08,16.0,CHI,Seiurus,aurocapilla,Parulidae,4580,Yes,Forest,Lower
2015-09-08,16.0,CHI,Seiurus,aurocapilla,Parulidae,4580,Yes,Forest,Lower
2015-09-08,16.0,CHI,Seiurus,aurocapilla,Parulidae,4580,Yes,Forest,Lower
2015-09-08,16.0,CHI,Seiurus,aurocapilla,Parulidae,4580,Yes,Forest,Lower
2015-09-08,16.0,CHI,Seiurus,aurocapilla,Parulidae,4580,Yes,Forest,Lower
2015-09-08,16.0,CHI,Seiurus,aurocapilla,Parulidae,4580,Yes,Forest,Lower
2015-09-08,16.0,CHI,Seiurus,aurocapilla,Parulidae,4580,Yes,Forest,Lower
2015-09-08,16.0,CHI,Seiurus,aurocapilla,Parulidae,4580,Yes,Forest,Lower
2015-09-08,16.0,CHI,Setophaga,palmarum,Parulidae,694,Yes,Edge,Lower
2015-09-08,16.0,CHI,Seiurus,aurocapilla,Parulidae,4580,Yes,Forest,Lower
2015-09-08,16.0,CHI,Seiurus,aurocapilla,Parulidae,4580,Yes,Forest,Lower
2015-09-08,16.0,CHI,Seiurus,aurocapilla,Parulidae,4580,Yes,Forest,Lower
2015-09-08,16.0,CHI,Seiurus,aurocapilla,Parulidae,4580,Yes,Forest,Lower
2015-09-08,16.0,CHI,setophaga,ruticilla,Parulidae,868,Yes,Edge,Upper
2015-09-08,16.0,CHI,setophaga,ruticilla,Parulidae,868,Yes,Edge,Upper
2015-09-08,16.0,CHI,setophaga,ruticilla,Parulidae,868,Yes,Edge,Upper
2015-09-08,16.0,CHI,setophaga,ruticilla,Parulidae,868,Yes,Edge,Upper
2015-09-08,16.0,CHI,Oporornis,agilis,Parulidae,365,Yes,Forest,Lower
2015-09-08,16.0,CHI,Icterus,galbula,Icteridae,83,Yes,Edge,Upper
2015-09-08,16.0,CHI,Seiurus,aurocapilla,Parulidae,4580,Yes,Forest,Lower
2015-09-08,16.0,CHI,Seiurus,aurocapilla,Parulidae,4580,Yes,Forest,Lower
2015-09-08,16.0,CHI,Seiurus,aurocapilla,Parulidae,4580,Yes,Forest,Lower
2015-09-08,16.0,CHI,Oreothlypis,peregrina,Parulidae,2515,Yes,Edge,Upper
2015-09-08,16.0,CHI,Oreothlypis,peregrina,Parulidae,2515,Yes,Edge,Upper
2015-09-08,16.0,CHI,Oreothlypis,peregrina,Parulidae,2515,Yes,Edge,Upper
2015-09-08,16.0,CHI,Oreothlypis,peregrina,Parulidae,2515,Yes,Edge,Upper
2015-09-08,16.0,CHI,Oreothlypis,peregrina,Parulidae,2515,Yes,Edge,Upper
2015-09-08,16.0,CHI,Oreothlypis,peregrina,Parulidae,2515,Yes,Edge,Upper
2015-09-08,16.0,CHI,Oreothlypis,peregrina,Parulidae,2515,Yes,Edge,Upper
2015-09-08,16.0,CHI,Oreothlypis,peregrina,Parulidae,2515,Yes,Edge,Upper
2015-09-08,16.0,CHI,Oreothlypis,peregrina,Parulidae,2515,Yes,Edge,Upper
2015-09-08,16.0,CHI,Oreothlypis,peregrina,Parulidae,2515,Yes,Edge,Upper
2015-09-08,16.0,CHI,Mniotilta,varia,Parulidae,620,Yes,Forest,Upper
2015-09-08,16.0,CHI,catharus,ustulatus,Turdidae,2331,Yes,Forest,Lower
2015-09-08,16.0,CHI,catharus,ustulatus,Turdidae,2331,Yes,Forest,Lower
2015-09-08,16.0,CHI,Setophaga,caerulescens,Parulidae,183,Yes,Forest,Upper
2015-09-08,16.0,CHI,Oreothlypis,peregrina,Parulidae,2515,Yes,Edge,Upper
2015-09-08,16.0,CHI,Oreothlypis,peregrina,Parulidae,2515,Yes,Edge,Upper
2015-09-08,16.0,CHI,Oreothlypis,peregrina,Parulidae,2515,Yes,Edge,Upper
2015-09-08,16.0,CHI,Setophaga,magnolia,Parulidae,1224,yes,forest,Upper
2015-09-08,16.0,CHI,Setophaga,caerulescens,Parulidae,183,Yes,Forest,Upper
2015-09-08,16.0,CHI,catharus,ustulatus,Turdidae,2331,Yes,Forest,Lower
2015-09-08,16.0,CHI,Setophaga,caerulescens,Parulidae,183,Yes,Forest,Upper
2015-09-08,16.0,CHI,Oreothlypis,peregrina,Parulidae,2515,Yes,Edge,Upper
2015-09-08,16.0,CHI,Setophaga,caerulescens,Parulidae,183,Yes,Forest,Upper
2015-09-08,16.0,CHI,Oreothlypis,peregrina,Parulidae,2515,Yes,Edge,Upper
2015-09-08,16.0,CHI,Setophaga,striata,Parulidae,787,Yes,Forest,Upper
2015-09-08,16.0,CHI,Hylocichla,mustelina,Turdidae,500,Yes,Forest,Lower
2015-09-08,16.0,CHI,Oreothlypis,peregrina,Parulidae,2515,Yes,Edge,Upper
2015-09-08,16.0,CHI,Oreothlypis,peregrina,Parulidae,2515,Yes,Edge,Upper
2015-09-08,16.0,CHI,Setophaga,striata,Parulidae,787,Yes,Forest,Upper
2015-09-08,16.0,CHI,catharus,ustulatus,Turdidae,2331,Yes,Forest,Lower
2015-09-08,16.0,CHI,Oreothlypis,peregrina,Parulidae,2515,Yes,Edge,Upper
2015-09-08,16.0,CHI,geothlypis,philadelphia,Parulidae,430,Yes,Edge,Lower
2015-09-08,16.0,CHI,Oreothlypis,peregrina,Parulidae,2515,Yes,Edge,Upper
2015-09-08,16.0,CHI,catharus,ustulatus,Turdidae,2331,Yes,Forest,Lower
2015-09-08,16.0,CHI,Mniotilta,varia,Parulidae,620,Yes,Forest,Upper
2015-09-08,16.0,CHI,Mniotilta,varia,Parulidae,620,Yes,Forest,Upper
2015-09-08,16.0,CHI,Oreothlypis,peregrina,Parulidae,2515,Yes,Edge,Upper
2015-09-08,16.0,CHI,Oreothlypis,peregrina,Parulidae,2515,Yes,Edge,Upper
2015-09-08,16.0,CHI,Oreothlypis,peregrina,Parulidae,2515,Yes,Edge,Upper
2015-09-08,16.0,CHI,Oreothlypis,peregrina,Parulidae,2515,Yes,Edge,Upper
2015-09-08,16.0,CHI,Oreothlypis,peregrina,Parulidae,2515,Yes,Edge,Upper
2015-09-08,16.0,CHI,Geothlypis,trichas,Parulidae,1555,Yes,Open,Lower
2015-09-08,16.0,CHI,Parkesia,noveboracensis,Parulidae,916,Yes,Forest,Lower
2015-09-08,16.0,CHI,Setophaga,magnolia,Parulidae,1224,yes,forest,Upper
2015-09-08,16.0,CHI,Parkesia,noveboracensis,Parulidae,916,Yes,Forest,Lower
2015-09-08,16.0,CHI,Setophaga,magnolia,Parulidae,1224,yes,forest,Upper
2015-09-08,16.0,CHI,Setophaga,magnolia,Parulidae,1224,yes,forest,Upper
2015-09-08,16.0,CHI,Oreothlypis,peregrina,Parulidae,2515,Yes,Edge,Upper
2015-09-08,16.0,CHI,Oreothlypis,peregrina,Parulidae,2515,Yes,Edge,Upper
2015-09-08,16.0,CHI,Parkesia,noveboracensis,Parulidae,916,Yes,Forest,Lower
2015-09-08,16.0,CHI,Parkesia,noveboracensis,Parulidae,916,Yes,Forest,Lower
2015-09-08,16.0,CHI,Mniotilta,varia,Parulidae,620,Yes,Forest,Upper
2015-09-08,16.0,CHI,Setophaga,fusca,Parulidae,201,Yes,Forest,Upper
2015-09-08,16.0,CHI,Oreothlypis,peregrina,Parulidae,2515,Yes,Edge,Upper
2015-09-08,16.0,CHI,Vermivora,chrysoptera,Parulidae,53,Yes,Edge,Upper
2015-09-08,16.0,CHI,Mniotilta,varia,Parulidae,620,Yes,Forest,Upper
2015-09-08,16.0,CHI,Cardellina,pusilla,Parulidae,185,Yes,Edge,Lower
2015-09-08,16.0,CHI,Mniotilta,varia,Parulidae,620,Yes,Forest,Upper
2015-09-08,16.0,CHI,Oreothlypis,peregrina,Parulidae,2515,Yes,Edge,Upper
2015-09-08,16.0,CHI,Parkesia,noveboracensis,Parulidae,916,Yes,Forest,Lower
2015-09-08,16.0,CHI,Oreothlypis,peregrina,Parulidae,2515,Yes,Edge,Upper
2015-09-08,16.0,CHI,Oreothlypis,peregrina,Parulidae,2515,Yes,Edge,Upper
2015-09-09,13.0,CHI,Setophaga,magnolia,Parulidae,1224,yes,forest,Upper
2015-09-09,13.0,CHI,Seiurus,aurocapilla,Parulidae,4580,Yes,Forest,Lower
2015-09-09,13.0,CHI,Setophaga,magnolia,Parulidae,1224,yes,forest,Upper
2015-09-09,13.0,CHI,Seiurus,aurocapilla,Parulidae,4580,Yes,Forest,Lower
2015-09-09,13.0,CHI,Setophaga,magnolia,Parulidae,1224,yes,forest,Upper
2015-09-09,13.0,CHI,Seiurus,aurocapilla,Parulidae,4580,Yes,Forest,Lower
2015-09-09,13.0,CHI,Setophaga,magnolia,Parulidae,1224,yes,forest,Upper
2015-09-09,13.0,CHI,Seiurus,aurocapilla,Parulidae,4580,Yes,Forest,Lower
2015-09-09,13.0,CHI,Seiurus,aurocapilla,Parulidae,4580,Yes,Forest,Lower
2015-09-09,13.0,CHI,Setophaga,striata,Parulidae,787,Yes,Forest,Upper
2015-09-09,13.0,CHI,Seiurus,aurocapilla,Parulidae,4580,Yes,Forest,Lower
2015-09-09,13.0,CHI,Empidonax,flaviventris,Tyrannidae,68,No,Forest,Upper
2015-09-09,13.0,CHI,Setophaga,striata,Parulidae,787,Yes,Forest,Upper
2015-09-09,13.0,MP,catharus,ustulatus,Turdidae,2331,Yes,Forest,Lower
2015-09-09,13.0,CHI,Seiurus,aurocapilla,Parulidae,4580,Yes,Forest,Lower
2015-09-09,13.0,CHI,Seiurus,aurocapilla,Parulidae,4580,Yes,Forest,Lower
2015-09-09,13.0,CHI,Seiurus,aurocapilla,Parulidae,4580,Yes,Forest,Lower
2015-09-09,13.0,CHI,Oporornis,agilis,Parulidae,365,Yes,Forest,Lower
2015-09-09,13.0,CHI,setophaga,ruticilla,Parulidae,868,Yes,Edge,Upper
2015-09-09,13.0,CHI,setophaga,ruticilla,Parulidae,868,Yes,Edge,Upper
2015-09-09,13.0,CHI,Seiurus,aurocapilla,Parulidae,4580,Yes,Forest,Lower
2015-09-09,13.0,CHI,setophaga,ruticilla,Parulidae,868,Yes,Edge,Upper
2015-09-09,13.0,CHI,Seiurus,aurocapilla,Parulidae,4580,Yes,Forest,Lower
2015-09-09,13.0,CHI,Oreothlypis,peregrina,Parulidae,2515,Yes,Edge,Upper
2015-09-09,13.0,CHI,Oreothlypis,peregrina,Parulidae,2515,Yes,Edge,Upper
2015-09-09,13.0,MP,Oreothlypis,peregrina,Parulidae,2515,Yes,Edge,Upper
2015-09-09,13.0,CHI,Oreothlypis,peregrina,Parulidae,2515,Yes,Edge,Upper
2015-09-09,13.0,CHI,Oreothlypis,peregrina,Parulidae,2515,Yes,Edge,Upper
2015-09-09,13.0,CHI,Oreothlypis,peregrina,Parulidae,2515,Yes,Edge,Upper
2015-09-09,13.0,CHI,Oporornis,agilis,Parulidae,365,Yes,Forest,Lower
2015-09-09,13.0,CHI,catharus,ustulatus,Turdidae,2331,Yes,Forest,Lower
2015-09-09,13.0,CHI,Mniotilta,varia,Parulidae,620,Yes,Forest,Upper
2015-09-09,13.0,MP,catharus,ustulatus,Turdidae,2331,Yes,Forest,Lower
2015-09-09,13.0,CHI,Setophaga,striata,Parulidae,787,Yes,Forest,Upper
2015-09-09,13.0,CHI,Setophaga,striata,Parulidae,787,Yes,Forest,Upper
2015-09-09,13.0,MP,Setophaga,striata,Parulidae,787,Yes,Forest,Upper
2015-09-09,13.0,CHI,Seiurus,aurocapilla,Parulidae,4580,Yes,Forest,Lower
2015-09-09,13.0,CHI,Seiurus,aurocapilla,Parulidae,4580,Yes,Forest,Lower
2015-09-09,13.0,CHI,Seiurus,aurocapilla,Parulidae,4580,Yes,Forest,Lower
2015-09-09,13.0,MP,Melospiza,lincolnii,Passerellidae,2029,yes,edge,Lower
2015-09-09,13.0,CHI,Setophaga,fusca,Parulidae,201,Yes,Forest,Upper
2015-09-09,13.0,CHI,Seiurus,aurocapilla,Parulidae,4580,Yes,Forest,Lower
2015-09-09,13.0,CHI,catharus,ustulatus,Turdidae,2331,Yes,Forest,Lower
2015-09-09,13.0,CHI,Setophaga,caerulescens,Parulidae,183,Yes,Forest,Upper
2015-09-10,14.0,CHI,Setophaga,magnolia,Parulidae,1224,yes,forest,Upper
2015-09-10,14.0,CHI,Setophaga,magnolia,Parulidae,1224,yes,forest,Upper
2015-09-10,14.0,CHI,Toxostoma,rufum,Mimidae,166,No,Edge,Lower
2015-09-10,14.0,CHI,Setophaga,magnolia,Parulidae,1224,yes,forest,Upper
2015-09-10,14.0,CHI,Mniotilta,varia,Parulidae,620,Yes,Forest,Upper
2015-09-10,14.0,CHI,Setophaga,magnolia,Parulidae,1224,yes,forest,Upper
2015-09-10,14.0,CHI,Cardellina,pusilla,Parulidae,185,Yes,Edge,Lower
2015-09-10,14.0,CHI,Oporornis,agilis,Parulidae,365,Yes,Forest,Lower
2015-09-10,14.0,CHI,Cardellina,pusilla,Parulidae,185,Yes,Edge,Lower
2015-09-10,14.0,CHI,Setophaga,petechia,Parulidae,77,Yes,Edge,Upper
2015-09-10,14.0,CHI,Cardellina,pusilla,Parulidae,185,Yes,Edge,Lower
2015-09-10,14.0,CHI,setophaga,ruticilla,Parulidae,868,Yes,Edge,Upper
2015-09-10,14.0,CHI,setophaga,ruticilla,Parulidae,868,Yes,Edge,Upper
2015-09-10,14.0,CHI,Seiurus,aurocapilla,Parulidae,4580,Yes,Forest,Lower
2015-09-10,14.0,CHI,Mniotilta,varia,Parulidae,620,Yes,Forest,Upper
2015-09-10,14.0,CHI,Catharus,fuscescens,Turdidae,727,Yes,Forest,Lower
2015-09-10,14.0,CHI,Oreothlypis,ruficapilla,Parulidae,1690,Yes,Forest,Upper
2015-09-10,14.0,CHI,Mniotilta,varia,Parulidae,620,Yes,Forest,Upper
2015-09-10,14.0,CHI,Oreothlypis,ruficapilla,Parulidae,1690,Yes,Forest,Upper
2015-09-10,14.0,CHI,Mniotilta,varia,Parulidae,620,Yes,Forest,Upper
2015-09-10,14.0,CHI,Mniotilta,varia,Parulidae,620,Yes,Forest,Upper
2015-09-10,14.0,CHI,Mniotilta,varia,Parulidae,620,Yes,Forest,Upper
2015-09-10,14.0,MP,catharus,ustulatus,Turdidae,2331,Yes,Forest,Lower
2015-09-10,14.0,CHI,Setophaga,castanea,Parulidae,287,Yes,Forest,Upper
2015-09-10,14.0,MP,Seiurus,aurocapilla,Parulidae,4580,Yes,Forest,Lower
2015-09-10,14.0,CHI,setophaga,ruticilla,Parulidae,868,Yes,Edge,Upper
2015-09-10,14.0,CHI,Seiurus,aurocapilla,Parulidae,4580,Yes,Forest,Lower
2015-09-10,14.0,CHI,catharus,ustulatus,Turdidae,2331,Yes,Forest,Lower
2015-09-10,14.0,CHI,Mniotilta,varia,Parulidae,620,Yes,Forest,Upper
2015-09-10,14.0,CHI,Seiurus,aurocapilla,Parulidae,4580,Yes,Forest,Lower
2015-09-10,14.0,CHI,catharus,ustulatus,Turdidae,2331,Yes,Forest,Lower
2015-09-10,14.0,CHI,Setophaga,striata,Parulidae,787,Yes,Forest,Upper
2015-09-10,14.0,CHI,Mniotilta,varia,Parulidae,620,Yes,Forest,Upper
2015-09-10,14.0,CHI,Seiurus,aurocapilla,Parulidae,4580,Yes,Forest,Lower
2015-09-10,14.0,CHI,Parkesia,noveboracensis,Parulidae,916,Yes,Forest,Lower
2015-09-10,14.0,CHI,Mniotilta,varia,Parulidae,620,Yes,Forest,Upper
2015-09-10,14.0,CHI,Mniotilta,varia,Parulidae,620,Yes,Forest,Upper
2015-09-10,14.0,CHI,setophaga,ruticilla,Parulidae,868,Yes,Edge,Upper
2015-09-10,14.0,CHI,setophaga,ruticilla,Parulidae,868,Yes,Edge,Upper
2015-09-10,14.0,CHI,Setophaga,striata,Parulidae,787,Yes,Forest,Upper
2015-09-10,14.0,CHI,Seiurus,aurocapilla,Parulidae,4580,Yes,Forest,Lower
2015-09-10,14.0,CHI,Oreothlypis,ruficapilla,Parulidae,1690,Yes,Forest,Upper
2015-09-10,14.0,CHI,Setophaga,fusca,Parulidae,201,Yes,Forest,Upper
2015-09-10,14.0,CHI,Mniotilta,varia,Parulidae,620,Yes,Forest,Upper
2015-09-10,14.0,CHI,Seiurus,aurocapilla,Parulidae,4580,Yes,Forest,Lower
2015-09-11,14.0,CHI,catharus,ustulatus,Turdidae,2331,Yes,Forest,Lower
2015-09-11,14.0,CHI,Setophaga,magnolia,Parulidae,1224,yes,forest,Upper
2015-09-11,14.0,CHI,setophaga,ruticilla,Parulidae,868,Yes,Edge,Upper
2015-09-11,14.0,CHI,Hylocichla,mustelina,Turdidae,500,Yes,Forest,Lower
2015-09-11,14.0,CHI,Oporornis,agilis,Parulidae,365,Yes,Forest,Lower
2015-09-11,14.0,MP,Seiurus,aurocapilla,Parulidae,4580,Yes,Forest,Lower
2015-09-11,14.0,CHI,catharus,ustulatus,Turdidae,2331,Yes,Forest,Lower
2015-09-11,14.0,CHI,Mniotilta,varia,Parulidae,620,Yes,Forest,Upper
2015-09-11,14.0,CHI,Mniotilta,varia,Parulidae,620,Yes,Forest,Upper
2015-09-11,14.0,CHI,Mniotilta,varia,Parulidae,620,Yes,Forest,Upper
2015-09-11,14.0,CHI,Setophaga,magnolia,Parulidae,1224,yes,forest,Upper
2015-09-11,14.0,CHI,Seiurus,aurocapilla,Parulidae,4580,Yes,Forest,Lower
2015-09-11,14.0,CHI,setophaga,ruticilla,Parulidae,868,Yes,Edge,Upper
2015-09-11,14.0,CHI,Setophaga,pinus,Parulidae,49,Yes,Forest,Upper
2015-09-11,14.0,CHI,setophaga,ruticilla,Parulidae,868,Yes,Edge,Upper
2015-09-11,14.0,CHI,Seiurus,aurocapilla,Parulidae,4580,Yes,Forest,Lower
2015-09-11,14.0,CHI,catharus,ustulatus,Turdidae,2331,Yes,Forest,Lower
2015-09-11,14.0,CHI,catharus,ustulatus,Turdidae,2331,Yes,Forest,Lower
2015-09-11,14.0,CHI,Seiurus,aurocapilla,Parulidae,4580,Yes,Forest,Lower
2015-09-11,14.0,CHI,catharus,ustulatus,Turdidae,2331,Yes,Forest,Lower
2015-09-11,14.0,CHI,Piranga,olivacea,Cardinalidae,127,Yes,Forest,Upper
2015-09-11,14.0,CHI,Oreothlypis,ruficapilla,Parulidae,1690,Yes,Forest,Upper
2015-09-11,14.0,CHI,Oreothlypis,ruficapilla,Parulidae,1690,Yes,Forest,Upper
2015-09-11,14.0,CHI,Cardellina,pusilla,Parulidae,185,Yes,Edge,Lower
2015-09-11,14.0,CHI,catharus,ustulatus,Turdidae,2331,Yes,Forest,Lower
2015-09-11,14.0,CHI,Setophaga,pensylvanica,Parulidae,303,Yes,Edge,Upper
2015-09-11,14.0,MP,Vireo,olivaceus,Vireonidae,133,No,Forest,Upper
2015-09-11,14.0,CHI,Oreothlypis,peregrina,Parulidae,2515,Yes,Edge,Upper
2015-09-11,14.0,CHI,catharus,ustulatus,Turdidae,2331,Yes,Forest,Lower
2015-09-11,14.0,CHI,Geothlypis,trichas,Parulidae,1555,Yes,Open,Lower
2015-09-11,14.0,CHI,Melospiza,lincolnii,Passerellidae,2029,yes,edge,Lower
2015-09-11,14.0,CHI,Oreothlypis,peregrina,Parulidae,2515,Yes,Edge,Upper
2015-09-11,14.0,CHI,catharus,ustulatus,Turdidae,2331,Yes,Forest,Lower
2015-09-11,14.0,CHI,catharus,ustulatus,Turdidae,2331,Yes,Forest,Lower
2015-09-11,14.0,CHI,Setophaga,caerulescens,Parulidae,183,Yes,Forest,Upper
2015-09-11,14.0,CHI,Parkesia,noveboracensis,Parulidae,916,Yes,Forest,Lower
2015-09-11,14.0,CHI,Setophaga,tigrina,Parulidae,182,Yes,Forest,Upper
2015-09-11,14.0,MP,Catharus,fuscescens,Turdidae,727,Yes,Forest,Lower
2015-09-11,14.0,MP,catharus,ustulatus,Turdidae,2331,Yes,Forest,Lower
2015-09-11,14.0,CHI,catharus,ustulatus,Turdidae,2331,Yes,Forest,Lower
2015-09-11,14.0,CHI,Melospiza,lincolnii,Passerellidae,2029,yes,edge,Lower
2015-09-11,14.0,CHI,Seiurus,aurocapilla,Parulidae,4580,Yes,Forest,Lower
2015-09-12,14.0,MP,Zonotrichia,albicollis,Passerellidae,10133,Yes,Forest,Lower
2015-09-12,14.0,CHI,Cardellina,pusilla,Parulidae,185,Yes,Edge,Lower
2015-09-12,14.0,CHI,setophaga,ruticilla,Parulidae,868,Yes,Edge,Upper
2015-09-12,14.0,CHI,setophaga,ruticilla,Parulidae,868,Yes,Edge,Upper
2015-09-12,14.0,CHI,Oreothlypis,ruficapilla,Parulidae,1690,Yes,Forest,Upper
2015-09-12,14.0,CHI,Melospiza,lincolnii,Passerellidae,2029,yes,edge,Lower
2015-09-12,14.0,MP,Geothlypis,trichas,Parulidae,1555,Yes,Open,Lower
2015-09-12,14.0,CHI,Hylocichla,mustelina,Turdidae,500,Yes,Forest,Lower
2015-09-12,14.0,CHI,catharus,ustulatus,Turdidae,2331,Yes,Forest,Lower
2015-09-12,14.0,CHI,catharus,ustulatus,Turdidae,2331,Yes,Forest,Lower
2015-09-12,14.0,CHI,catharus,ustulatus,Turdidae,2331,Yes,Forest,Lower
2015-09-12,14.0,CHI,Parkesia,noveboracensis,Parulidae,916,Yes,Forest,Lower
2015-09-12,14.0,MP,Setophaga,striata,Parulidae,787,Yes,Forest,Upper
2015-09-12,14.0,CHI,Oreothlypis,ruficapilla,Parulidae,1690,Yes,Forest,Upper
2015-09-12,14.0,MP,Parkesia,noveboracensis,Parulidae,916,Yes,Forest,Lower
2015-09-12,14.0,CHI,Oreothlypis,ruficapilla,Parulidae,1690,Yes,Forest,Upper
2015-09-12,14.0,CHI,Oreothlypis,ruficapilla,Parulidae,1690,Yes,Forest,Upper
2015-09-12,14.0,CHI,Oreothlypis,ruficapilla,Parulidae,1690,Yes,Forest,Upper
2015-09-12,14.0,CHI,Oreothlypis,ruficapilla,Parulidae,1690,Yes,Forest,Upper
2015-09-12,14.0,CHI,Oreothlypis,ruficapilla,Parulidae,1690,Yes,Forest,Upper
2015-09-12,14.0,CHI,Parkesia,noveboracensis,Parulidae,916,Yes,Forest,Lower
2015-09-12,14.0,CHI,Oreothlypis,peregrina,Parulidae,2515,Yes,Edge,Upper
2015-09-12,14.0,CHI,Oreothlypis,ruficapilla,Parulidae,1690,Yes,Forest,Upper
2015-09-12,14.0,MP,Oreothlypis,ruficapilla,Parulidae,1690,Yes,Forest,Upper
2015-09-13,14.0,CHI,Catharus,minimus,Turdidae,822,Yes,Forest,Lower
2015-09-13,14.0,CHI,setophaga,ruticilla,Parulidae,868,Yes,Edge,Upper
2015-09-13,14.0,CHI,setophaga,ruticilla,Parulidae,868,Yes,Edge,Upper
2015-09-13,14.0,CHI,Catharus,minimus,Turdidae,822,Yes,Forest,Lower
2015-09-13,14.0,CHI,Catharus,minimus,Turdidae,822,Yes,Forest,Lower
2015-09-13,14.0,CHI,Mniotilta,varia,Parulidae,620,Yes,Forest,Upper
2015-09-13,14.0,CHI,Seiurus,aurocapilla,Parulidae,4580,Yes,Forest,Lower
2015-09-13,14.0,CHI,Melospiza,lincolnii,Passerellidae,2029,yes,edge,Lower
2015-09-13,14.0,CHI,catharus,ustulatus,Turdidae,2331,Yes,Forest,Lower
2015-09-13,14.0,CHI,catharus,ustulatus,Turdidae,2331,Yes,Forest,Lower
2015-09-13,14.0,CHI,catharus,ustulatus,Turdidae,2331,Yes,Forest,Lower
2015-09-13,14.0,CHI,Seiurus,aurocapilla,Parulidae,4580,Yes,Forest,Lower
2015-09-13,14.0,CHI,Setophaga,palmarum,Parulidae,694,Yes,Edge,Lower
2015-09-13,14.0,CHI,Catharus,minimus,Turdidae,822,Yes,Forest,Lower
2015-09-13,14.0,CHI,Oreothlypis,ruficapilla,Parulidae,1690,Yes,Forest,Upper
2015-09-13,14.0,CHI,Melospiza,lincolnii,Passerellidae,2029,yes,edge,Lower
2015-09-13,14.0,CHI,Vireo,olivaceus,Vireonidae,133,No,Forest,Upper
2015-09-14,14.0,CHI,Oreothlypis,peregrina,Parulidae,2515,Yes,Edge,Upper
2015-09-14,14.0,CHI,geothlypis,philadelphia,Parulidae,430,Yes,Edge,Lower
2015-09-14,14.0,CHI,Oreothlypis,peregrina,Parulidae,2515,Yes,Edge,Upper
2015-09-14,14.0,CHI,Setophaga,tigrina,Parulidae,182,Yes,Forest,Upper
2015-09-14,14.0,CHI,Seiurus,aurocapilla,Parulidae,4580,Yes,Forest,Lower
2015-09-14,14.0,CHI,catharus,ustulatus,Turdidae,2331,Yes,Forest,Lower
2015-09-14,14.0,CHI,Oreothlypis,peregrina,Parulidae,2515,Yes,Edge,Upper
2015-09-14,14.0,CHI,catharus,ustulatus,Turdidae,2331,Yes,Forest,Lower
2015-09-14,14.0,MP,catharus,ustulatus,Turdidae,2331,Yes,Forest,Lower
2015-09-14,14.0,CHI,catharus,ustulatus,Turdidae,2331,Yes,Forest,Lower
2015-09-14,14.0,CHI,Oreothlypis,peregrina,Parulidae,2515,Yes,Edge,Upper
2015-09-14,14.0,MP,Seiurus,aurocapilla,Parulidae,4580,Yes,Forest,Lower
2015-09-14,14.0,CHI,Oreothlypis,ruficapilla,Parulidae,1690,Yes,Forest,Upper
2015-09-14,14.0,MP,Oreothlypis,ruficapilla,Parulidae,1690,Yes,Forest,Upper
2015-09-14,14.0,CHI,Setophaga,castanea,Parulidae,287,Yes,Forest,Upper
2015-09-14,14.0,MP,Oreothlypis,ruficapilla,Parulidae,1690,Yes,Forest,Upper
2015-09-14,14.0,CHI,catharus,ustulatus,Turdidae,2331,Yes,Forest,Lower
2015-09-15,14.0,CHI,Seiurus,aurocapilla,Parulidae,4580,Yes,Forest,Lower
2015-09-15,14.0,CHI,Oreothlypis,ruficapilla,Parulidae,1690,Yes,Forest,Upper
2015-09-15,14.0,CHI,Oreothlypis,ruficapilla,Parulidae,1690,Yes,Forest,Upper
2015-09-15,14.0,CHI,Setophaga,magnolia,Parulidae,1224,yes,forest,Upper
2015-09-15,14.0,CHI,Setophaga,americana,Parulidae,59,Yes,Forest,Upper
2015-09-15,14.0,CHI,Seiurus,aurocapilla,Parulidae,4580,Yes,Forest,Lower
2015-09-15,14.0,CHI,Seiurus,aurocapilla,Parulidae,4580,Yes,Forest,Lower
2015-09-15,14.0,CHI,Oporornis,agilis,Parulidae,365,Yes,Forest,Lower
2015-09-15,14.0,CHI,Parkesia,noveboracensis,Parulidae,916,Yes,Forest,Lower
2015-09-15,14.0,CHI,Parkesia,noveboracensis,Parulidae,916,Yes,Forest,Lower
2015-09-15,14.0,CHI,Passerina,cyanea,Cardinalidae,725,yes,edge,Upper
2015-09-15,14.0,MP,Sitta,canadensis,Sittidae,260,Yes,Forest,Upper
2015-09-15,14.0,CHI,Sitta,canadensis,Sittidae,260,Yes,Forest,Upper
2015-09-15,14.0,CHI,Oreothlypis,peregrina,Parulidae,2515,Yes,Edge,Upper
2015-09-15,14.0,CHI,Setophaga,caerulescens,Parulidae,183,Yes,Forest,Upper
2015-09-15,14.0,CHI,catharus,ustulatus,Turdidae,2331,Yes,Forest,Lower
2015-09-15,14.0,CHI,dumetella,carolinensis,Mimidae,599,no,edge,Lower
2015-09-16,14.0,CHI,Catharus,minimus,Turdidae,822,Yes,Forest,Lower
2015-09-16,14.0,CHI,Oreothlypis,ruficapilla,Parulidae,1690,Yes,Forest,Upper
2015-09-16,14.0,MP,Oreothlypis,peregrina,Parulidae,2515,Yes,Edge,Upper
2015-09-16,14.0,CHI,Seiurus,aurocapilla,Parulidae,4580,Yes,Forest,Lower
2015-09-16,14.0,CHI,Passerina,cyanea,Cardinalidae,725,yes,edge,Upper
2015-09-16,14.0,CHI,Oporornis,agilis,Parulidae,365,Yes,Forest,Lower
2015-09-17,14.0,CHI,Setophaga,caerulescens,Parulidae,183,Yes,Forest,Upper
2015-09-17,14.0,CHI,Geothlypis,trichas,Parulidae,1555,Yes,Open,Lower
2015-09-17,14.0,CHI,catharus,ustulatus,Turdidae,2331,Yes,Forest,Lower
2015-09-17,14.0,CHI,catharus,ustulatus,Turdidae,2331,Yes,Forest,Lower
2015-09-17,14.0,CHI,setophaga,ruticilla,Parulidae,868,Yes,Edge,Upper
2015-09-17,14.0,CHI,Oreothlypis,peregrina,Parulidae,2515,Yes,Edge,Upper
2015-09-17,14.0,CHI,Seiurus,aurocapilla,Parulidae,4580,Yes,Forest,Lower
2015-09-17,14.0,CHI,Seiurus,aurocapilla,Parulidae,4580,Yes,Forest,Lower
2015-09-18,14.0,CHI,Geothlypis,trichas,Parulidae,1555,Yes,Open,Lower
2015-09-18,14.0,CHI,Setophaga,striata,Parulidae,787,Yes,Forest,Upper
2015-09-18,14.0,CHI,Oreothlypis,peregrina,Parulidae,2515,Yes,Edge,Upper
2015-09-18,14.0,MP,Setophaga,caerulescens,Parulidae,183,Yes,Forest,Upper
2015-09-18,14.0,CHI,Oreothlypis,peregrina,Parulidae,2515,Yes,Edge,Upper
2015-09-18,14.0,CHI,Oreothlypis,peregrina,Parulidae,2515,Yes,Edge,Upper
2015-09-18,14.0,CHI,Oreothlypis,peregrina,Parulidae,2515,Yes,Edge,Upper
2015-09-19,14.0,CHI,Setophaga,striata,Parulidae,787,Yes,Forest,Upper
2015-09-19,14.0,CHI,catharus,ustulatus,Turdidae,2331,Yes,Forest,Lower
2015-09-19,14.0,CHI,Setophaga,castanea,Parulidae,287,Yes,Forest,Upper
2015-09-19,14.0,MP,Oreothlypis,peregrina,Parulidae,2515,Yes,Edge,Upper
2015-09-19,14.0,CHI,catharus,ustulatus,Turdidae,2331,Yes,Forest,Lower
2015-09-19,14.0,CHI,catharus,ustulatus,Turdidae,2331,Yes,Forest,Lower
2015-09-19,14.0,CHI,catharus,ustulatus,Turdidae,2331,Yes,Forest,Lower
2015-09-19,14.0,CHI,Catharus,minimus,Turdidae,822,Yes,Forest,Lower
2015-09-19,14.0,CHI,Junco,hyemalis,Passerellidae,6303,Yes,Edge,Lower
2015-09-19,14.0,MP,catharus,ustulatus,Turdidae,2331,Yes,Forest,Lower
2015-09-19,14.0,MP,Setophaga,striata,Parulidae,787,Yes,Forest,Upper
2015-09-19,14.0,CHI,Setophaga,virens,Parulidae,223,Yes,Forest,Upper
2015-09-19,14.0,CHI,catharus,ustulatus,Turdidae,2331,Yes,Forest,Lower
2015-09-19,14.0,CHI,Catharus,minimus,Turdidae,822,Yes,Forest,Lower
2015-09-19,14.0,CHI,catharus,ustulatus,Turdidae,2331,Yes,Forest,Lower
2015-09-19,14.0,MP,Oreothlypis,peregrina,Parulidae,2515,Yes,Edge,Upper
2015-09-19,14.0,CHI,Seiurus,aurocapilla,Parulidae,4580,Yes,Forest,Lower
2015-09-19,14.0,CHI,Seiurus,aurocapilla,Parulidae,4580,Yes,Forest,Lower
2015-09-19,14.0,CHI,Oreothlypis,ruficapilla,Parulidae,1690,Yes,Forest,Upper
2015-09-19,14.0,CHI,Oreothlypis,ruficapilla,Parulidae,1690,Yes,Forest,Upper
2015-09-19,14.0,MP,Catharus,minimus,Turdidae,822,Yes,Forest,Lower
2015-09-19,14.0,CHI,Setophaga,caerulescens,Parulidae,183,Yes,Forest,Upper
2015-09-19,14.0,MP,Catharus,minimus,Turdidae,822,Yes,Forest,Lower
2015-09-19,14.0,CHI,catharus,ustulatus,Turdidae,2331,Yes,Forest,Lower
2015-09-19,14.0,CHI,Setophaga,striata,Parulidae,787,Yes,Forest,Upper
2015-09-19,14.0,CHI,Seiurus,aurocapilla,Parulidae,4580,Yes,Forest,Lower
2015-09-19,14.0,CHI,setophaga,ruticilla,Parulidae,868,Yes,Edge,Upper
2015-09-19,14.0,CHI,Setophaga,striata,Parulidae,787,Yes,Forest,Upper
2015-09-19,14.0,CHI,Oreothlypis,peregrina,Parulidae,2515,Yes,Edge,Upper
2015-09-19,14.0,MP,Catharus,minimus,Turdidae,822,Yes,Forest,Lower
2015-09-19,14.0,MP,catharus,ustulatus,Turdidae,2331,Yes,Forest,Lower
2015-09-19,14.0,CHI,Setophaga,striata,Parulidae,787,Yes,Forest,Upper
2015-09-19,14.0,CHI,setophaga,ruticilla,Parulidae,868,Yes,Edge,Upper
2015-09-19,14.0,CHI,catharus,ustulatus,Turdidae,2331,Yes,Forest,Lower
2015-09-19,14.0,MP,Seiurus,aurocapilla,Parulidae,4580,Yes,Forest,Lower
2015-09-19,14.0,CHI,catharus,ustulatus,Turdidae,2331,Yes,Forest,Lower
2015-09-19,14.0,CHI,catharus,ustulatus,Turdidae,2331,Yes,Forest,Lower
2015-09-19,14.0,CHI,Cardellina,canadensis,Parulidae,241,Yes,Forest,Lower
2015-09-19,14.0,MP,Setophaga,palmarum,Parulidae,694,Yes,Edge,Lower
2015-09-19,14.0,CHI,Setophaga,striata,Parulidae,787,Yes,Forest,Upper
2015-09-19,14.0,CHI,Setophaga,striata,Parulidae,787,Yes,Forest,Upper
2015-09-19,14.0,CHI,Seiurus,aurocapilla,Parulidae,4580,Yes,Forest,Lower
2015-09-19,14.0,MP,Setophaga,coronata,Parulidae,887,yes,forest,Upper
2015-09-19,14.0,MP,Oreothlypis,peregrina,Parulidae,2515,Yes,Edge,Upper
2015-09-19,14.0,MP,Oreothlypis,peregrina,Parulidae,2515,Yes,Edge,Upper
2015-09-19,14.0,CHI,Catharus,fuscescens,Turdidae,727,Yes,Forest,Lower
2015-09-19,14.0,CHI,dumetella,carolinensis,Mimidae,599,no,edge,Lower
2015-09-19,14.0,MP,catharus,ustulatus,Turdidae,2331,Yes,Forest,Lower
2015-09-19,14.0,MP,Oreothlypis,peregrina,Parulidae,2515,Yes,Edge,Upper
2015-09-19,14.0,CHI,Setophaga,palmarum,Parulidae,694,Yes,Edge,Lower
2015-09-19,14.0,MP,catharus,ustulatus,Turdidae,2331,Yes,Forest,Lower
2015-09-19,14.0,MP,catharus,ustulatus,Turdidae,2331,Yes,Forest,Lower
2015-09-19,14.0,CHI,Seiurus,aurocapilla,Parulidae,4580,Yes,Forest,Lower
2015-09-19,14.0,CHI,dumetella,carolinensis,Mimidae,599,no,edge,Lower
2015-09-19,14.0,CHI,catharus,ustulatus,Turdidae,2331,Yes,Forest,Lower
2015-09-19,14.0,MP,Spizella,pallida,Passerellidae,50,Yes,Open,Lower
2015-09-19,14.0,CHI,Pheucticus,ludovicianus,Cardinalidae,397,Yes,Forest,Upper
2015-09-19,14.0,CHI,catharus,ustulatus,Turdidae,2331,Yes,Forest,Lower
2015-09-19,14.0,CHI,Oreothlypis,peregrina,Parulidae,2515,Yes,Edge,Upper
2015-09-19,14.0,CHI,Setophaga,magnolia,Parulidae,1224,yes,forest,Upper
2015-09-19,14.0,CHI,Setophaga,magnolia,Parulidae,1224,yes,forest,Upper
2015-09-19,14.0,MP,Setophaga,magnolia,Parulidae,1224,yes,forest,Upper
2015-09-19,14.0,CHI,catharus,ustulatus,Turdidae,2331,Yes,Forest,Lower
2015-09-20,14.0,MP,Setophaga,striata,Parulidae,787,Yes,Forest,Upper
2015-09-20,14.0,CHI,Setophaga,palmarum,Parulidae,694,Yes,Edge,Lower
2015-09-20,14.0,MP,Oreothlypis,ruficapilla,Parulidae,1690,Yes,Forest,Upper
2015-09-20,14.0,CHI,Seiurus,aurocapilla,Parulidae,4580,Yes,Forest,Lower
2015-09-20,14.0,CHI,Setophaga,striata,Parulidae,787,Yes,Forest,Upper
2015-09-20,14.0,CHI,Seiurus,aurocapilla,Parulidae,4580,Yes,Forest,Lower
2015-09-20,14.0,CHI,catharus,ustulatus,Turdidae,2331,Yes,Forest,Lower
2015-09-20,14.0,CHI,Setophaga,striata,Parulidae,787,Yes,Forest,Upper
2015-09-20,14.0,CHI,Geothlypis,trichas,Parulidae,1555,Yes,Open,Lower
2015-09-20,14.0,CHI,Geothlypis,trichas,Parulidae,1555,Yes,Open,Lower
2015-09-20,14.0,CHI,catharus,ustulatus,Turdidae,2331,Yes,Forest,Lower
2015-09-20,14.0,CHI,Geothlypis,trichas,Parulidae,1555,Yes,Open,Lower
2015-09-20,14.0,CHI,Contopus,virens,Tyrannidae,70,No,Forest,Upper
2015-09-20,14.0,CHI,Geothlypis,trichas,Parulidae,1555,Yes,Open,Lower
2015-09-20,14.0,CHI,Contopus,virens,Tyrannidae,70,No,Forest,Upper
2015-09-20,14.0,CHI,Seiurus,aurocapilla,Parulidae,4580,Yes,Forest,Lower
2015-09-20,14.0,CHI,Seiurus,aurocapilla,Parulidae,4580,Yes,Forest,Lower
2015-09-20,14.0,CHI,catharus,ustulatus,Turdidae,2331,Yes,Forest,Lower
2015-09-20,14.0,CHI,Setophaga,striata,Parulidae,787,Yes,Forest,Upper
2015-09-20,14.0,CHI,Seiurus,aurocapilla,Parulidae,4580,Yes,Forest,Lower
2015-09-20,14.0,CHI,catharus,ustulatus,Turdidae,2331,Yes,Forest,Lower
2015-09-20,14.0,CHI,Seiurus,aurocapilla,Parulidae,4580,Yes,Forest,Lower
2015-09-20,14.0,CHI,Seiurus,aurocapilla,Parulidae,4580,Yes,Forest,Lower
2015-09-20,14.0,CHI,Seiurus,aurocapilla,Parulidae,4580,Yes,Forest,Lower
2015-09-20,14.0,CHI,Setophaga,striata,Parulidae,787,Yes,Forest,Upper
2015-09-20,14.0,CHI,Seiurus,aurocapilla,Parulidae,4580,Yes,Forest,Lower
2015-09-20,14.0,CHI,Setophaga,striata,Parulidae,787,Yes,Forest,Upper
2015-09-20,14.0,CHI,Setophaga,striata,Parulidae,787,Yes,Forest,Upper
2015-09-20,14.0,CHI,Setophaga,striata,Parulidae,787,Yes,Forest,Upper
2015-09-20,14.0,CHI,Oreothlypis,ruficapilla,Parulidae,1690,Yes,Forest,Upper
2015-09-20,14.0,CHI,catharus,ustulatus,Turdidae,2331,Yes,Forest,Lower
2015-09-20,14.0,CHI,Setophaga,palmarum,Parulidae,694,Yes,Edge,Lower
2015-09-20,14.0,CHI,Oreothlypis,peregrina,Parulidae,2515,Yes,Edge,Upper
2015-09-20,14.0,CHI,Oreothlypis,ruficapilla,Parulidae,1690,Yes,Forest,Upper
2015-09-20,14.0,CHI,Seiurus,aurocapilla,Parulidae,4580,Yes,Forest,Lower
2015-09-20,14.0,CHI,Catharus,minimus,Turdidae,822,Yes,Forest,Lower
2015-09-20,14.0,CHI,Oreothlypis,ruficapilla,Parulidae,1690,Yes,Forest,Upper
2015-09-20,14.0,CHI,Seiurus,aurocapilla,Parulidae,4580,Yes,Forest,Lower
2015-09-20,14.0,CHI,Oreothlypis,peregrina,Parulidae,2515,Yes,Edge,Upper
2015-09-20,14.0,CHI,Oreothlypis,peregrina,Parulidae,2515,Yes,Edge,Upper
2015-09-20,14.0,CHI,Oreothlypis,peregrina,Parulidae,2515,Yes,Edge,Upper
2015-09-20,14.0,CHI,Seiurus,aurocapilla,Parulidae,4580,Yes,Forest,Lower
2015-09-20,14.0,CHI,Oreothlypis,ruficapilla,Parulidae,1690,Yes,Forest,Upper
2015-09-20,14.0,CHI,Oreothlypis,ruficapilla,Parulidae,1690,Yes,Forest,Upper
2015-09-20,14.0,CHI,Oreothlypis,ruficapilla,Parulidae,1690,Yes,Forest,Upper
2015-09-20,14.0,CHI,Parkesia,noveboracensis,Parulidae,916,Yes,Forest,Lower
2015-09-20,14.0,CHI,Setophaga,castanea,Parulidae,287,Yes,Forest,Upper
2015-09-20,14.0,CHI,Oreothlypis,ruficapilla,Parulidae,1690,Yes,Forest,Upper
2015-09-20,14.0,CHI,Oreothlypis,ruficapilla,Parulidae,1690,Yes,Forest,Upper
2015-09-20,14.0,CHI,Oreothlypis,ruficapilla,Parulidae,1690,Yes,Forest,Upper
2015-09-20,14.0,CHI,Setophaga,caerulescens,Parulidae,183,Yes,Forest,Upper
2015-09-20,14.0,CHI,Oreothlypis,ruficapilla,Parulidae,1690,Yes,Forest,Upper
2015-09-20,14.0,CHI,Oreothlypis,ruficapilla,Parulidae,1690,Yes,Forest,Upper
2015-09-20,14.0,CHI,Seiurus,aurocapilla,Parulidae,4580,Yes,Forest,Lower
2015-09-20,14.0,CHI,Setophaga,castanea,Parulidae,287,Yes,Forest,Upper
2015-09-20,14.0,CHI,Seiurus,aurocapilla,Parulidae,4580,Yes,Forest,Lower
2015-09-20,14.0,CHI,Seiurus,aurocapilla,Parulidae,4580,Yes,Forest,Lower
2015-09-20,14.0,CHI,Oreothlypis,peregrina,Parulidae,2515,Yes,Edge,Upper
2015-09-20,14.0,CHI,Seiurus,aurocapilla,Parulidae,4580,Yes,Forest,Lower
2015-09-20,14.0,CHI,Seiurus,aurocapilla,Parulidae,4580,Yes,Forest,Lower
2015-09-20,14.0,CHI,Oreothlypis,ruficapilla,Parulidae,1690,Yes,Forest,Upper
2015-09-20,14.0,CHI,catharus,ustulatus,Turdidae,2331,Yes,Forest,Lower
2015-09-20,14.0,CHI,catharus,ustulatus,Turdidae,2331,Yes,Forest,Lower
2015-09-20,14.0,CHI,catharus,ustulatus,Turdidae,2331,Yes,Forest,Lower
2015-09-20,14.0,MP,Oreothlypis,ruficapilla,Parulidae,1690,Yes,Forest,Upper
2015-09-20,14.0,CHI,Zonotrichia,albicollis,Passerellidae,10133,Yes,Forest,Lower
2015-09-20,14.0,CHI,catharus,ustulatus,Turdidae,2331,Yes,Forest,Lower
2015-09-20,14.0,CHI,catharus,ustulatus,Turdidae,2331,Yes,Forest,Lower
2015-09-20,14.0,CHI,catharus,ustulatus,Turdidae,2331,Yes,Forest,Lower
2015-09-20,14.0,CHI,catharus,ustulatus,Turdidae,2331,Yes,Forest,Lower
2015-09-20,14.0,CHI,catharus,ustulatus,Turdidae,2331,Yes,Forest,Lower
2015-09-20,14.0,CHI,Zonotrichia,albicollis,Passerellidae,10133,Yes,Forest,Lower
2015-09-20,14.0,CHI,catharus,ustulatus,Turdidae,2331,Yes,Forest,Lower
2015-09-20,14.0,CHI,Zonotrichia,albicollis,Passerellidae,10133,Yes,Forest,Lower
2015-09-20,14.0,CHI,Zonotrichia,albicollis,Passerellidae,10133,Yes,Forest,Lower
2015-09-20,14.0,CHI,catharus,ustulatus,Turdidae,2331,Yes,Forest,Lower
2015-09-20,14.0,CHI,Oporornis,agilis,Parulidae,365,Yes,Forest,Lower
2015-09-20,14.0,CHI,Oporornis,agilis,Parulidae,365,Yes,Forest,Lower
2015-09-20,14.0,CHI,Oporornis,agilis,Parulidae,365,Yes,Forest,Lower
2015-09-20,14.0,CHI,Oreothlypis,ruficapilla,Parulidae,1690,Yes,Forest,Upper
2015-09-20,14.0,CHI,catharus,ustulatus,Turdidae,2331,Yes,Forest,Lower
2015-09-20,14.0,CHI,catharus,ustulatus,Turdidae,2331,Yes,Forest,Lower
2015-09-20,14.0,CHI,Seiurus,aurocapilla,Parulidae,4580,Yes,Forest,Lower
2015-09-20,14.0,CHI,Oreothlypis,ruficapilla,Parulidae,1690,Yes,Forest,Upper
2015-09-20,14.0,CHI,Seiurus,aurocapilla,Parulidae,4580,Yes,Forest,Lower
2015-09-20,14.0,CHI,catharus,ustulatus,Turdidae,2331,Yes,Forest,Lower
2015-09-20,14.0,CHI,Setophaga,pensylvanica,Parulidae,303,Yes,Edge,Upper
2015-09-20,14.0,CHI,Catharus,minimus,Turdidae,822,Yes,Forest,Lower
2015-09-20,14.0,CHI,Oreothlypis,peregrina,Parulidae,2515,Yes,Edge,Upper
2015-09-20,14.0,CHI,cistothorus,palustris,Troglodytidae,91,No,Open,Lower
2015-09-20,14.0,CHI,Setophaga,magnolia,Parulidae,1224,yes,forest,Upper
2015-09-20,14.0,CHI,troglodytes,hiemalis,Troglodytidae,474,No,Forest,Lower
2015-09-20,14.0,CHI,Setophaga,magnolia,Parulidae,1224,yes,forest,Upper
2015-09-20,14.0,CHI,Setophaga,magnolia,Parulidae,1224,yes,forest,Upper
2015-09-20,14.0,CHI,Setophaga,magnolia,Parulidae,1224,yes,forest,Upper
2015-09-20,14.0,CHI,Setophaga,magnolia,Parulidae,1224,yes,forest,Upper
2015-09-20,14.0,CHI,Oreothlypis,peregrina,Parulidae,2515,Yes,Edge,Upper
2015-09-20,14.0,CHI,Setophaga,coronata,Parulidae,887,yes,forest,Upper
2015-09-20,14.0,CHI,catharus,ustulatus,Turdidae,2331,Yes,Forest,Lower
2015-09-20,14.0,CHI,Setophaga,magnolia,Parulidae,1224,yes,forest,Upper
2015-09-20,14.0,CHI,Regulus,calendula,Regulidae,416,No,Forest,Upper
2015-09-20,14.0,CHI,Regulus,calendula,Regulidae,416,No,Forest,Upper
2015-09-20,14.0,CHI,Setophaga,magnolia,Parulidae,1224,yes,forest,Upper
2015-09-20,14.0,CHI,Catharus,minimus,Turdidae,822,Yes,Forest,Lower
2015-09-20,14.0,CHI,Setophaga,magnolia,Parulidae,1224,yes,forest,Upper
2015-09-20,14.0,CHI,Catharus,minimus,Turdidae,822,Yes,Forest,Lower
2015-09-20,14.0,MP,Setophaga,magnolia,Parulidae,1224,yes,forest,Upper
2015-09-20,14.0,CHI,Setophaga,magnolia,Parulidae,1224,yes,forest,Upper
2015-09-20,14.0,CHI,Setophaga,magnolia,Parulidae,1224,yes,forest,Upper
2015-09-20,14.0,CHI,Setophaga,magnolia,Parulidae,1224,yes,forest,Upper
2015-09-20,14.0,CHI,Setophaga,coronata,Parulidae,887,yes,forest,Upper
2015-09-20,14.0,CHI,Setophaga,coronata,Parulidae,887,yes,forest,Upper
2015-09-20,14.0,CHI,Setophaga,coronata,Parulidae,887,yes,forest,Upper
2015-09-20,14.0,CHI,Mniotilta,varia,Parulidae,620,Yes,Forest,Upper
2015-09-20,14.0,CHI,Mniotilta,varia,Parulidae,620,Yes,Forest,Upper
2015-09-20,14.0,CHI,Mniotilta,varia,Parulidae,620,Yes,Forest,Upper
2015-09-20,14.0,CHI,Mniotilta,varia,Parulidae,620,Yes,Forest,Upper
2015-09-20,14.0,CHI,Mniotilta,varia,Parulidae,620,Yes,Forest,Upper
2015-09-20,14.0,CHI,Catharus,minimus,Turdidae,822,Yes,Forest,Lower
2015-09-20,14.0,CHI,Setophaga,americana,Parulidae,59,Yes,Forest,Upper
2015-09-20,14.0,CHI,Setophaga,americana,Parulidae,59,Yes,Forest,Upper
2015-09-20,14.0,CHI,setophaga,ruticilla,Parulidae,868,Yes,Edge,Upper
2015-09-20,14.0,CHI,setophaga,ruticilla,Parulidae,868,Yes,Edge,Upper
2015-09-20,14.0,CHI,setophaga,ruticilla,Parulidae,868,Yes,Edge,Upper
2015-09-20,14.0,CHI,Melospiza,lincolnii,Passerellidae,2029,yes,edge,Lower
2015-09-20,14.0,CHI,Melospiza,lincolnii,Passerellidae,2029,yes,edge,Lower
2015-09-20,14.0,MP,Melospiza,lincolnii,Passerellidae,2029,yes,edge,Lower
2015-09-20,14.0,CHI,Seiurus,aurocapilla,Parulidae,4580,Yes,Forest,Lower
2015-09-20,14.0,CHI,Seiurus,aurocapilla,Parulidae,4580,Yes,Forest,Lower
2015-09-20,14.0,CHI,Setophaga,virens,Parulidae,223,Yes,Forest,Upper
2015-09-20,14.0,CHI,Seiurus,aurocapilla,Parulidae,4580,Yes,Forest,Lower
2015-09-20,14.0,CHI,Setophaga,pensylvanica,Parulidae,303,Yes,Edge,Upper
2015-09-20,14.0,CHI,Setophaga,caerulescens,Parulidae,183,Yes,Forest,Upper
2015-09-20,14.0,CHI,Seiurus,aurocapilla,Parulidae,4580,Yes,Forest,Lower
2015-09-20,14.0,CHI,Seiurus,aurocapilla,Parulidae,4580,Yes,Forest,Lower
2015-09-20,14.0,CHI,Setophaga,virens,Parulidae,223,Yes,Forest,Upper
2015-09-20,14.0,CHI,Setophaga,magnolia,Parulidae,1224,yes,forest,Upper
2015-09-20,14.0,CHI,Setophaga,magnolia,Parulidae,1224,yes,forest,Upper
2015-09-20,14.0,CHI,Setophaga,fusca,Parulidae,201,Yes,Forest,Upper
2015-09-20,14.0,CHI,Seiurus,aurocapilla,Parulidae,4580,Yes,Forest,Lower
2015-09-20,14.0,CHI,Catharus,guttatus,Turdidae,3729,Yes,Forest,Lower
2015-09-20,14.0,CHI,Oreothlypis,peregrina,Parulidae,2515,Yes,Edge,Upper
2015-09-20,14.0,CHI,Catharus,minimus,Turdidae,822,Yes,Forest,Lower
2015-09-20,14.0,CHI,Seiurus,aurocapilla,Parulidae,4580,Yes,Forest,Lower
2015-09-20,14.0,CHI,Pheucticus,ludovicianus,Cardinalidae,397,Yes,Forest,Upper
2015-09-20,14.0,CHI,Catharus,minimus,Turdidae,822,Yes,Forest,Lower
2015-09-20,14.0,CHI,Catharus,minimus,Turdidae,822,Yes,Forest,Lower
2015-09-20,14.0,CHI,Seiurus,aurocapilla,Parulidae,4580,Yes,Forest,Lower
2015-09-20,14.0,CHI,Seiurus,aurocapilla,Parulidae,4580,Yes,Forest,Lower
2015-09-20,14.0,CHI,Oreothlypis,peregrina,Parulidae,2515,Yes,Edge,Upper
2015-09-20,14.0,CHI,Oreothlypis,peregrina,Parulidae,2515,Yes,Edge,Upper
2015-09-20,14.0,CHI,Seiurus,aurocapilla,Parulidae,4580,Yes,Forest,Lower
2015-09-20,14.0,CHI,Seiurus,aurocapilla,Parulidae,4580,Yes,Forest,Lower
2015-09-20,14.0,MP,Seiurus,aurocapilla,Parulidae,4580,Yes,Forest,Lower
2015-09-20,14.0,CHI,Oreothlypis,peregrina,Parulidae,2515,Yes,Edge,Upper
2015-09-21,14.0,CHI,Catharus,minimus,Turdidae,822,Yes,Forest,Lower
2015-09-21,14.0,CHI,Setophaga,magnolia,Parulidae,1224,yes,forest,Upper
2015-09-21,14.0,MP,Zonotrichia,albicollis,Passerellidae,10133,Yes,Forest,Lower
2015-09-21,14.0,CHI,catharus,ustulatus,Turdidae,2331,Yes,Forest,Lower
2015-09-21,14.0,CHI,catharus,ustulatus,Turdidae,2331,Yes,Forest,Lower
2015-09-21,14.0,CHI,catharus,ustulatus,Turdidae,2331,Yes,Forest,Lower
2015-09-21,14.0,CHI,catharus,ustulatus,Turdidae,2331,Yes,Forest,Lower
2015-09-21,14.0,CHI,Oreothlypis,ruficapilla,Parulidae,1690,Yes,Forest,Upper
2015-09-21,14.0,CHI,Catharus,minimus,Turdidae,822,Yes,Forest,Lower
2015-09-21,14.0,CHI,Catharus,guttatus,Turdidae,3729,Yes,Forest,Lower
2015-09-21,14.0,CHI,Catharus,minimus,Turdidae,822,Yes,Forest,Lower
2015-09-21,14.0,CHI,Oreothlypis,peregrina,Parulidae,2515,Yes,Edge,Upper
2015-09-21,14.0,CHI,Oreothlypis,ruficapilla,Parulidae,1690,Yes,Forest,Upper
2015-09-21,14.0,CHI,Catharus,minimus,Turdidae,822,Yes,Forest,Lower
2015-09-21,14.0,CHI,Oreothlypis,ruficapilla,Parulidae,1690,Yes,Forest,Upper
2015-09-21,14.0,CHI,Cardellina,pusilla,Parulidae,185,Yes,Edge,Lower
2015-09-21,14.0,CHI,Oreothlypis,peregrina,Parulidae,2515,Yes,Edge,Upper
2015-09-21,14.0,MP,Oreothlypis,peregrina,Parulidae,2515,Yes,Edge,Upper
2015-09-21,14.0,CHI,Oreothlypis,ruficapilla,Parulidae,1690,Yes,Forest,Upper
2015-09-21,14.0,CHI,Setophaga,striata,Parulidae,787,Yes,Forest,Upper
2015-09-21,14.0,CHI,Setophaga,coronata,Parulidae,887,yes,forest,Upper
2015-09-21,14.0,CHI,Seiurus,aurocapilla,Parulidae,4580,Yes,Forest,Lower
2015-09-21,14.0,CHI,Oreothlypis,peregrina,Parulidae,2515,Yes,Edge,Upper
2015-09-21,14.0,CHI,Oporornis,agilis,Parulidae,365,Yes,Forest,Lower
2015-09-21,14.0,CHI,setophaga,ruticilla,Parulidae,868,Yes,Edge,Upper
2015-09-21,14.0,CHI,Oreothlypis,peregrina,Parulidae,2515,Yes,Edge,Upper
2015-09-21,14.0,CHI,Seiurus,aurocapilla,Parulidae,4580,Yes,Forest,Lower
2015-09-21,14.0,CHI,Oreothlypis,ruficapilla,Parulidae,1690,Yes,Forest,Upper
2015-09-21,14.0,CHI,Oreothlypis,ruficapilla,Parulidae,1690,Yes,Forest,Upper
2015-09-21,14.0,CHI,Setophaga,striata,Parulidae,787,Yes,Forest,Upper
2015-09-21,14.0,CHI,Seiurus,aurocapilla,Parulidae,4580,Yes,Forest,Lower
2015-09-21,14.0,CHI,Setophaga,pinus,Parulidae,49,Yes,Forest,Upper
2015-09-22,4.0,CHI,Oreothlypis,ruficapilla,Parulidae,1690,Yes,Forest,Upper
2015-09-22,4.0,CHI,Cardellina,pusilla,Parulidae,185,Yes,Edge,Lower
2015-09-22,4.0,CHI,Setophaga,magnolia,Parulidae,1224,yes,forest,Upper
2015-09-22,4.0,CHI,Setophaga,magnolia,Parulidae,1224,yes,forest,Upper
2015-09-22,4.0,CHI,Oreothlypis,ruficapilla,Parulidae,1690,Yes,Forest,Upper
2015-09-22,4.0,CHI,Oreothlypis,peregrina,Parulidae,2515,Yes,Edge,Upper
2015-09-22,4.0,CHI,Setophaga,virens,Parulidae,223,Yes,Forest,Upper
2015-09-22,4.0,CHI,Melospiza,lincolnii,Passerellidae,2029,yes,edge,Lower
2015-09-23,4.0,CHI,Zonotrichia,albicollis,Passerellidae,10133,Yes,Forest,Lower
2015-09-23,4.0,CHI,Zonotrichia,albicollis,Passerellidae,10133,Yes,Forest,Lower
2015-09-23,4.0,CHI,Setophaga,magnolia,Parulidae,1224,yes,forest,Upper
2015-09-23,4.0,CHI,Seiurus,aurocapilla,Parulidae,4580,Yes,Forest,Lower
2015-09-23,4.0,CHI,Setophaga,palmarum,Parulidae,694,Yes,Edge,Lower
2015-09-23,4.0,CHI,Zonotrichia,albicollis,Passerellidae,10133,Yes,Forest,Lower
2015-09-23,4.0,CHI,Oreothlypis,ruficapilla,Parulidae,1690,Yes,Forest,Upper
2015-09-23,4.0,CHI,Setophaga,striata,Parulidae,787,Yes,Forest,Upper
2015-09-23,4.0,CHI,setophaga,ruticilla,Parulidae,868,Yes,Edge,Upper
2015-09-23,4.0,CHI,Oreothlypis,ruficapilla,Parulidae,1690,Yes,Forest,Upper
2015-09-23,4.0,CHI,Oreothlypis,peregrina,Parulidae,2515,Yes,Edge,Upper
2015-09-23,4.0,CHI,Mniotilta,varia,Parulidae,620,Yes,Forest,Upper
2015-09-23,4.0,CHI,Setophaga,virens,Parulidae,223,Yes,Forest,Upper
2015-09-23,4.0,CHI,Oreothlypis,ruficapilla,Parulidae,1690,Yes,Forest,Upper
2015-09-23,4.0,CHI,Oreothlypis,ruficapilla,Parulidae,1690,Yes,Forest,Upper
2015-09-23,4.0,CHI,Oreothlypis,peregrina,Parulidae,2515,Yes,Edge,Upper
2015-09-23,4.0,CHI,Zonotrichia,albicollis,Passerellidae,10133,Yes,Forest,Lower
2015-09-23,4.0,CHI,Melospiza,lincolnii,Passerellidae,2029,yes,edge,Lower
2015-09-23,4.0,CHI,Seiurus,aurocapilla,Parulidae,4580,Yes,Forest,Lower
2015-09-23,4.0,CHI,Seiurus,aurocapilla,Parulidae,4580,Yes,Forest,Lower
2015-09-23,4.0,CHI,Setophaga,striata,Parulidae,787,Yes,Forest,Upper
2015-09-23,4.0,CHI,dumetella,carolinensis,Mimidae,599,no,edge,Lower
2015-09-23,4.0,CHI,Setophaga,pensylvanica,Parulidae,303,Yes,Edge,Upper
2015-09-23,4.0,CHI,Seiurus,aurocapilla,Parulidae,4580,Yes,Forest,Lower
2015-09-25,4.0,CHI,Setophaga,striata,Parulidae,787,Yes,Forest,Upper
2015-09-25,4.0,CHI,Setophaga,striata,Parulidae,787,Yes,Forest,Upper
2015-09-25,4.0,CHI,Geothlypis,trichas,Parulidae,1555,Yes,Open,Lower
2015-09-25,4.0,CHI,Catharus,minimus,Turdidae,822,Yes,Forest,Lower
2015-09-25,4.0,CHI,Zonotrichia,albicollis,Passerellidae,10133,Yes,Forest,Lower
2015-09-25,4.0,MP,Zonotrichia,albicollis,Passerellidae,10133,Yes,Forest,Lower
2015-09-25,4.0,CHI,Oreothlypis,peregrina,Parulidae,2515,Yes,Edge,Upper
2015-09-25,4.0,CHI,Melospiza,lincolnii,Passerellidae,2029,yes,edge,Lower
2015-09-25,4.0,CHI,Melospiza,lincolnii,Passerellidae,2029,yes,edge,Lower
2015-09-25,4.0,CHI,Oreothlypis,peregrina,Parulidae,2515,Yes,Edge,Upper
2015-09-25,4.0,CHI,Melospiza,lincolnii,Passerellidae,2029,yes,edge,Lower
2015-09-25,4.0,CHI,Melospiza,lincolnii,Passerellidae,2029,yes,edge,Lower
2015-09-25,4.0,CHI,Setophaga,striata,Parulidae,787,Yes,Forest,Upper
2015-09-25,4.0,CHI,catharus,ustulatus,Turdidae,2331,Yes,Forest,Lower
2015-09-25,4.0,CHI,Pheucticus,ludovicianus,Cardinalidae,397,Yes,Forest,Upper
2015-09-25,4.0,CHI,Oreothlypis,ruficapilla,Parulidae,1690,Yes,Forest,Upper
2015-09-25,4.0,CHI,Oreothlypis,ruficapilla,Parulidae,1690,Yes,Forest,Upper
2015-09-25,4.0,CHI,Oreothlypis,ruficapilla,Parulidae,1690,Yes,Forest,Upper
2015-09-26,4.0,CHI,setophaga,ruticilla,Parulidae,868,Yes,Edge,Upper
2015-09-26,4.0,CHI,Zonotrichia,albicollis,Passerellidae,10133,Yes,Forest,Lower
2015-09-26,4.0,CHI,Setophaga,caerulescens,Parulidae,183,Yes,Forest,Upper
2015-09-26,4.0,CHI,Zonotrichia,albicollis,Passerellidae,10133,Yes,Forest,Lower
2015-09-26,4.0,CHI,Catharus,minimus,Turdidae,822,Yes,Forest,Lower
2015-09-26,4.0,CHI,Setophaga,magnolia,Parulidae,1224,yes,forest,Upper
2015-09-26,4.0,CHI,Seiurus,aurocapilla,Parulidae,4580,Yes,Forest,Lower
2015-09-26,4.0,CHI,catharus,ustulatus,Turdidae,2331,Yes,Forest,Lower
2015-09-26,4.0,CHI,Setophaga,fusca,Parulidae,201,Yes,Forest,Upper
2015-09-26,4.0,CHI,Oreothlypis,ruficapilla,Parulidae,1690,Yes,Forest,Upper
2015-09-26,4.0,CHI,Oreothlypis,ruficapilla,Parulidae,1690,Yes,Forest,Upper
2015-09-26,4.0,CHI,Oreothlypis,ruficapilla,Parulidae,1690,Yes,Forest,Upper
2015-09-26,4.0,CHI,Oreothlypis,ruficapilla,Parulidae,1690,Yes,Forest,Upper
2015-09-26,4.0,CHI,Melospiza,lincolnii,Passerellidae,2029,yes,edge,Lower
2015-09-26,4.0,CHI,Seiurus,aurocapilla,Parulidae,4580,Yes,Forest,Lower
2015-09-26,4.0,CHI,Geothlypis,trichas,Parulidae,1555,Yes,Open,Lower
2015-09-26,4.0,CHI,Toxostoma,rufum,Mimidae,166,No,Edge,Lower
2015-09-26,4.0,CHI,Setophaga,striata,Parulidae,787,Yes,Forest,Upper
2015-09-26,4.0,CHI,Melospiza,lincolnii,Passerellidae,2029,yes,edge,Lower
2015-09-26,4.0,CHI,Melospiza,lincolnii,Passerellidae,2029,yes,edge,Lower
2015-09-26,4.0,CHI,Setophaga,palmarum,Parulidae,694,Yes,Edge,Lower
2015-09-26,4.0,CHI,Catharus,minimus,Turdidae,822,Yes,Forest,Lower
2015-09-28,6.0,CHI,Oreothlypis,peregrina,Parulidae,2515,Yes,Edge,Upper
2015-09-28,6.0,CHI,Empidonax,minimus,Tyrannidae,96,No,Edge,Upper
2015-09-28,6.0,CHI,Oreothlypis,peregrina,Parulidae,2515,Yes,Edge,Upper
2015-09-28,6.0,CHI,Oreothlypis,peregrina,Parulidae,2515,Yes,Edge,Upper
2015-09-28,6.0,CHI,Oreothlypis,peregrina,Parulidae,2515,Yes,Edge,Upper
2015-09-28,6.0,CHI,Catharus,minimus,Turdidae,822,Yes,Forest,Lower
2015-09-28,6.0,CHI,Zonotrichia,albicollis,Passerellidae,10133,Yes,Forest,Lower
2015-09-28,6.0,CHI,Seiurus,aurocapilla,Parulidae,4580,Yes,Forest,Lower
2015-09-28,6.0,CHI,catharus,ustulatus,Turdidae,2331,Yes,Forest,Lower
2015-09-28,6.0,CHI,Geothlypis,trichas,Parulidae,1555,Yes,Open,Lower
2015-09-28,6.0,CHI,Setophaga,striata,Parulidae,787,Yes,Forest,Upper
2015-09-28,6.0,CHI,catharus,ustulatus,Turdidae,2331,Yes,Forest,Lower
2015-09-29,7.0,CHI,Seiurus,aurocapilla,Parulidae,4580,Yes,Forest,Lower
2015-09-29,7.0,CHI,Cardellina,pusilla,Parulidae,185,Yes,Edge,Lower
2015-09-29,7.0,CHI,Setophaga,magnolia,Parulidae,1224,yes,forest,Upper
2015-09-29,7.0,CHI,Setophaga,magnolia,Parulidae,1224,yes,forest,Upper
2015-09-29,7.0,CHI,Seiurus,aurocapilla,Parulidae,4580,Yes,Forest,Lower
2015-09-29,7.0,CHI,Catharus,guttatus,Turdidae,3729,Yes,Forest,Lower
2015-09-29,7.0,MP,Oreothlypis,peregrina,Parulidae,2515,Yes,Edge,Upper
2015-09-29,7.0,CHI,catharus,ustulatus,Turdidae,2331,Yes,Forest,Lower
2015-09-29,7.0,CHI,Hylocichla,mustelina,Turdidae,500,Yes,Forest,Lower
2015-09-29,7.0,CHI,Oreothlypis,ruficapilla,Parulidae,1690,Yes,Forest,Upper
2015-09-29,7.0,CHI,Hylocichla,mustelina,Turdidae,500,Yes,Forest,Lower
2015-09-29,7.0,CHI,Hylocichla,mustelina,Turdidae,500,Yes,Forest,Lower
2015-09-29,7.0,CHI,Junco,hyemalis,Passerellidae,6303,Yes,Edge,Lower
2015-09-29,7.0,CHI,Zonotrichia,albicollis,Passerellidae,10133,Yes,Forest,Lower
2015-09-29,7.0,CHI,Contopus,virens,Tyrannidae,70,No,Forest,Upper
2015-09-29,7.0,CHI,Oreothlypis,peregrina,Parulidae,2515,Yes,Edge,Upper
2015-09-29,7.0,CHI,Oreothlypis,peregrina,Parulidae,2515,Yes,Edge,Upper
2015-09-29,7.0,CHI,Geothlypis,trichas,Parulidae,1555,Yes,Open,Lower
2015-09-30,8.0,CHI,Seiurus,aurocapilla,Parulidae,4580,Yes,Forest,Lower
2015-09-30,8.0,CHI,catharus,ustulatus,Turdidae,2331,Yes,Forest,Lower
2015-09-30,8.0,MP,Junco,hyemalis,Passerellidae,6303,Yes,Edge,Lower
2015-09-30,8.0,CHI,Regulus,calendula,Regulidae,416,No,Forest,Upper
2015-09-30,8.0,CHI,Oreothlypis,celata,Parulidae,227,Yes,Edge,Lower
2015-09-30,8.0,CHI,Zonotrichia,albicollis,Passerellidae,10133,Yes,Forest,Lower
2015-09-30,8.0,MP,Setophaga,coronata,Parulidae,887,yes,forest,Upper
2015-09-30,8.0,CHI,Regulus,satrapa,Regulidae,1029,Yes,Forest,Upper
2015-09-30,8.0,CHI,Zonotrichia,albicollis,Passerellidae,10133,Yes,Forest,Lower
2015-09-30,8.0,CHI,Zonotrichia,albicollis,Passerellidae,10133,Yes,Forest,Lower
2015-09-30,8.0,CHI,Regulus,satrapa,Regulidae,1029,Yes,Forest,Upper
2015-09-30,8.0,CHI,Zonotrichia,albicollis,Passerellidae,10133,Yes,Forest,Lower
2015-09-30,8.0,CHI,Zonotrichia,albicollis,Passerellidae,10133,Yes,Forest,Lower
2015-09-30,8.0,CHI,Regulus,satrapa,Regulidae,1029,Yes,Forest,Upper
2015-09-30,8.0,CHI,Zonotrichia,albicollis,Passerellidae,10133,Yes,Forest,Lower
2015-09-30,8.0,CHI,Melospiza,melodia,Passerellidae,5124,Yes,Edge,Lower
2015-09-30,8.0,MP,Melospiza,melodia,Passerellidae,5124,Yes,Edge,Lower
2015-09-30,8.0,CHI,Zonotrichia,albicollis,Passerellidae,10133,Yes,Forest,Lower
2015-09-30,8.0,CHI,Zonotrichia,albicollis,Passerellidae,10133,Yes,Forest,Lower
2015-09-30,8.0,CHI,Zonotrichia,albicollis,Passerellidae,10133,Yes,Forest,Lower
2015-09-30,8.0,MP,Setophaga,coronata,Parulidae,887,yes,forest,Upper
2015-09-30,8.0,CHI,Zonotrichia,albicollis,Passerellidae,10133,Yes,Forest,Lower
2015-09-30,8.0,CHI,Regulus,satrapa,Regulidae,1029,Yes,Forest,Upper
2015-09-30,8.0,CHI,Zonotrichia,leucophrys,Passerellidae,1090,Yes,Edge,Lower
2015-09-30,8.0,CHI,Zonotrichia,albicollis,Passerellidae,10133,Yes,Forest,Lower
2015-09-30,8.0,CHI,Regulus,satrapa,Regulidae,1029,Yes,Forest,Upper
2015-09-30,8.0,CHI,Zonotrichia,albicollis,Passerellidae,10133,Yes,Forest,Lower
2015-09-30,8.0,CHI,Zonotrichia,albicollis,Passerellidae,10133,Yes,Forest,Lower
2015-09-30,8.0,CHI,Zonotrichia,albicollis,Passerellidae,10133,Yes,Forest,Lower
2015-09-30,8.0,CHI,Zonotrichia,albicollis,Passerellidae,10133,Yes,Forest,Lower
2015-09-30,8.0,CHI,Zonotrichia,albicollis,Passerellidae,10133,Yes,Forest,Lower
2015-09-30,8.0,CHI,Geothlypis,trichas,Parulidae,1555,Yes,Open,Lower
2015-09-30,8.0,CHI,Zonotrichia,albicollis,Passerellidae,10133,Yes,Forest,Lower
2015-09-30,8.0,CHI,Catharus,minimus,Turdidae,822,Yes,Forest,Lower
2015-09-30,8.0,CHI,Regulus,satrapa,Regulidae,1029,Yes,Forest,Upper
2015-09-30,8.0,CHI,Regulus,satrapa,Regulidae,1029,Yes,Forest,Upper
2015-09-30,8.0,CHI,Regulus,satrapa,Regulidae,1029,Yes,Forest,Upper
2015-09-30,8.0,CHI,Zonotrichia,albicollis,Passerellidae,10133,Yes,Forest,Lower
2015-09-30,8.0,CHI,Zonotrichia,albicollis,Passerellidae,10133,Yes,Forest,Lower
2015-09-30,8.0,CHI,Contopus,virens,Tyrannidae,70,No,Forest,Upper
2015-09-30,8.0,CHI,Catharus,minimus,Turdidae,822,Yes,Forest,Lower
2015-09-30,8.0,CHI,Regulus,satrapa,Regulidae,1029,Yes,Forest,Upper
2015-09-30,8.0,CHI,Zonotrichia,leucophrys,Passerellidae,1090,Yes,Edge,Lower
2015-09-30,8.0,CHI,Zonotrichia,albicollis,Passerellidae,10133,Yes,Forest,Lower
2015-09-30,8.0,CHI,Zonotrichia,leucophrys,Passerellidae,1090,Yes,Edge,Lower
2015-09-30,8.0,CHI,Oreothlypis,peregrina,Parulidae,2515,Yes,Edge,Upper
2015-09-30,8.0,MP,Oreothlypis,peregrina,Parulidae,2515,Yes,Edge,Upper
2015-09-30,8.0,CHI,Zonotrichia,albicollis,Passerellidae,10133,Yes,Forest,Lower
2015-09-30,8.0,CHI,Zonotrichia,albicollis,Passerellidae,10133,Yes,Forest,Lower
2015-09-30,8.0,CHI,Zonotrichia,albicollis,Passerellidae,10133,Yes,Forest,Lower
2015-09-30,8.0,CHI,Zonotrichia,albicollis,Passerellidae,10133,Yes,Forest,Lower
2015-09-30,8.0,CHI,Zonotrichia,albicollis,Passerellidae,10133,Yes,Forest,Lower
2015-09-30,8.0,CHI,Zonotrichia,albicollis,Passerellidae,10133,Yes,Forest,Lower
2015-09-30,8.0,CHI,Zonotrichia,leucophrys,Passerellidae,1090,Yes,Edge,Lower
2015-09-30,8.0,CHI,Zonotrichia,albicollis,Passerellidae,10133,Yes,Forest,Lower
2015-09-30,8.0,CHI,Zonotrichia,albicollis,Passerellidae,10133,Yes,Forest,Lower
2015-09-30,8.0,CHI,Zonotrichia,albicollis,Passerellidae,10133,Yes,Forest,Lower
2015-09-30,8.0,CHI,troglodytes,hiemalis,Troglodytidae,474,No,Forest,Lower
2015-09-30,8.0,CHI,Regulus,satrapa,Regulidae,1029,Yes,Forest,Upper
2015-09-30,8.0,CHI,Oreothlypis,ruficapilla,Parulidae,1690,Yes,Forest,Upper
2015-09-30,8.0,MP,Oreothlypis,ruficapilla,Parulidae,1690,Yes,Forest,Upper
2015-09-30,8.0,CHI,Zonotrichia,albicollis,Passerellidae,10133,Yes,Forest,Lower
2015-09-30,8.0,CHI,Oreothlypis,ruficapilla,Parulidae,1690,Yes,Forest,Upper
2015-09-30,8.0,CHI,Oreothlypis,ruficapilla,Parulidae,1690,Yes,Forest,Upper
2015-09-30,8.0,CHI,Oreothlypis,ruficapilla,Parulidae,1690,Yes,Forest,Upper
2015-09-30,8.0,CHI,Zonotrichia,albicollis,Passerellidae,10133,Yes,Forest,Lower
2015-09-30,8.0,CHI,Zonotrichia,albicollis,Passerellidae,10133,Yes,Forest,Lower
2015-09-30,8.0,CHI,Oreothlypis,ruficapilla,Parulidae,1690,Yes,Forest,Upper
2015-09-30,8.0,CHI,Zonotrichia,leucophrys,Passerellidae,1090,Yes,Edge,Lower
2015-09-30,8.0,CHI,Zonotrichia,albicollis,Passerellidae,10133,Yes,Forest,Lower
2015-09-30,8.0,CHI,Zonotrichia,albicollis,Passerellidae,10133,Yes,Forest,Lower
2015-09-30,8.0,CHI,Zonotrichia,albicollis,Passerellidae,10133,Yes,Forest,Lower
2015-10-01,8.0,CHI,Zonotrichia,albicollis,Passerellidae,10133,Yes,Forest,Lower
2015-10-01,8.0,CHI,Zonotrichia,albicollis,Passerellidae,10133,Yes,Forest,Lower
2015-10-01,8.0,CHI,Zonotrichia,leucophrys,Passerellidae,1090,Yes,Edge,Lower
2015-10-01,8.0,CHI,Zonotrichia,albicollis,Passerellidae,10133,Yes,Forest,Lower
2015-10-01,8.0,CHI,Passerina,cyanea,Cardinalidae,725,yes,edge,Upper
2015-10-01,8.0,CHI,Zonotrichia,albicollis,Passerellidae,10133,Yes,Forest,Lower
2015-10-01,8.0,CHI,Oreothlypis,ruficapilla,Parulidae,1690,Yes,Forest,Upper
2015-10-01,8.0,CHI,Zonotrichia,albicollis,Passerellidae,10133,Yes,Forest,Lower
2015-10-01,8.0,CHI,Oreothlypis,ruficapilla,Parulidae,1690,Yes,Forest,Upper
2015-10-01,8.0,CHI,Zonotrichia,albicollis,Passerellidae,10133,Yes,Forest,Lower
2015-10-01,8.0,CHI,Zonotrichia,albicollis,Passerellidae,10133,Yes,Forest,Lower
2015-10-01,8.0,CHI,Oreothlypis,ruficapilla,Parulidae,1690,Yes,Forest,Upper
2015-10-01,8.0,CHI,Sitta,canadensis,Sittidae,260,Yes,Forest,Upper
2015-10-01,8.0,CHI,Oreothlypis,ruficapilla,Parulidae,1690,Yes,Forest,Upper
2015-10-01,8.0,CHI,Setophaga,striata,Parulidae,787,Yes,Forest,Upper
2015-10-01,8.0,CHI,Setophaga,striata,Parulidae,787,Yes,Forest,Upper
2015-10-01,8.0,CHI,Zonotrichia,albicollis,Passerellidae,10133,Yes,Forest,Lower
2015-10-01,8.0,CHI,Zonotrichia,albicollis,Passerellidae,10133,Yes,Forest,Lower
2015-10-01,8.0,CHI,Regulus,satrapa,Regulidae,1029,Yes,Forest,Upper
2015-10-01,8.0,CHI,Regulus,satrapa,Regulidae,1029,Yes,Forest,Upper
2015-10-01,8.0,CHI,Toxostoma,rufum,Mimidae,166,No,Edge,Lower
2015-10-01,8.0,CHI,Regulus,satrapa,Regulidae,1029,Yes,Forest,Upper
2015-10-01,8.0,CHI,Junco,hyemalis,Passerellidae,6303,Yes,Edge,Lower
2015-10-01,8.0,CHI,Melospiza,lincolnii,Passerellidae,2029,yes,edge,Lower
2015-10-01,8.0,CHI,Junco,hyemalis,Passerellidae,6303,Yes,Edge,Lower
2015-10-01,8.0,CHI,Melospiza,lincolnii,Passerellidae,2029,yes,edge,Lower
2015-10-01,8.0,CHI,Melospiza,lincolnii,Passerellidae,2029,yes,edge,Lower
2015-10-01,8.0,CHI,Melospiza,lincolnii,Passerellidae,2029,yes,edge,Lower
2015-10-01,8.0,CHI,setophaga,ruticilla,Parulidae,868,Yes,Edge,Upper
2015-10-02,5.0,CHI,Zonotrichia,leucophrys,Passerellidae,1090,Yes,Edge,Lower
2015-10-02,5.0,CHI,Zonotrichia,leucophrys,Passerellidae,1090,Yes,Edge,Lower
2015-10-02,5.0,CHI,Zonotrichia,albicollis,Passerellidae,10133,Yes,Forest,Lower
2015-10-02,5.0,CHI,Zonotrichia,albicollis,Passerellidae,10133,Yes,Forest,Lower
2015-10-02,5.0,CHI,Setophaga,striata,Parulidae,787,Yes,Forest,Upper
2015-10-02,5.0,CHI,Oreothlypis,ruficapilla,Parulidae,1690,Yes,Forest,Upper
2015-10-02,5.0,CHI,Oreothlypis,ruficapilla,Parulidae,1690,Yes,Forest,Upper
2015-10-02,5.0,CHI,catharus,ustulatus,Turdidae,2331,Yes,Forest,Lower
2015-10-02,5.0,CHI,dumetella,carolinensis,Mimidae,599,no,edge,Lower
2015-10-02,5.0,CHI,Passerculus,sandwichensis,Passerellidae,274,yes,open,Lower	
2015-10-02,5.0,CHI,Zonotrichia,leucophrys,Passerellidae,1090,Yes,Edge,Lower
2015-10-03,4.0,MP,Zonotrichia,albicollis,Passerellidae,10133,Yes,Forest,Lower
2015-10-03,4.0,CHI,Zonotrichia,albicollis,Passerellidae,10133,Yes,Forest,Lower
2015-10-03,4.0,CHI,Setophaga,coronata,Parulidae,887,yes,forest,Upper
2015-10-03,4.0,CHI,Zonotrichia,albicollis,Passerellidae,10133,Yes,Forest,Lower
2015-10-03,4.0,CHI,Zonotrichia,albicollis,Passerellidae,10133,Yes,Forest,Lower
2015-10-05,4.0,CHI,Oreothlypis,peregrina,Parulidae,2515,Yes,Edge,Upper
2015-10-05,4.0,CHI,Setophaga,magnolia,Parulidae,1224,yes,forest,Upper
2015-10-05,4.0,CHI,Oreothlypis,peregrina,Parulidae,2515,Yes,Edge,Upper
2015-10-05,4.0,CHI,Setophaga,striata,Parulidae,787,Yes,Forest,Upper
2015-10-05,4.0,CHI,Seiurus,aurocapilla,Parulidae,4580,Yes,Forest,Lower
2015-10-05,4.0,CHI,Oreothlypis,celata,Parulidae,227,Yes,Edge,Lower
2015-10-05,4.0,CHI,Seiurus,aurocapilla,Parulidae,4580,Yes,Forest,Lower
2015-10-05,4.0,CHI,Oporornis,agilis,Parulidae,365,Yes,Forest,Lower
2015-10-05,4.0,CHI,Regulus,satrapa,Regulidae,1029,Yes,Forest,Upper
2015-10-05,4.0,CHI,Seiurus,aurocapilla,Parulidae,4580,Yes,Forest,Lower
2015-10-06,9.0,CHI,Oreothlypis,peregrina,Parulidae,2515,Yes,Edge,Upper
2015-10-06,9.0,CHI,Oreothlypis,ruficapilla,Parulidae,1690,Yes,Forest,Upper
2015-10-06,9.0,MP,Oreothlypis,peregrina,Parulidae,2515,Yes,Edge,Upper
2015-10-06,9.0,CHI,Catharus,minimus,Turdidae,822,Yes,Forest,Lower
2015-10-06,9.0,CHI,Setophaga,magnolia,Parulidae,1224,yes,forest,Upper
2015-10-06,9.0,CHI,Catharus,guttatus,Turdidae,3729,Yes,Forest,Lower
2015-10-06,9.0,CHI,Regulus,satrapa,Regulidae,1029,Yes,Forest,Upper
2015-10-07,12.0,CHI,Catharus,guttatus,Turdidae,3729,Yes,Forest,Lower
2015-10-07,12.0,CHI,Passerella,iliaca,Passerellidae,2443,Yes,Edge,Lower
2015-10-07,12.0,CHI,Passerella,iliaca,Passerellidae,2443,Yes,Edge,Lower
2015-10-07,12.0,MP,Passerella,iliaca,Passerellidae,2443,Yes,Edge,Lower
2015-10-07,12.0,CHI,Zonotrichia,albicollis,Passerellidae,10133,Yes,Forest,Lower
2015-10-07,12.0,CHI,Passerella,iliaca,Passerellidae,2443,Yes,Edge,Lower
2015-10-07,12.0,CHI,Passerella,iliaca,Passerellidae,2443,Yes,Edge,Lower
2015-10-07,12.0,CHI,Passerella,iliaca,Passerellidae,2443,Yes,Edge,Lower
2015-10-07,12.0,CHI,Passerella,iliaca,Passerellidae,2443,Yes,Edge,Lower
2015-10-07,12.0,CHI,Catharus,guttatus,Turdidae,3729,Yes,Forest,Lower
2015-10-07,12.0,CHI,troglodytes,hiemalis,Troglodytidae,474,No,Forest,Lower
2015-10-07,12.0,CHI,Passerella,iliaca,Passerellidae,2443,Yes,Edge,Lower
2015-10-07,12.0,CHI,Catharus,guttatus,Turdidae,3729,Yes,Forest,Lower
2015-10-07,12.0,CHI,Catharus,guttatus,Turdidae,3729,Yes,Forest,Lower
2015-10-07,12.0,CHI,Catharus,guttatus,Turdidae,3729,Yes,Forest,Lower
2015-10-07,12.0,CHI,Catharus,guttatus,Turdidae,3729,Yes,Forest,Lower
2015-10-07,12.0,CHI,Catharus,guttatus,Turdidae,3729,Yes,Forest,Lower
2015-10-07,12.0,CHI,Catharus,guttatus,Turdidae,3729,Yes,Forest,Lower
2015-10-07,12.0,CHI,Setophaga,coronata,Parulidae,887,yes,forest,Upper
2015-10-07,12.0,MP,Setophaga,coronata,Parulidae,887,yes,forest,Upper
2015-10-07,12.0,CHI,Passerella,iliaca,Passerellidae,2443,Yes,Edge,Lower
2015-10-07,12.0,CHI,Setophaga,coronata,Parulidae,887,yes,forest,Upper
2015-10-07,12.0,CHI,Catharus,guttatus,Turdidae,3729,Yes,Forest,Lower
2015-10-07,12.0,CHI,Catharus,guttatus,Turdidae,3729,Yes,Forest,Lower
2015-10-07,12.0,CHI,troglodytes,hiemalis,Troglodytidae,474,No,Forest,Lower
2015-10-07,12.0,MP,Passerella,iliaca,Passerellidae,2443,Yes,Edge,Lower
2015-10-07,12.0,CHI,troglodytes,hiemalis,Troglodytidae,474,No,Forest,Lower
2015-10-07,12.0,CHI,troglodytes,hiemalis,Troglodytidae,474,No,Forest,Lower
2015-10-07,12.0,CHI,Catharus,guttatus,Turdidae,3729,Yes,Forest,Lower
2015-10-07,12.0,MP,Passerella,iliaca,Passerellidae,2443,Yes,Edge,Lower
2015-10-07,12.0,CHI,Catharus,guttatus,Turdidae,3729,Yes,Forest,Lower
2015-10-07,12.0,CHI,Zonotrichia,albicollis,Passerellidae,10133,Yes,Forest,Lower
2015-10-07,12.0,CHI,Catharus,guttatus,Turdidae,3729,Yes,Forest,Lower
2015-10-07,12.0,CHI,Zonotrichia,albicollis,Passerellidae,10133,Yes,Forest,Lower
2015-10-07,12.0,CHI,Setophaga,pinus,Parulidae,49,Yes,Forest,Upper
2015-10-07,12.0,CHI,Zonotrichia,albicollis,Passerellidae,10133,Yes,Forest,Lower
2015-10-07,12.0,CHI,Zonotrichia,leucophrys,Passerellidae,1090,Yes,Edge,Lower
2015-10-07,12.0,CHI,Zonotrichia,leucophrys,Passerellidae,1090,Yes,Edge,Lower
2015-10-07,12.0,CHI,Zonotrichia,leucophrys,Passerellidae,1090,Yes,Edge,Lower
2015-10-07,12.0,CHI,Zonotrichia,albicollis,Passerellidae,10133,Yes,Forest,Lower
2015-10-07,12.0,CHI,Zonotrichia,albicollis,Passerellidae,10133,Yes,Forest,Lower
2015-10-07,12.0,CHI,Zonotrichia,albicollis,Passerellidae,10133,Yes,Forest,Lower
2015-10-07,12.0,CHI,Zonotrichia,albicollis,Passerellidae,10133,Yes,Forest,Lower
2015-10-07,12.0,CHI,Zonotrichia,albicollis,Passerellidae,10133,Yes,Forest,Lower
2015-10-07,12.0,CHI,Catharus,guttatus,Turdidae,3729,Yes,Forest,Lower
2015-10-07,12.0,CHI,Setophaga,palmarum,Parulidae,694,Yes,Edge,Lower
2015-10-07,12.0,CHI,Setophaga,palmarum,Parulidae,694,Yes,Edge,Lower
2015-10-07,12.0,CHI,Setophaga,palmarum,Parulidae,694,Yes,Edge,Lower
2015-10-07,12.0,MP,Setophaga,palmarum,Parulidae,694,Yes,Edge,Lower
2015-10-07,12.0,CHI,Setophaga,caerulescens,Parulidae,183,Yes,Forest,Upper
2015-10-07,12.0,CHI,Setophaga,caerulescens,Parulidae,183,Yes,Forest,Upper
2015-10-07,12.0,CHI,Geothlypis,trichas,Parulidae,1555,Yes,Open,Lower
2015-10-07,12.0,CHI,Zonotrichia,albicollis,Passerellidae,10133,Yes,Forest,Lower
2015-10-07,12.0,CHI,Sitta,canadensis,Sittidae,260,Yes,Forest,Upper
2015-10-07,12.0,CHI,Setophaga,palmarum,Parulidae,694,Yes,Edge,Lower
2015-10-07,12.0,CHI,Catharus,guttatus,Turdidae,3729,Yes,Forest,Lower
2015-10-07,12.0,CHI,Catharus,guttatus,Turdidae,3729,Yes,Forest,Lower
2015-10-07,12.0,CHI,Zonotrichia,albicollis,Passerellidae,10133,Yes,Forest,Lower
2015-10-07,12.0,CHI,Zonotrichia,albicollis,Passerellidae,10133,Yes,Forest,Lower
2015-10-07,12.0,CHI,Zonotrichia,albicollis,Passerellidae,10133,Yes,Forest,Lower
2015-10-07,12.0,CHI,Zonotrichia,albicollis,Passerellidae,10133,Yes,Forest,Lower
2015-10-07,12.0,CHI,Zonotrichia,albicollis,Passerellidae,10133,Yes,Forest,Lower
2015-10-07,12.0,CHI,Catharus,guttatus,Turdidae,3729,Yes,Forest,Lower
2015-10-07,12.0,CHI,Zonotrichia,albicollis,Passerellidae,10133,Yes,Forest,Lower
2015-10-07,12.0,CHI,Zonotrichia,albicollis,Passerellidae,10133,Yes,Forest,Lower
2015-10-07,12.0,CHI,Catharus,guttatus,Turdidae,3729,Yes,Forest,Lower
2015-10-07,12.0,CHI,Zonotrichia,albicollis,Passerellidae,10133,Yes,Forest,Lower
2015-10-07,12.0,CHI,Zonotrichia,albicollis,Passerellidae,10133,Yes,Forest,Lower
2015-10-07,12.0,CHI,Zonotrichia,albicollis,Passerellidae,10133,Yes,Forest,Lower
2015-10-07,12.0,CHI,Zonotrichia,albicollis,Passerellidae,10133,Yes,Forest,Lower
2015-10-07,12.0,CHI,Zonotrichia,albicollis,Passerellidae,10133,Yes,Forest,Lower
2015-10-07,12.0,MP,Zonotrichia,albicollis,Passerellidae,10133,Yes,Forest,Lower
2015-10-07,12.0,CHI,Zonotrichia,albicollis,Passerellidae,10133,Yes,Forest,Lower
2015-10-07,12.0,CHI,Zonotrichia,albicollis,Passerellidae,10133,Yes,Forest,Lower
2015-10-07,12.0,CHI,Zonotrichia,albicollis,Passerellidae,10133,Yes,Forest,Lower
2015-10-07,12.0,CHI,Zonotrichia,albicollis,Passerellidae,10133,Yes,Forest,Lower
2015-10-07,12.0,CHI,Zonotrichia,albicollis,Passerellidae,10133,Yes,Forest,Lower
2015-10-07,12.0,CHI,Zonotrichia,albicollis,Passerellidae,10133,Yes,Forest,Lower
2015-10-07,12.0,CHI,Catharus,guttatus,Turdidae,3729,Yes,Forest,Lower
2015-10-07,12.0,CHI,Zonotrichia,albicollis,Passerellidae,10133,Yes,Forest,Lower
2015-10-07,12.0,CHI,Catharus,guttatus,Turdidae,3729,Yes,Forest,Lower
2015-10-07,12.0,CHI,Junco,hyemalis,Passerellidae,6303,Yes,Edge,Lower
2015-10-07,12.0,CHI,Catharus,guttatus,Turdidae,3729,Yes,Forest,Lower
2015-10-07,12.0,CHI,Seiurus,aurocapilla,Parulidae,4580,Yes,Forest,Lower
2015-10-07,12.0,CHI,Seiurus,aurocapilla,Parulidae,4580,Yes,Forest,Lower
2015-10-07,12.0,CHI,Catharus,guttatus,Turdidae,3729,Yes,Forest,Lower
2015-10-07,12.0,CHI,Catharus,guttatus,Turdidae,3729,Yes,Forest,Lower
2015-10-07,12.0,CHI,Oreothlypis,ruficapilla,Parulidae,1690,Yes,Forest,Upper
2015-10-07,12.0,CHI,Catharus,guttatus,Turdidae,3729,Yes,Forest,Lower
2015-10-07,12.0,CHI,Catharus,guttatus,Turdidae,3729,Yes,Forest,Lower
2015-10-07,12.0,CHI,Catharus,guttatus,Turdidae,3729,Yes,Forest,Lower
2015-10-07,12.0,CHI,Catharus,guttatus,Turdidae,3729,Yes,Forest,Lower
2015-10-07,12.0,CHI,Regulus,satrapa,Regulidae,1029,Yes,Forest,Upper
2015-10-07,12.0,CHI,Catharus,guttatus,Turdidae,3729,Yes,Forest,Lower
2015-10-07,12.0,CHI,Junco,hyemalis,Passerellidae,6303,Yes,Edge,Lower
2015-10-07,12.0,CHI,Catharus,guttatus,Turdidae,3729,Yes,Forest,Lower
2015-10-07,12.0,CHI,Junco,hyemalis,Passerellidae,6303,Yes,Edge,Lower
2015-10-07,12.0,CHI,Junco,hyemalis,Passerellidae,6303,Yes,Edge,Lower
2015-10-07,12.0,CHI,Junco,hyemalis,Passerellidae,6303,Yes,Edge,Lower
2015-10-07,12.0,CHI,Regulus,calendula,Regulidae,416,No,Forest,Upper
2015-10-07,12.0,CHI,Junco,hyemalis,Passerellidae,6303,Yes,Edge,Lower
2015-10-07,12.0,CHI,Junco,hyemalis,Passerellidae,6303,Yes,Edge,Lower
2015-10-07,12.0,CHI,Junco,hyemalis,Passerellidae,6303,Yes,Edge,Lower
2015-10-07,12.0,CHI,Junco,hyemalis,Passerellidae,6303,Yes,Edge,Lower
2015-10-07,12.0,CHI,Junco,hyemalis,Passerellidae,6303,Yes,Edge,Lower
2015-10-07,12.0,CHI,Regulus,satrapa,Regulidae,1029,Yes,Forest,Upper
2015-10-07,12.0,CHI,Junco,hyemalis,Passerellidae,6303,Yes,Edge,Lower
2015-10-07,12.0,CHI,Catharus,guttatus,Turdidae,3729,Yes,Forest,Lower
2015-10-07,12.0,CHI,Seiurus,aurocapilla,Parulidae,4580,Yes,Forest,Lower
2015-10-07,12.0,CHI,Oreothlypis,celata,Parulidae,227,Yes,Edge,Lower
2015-10-07,12.0,CHI,Catharus,guttatus,Turdidae,3729,Yes,Forest,Lower
2015-10-07,12.0,CHI,Catharus,guttatus,Turdidae,3729,Yes,Forest,Lower
2015-10-07,12.0,CHI,Catharus,guttatus,Turdidae,3729,Yes,Forest,Lower
2015-10-07,12.0,CHI,Catharus,guttatus,Turdidae,3729,Yes,Forest,Lower
2015-10-07,12.0,CHI,Oreothlypis,celata,Parulidae,227,Yes,Edge,Lower
2015-10-07,12.0,CHI,Oreothlypis,celata,Parulidae,227,Yes,Edge,Lower
2015-10-07,12.0,CHI,Catharus,guttatus,Turdidae,3729,Yes,Forest,Lower
2015-10-07,12.0,CHI,Catharus,guttatus,Turdidae,3729,Yes,Forest,Lower
2015-10-07,12.0,CHI,Catharus,guttatus,Turdidae,3729,Yes,Forest,Lower
2015-10-07,12.0,CHI,Catharus,guttatus,Turdidae,3729,Yes,Forest,Lower
2015-10-07,12.0,CHI,Catharus,guttatus,Turdidae,3729,Yes,Forest,Lower
2015-10-07,12.0,CHI,Catharus,guttatus,Turdidae,3729,Yes,Forest,Lower
2015-10-07,12.0,CHI,Catharus,guttatus,Turdidae,3729,Yes,Forest,Lower
2015-10-07,12.0,CHI,Catharus,guttatus,Turdidae,3729,Yes,Forest,Lower
2015-10-07,12.0,CHI,Catharus,guttatus,Turdidae,3729,Yes,Forest,Lower
2015-10-07,12.0,CHI,Catharus,guttatus,Turdidae,3729,Yes,Forest,Lower
2015-10-07,12.0,CHI,Catharus,guttatus,Turdidae,3729,Yes,Forest,Lower
2015-10-07,12.0,CHI,Catharus,guttatus,Turdidae,3729,Yes,Forest,Lower
2015-10-07,12.0,CHI,Catharus,guttatus,Turdidae,3729,Yes,Forest,Lower
2015-10-07,12.0,CHI,Catharus,guttatus,Turdidae,3729,Yes,Forest,Lower
2015-10-07,12.0,CHI,Seiurus,aurocapilla,Parulidae,4580,Yes,Forest,Lower
2015-10-07,12.0,CHI,Troglodytes,aedon,Troglodytidae,104,No,Edge,Lower
2015-10-07,12.0,CHI,Junco,hyemalis,Passerellidae,6303,Yes,Edge,Lower
2015-10-07,12.0,CHI,Regulus,satrapa,Regulidae,1029,Yes,Forest,Upper
2015-10-07,12.0,CHI,Regulus,satrapa,Regulidae,1029,Yes,Forest,Upper
2015-10-07,12.0,CHI,Junco,hyemalis,Passerellidae,6303,Yes,Edge,Lower
2015-10-07,12.0,CHI,Junco,hyemalis,Passerellidae,6303,Yes,Edge,Lower
2015-10-07,12.0,CHI,Junco,hyemalis,Passerellidae,6303,Yes,Edge,Lower
2015-10-07,12.0,CHI,Junco,hyemalis,Passerellidae,6303,Yes,Edge,Lower
2015-10-07,12.0,CHI,Oreothlypis,peregrina,Parulidae,2515,Yes,Edge,Upper
2015-10-07,12.0,CHI,Junco,hyemalis,Passerellidae,6303,Yes,Edge,Lower
2015-10-07,12.0,CHI,Junco,hyemalis,Passerellidae,6303,Yes,Edge,Lower
2015-10-07,12.0,CHI,Junco,hyemalis,Passerellidae,6303,Yes,Edge,Lower
2015-10-07,12.0,CHI,Junco,hyemalis,Passerellidae,6303,Yes,Edge,Lower
2015-10-07,12.0,CHI,Junco,hyemalis,Passerellidae,6303,Yes,Edge,Lower
2015-10-07,12.0,CHI,Oreothlypis,peregrina,Parulidae,2515,Yes,Edge,Upper
2015-10-07,12.0,CHI,Junco,hyemalis,Passerellidae,6303,Yes,Edge,Lower
2015-10-07,12.0,CHI,Junco,hyemalis,Passerellidae,6303,Yes,Edge,Lower
2015-10-07,12.0,CHI,Junco,hyemalis,Passerellidae,6303,Yes,Edge,Lower
2015-10-07,12.0,CHI,Junco,hyemalis,Passerellidae,6303,Yes,Edge,Lower
2015-10-07,12.0,CHI,Catharus,guttatus,Turdidae,3729,Yes,Forest,Lower
2015-10-07,12.0,CHI,Seiurus,aurocapilla,Parulidae,4580,Yes,Forest,Lower
2015-10-07,12.0,CHI,Catharus,guttatus,Turdidae,3729,Yes,Forest,Lower
2015-10-07,12.0,CHI,Catharus,guttatus,Turdidae,3729,Yes,Forest,Lower
2015-10-07,12.0,CHI,Catharus,guttatus,Turdidae,3729,Yes,Forest,Lower
2015-10-07,12.0,CHI,Catharus,guttatus,Turdidae,3729,Yes,Forest,Lower
2015-10-07,12.0,CHI,Seiurus,aurocapilla,Parulidae,4580,Yes,Forest,Lower
2015-10-07,12.0,CHI,Junco,hyemalis,Passerellidae,6303,Yes,Edge,Lower
2015-10-07,12.0,CHI,Junco,hyemalis,Passerellidae,6303,Yes,Edge,Lower
2015-10-07,12.0,CHI,Catharus,guttatus,Turdidae,3729,Yes,Forest,Lower
2015-10-07,12.0,CHI,Catharus,guttatus,Turdidae,3729,Yes,Forest,Lower
2015-10-07,12.0,CHI,Regulus,satrapa,Regulidae,1029,Yes,Forest,Upper
2015-10-07,12.0,CHI,Junco,hyemalis,Passerellidae,6303,Yes,Edge,Lower
2015-10-07,12.0,CHI,Catharus,guttatus,Turdidae,3729,Yes,Forest,Lower
2015-10-07,12.0,CHI,Junco,hyemalis,Passerellidae,6303,Yes,Edge,Lower
2015-10-07,12.0,CHI,Regulus,satrapa,Regulidae,1029,Yes,Forest,Upper
2015-10-07,12.0,CHI,Regulus,satrapa,Regulidae,1029,Yes,Forest,Upper
2015-10-07,12.0,CHI,Junco,hyemalis,Passerellidae,6303,Yes,Edge,Lower
2015-10-07,12.0,CHI,Junco,hyemalis,Passerellidae,6303,Yes,Edge,Lower
2015-10-07,12.0,CHI,Regulus,satrapa,Regulidae,1029,Yes,Forest,Upper
2015-10-07,12.0,CHI,Regulus,satrapa,Regulidae,1029,Yes,Forest,Upper
2015-10-07,12.0,CHI,Oreothlypis,ruficapilla,Parulidae,1690,Yes,Forest,Upper
2015-10-07,12.0,CHI,Oreothlypis,ruficapilla,Parulidae,1690,Yes,Forest,Upper
2015-10-07,12.0,MP,Oreothlypis,ruficapilla,Parulidae,1690,Yes,Forest,Upper
2015-10-07,12.0,CHI,Junco,hyemalis,Passerellidae,6303,Yes,Edge,Lower
2015-10-07,12.0,CHI,Catharus,guttatus,Turdidae,3729,Yes,Forest,Lower
2015-10-07,12.0,MP,Junco,hyemalis,Passerellidae,6303,Yes,Edge,Lower
2015-10-07,12.0,CHI,Junco,hyemalis,Passerellidae,6303,Yes,Edge,Lower
2015-10-07,12.0,CHI,Junco,hyemalis,Passerellidae,6303,Yes,Edge,Lower
2015-10-07,12.0,CHI,Junco,hyemalis,Passerellidae,6303,Yes,Edge,Lower
2015-10-07,12.0,CHI,Junco,hyemalis,Passerellidae,6303,Yes,Edge,Lower
2015-10-07,12.0,CHI,Junco,hyemalis,Passerellidae,6303,Yes,Edge,Lower
2015-10-07,12.0,CHI,Junco,hyemalis,Passerellidae,6303,Yes,Edge,Lower
2015-10-07,12.0,CHI,Junco,hyemalis,Passerellidae,6303,Yes,Edge,Lower
2015-10-07,12.0,CHI,setophaga,ruticilla,Parulidae,868,Yes,Edge,Upper
2015-10-07,12.0,CHI,Catharus,guttatus,Turdidae,3729,Yes,Forest,Lower
2015-10-07,12.0,CHI,Catharus,guttatus,Turdidae,3729,Yes,Forest,Lower
2015-10-07,12.0,CHI,Catharus,guttatus,Turdidae,3729,Yes,Forest,Lower
2015-10-07,12.0,MP,catharus,ustulatus,Turdidae,2331,Yes,Forest,Lower
2015-10-07,12.0,CHI,Seiurus,aurocapilla,Parulidae,4580,Yes,Forest,Lower
2015-10-07,12.0,CHI,Catharus,guttatus,Turdidae,3729,Yes,Forest,Lower
2015-10-07,12.0,CHI,Catharus,guttatus,Turdidae,3729,Yes,Forest,Lower
2015-10-07,12.0,CHI,Seiurus,aurocapilla,Parulidae,4580,Yes,Forest,Lower
2015-10-07,12.0,CHI,Catharus,guttatus,Turdidae,3729,Yes,Forest,Lower
2015-10-07,12.0,CHI,Catharus,guttatus,Turdidae,3729,Yes,Forest,Lower
2015-10-07,12.0,CHI,Catharus,guttatus,Turdidae,3729,Yes,Forest,Lower
2015-10-07,12.0,CHI,Catharus,guttatus,Turdidae,3729,Yes,Forest,Lower
2015-10-07,12.0,CHI,Catharus,guttatus,Turdidae,3729,Yes,Forest,Lower
2015-10-07,12.0,CHI,Catharus,guttatus,Turdidae,3729,Yes,Forest,Lower
2015-10-07,12.0,CHI,Seiurus,aurocapilla,Parulidae,4580,Yes,Forest,Lower
2015-10-07,12.0,CHI,Catharus,guttatus,Turdidae,3729,Yes,Forest,Lower
2015-10-07,12.0,CHI,Catharus,guttatus,Turdidae,3729,Yes,Forest,Lower
2015-10-07,12.0,CHI,Catharus,guttatus,Turdidae,3729,Yes,Forest,Lower
2015-10-07,12.0,CHI,Catharus,guttatus,Turdidae,3729,Yes,Forest,Lower
2015-10-07,12.0,CHI,Catharus,guttatus,Turdidae,3729,Yes,Forest,Lower
2015-10-07,12.0,MP,catharus,ustulatus,Turdidae,2331,Yes,Forest,Lower
2015-10-07,12.0,CHI,Catharus,guttatus,Turdidae,3729,Yes,Forest,Lower
2015-10-07,12.0,MP,catharus,ustulatus,Turdidae,2331,Yes,Forest,Lower
2015-10-07,12.0,CHI,Catharus,guttatus,Turdidae,3729,Yes,Forest,Lower
2015-10-07,12.0,CHI,Catharus,guttatus,Turdidae,3729,Yes,Forest,Lower
2015-10-07,12.0,CHI,Catharus,guttatus,Turdidae,3729,Yes,Forest,Lower
2015-10-07,12.0,CHI,Catharus,guttatus,Turdidae,3729,Yes,Forest,Lower
2015-10-07,12.0,CHI,Catharus,guttatus,Turdidae,3729,Yes,Forest,Lower
2015-10-07,12.0,CHI,Catharus,guttatus,Turdidae,3729,Yes,Forest,Lower
2015-10-07,12.0,CHI,Catharus,guttatus,Turdidae,3729,Yes,Forest,Lower
2015-10-07,12.0,CHI,Catharus,guttatus,Turdidae,3729,Yes,Forest,Lower
2015-10-07,12.0,CHI,Setophaga,castanea,Parulidae,287,Yes,Forest,Upper
2015-10-07,12.0,CHI,catharus,ustulatus,Turdidae,2331,Yes,Forest,Lower
2015-10-07,12.0,MP,catharus,ustulatus,Turdidae,2331,Yes,Forest,Lower
2015-10-07,12.0,MP,catharus,ustulatus,Turdidae,2331,Yes,Forest,Lower
2015-10-07,12.0,MP,catharus,ustulatus,Turdidae,2331,Yes,Forest,Lower
2015-10-07,12.0,CHI,Catharus,guttatus,Turdidae,3729,Yes,Forest,Lower
2015-10-07,12.0,MP,catharus,ustulatus,Turdidae,2331,Yes,Forest,Lower
2015-10-07,12.0,MP,catharus,ustulatus,Turdidae,2331,Yes,Forest,Lower
2015-10-07,12.0,MP,catharus,ustulatus,Turdidae,2331,Yes,Forest,Lower
2015-10-07,12.0,CHI,Catharus,guttatus,Turdidae,3729,Yes,Forest,Lower
2015-10-07,12.0,CHI,Catharus,guttatus,Turdidae,3729,Yes,Forest,Lower
2015-10-07,12.0,CHI,Catharus,guttatus,Turdidae,3729,Yes,Forest,Lower
2015-10-07,12.0,CHI,Catharus,guttatus,Turdidae,3729,Yes,Forest,Lower
2015-10-07,12.0,CHI,Catharus,guttatus,Turdidae,3729,Yes,Forest,Lower
2015-10-07,12.0,CHI,Catharus,guttatus,Turdidae,3729,Yes,Forest,Lower
2015-10-07,12.0,CHI,Catharus,guttatus,Turdidae,3729,Yes,Forest,Lower
2015-10-07,12.0,CHI,Catharus,guttatus,Turdidae,3729,Yes,Forest,Lower
2015-10-07,12.0,CHI,Catharus,guttatus,Turdidae,3729,Yes,Forest,Lower
2015-10-07,12.0,CHI,Melospiza,melodia,Passerellidae,5124,Yes,Edge,Lower
2015-10-07,12.0,CHI,Catharus,guttatus,Turdidae,3729,Yes,Forest,Lower
2015-10-07,12.0,CHI,Catharus,guttatus,Turdidae,3729,Yes,Forest,Lower
2015-10-07,12.0,CHI,Catharus,guttatus,Turdidae,3729,Yes,Forest,Lower
2015-10-07,12.0,CHI,Catharus,guttatus,Turdidae,3729,Yes,Forest,Lower
2015-10-07,12.0,CHI,Catharus,guttatus,Turdidae,3729,Yes,Forest,Lower
2015-10-07,12.0,CHI,Catharus,guttatus,Turdidae,3729,Yes,Forest,Lower
2015-10-07,12.0,CHI,Catharus,guttatus,Turdidae,3729,Yes,Forest,Lower
2015-10-07,12.0,CHI,Catharus,guttatus,Turdidae,3729,Yes,Forest,Lower
2015-10-07,12.0,CHI,Catharus,guttatus,Turdidae,3729,Yes,Forest,Lower
2015-10-07,12.0,CHI,Catharus,guttatus,Turdidae,3729,Yes,Forest,Lower
2015-10-08,13.0,MP,Zonotrichia,leucophrys,Passerellidae,1090,Yes,Edge,Lower
2015-10-08,13.0,MP,Zonotrichia,leucophrys,Passerellidae,1090,Yes,Edge,Lower
2015-10-08,13.0,CHI,setophaga,ruticilla,Parulidae,868,Yes,Edge,Upper
2015-10-08,13.0,MP,Zonotrichia,leucophrys,Passerellidae,1090,Yes,Edge,Lower
2015-10-08,13.0,CHI,Zonotrichia,leucophrys,Passerellidae,1090,Yes,Edge,Lower
2015-10-08,13.0,CHI,Melospiza,melodia,Passerellidae,5124,Yes,Edge,Lower
2015-10-08,13.0,CHI,Melospiza,melodia,Passerellidae,5124,Yes,Edge,Lower
2015-10-08,13.0,CHI,Melospiza,melodia,Passerellidae,5124,Yes,Edge,Lower
2015-10-08,13.0,MP,Zonotrichia,leucophrys,Passerellidae,1090,Yes,Edge,Lower
2015-10-08,13.0,MP,Zonotrichia,leucophrys,Passerellidae,1090,Yes,Edge,Lower
2015-10-08,13.0,CHI,Setophaga,coronata,Parulidae,887,yes,forest,Upper
2015-10-08,13.0,CHI,Zonotrichia,albicollis,Passerellidae,10133,Yes,Forest,Lower
2015-10-08,13.0,CHI,Zonotrichia,albicollis,Passerellidae,10133,Yes,Forest,Lower
2015-10-08,13.0,CHI,Setophaga,coronata,Parulidae,887,yes,forest,Upper
2015-10-08,13.0,MP,Zonotrichia,leucophrys,Passerellidae,1090,Yes,Edge,Lower
2015-10-08,13.0,MP,Catharus,guttatus,Turdidae,3729,Yes,Forest,Lower
2015-10-08,13.0,MP,Zonotrichia,leucophrys,Passerellidae,1090,Yes,Edge,Lower
2015-10-08,13.0,MP,Junco,hyemalis,Passerellidae,6303,Yes,Edge,Lower
2015-10-08,13.0,CHI,Junco,hyemalis,Passerellidae,6303,Yes,Edge,Lower
2015-10-08,13.0,MP,Zonotrichia,leucophrys,Passerellidae,1090,Yes,Edge,Lower
2015-10-08,13.0,MP,Zonotrichia,leucophrys,Passerellidae,1090,Yes,Edge,Lower
2015-10-08,13.0,MP,Zonotrichia,leucophrys,Passerellidae,1090,Yes,Edge,Lower
2015-10-08,13.0,MP,Zonotrichia,albicollis,Passerellidae,10133,Yes,Forest,Lower
2015-10-08,13.0,CHI,Seiurus,aurocapilla,Parulidae,4580,Yes,Forest,Lower
2015-10-08,13.0,CHI,Zonotrichia,albicollis,Passerellidae,10133,Yes,Forest,Lower
2015-10-08,13.0,CHI,Zonotrichia,albicollis,Passerellidae,10133,Yes,Forest,Lower
2015-10-08,13.0,CHI,vireo,solitarius,Vireonidae,18,No,Forest,Upper
2015-10-08,13.0,CHI,Zonotrichia,albicollis,Passerellidae,10133,Yes,Forest,Lower
2015-10-08,13.0,CHI,troglodytes,hiemalis,Troglodytidae,474,No,Forest,Lower
2015-10-08,13.0,CHI,Oreothlypis,ruficapilla,Parulidae,1690,Yes,Forest,Upper
2015-10-08,13.0,CHI,Oreothlypis,peregrina,Parulidae,2515,Yes,Edge,Upper
2015-10-08,13.0,CHI,Oreothlypis,ruficapilla,Parulidae,1690,Yes,Forest,Upper
2015-10-08,13.0,MP,Zonotrichia,albicollis,Passerellidae,10133,Yes,Forest,Lower
2015-10-08,13.0,CHI,Oreothlypis,peregrina,Parulidae,2515,Yes,Edge,Upper
2015-10-08,13.0,CHI,Zonotrichia,albicollis,Passerellidae,10133,Yes,Forest,Lower
2015-10-08,13.0,MP,Zonotrichia,leucophrys,Passerellidae,1090,Yes,Edge,Lower
2015-10-08,13.0,CHI,Toxostoma,rufum,Mimidae,166,No,Edge,Lower
2015-10-08,13.0,CHI,Zonotrichia,albicollis,Passerellidae,10133,Yes,Forest,Lower
2015-10-08,13.0,CHI,Zonotrichia,albicollis,Passerellidae,10133,Yes,Forest,Lower
2015-10-08,13.0,CHI,Zonotrichia,albicollis,Passerellidae,10133,Yes,Forest,Lower
2015-10-08,13.0,CHI,Zonotrichia,albicollis,Passerellidae,10133,Yes,Forest,Lower
2015-10-08,13.0,MP,Zonotrichia,albicollis,Passerellidae,10133,Yes,Forest,Lower
2015-10-08,13.0,MP,Setophaga,magnolia,Parulidae,1224,yes,forest,Upper
2015-10-08,13.0,CHI,Zonotrichia,albicollis,Passerellidae,10133,Yes,Forest,Lower
2015-10-08,13.0,CHI,Zonotrichia,albicollis,Passerellidae,10133,Yes,Forest,Lower
2015-10-08,13.0,CHI,Zonotrichia,albicollis,Passerellidae,10133,Yes,Forest,Lower
2015-10-08,13.0,MP,Zonotrichia,leucophrys,Passerellidae,1090,Yes,Edge,Lower
2015-10-08,13.0,CHI,Zonotrichia,albicollis,Passerellidae,10133,Yes,Forest,Lower
2015-10-08,13.0,CHI,Zonotrichia,albicollis,Passerellidae,10133,Yes,Forest,Lower
2015-10-08,13.0,CHI,Catharus,guttatus,Turdidae,3729,Yes,Forest,Lower
2015-10-08,13.0,CHI,Seiurus,aurocapilla,Parulidae,4580,Yes,Forest,Lower
2015-10-08,13.0,MP,Zonotrichia,leucophrys,Passerellidae,1090,Yes,Edge,Lower
2015-10-08,13.0,CHI,Regulus,satrapa,Regulidae,1029,Yes,Forest,Upper
2015-10-08,13.0,CHI,Regulus,satrapa,Regulidae,1029,Yes,Forest,Upper
2015-10-08,13.0,CHI,Junco,hyemalis,Passerellidae,6303,Yes,Edge,Lower
2015-10-08,13.0,CHI,Junco,hyemalis,Passerellidae,6303,Yes,Edge,Lower
2015-10-08,13.0,CHI,Catharus,guttatus,Turdidae,3729,Yes,Forest,Lower
2015-10-08,13.0,CHI,Junco,hyemalis,Passerellidae,6303,Yes,Edge,Lower
2015-10-08,13.0,CHI,Junco,hyemalis,Passerellidae,6303,Yes,Edge,Lower
2015-10-08,13.0,CHI,Junco,hyemalis,Passerellidae,6303,Yes,Edge,Lower
2015-10-08,13.0,CHI,Zonotrichia,albicollis,Passerellidae,10133,Yes,Forest,Lower
2015-10-08,13.0,CHI,Zonotrichia,albicollis,Passerellidae,10133,Yes,Forest,Lower
2015-10-08,13.0,CHI,Zonotrichia,albicollis,Passerellidae,10133,Yes,Forest,Lower
2015-10-08,13.0,CHI,Catharus,guttatus,Turdidae,3729,Yes,Forest,Lower
2015-10-08,13.0,CHI,Catharus,guttatus,Turdidae,3729,Yes,Forest,Lower
2015-10-08,13.0,CHI,Regulus,satrapa,Regulidae,1029,Yes,Forest,Upper
2015-10-08,13.0,CHI,Zonotrichia,albicollis,Passerellidae,10133,Yes,Forest,Lower
2015-10-08,13.0,CHI,Zonotrichia,albicollis,Passerellidae,10133,Yes,Forest,Lower
2015-10-08,13.0,CHI,Catharus,guttatus,Turdidae,3729,Yes,Forest,Lower
2015-10-08,13.0,CHI,Zonotrichia,albicollis,Passerellidae,10133,Yes,Forest,Lower
2015-10-08,13.0,CHI,Zonotrichia,albicollis,Passerellidae,10133,Yes,Forest,Lower
2015-10-08,13.0,CHI,Catharus,guttatus,Turdidae,3729,Yes,Forest,Lower
2015-10-08,13.0,CHI,Zonotrichia,albicollis,Passerellidae,10133,Yes,Forest,Lower
2015-10-08,13.0,CHI,Catharus,guttatus,Turdidae,3729,Yes,Forest,Lower
2015-10-08,13.0,CHI,Catharus,guttatus,Turdidae,3729,Yes,Forest,Lower
2015-10-08,13.0,CHI,Zonotrichia,leucophrys,Passerellidae,1090,Yes,Edge,Lower
2015-10-08,13.0,MP,Catharus,guttatus,Turdidae,3729,Yes,Forest,Lower
2015-10-08,13.0,CHI,Catharus,guttatus,Turdidae,3729,Yes,Forest,Lower
2015-10-08,13.0,CHI,Zonotrichia,albicollis,Passerellidae,10133,Yes,Forest,Lower
2015-10-08,13.0,MP,Catharus,guttatus,Turdidae,3729,Yes,Forest,Lower
2015-10-08,13.0,CHI,Zonotrichia,albicollis,Passerellidae,10133,Yes,Forest,Lower
2015-10-08,13.0,CHI,Regulus,satrapa,Regulidae,1029,Yes,Forest,Upper
2015-10-08,13.0,CHI,Zonotrichia,albicollis,Passerellidae,10133,Yes,Forest,Lower
2015-10-08,13.0,CHI,Melospiza,lincolnii,Passerellidae,2029,yes,edge,Lower
2015-10-08,13.0,CHI,Regulus,satrapa,Regulidae,1029,Yes,Forest,Upper
2015-10-08,13.0,CHI,Regulus,satrapa,Regulidae,1029,Yes,Forest,Upper
2015-10-08,13.0,CHI,Regulus,satrapa,Regulidae,1029,Yes,Forest,Upper
2015-10-08,13.0,MP,Junco,hyemalis,Passerellidae,6303,Yes,Edge,Lower
2015-10-08,13.0,CHI,Melospiza,lincolnii,Passerellidae,2029,yes,edge,Lower
2015-10-08,13.0,CHI,Catharus,guttatus,Turdidae,3729,Yes,Forest,Lower
2015-10-08,13.0,CHI,Oreothlypis,celata,Parulidae,227,Yes,Edge,Lower
2015-10-08,13.0,CHI,Catharus,guttatus,Turdidae,3729,Yes,Forest,Lower
2015-10-08,13.0,CHI,Melospiza,lincolnii,Passerellidae,2029,yes,edge,Lower
2015-10-08,13.0,CHI,Catharus,guttatus,Turdidae,3729,Yes,Forest,Lower
2015-10-08,13.0,CHI,Melospiza,lincolnii,Passerellidae,2029,yes,edge,Lower
2015-10-08,13.0,CHI,Zonotrichia,albicollis,Passerellidae,10133,Yes,Forest,Lower
2015-10-08,13.0,CHI,Melospiza,lincolnii,Passerellidae,2029,yes,edge,Lower
2015-10-08,13.0,CHI,Setophaga,caerulescens,Parulidae,183,Yes,Forest,Upper
2015-10-08,13.0,CHI,Zonotrichia,albicollis,Passerellidae,10133,Yes,Forest,Lower
2015-10-08,13.0,CHI,Melospiza,lincolnii,Passerellidae,2029,yes,edge,Lower
2015-10-09,13.0,MP,Zonotrichia,albicollis,Passerellidae,10133,Yes,Forest,Lower
2015-10-09,13.0,MP,Zonotrichia,albicollis,Passerellidae,10133,Yes,Forest,Lower
2015-10-09,13.0,CHI,Setophaga,striata,Parulidae,787,Yes,Forest,Upper
2015-10-09,13.0,CHI,Zonotrichia,albicollis,Passerellidae,10133,Yes,Forest,Lower
2015-10-09,13.0,CHI,Zonotrichia,albicollis,Passerellidae,10133,Yes,Forest,Lower
2015-10-09,13.0,CHI,Zonotrichia,albicollis,Passerellidae,10133,Yes,Forest,Lower
2015-10-09,13.0,MP,Zonotrichia,leucophrys,Passerellidae,1090,Yes,Edge,Lower
2015-10-09,13.0,CHI,Zonotrichia,albicollis,Passerellidae,10133,Yes,Forest,Lower
2015-10-09,13.0,CHI,Junco,hyemalis,Passerellidae,6303,Yes,Edge,Lower
2015-10-09,13.0,CHI,Catharus,guttatus,Turdidae,3729,Yes,Forest,Lower
2015-10-09,13.0,MP,Oreothlypis,peregrina,Parulidae,2515,Yes,Edge,Upper
2015-10-09,13.0,MP,Melospiza,lincolnii,Passerellidae,2029,yes,edge,Lower
2015-10-09,13.0,CHI,Oreothlypis,peregrina,Parulidae,2515,Yes,Edge,Upper
2015-10-09,13.0,CHI,Junco,hyemalis,Passerellidae,6303,Yes,Edge,Lower
2015-10-09,13.0,MP,Zonotrichia,leucophrys,Passerellidae,1090,Yes,Edge,Lower
2015-10-09,13.0,CHI,Catharus,guttatus,Turdidae,3729,Yes,Forest,Lower
2015-10-09,13.0,CHI,Oreothlypis,ruficapilla,Parulidae,1690,Yes,Forest,Upper
2015-10-09,13.0,CHI,Catharus,guttatus,Turdidae,3729,Yes,Forest,Lower
2015-10-09,13.0,CHI,Regulus,satrapa,Regulidae,1029,Yes,Forest,Upper
2015-10-09,13.0,CHI,Seiurus,aurocapilla,Parulidae,4580,Yes,Forest,Lower
2015-10-10,12.0,CHI,Zonotrichia,albicollis,Passerellidae,10133,Yes,Forest,Lower
2015-10-10,12.0,CHI,Zonotrichia,albicollis,Passerellidae,10133,Yes,Forest,Lower
2015-10-10,12.0,MP,Melospiza,melodia,Passerellidae,5124,Yes,Edge,Lower
2015-10-10,12.0,CHI,Zonotrichia,albicollis,Passerellidae,10133,Yes,Forest,Lower
2015-10-10,12.0,CHI,Zonotrichia,albicollis,Passerellidae,10133,Yes,Forest,Lower
2015-10-10,12.0,CHI,Oreothlypis,ruficapilla,Parulidae,1690,Yes,Forest,Upper
2015-10-10,12.0,CHI,Zonotrichia,albicollis,Passerellidae,10133,Yes,Forest,Lower
2015-10-10,12.0,CHI,Zonotrichia,albicollis,Passerellidae,10133,Yes,Forest,Lower
2015-10-10,12.0,CHI,Zonotrichia,albicollis,Passerellidae,10133,Yes,Forest,Lower
2015-10-10,12.0,CHI,Zonotrichia,albicollis,Passerellidae,10133,Yes,Forest,Lower
2015-10-10,12.0,CHI,Zonotrichia,albicollis,Passerellidae,10133,Yes,Forest,Lower
2015-10-10,12.0,CHI,Zonotrichia,albicollis,Passerellidae,10133,Yes,Forest,Lower
2015-10-10,12.0,CHI,Zonotrichia,albicollis,Passerellidae,10133,Yes,Forest,Lower
2015-10-10,12.0,CHI,Melospiza,melodia,Passerellidae,5124,Yes,Edge,Lower
2015-10-10,12.0,MP,Zonotrichia,albicollis,Passerellidae,10133,Yes,Forest,Lower
2015-10-10,12.0,CHI,Zonotrichia,albicollis,Passerellidae,10133,Yes,Forest,Lower
2015-10-10,12.0,CHI,Zonotrichia,albicollis,Passerellidae,10133,Yes,Forest,Lower
2015-10-10,12.0,CHI,Zonotrichia,albicollis,Passerellidae,10133,Yes,Forest,Lower
2015-10-10,12.0,CHI,Zonotrichia,albicollis,Passerellidae,10133,Yes,Forest,Lower
2015-10-10,12.0,CHI,Zonotrichia,albicollis,Passerellidae,10133,Yes,Forest,Lower
2015-10-10,12.0,CHI,Regulus,satrapa,Regulidae,1029,Yes,Forest,Upper
2015-10-10,12.0,CHI,Zonotrichia,albicollis,Passerellidae,10133,Yes,Forest,Lower
2015-10-10,12.0,CHI,Zonotrichia,albicollis,Passerellidae,10133,Yes,Forest,Lower
2015-10-10,12.0,CHI,Zonotrichia,albicollis,Passerellidae,10133,Yes,Forest,Lower
2015-10-10,12.0,CHI,Zonotrichia,albicollis,Passerellidae,10133,Yes,Forest,Lower
2015-10-10,12.0,CHI,Zonotrichia,albicollis,Passerellidae,10133,Yes,Forest,Lower
2015-10-10,12.0,CHI,Zonotrichia,albicollis,Passerellidae,10133,Yes,Forest,Lower
2015-10-10,12.0,CHI,Zonotrichia,albicollis,Passerellidae,10133,Yes,Forest,Lower
2015-10-10,12.0,CHI,Zonotrichia,albicollis,Passerellidae,10133,Yes,Forest,Lower
2015-10-10,12.0,CHI,Zonotrichia,albicollis,Passerellidae,10133,Yes,Forest,Lower
2015-10-10,12.0,CHI,Zonotrichia,albicollis,Passerellidae,10133,Yes,Forest,Lower
2015-10-10,12.0,CHI,Zonotrichia,albicollis,Passerellidae,10133,Yes,Forest,Lower
2015-10-10,12.0,CHI,Zonotrichia,albicollis,Passerellidae,10133,Yes,Forest,Lower
2015-10-10,12.0,CHI,Zonotrichia,albicollis,Passerellidae,10133,Yes,Forest,Lower
2015-10-10,12.0,CHI,Zonotrichia,albicollis,Passerellidae,10133,Yes,Forest,Lower
2015-10-10,12.0,CHI,Zonotrichia,albicollis,Passerellidae,10133,Yes,Forest,Lower
2015-10-10,12.0,CHI,Zonotrichia,albicollis,Passerellidae,10133,Yes,Forest,Lower
2015-10-10,12.0,CHI,Zonotrichia,albicollis,Passerellidae,10133,Yes,Forest,Lower
2015-10-10,12.0,CHI,Zonotrichia,albicollis,Passerellidae,10133,Yes,Forest,Lower
2015-10-10,12.0,CHI,Oreothlypis,peregrina,Parulidae,2515,Yes,Edge,Upper
2015-10-10,12.0,CHI,Zonotrichia,albicollis,Passerellidae,10133,Yes,Forest,Lower
2015-10-10,12.0,CHI,Zonotrichia,leucophrys,Passerellidae,1090,Yes,Edge,Lower
2015-10-10,12.0,CHI,Melospiza,melodia,Passerellidae,5124,Yes,Edge,Lower
2015-10-10,12.0,MP,Zonotrichia,leucophrys,Passerellidae,1090,Yes,Edge,Lower
2015-10-10,12.0,CHI,Zonotrichia,albicollis,Passerellidae,10133,Yes,Forest,Lower
2015-10-10,12.0,CHI,Zonotrichia,albicollis,Passerellidae,10133,Yes,Forest,Lower
2015-10-10,12.0,CHI,Zonotrichia,albicollis,Passerellidae,10133,Yes,Forest,Lower
2015-10-10,12.0,CHI,Junco,hyemalis,Passerellidae,6303,Yes,Edge,Lower
2015-10-10,12.0,CHI,Junco,hyemalis,Passerellidae,6303,Yes,Edge,Lower
2015-10-10,12.0,CHI,Junco,hyemalis,Passerellidae,6303,Yes,Edge,Lower
2015-10-10,12.0,CHI,Zonotrichia,albicollis,Passerellidae,10133,Yes,Forest,Lower
2015-10-10,12.0,CHI,Zonotrichia,albicollis,Passerellidae,10133,Yes,Forest,Lower
2015-10-10,12.0,CHI,Zonotrichia,albicollis,Passerellidae,10133,Yes,Forest,Lower
2015-10-10,12.0,CHI,Zonotrichia,albicollis,Passerellidae,10133,Yes,Forest,Lower
2015-10-10,12.0,CHI,Zonotrichia,albicollis,Passerellidae,10133,Yes,Forest,Lower
2015-10-10,12.0,CHI,Melospiza,lincolnii,Passerellidae,2029,yes,edge,Lower
2015-10-10,12.0,CHI,Melospiza,lincolnii,Passerellidae,2029,yes,edge,Lower
2015-10-10,12.0,MP,Melospiza,lincolnii,Passerellidae,2029,yes,edge,Lower
2015-10-10,12.0,CHI,Zonotrichia,albicollis,Passerellidae,10133,Yes,Forest,Lower
2015-10-10,12.0,CHI,troglodytes,hiemalis,Troglodytidae,474,No,Forest,Lower
2015-10-10,12.0,CHI,Zonotrichia,albicollis,Passerellidae,10133,Yes,Forest,Lower
2015-10-10,12.0,CHI,Setophaga,virens,Parulidae,223,Yes,Forest,Upper
2015-10-10,12.0,CHI,Zonotrichia,albicollis,Passerellidae,10133,Yes,Forest,Lower
2015-10-10,12.0,CHI,Zonotrichia,albicollis,Passerellidae,10133,Yes,Forest,Lower
2015-10-10,12.0,CHI,Catharus,guttatus,Turdidae,3729,Yes,Forest,Lower
2015-10-10,12.0,CHI,Zonotrichia,albicollis,Passerellidae,10133,Yes,Forest,Lower
2015-10-10,12.0,CHI,Catharus,guttatus,Turdidae,3729,Yes,Forest,Lower
2015-10-10,12.0,CHI,Zonotrichia,albicollis,Passerellidae,10133,Yes,Forest,Lower
2015-10-10,12.0,CHI,Zonotrichia,albicollis,Passerellidae,10133,Yes,Forest,Lower
2015-10-10,12.0,MP,Zonotrichia,albicollis,Passerellidae,10133,Yes,Forest,Lower
2015-10-10,12.0,CHI,Zonotrichia,albicollis,Passerellidae,10133,Yes,Forest,Lower
2015-10-10,12.0,CHI,Zonotrichia,albicollis,Passerellidae,10133,Yes,Forest,Lower
2015-10-10,12.0,CHI,Zonotrichia,albicollis,Passerellidae,10133,Yes,Forest,Lower
2015-10-10,12.0,CHI,Zonotrichia,albicollis,Passerellidae,10133,Yes,Forest,Lower
2015-10-10,12.0,CHI,Zonotrichia,albicollis,Passerellidae,10133,Yes,Forest,Lower
2015-10-10,12.0,CHI,Zonotrichia,leucophrys,Passerellidae,1090,Yes,Edge,Lower
2015-10-10,12.0,CHI,Zonotrichia,leucophrys,Passerellidae,1090,Yes,Edge,Lower
2015-10-10,12.0,MP,Zonotrichia,leucophrys,Passerellidae,1090,Yes,Edge,Lower
2015-10-10,12.0,CHI,troglodytes,hiemalis,Troglodytidae,474,No,Forest,Lower
2015-10-10,12.0,CHI,Regulus,satrapa,Regulidae,1029,Yes,Forest,Upper
2015-10-10,12.0,CHI,Oreothlypis,celata,Parulidae,227,Yes,Edge,Lower
2015-10-10,12.0,CHI,setophaga,ruticilla,Parulidae,868,Yes,Edge,Upper
2015-10-10,12.0,CHI,Zonotrichia,albicollis,Passerellidae,10133,Yes,Forest,Lower
2015-10-10,12.0,CHI,Zonotrichia,albicollis,Passerellidae,10133,Yes,Forest,Lower
2015-10-10,12.0,CHI,Zonotrichia,albicollis,Passerellidae,10133,Yes,Forest,Lower
2015-10-10,12.0,CHI,Zonotrichia,albicollis,Passerellidae,10133,Yes,Forest,Lower
2015-10-10,12.0,CHI,Regulus,satrapa,Regulidae,1029,Yes,Forest,Upper
2015-10-10,12.0,CHI,Melospiza,melodia,Passerellidae,5124,Yes,Edge,Lower
2015-10-10,12.0,CHI,Zonotrichia,albicollis,Passerellidae,10133,Yes,Forest,Lower
2015-10-10,12.0,CHI,Zonotrichia,albicollis,Passerellidae,10133,Yes,Forest,Lower
2015-10-10,12.0,CHI,Pipilo,erythrophthalmus,Passerellidae,82,Rare,Edge,Lower
2015-10-10,12.0,CHI,Zonotrichia,leucophrys,Passerellidae,1090,Yes,Edge,Lower
2015-10-10,12.0,MP,Melospiza,melodia,Passerellidae,5124,Yes,Edge,Lower
2015-10-10,12.0,CHI,Zonotrichia,albicollis,Passerellidae,10133,Yes,Forest,Lower
2015-10-10,12.0,CHI,Regulus,satrapa,Regulidae,1029,Yes,Forest,Upper
2015-10-11,12.0,MP,Zonotrichia,albicollis,Passerellidae,10133,Yes,Forest,Lower
2015-10-11,12.0,CHI,Zonotrichia,albicollis,Passerellidae,10133,Yes,Forest,Lower
2015-10-11,12.0,CHI,Zonotrichia,albicollis,Passerellidae,10133,Yes,Forest,Lower
2015-10-11,12.0,CHI,Zonotrichia,albicollis,Passerellidae,10133,Yes,Forest,Lower
2015-10-11,12.0,CHI,Cistothorus,platensis,Troglodytidae,60,no,open,Lower
2015-10-11,12.0,CHI,Zonotrichia,albicollis,Passerellidae,10133,Yes,Forest,Lower
2015-10-11,12.0,CHI,Sitta,canadensis,Sittidae,260,Yes,Forest,Upper
2015-10-11,12.0,CHI,Zonotrichia,albicollis,Passerellidae,10133,Yes,Forest,Lower
2015-10-11,12.0,CHI,Setophaga,striata,Parulidae,787,Yes,Forest,Upper
2015-10-11,12.0,CHI,Catharus,guttatus,Turdidae,3729,Yes,Forest,Lower
2015-10-11,12.0,CHI,Zonotrichia,albicollis,Passerellidae,10133,Yes,Forest,Lower
2015-10-11,12.0,CHI,Junco,hyemalis,Passerellidae,6303,Yes,Edge,Lower
2015-10-11,12.0,CHI,Catharus,guttatus,Turdidae,3729,Yes,Forest,Lower
2015-10-11,12.0,MP,Zonotrichia,leucophrys,Passerellidae,1090,Yes,Edge,Lower
2015-10-11,12.0,CHI,troglodytes,hiemalis,Troglodytidae,474,No,Forest,Lower
2015-10-11,12.0,CHI,Zonotrichia,albicollis,Passerellidae,10133,Yes,Forest,Lower
2015-10-11,12.0,CHI,Zonotrichia,albicollis,Passerellidae,10133,Yes,Forest,Lower
2015-10-11,12.0,CHI,Zonotrichia,albicollis,Passerellidae,10133,Yes,Forest,Lower
2015-10-11,12.0,CHI,Zonotrichia,albicollis,Passerellidae,10133,Yes,Forest,Lower
2015-10-11,12.0,CHI,Zonotrichia,albicollis,Passerellidae,10133,Yes,Forest,Lower
2015-10-11,12.0,CHI,Zonotrichia,leucophrys,Passerellidae,1090,Yes,Edge,Lower
2015-10-11,12.0,CHI,Catharus,guttatus,Turdidae,3729,Yes,Forest,Lower
2015-10-11,12.0,MP,Catharus,guttatus,Turdidae,3729,Yes,Forest,Lower
2015-10-11,12.0,CHI,Catharus,guttatus,Turdidae,3729,Yes,Forest,Lower
2015-10-11,12.0,CHI,Zonotrichia,albicollis,Passerellidae,10133,Yes,Forest,Lower
2015-10-11,12.0,CHI,Catharus,guttatus,Turdidae,3729,Yes,Forest,Lower
2015-10-11,12.0,CHI,Oreothlypis,ruficapilla,Parulidae,1690,Yes,Forest,Upper
2015-10-11,12.0,CHI,Zonotrichia,albicollis,Passerellidae,10133,Yes,Forest,Lower
2015-10-11,12.0,CHI,Catharus,guttatus,Turdidae,3729,Yes,Forest,Lower
2015-10-12,12.0,CHI,Seiurus,aurocapilla,Parulidae,4580,Yes,Forest,Lower
2015-10-12,12.0,CHI,Zonotrichia,leucophrys,Passerellidae,1090,Yes,Edge,Lower
2015-10-12,12.0,MP,Zonotrichia,leucophrys,Passerellidae,1090,Yes,Edge,Lower
2015-10-12,12.0,CHI,Regulus,satrapa,Regulidae,1029,Yes,Forest,Upper
2015-10-12,12.0,CHI,Zonotrichia,albicollis,Passerellidae,10133,Yes,Forest,Lower
2015-10-12,12.0,CHI,Catharus,guttatus,Turdidae,3729,Yes,Forest,Lower
2015-10-12,12.0,CHI,Zonotrichia,albicollis,Passerellidae,10133,Yes,Forest,Lower
2015-10-12,12.0,CHI,Setophaga,coronata,Parulidae,887,yes,forest,Upper
2015-10-12,12.0,CHI,Zonotrichia,albicollis,Passerellidae,10133,Yes,Forest,Lower
2015-10-12,12.0,CHI,Zonotrichia,albicollis,Passerellidae,10133,Yes,Forest,Lower
2015-10-12,12.0,CHI,Catharus,guttatus,Turdidae,3729,Yes,Forest,Lower
2015-10-12,12.0,CHI,Catharus,guttatus,Turdidae,3729,Yes,Forest,Lower
2015-10-12,12.0,CHI,Regulus,satrapa,Regulidae,1029,Yes,Forest,Upper
2015-10-13,7.0,CHI,Zonotrichia,albicollis,Passerellidae,10133,Yes,Forest,Lower
2015-10-13,7.0,MP,Zonotrichia,albicollis,Passerellidae,10133,Yes,Forest,Lower
2015-10-13,7.0,CHI,Zonotrichia,albicollis,Passerellidae,10133,Yes,Forest,Lower
2015-10-13,7.0,CHI,setophaga,ruticilla,Parulidae,868,Yes,Edge,Upper
2015-10-13,7.0,CHI,Passerella,iliaca,Passerellidae,2443,Yes,Edge,Lower
2015-10-13,7.0,CHI,Setophaga,palmarum,Parulidae,694,Yes,Edge,Lower
2015-10-13,7.0,CHI,Setophaga,palmarum,Parulidae,694,Yes,Edge,Lower
2015-10-13,7.0,CHI,Junco,hyemalis,Passerellidae,6303,Yes,Edge,Lower
2015-10-13,7.0,CHI,Setophaga,palmarum,Parulidae,694,Yes,Edge,Lower
2015-10-13,7.0,CHI,Zonotrichia,albicollis,Passerellidae,10133,Yes,Forest,Lower
2015-10-13,7.0,MP,Catharus,guttatus,Turdidae,3729,Yes,Forest,Lower
2015-10-13,7.0,CHI,Catharus,guttatus,Turdidae,3729,Yes,Forest,Lower
2015-10-13,7.0,CHI,Catharus,guttatus,Turdidae,3729,Yes,Forest,Lower
2015-10-13,7.0,CHI,Melospiza,melodia,Passerellidae,5124,Yes,Edge,Lower
2015-10-13,7.0,MP,Melospiza,melodia,Passerellidae,5124,Yes,Edge,Lower
2015-10-13,7.0,CHI,troglodytes,hiemalis,Troglodytidae,474,No,Forest,Lower
2015-10-13,7.0,CHI,Oreothlypis,celata,Parulidae,227,Yes,Edge,Lower
2015-10-13,7.0,CHI,Regulus,calendula,Regulidae,416,No,Forest,Upper
2015-10-13,7.0,CHI,Setophaga,coronata,Parulidae,887,yes,forest,Upper
2015-10-13,7.0,CHI,Setophaga,coronata,Parulidae,887,yes,forest,Upper
2015-10-14,8.0,CHI,Catharus,guttatus,Turdidae,3729,Yes,Forest,Lower
2015-10-14,8.0,MP,Passerella,iliaca,Passerellidae,2443,Yes,Edge,Lower
2015-10-14,8.0,CHI,Passerella,iliaca,Passerellidae,2443,Yes,Edge,Lower
2015-10-14,8.0,CHI,Catharus,guttatus,Turdidae,3729,Yes,Forest,Lower
2015-10-14,8.0,CHI,Catharus,guttatus,Turdidae,3729,Yes,Forest,Lower
2015-10-14,8.0,CHI,Regulus,satrapa,Regulidae,1029,Yes,Forest,Upper
2015-10-14,8.0,CHI,Regulus,satrapa,Regulidae,1029,Yes,Forest,Upper
2015-10-14,8.0,MP,Regulus,satrapa,Regulidae,1029,Yes,Forest,Upper
2015-10-14,8.0,CHI,Regulus,satrapa,Regulidae,1029,Yes,Forest,Upper
2015-10-14,8.0,CHI,Regulus,satrapa,Regulidae,1029,Yes,Forest,Upper
2015-10-14,8.0,CHI,Regulus,satrapa,Regulidae,1029,Yes,Forest,Upper
2015-10-14,8.0,CHI,Catharus,guttatus,Turdidae,3729,Yes,Forest,Lower
2015-10-14,8.0,MP,Catharus,guttatus,Turdidae,3729,Yes,Forest,Lower
2015-10-14,8.0,CHI,Setophaga,tigrina,Parulidae,182,Yes,Forest,Upper
2015-10-14,8.0,CHI,Catharus,guttatus,Turdidae,3729,Yes,Forest,Lower
2015-10-14,8.0,MP,Catharus,guttatus,Turdidae,3729,Yes,Forest,Lower
2015-10-14,8.0,CHI,Catharus,guttatus,Turdidae,3729,Yes,Forest,Lower
2015-10-14,8.0,CHI,Catharus,guttatus,Turdidae,3729,Yes,Forest,Lower
2015-10-14,8.0,CHI,Passerella,iliaca,Passerellidae,2443,Yes,Edge,Lower
2015-10-14,8.0,CHI,Catharus,guttatus,Turdidae,3729,Yes,Forest,Lower
2015-10-14,8.0,CHI,Catharus,guttatus,Turdidae,3729,Yes,Forest,Lower
2015-10-14,8.0,CHI,Zonotrichia,albicollis,Passerellidae,10133,Yes,Forest,Lower
2015-10-14,8.0,CHI,Catharus,guttatus,Turdidae,3729,Yes,Forest,Lower
2015-10-14,8.0,CHI,Passerella,iliaca,Passerellidae,2443,Yes,Edge,Lower
2015-10-14,8.0,CHI,Zonotrichia,albicollis,Passerellidae,10133,Yes,Forest,Lower
2015-10-14,8.0,MP,Junco,hyemalis,Passerellidae,6303,Yes,Edge,Lower
2015-10-14,8.0,CHI,Zonotrichia,albicollis,Passerellidae,10133,Yes,Forest,Lower
2015-10-14,8.0,CHI,Zonotrichia,albicollis,Passerellidae,10133,Yes,Forest,Lower
2015-10-14,8.0,CHI,Regulus,calendula,Regulidae,416,No,Forest,Upper
2015-10-14,8.0,MP,troglodytes,hiemalis,Troglodytidae,474,No,Forest,Lower
2015-10-14,8.0,CHI,Catharus,guttatus,Turdidae,3729,Yes,Forest,Lower
2015-10-14,8.0,CHI,Junco,hyemalis,Passerellidae,6303,Yes,Edge,Lower
2015-10-14,8.0,CHI,Setophaga,striata,Parulidae,787,Yes,Forest,Upper
2015-10-14,8.0,CHI,Troglodytes,aedon,Troglodytidae,104,No,Edge,Lower
2015-10-14,8.0,CHI,Setophaga,striata,Parulidae,787,Yes,Forest,Upper
2015-10-14,8.0,CHI,Contopus,virens,Tyrannidae,70,No,Forest,Upper
2015-10-14,8.0,CHI,Catharus,guttatus,Turdidae,3729,Yes,Forest,Lower
2015-10-14,8.0,CHI,Zonotrichia,leucophrys,Passerellidae,1090,Yes,Edge,Lower
2015-10-14,8.0,CHI,Zonotrichia,leucophrys,Passerellidae,1090,Yes,Edge,Lower
2015-10-14,8.0,CHI,Catharus,guttatus,Turdidae,3729,Yes,Forest,Lower
2015-10-14,8.0,CHI,Catharus,guttatus,Turdidae,3729,Yes,Forest,Lower
2015-10-14,8.0,MP,Melospiza,lincolnii,Passerellidae,2029,yes,edge,Lower
2015-10-15,9.0,CHI,Passerella,iliaca,Passerellidae,2443,Yes,Edge,Lower
2015-10-15,9.0,CHI,Catharus,guttatus,Turdidae,3729,Yes,Forest,Lower
2015-10-15,9.0,MP,Catharus,guttatus,Turdidae,3729,Yes,Forest,Lower
2015-10-15,9.0,CHI,Catharus,guttatus,Turdidae,3729,Yes,Forest,Lower
2015-10-15,9.0,CHI,troglodytes,hiemalis,Troglodytidae,474,No,Forest,Lower
2015-10-15,9.0,CHI,troglodytes,hiemalis,Troglodytidae,474,No,Forest,Lower
2015-10-15,9.0,CHI,Junco,hyemalis,Passerellidae,6303,Yes,Edge,Lower
2015-10-15,9.0,CHI,Junco,hyemalis,Passerellidae,6303,Yes,Edge,Lower
2015-10-15,9.0,MP,Junco,hyemalis,Passerellidae,6303,Yes,Edge,Lower
2015-10-15,9.0,CHI,Oreothlypis,peregrina,Parulidae,2515,Yes,Edge,Upper
2015-10-15,9.0,CHI,Setophaga,palmarum,Parulidae,694,Yes,Edge,Lower
2015-10-15,9.0,MP,Zonotrichia,leucophrys,Passerellidae,1090,Yes,Edge,Lower
2015-10-15,9.0,CHI,Regulus,satrapa,Regulidae,1029,Yes,Forest,Upper
2015-10-15,9.0,CHI,Setophaga,caerulescens,Parulidae,183,Yes,Forest,Upper
2015-10-15,9.0,MP,Zonotrichia,leucophrys,Passerellidae,1090,Yes,Edge,Lower
2015-10-15,9.0,CHI,Melospiza,lincolnii,Passerellidae,2029,yes,edge,Lower
2015-10-15,9.0,CHI,Passerella,iliaca,Passerellidae,2443,Yes,Edge,Lower
2015-10-16,10.0,CHI,Junco,hyemalis,Passerellidae,6303,Yes,Edge,Lower
2015-10-16,10.0,CHI,Zonotrichia,albicollis,Passerellidae,10133,Yes,Forest,Lower
2015-10-16,10.0,CHI,Zonotrichia,albicollis,Passerellidae,10133,Yes,Forest,Lower
2015-10-16,10.0,CHI,Junco,hyemalis,Passerellidae,6303,Yes,Edge,Lower
2015-10-16,10.0,CHI,Junco,hyemalis,Passerellidae,6303,Yes,Edge,Lower
2015-10-16,10.0,CHI,Junco,hyemalis,Passerellidae,6303,Yes,Edge,Lower
2015-10-16,10.0,CHI,Setophaga,palmarum,Parulidae,694,Yes,Edge,Lower
2015-10-16,10.0,MP,Setophaga,palmarum,Parulidae,694,Yes,Edge,Lower
2015-10-16,10.0,MP,Passerella,iliaca,Passerellidae,2443,Yes,Edge,Lower
2015-10-16,10.0,CHI,Junco,hyemalis,Passerellidae,6303,Yes,Edge,Lower
2015-10-16,10.0,MP,Setophaga,coronata,Parulidae,887,yes,forest,Upper
2015-10-16,10.0,CHI,Oreothlypis,celata,Parulidae,227,Yes,Edge,Lower
2015-10-16,10.0,CHI,Catharus,guttatus,Turdidae,3729,Yes,Forest,Lower
2015-10-16,10.0,MP,Catharus,guttatus,Turdidae,3729,Yes,Forest,Lower
2015-10-16,10.0,MP,Catharus,guttatus,Turdidae,3729,Yes,Forest,Lower
2015-10-16,10.0,CHI,Zonotrichia,leucophrys,Passerellidae,1090,Yes,Edge,Lower
2015-10-16,10.0,MP,Zonotrichia,leucophrys,Passerellidae,1090,Yes,Edge,Lower
2015-10-16,10.0,CHI,Zonotrichia,leucophrys,Passerellidae,1090,Yes,Edge,Lower
2015-10-16,10.0,MP,Zonotrichia,leucophrys,Passerellidae,1090,Yes,Edge,Lower
2015-10-16,10.0,MP,Melospiza,lincolnii,Passerellidae,2029,yes,edge,Lower
2015-10-16,10.0,CHI,Melospiza,lincolnii,Passerellidae,2029,yes,edge,Lower
2015-10-16,10.0,CHI,Junco,hyemalis,Passerellidae,6303,Yes,Edge,Lower
2015-10-16,10.0,CHI,Passerella,iliaca,Passerellidae,2443,Yes,Edge,Lower
2015-10-16,10.0,MP,Passerella,iliaca,Passerellidae,2443,Yes,Edge,Lower
2015-10-16,10.0,CHI,Passerella,iliaca,Passerellidae,2443,Yes,Edge,Lower
2015-10-16,10.0,MP,Passerella,iliaca,Passerellidae,2443,Yes,Edge,Lower
2015-10-16,10.0,MP,Passerella,iliaca,Passerellidae,2443,Yes,Edge,Lower
2015-10-16,10.0,MP,Passerella,iliaca,Passerellidae,2443,Yes,Edge,Lower
2015-10-16,10.0,CHI,Junco,hyemalis,Passerellidae,6303,Yes,Edge,Lower
2015-10-16,10.0,CHI,Junco,hyemalis,Passerellidae,6303,Yes,Edge,Lower
2015-10-16,10.0,CHI,Junco,hyemalis,Passerellidae,6303,Yes,Edge,Lower
2015-10-16,10.0,MP,Junco,hyemalis,Passerellidae,6303,Yes,Edge,Lower
2015-10-16,10.0,CHI,Junco,hyemalis,Passerellidae,6303,Yes,Edge,Lower
2015-10-16,10.0,CHI,Junco,hyemalis,Passerellidae,6303,Yes,Edge,Lower
2015-10-16,10.0,CHI,Zonotrichia,albicollis,Passerellidae,10133,Yes,Forest,Lower
2015-10-16,10.0,CHI,Zonotrichia,albicollis,Passerellidae,10133,Yes,Forest,Lower
2015-10-16,10.0,CHI,Junco,hyemalis,Passerellidae,6303,Yes,Edge,Lower
2015-10-16,10.0,CHI,Regulus,satrapa,Regulidae,1029,Yes,Forest,Upper
2015-10-16,10.0,CHI,Regulus,satrapa,Regulidae,1029,Yes,Forest,Upper
2015-10-17,12.0,CHI,Zonotrichia,albicollis,Passerellidae,10133,Yes,Forest,Lower
2015-10-17,12.0,CHI,Junco,hyemalis,Passerellidae,6303,Yes,Edge,Lower
2015-10-17,12.0,CHI,Catharus,guttatus,Turdidae,3729,Yes,Forest,Lower
2015-10-17,12.0,MP,Catharus,guttatus,Turdidae,3729,Yes,Forest,Lower
2015-10-17,12.0,CHI,Junco,hyemalis,Passerellidae,6303,Yes,Edge,Lower
2015-10-17,12.0,CHI,Catharus,guttatus,Turdidae,3729,Yes,Forest,Lower
2015-10-17,12.0,CHI,Junco,hyemalis,Passerellidae,6303,Yes,Edge,Lower
2015-10-17,12.0,CHI,Catharus,guttatus,Turdidae,3729,Yes,Forest,Lower
2015-10-17,12.0,CHI,Zonotrichia,albicollis,Passerellidae,10133,Yes,Forest,Lower
2015-10-17,12.0,MP,Zonotrichia,albicollis,Passerellidae,10133,Yes,Forest,Lower
2015-10-17,12.0,CHI,Oreothlypis,celata,Parulidae,227,Yes,Edge,Lower
2015-10-17,12.0,CHI,Oreothlypis,celata,Parulidae,227,Yes,Edge,Lower
2015-10-17,12.0,MP,Zonotrichia,albicollis,Passerellidae,10133,Yes,Forest,Lower
2015-10-17,12.0,CHI,Zonotrichia,albicollis,Passerellidae,10133,Yes,Forest,Lower
2015-10-17,12.0,MP,troglodytes,hiemalis,Troglodytidae,474,No,Forest,Lower
2015-10-17,12.0,CHI,Zonotrichia,albicollis,Passerellidae,10133,Yes,Forest,Lower
2015-10-17,12.0,CHI,Zonotrichia,albicollis,Passerellidae,10133,Yes,Forest,Lower
2015-10-17,12.0,CHI,Zonotrichia,albicollis,Passerellidae,10133,Yes,Forest,Lower
2015-10-17,12.0,CHI,Zonotrichia,albicollis,Passerellidae,10133,Yes,Forest,Lower
2015-10-17,12.0,CHI,Zonotrichia,albicollis,Passerellidae,10133,Yes,Forest,Lower
2015-10-17,12.0,CHI,Zonotrichia,albicollis,Passerellidae,10133,Yes,Forest,Lower
2015-10-17,12.0,CHI,Zonotrichia,albicollis,Passerellidae,10133,Yes,Forest,Lower
2015-10-17,12.0,CHI,Zonotrichia,albicollis,Passerellidae,10133,Yes,Forest,Lower
2015-10-17,12.0,CHI,Junco,hyemalis,Passerellidae,6303,Yes,Edge,Lower
2015-10-17,12.0,MP,Junco,hyemalis,Passerellidae,6303,Yes,Edge,Lower
2015-10-17,12.0,CHI,Zonotrichia,albicollis,Passerellidae,10133,Yes,Forest,Lower
2015-10-17,12.0,CHI,Catharus,guttatus,Turdidae,3729,Yes,Forest,Lower
2015-10-17,12.0,CHI,Catharus,guttatus,Turdidae,3729,Yes,Forest,Lower
2015-10-17,12.0,CHI,Melospiza,lincolnii,Passerellidae,2029,yes,edge,Lower
2015-10-17,12.0,MP,Melospiza,lincolnii,Passerellidae,2029,yes,edge,Lower
2015-10-17,12.0,MP,Melospiza,lincolnii,Passerellidae,2029,yes,edge,Lower
2015-10-17,12.0,CHI,Regulus,satrapa,Regulidae,1029,Yes,Forest,Upper
2015-10-17,12.0,CHI,Zonotrichia,albicollis,Passerellidae,10133,Yes,Forest,Lower
2015-10-17,12.0,MP,Zonotrichia,leucophrys,Passerellidae,1090,Yes,Edge,Lower
2015-10-17,12.0,MP,Zonotrichia,leucophrys,Passerellidae,1090,Yes,Edge,Lower
2015-10-17,12.0,CHI,Zonotrichia,leucophrys,Passerellidae,1090,Yes,Edge,Lower
2015-10-17,12.0,CHI,Zonotrichia,leucophrys,Passerellidae,1090,Yes,Edge,Lower
2015-10-17,12.0,MP,Zonotrichia,leucophrys,Passerellidae,1090,Yes,Edge,Lower
2015-10-17,12.0,MP,Zonotrichia,leucophrys,Passerellidae,1090,Yes,Edge,Lower
2015-10-17,12.0,CHI,Zonotrichia,leucophrys,Passerellidae,1090,Yes,Edge,Lower
2015-10-17,12.0,CHI,Zonotrichia,leucophrys,Passerellidae,1090,Yes,Edge,Lower
2015-10-17,12.0,CHI,Catharus,guttatus,Turdidae,3729,Yes,Forest,Lower
2015-10-17,12.0,CHI,Catharus,guttatus,Turdidae,3729,Yes,Forest,Lower
2015-10-17,12.0,CHI,Passerella,iliaca,Passerellidae,2443,Yes,Edge,Lower
2015-10-17,12.0,CHI,Geothlypis,trichas,Parulidae,1555,Yes,Open,Lower
2015-10-17,12.0,CHI,Catharus,guttatus,Turdidae,3729,Yes,Forest,Lower
2015-10-18,17.0,CHI,Zonotrichia,leucophrys,Passerellidae,1090,Yes,Edge,Lower
2015-10-18,17.0,CHI,Regulus,satrapa,Regulidae,1029,Yes,Forest,Upper
2015-10-18,17.0,CHI,Zonotrichia,leucophrys,Passerellidae,1090,Yes,Edge,Lower
2015-10-18,17.0,CHI,Melospiza,lincolnii,Passerellidae,2029,yes,edge,Lower
2015-10-18,17.0,CHI,Zonotrichia,leucophrys,Passerellidae,1090,Yes,Edge,Lower
2015-10-18,17.0,CHI,Passerella,iliaca,Passerellidae,2443,Yes,Edge,Lower
2015-10-18,17.0,CHI,Junco,hyemalis,Passerellidae,6303,Yes,Edge,Lower
2015-10-18,17.0,CHI,Melospiza,melodia,Passerellidae,5124,Yes,Edge,Lower
2015-10-18,17.0,CHI,Catharus,guttatus,Turdidae,3729,Yes,Forest,Lower
2015-10-18,17.0,CHI,Junco,hyemalis,Passerellidae,6303,Yes,Edge,Lower
2015-10-18,17.0,CHI,Junco,hyemalis,Passerellidae,6303,Yes,Edge,Lower
2015-10-18,17.0,CHI,Zonotrichia,albicollis,Passerellidae,10133,Yes,Forest,Lower
2015-10-18,17.0,CHI,Zonotrichia,albicollis,Passerellidae,10133,Yes,Forest,Lower
2015-10-18,17.0,CHI,Zonotrichia,albicollis,Passerellidae,10133,Yes,Forest,Lower
2015-10-18,17.0,CHI,Zonotrichia,albicollis,Passerellidae,10133,Yes,Forest,Lower
2015-10-18,17.0,CHI,troglodytes,hiemalis,Troglodytidae,474,No,Forest,Lower
2015-10-18,17.0,CHI,troglodytes,hiemalis,Troglodytidae,474,No,Forest,Lower
2015-10-19,14.0,CHI,Regulus,calendula,Regulidae,416,No,Forest,Upper
2015-10-19,14.0,CHI,Oreothlypis,celata,Parulidae,227,Yes,Edge,Lower
2015-10-19,14.0,CHI,Catharus,guttatus,Turdidae,3729,Yes,Forest,Lower
2015-10-19,14.0,MP,Zonotrichia,albicollis,Passerellidae,10133,Yes,Forest,Lower
2015-10-19,14.0,CHI,troglodytes,hiemalis,Troglodytidae,474,No,Forest,Lower
2015-10-19,14.0,CHI,Junco,hyemalis,Passerellidae,6303,Yes,Edge,Lower
2015-10-19,14.0,MP,Junco,hyemalis,Passerellidae,6303,Yes,Edge,Lower
2015-10-19,14.0,CHI,Regulus,satrapa,Regulidae,1029,Yes,Forest,Upper
2015-10-20,9.0,CHI,Zonotrichia,albicollis,Passerellidae,10133,Yes,Forest,Lower
2015-10-20,9.0,CHI,Junco,hyemalis,Passerellidae,6303,Yes,Edge,Lower
2015-10-20,9.0,CHI,Zonotrichia,leucophrys,Passerellidae,1090,Yes,Edge,Lower
2015-10-20,9.0,CHI,Catharus,guttatus,Turdidae,3729,Yes,Forest,Lower
2015-10-20,9.0,MP,Junco,hyemalis,Passerellidae,6303,Yes,Edge,Lower
2015-10-20,9.0,CHI,Oreothlypis,celata,Parulidae,227,Yes,Edge,Lower
2015-10-20,9.0,CHI,Oreothlypis,celata,Parulidae,227,Yes,Edge,Lower
2015-10-20,9.0,CHI,Passerella,iliaca,Passerellidae,2443,Yes,Edge,Lower
2015-10-20,9.0,CHI,Catharus,guttatus,Turdidae,3729,Yes,Forest,Lower
2015-10-20,9.0,CHI,Catharus,guttatus,Turdidae,3729,Yes,Forest,Lower
2015-10-21,9.0,CHI,Oreothlypis,peregrina,Parulidae,2515,Yes,Edge,Upper
2015-10-22,12.0,CHI,Passerella,iliaca,Passerellidae,2443,Yes,Edge,Lower
2015-10-22,12.0,CHI,Melospiza,melodia,Passerellidae,5124,Yes,Edge,Lower
2015-10-22,12.0,CHI,Catharus,guttatus,Turdidae,3729,Yes,Forest,Lower
2015-10-22,12.0,CHI,Catharus,guttatus,Turdidae,3729,Yes,Forest,Lower
2015-10-22,12.0,MP,Regulus,calendula,Regulidae,416,No,Forest,Upper
2015-10-22,12.0,CHI,Catharus,guttatus,Turdidae,3729,Yes,Forest,Lower
2015-10-22,12.0,CHI,Passerella,iliaca,Passerellidae,2443,Yes,Edge,Lower
2015-10-22,12.0,CHI,Catharus,guttatus,Turdidae,3729,Yes,Forest,Lower
2015-10-22,12.0,CHI,Oreothlypis,ruficapilla,Parulidae,1690,Yes,Forest,Upper
2015-10-22,12.0,CHI,Catharus,guttatus,Turdidae,3729,Yes,Forest,Lower
2015-10-22,12.0,CHI,Catharus,guttatus,Turdidae,3729,Yes,Forest,Lower
2015-10-22,12.0,MP,Melospiza,melodia,Passerellidae,5124,Yes,Edge,Lower
2015-10-22,12.0,CHI,Oreothlypis,celata,Parulidae,227,Yes,Edge,Lower
2015-10-22,12.0,CHI,Regulus,satrapa,Regulidae,1029,Yes,Forest,Upper
2015-10-22,12.0,CHI,Zonotrichia,albicollis,Passerellidae,10133,Yes,Forest,Lower
2015-10-22,12.0,CHI,Zonotrichia,albicollis,Passerellidae,10133,Yes,Forest,Lower
2015-10-22,12.0,CHI,Junco,hyemalis,Passerellidae,6303,Yes,Edge,Lower
2015-10-22,12.0,CHI,Junco,hyemalis,Passerellidae,6303,Yes,Edge,Lower
2015-10-22,12.0,CHI,Junco,hyemalis,Passerellidae,6303,Yes,Edge,Lower
2015-10-22,12.0,CHI,Zonotrichia,albicollis,Passerellidae,10133,Yes,Forest,Lower
2015-10-22,12.0,CHI,Junco,hyemalis,Passerellidae,6303,Yes,Edge,Lower
2015-10-22,12.0,CHI,Junco,hyemalis,Passerellidae,6303,Yes,Edge,Lower
2015-10-22,12.0,CHI,Junco,hyemalis,Passerellidae,6303,Yes,Edge,Lower
2015-10-22,12.0,CHI,Junco,hyemalis,Passerellidae,6303,Yes,Edge,Lower
2015-10-23,12.0,CHI,Regulus,satrapa,Regulidae,1029,Yes,Forest,Upper
2015-10-23,12.0,CHI,Passerella,iliaca,Passerellidae,2443,Yes,Edge,Lower
2015-10-23,12.0,CHI,Passerella,iliaca,Passerellidae,2443,Yes,Edge,Lower
2015-10-23,12.0,CHI,Passerella,iliaca,Passerellidae,2443,Yes,Edge,Lower
2015-10-23,12.0,CHI,Passerella,iliaca,Passerellidae,2443,Yes,Edge,Lower
2015-10-23,12.0,CHI,Passerella,iliaca,Passerellidae,2443,Yes,Edge,Lower
2015-10-23,12.0,CHI,Junco,hyemalis,Passerellidae,6303,Yes,Edge,Lower
2015-10-23,12.0,CHI,Junco,hyemalis,Passerellidae,6303,Yes,Edge,Lower
2015-10-23,12.0,CHI,Regulus,satrapa,Regulidae,1029,Yes,Forest,Upper
2015-10-23,12.0,CHI,Regulus,satrapa,Regulidae,1029,Yes,Forest,Upper
2015-10-23,12.0,CHI,Oreothlypis,ruficapilla,Parulidae,1690,Yes,Forest,Upper
2015-10-23,12.0,CHI,Regulus,satrapa,Regulidae,1029,Yes,Forest,Upper
2015-10-23,12.0,CHI,Regulus,calendula,Regulidae,416,No,Forest,Upper
2015-10-23,12.0,CHI,Junco,hyemalis,Passerellidae,6303,Yes,Edge,Lower
2015-10-23,12.0,CHI,Oreothlypis,ruficapilla,Parulidae,1690,Yes,Forest,Upper
2015-10-23,12.0,CHI,troglodytes,hiemalis,Troglodytidae,474,No,Forest,Lower
2015-10-23,12.0,CHI,Junco,hyemalis,Passerellidae,6303,Yes,Edge,Lower
2015-10-23,12.0,CHI,Junco,hyemalis,Passerellidae,6303,Yes,Edge,Lower
2015-10-23,12.0,CHI,Junco,hyemalis,Passerellidae,6303,Yes,Edge,Lower
2015-10-23,12.0,CHI,Melospiza,lincolnii,Passerellidae,2029,yes,edge,Lower
2015-10-23,12.0,CHI,Regulus,satrapa,Regulidae,1029,Yes,Forest,Upper
2015-10-23,12.0,CHI,troglodytes,hiemalis,Troglodytidae,474,No,Forest,Lower
2015-10-23,12.0,CHI,Junco,hyemalis,Passerellidae,6303,Yes,Edge,Lower
2015-10-23,12.0,CHI,troglodytes,hiemalis,Troglodytidae,474,No,Forest,Lower
2015-10-23,12.0,CHI,Melospiza,melodia,Passerellidae,5124,Yes,Edge,Lower
2015-10-23,12.0,CHI,Melospiza,melodia,Passerellidae,5124,Yes,Edge,Lower
2015-10-23,12.0,CHI,troglodytes,hiemalis,Troglodytidae,474,No,Forest,Lower
2015-10-23,12.0,CHI,Junco,hyemalis,Passerellidae,6303,Yes,Edge,Lower
2015-10-23,12.0,CHI,Junco,hyemalis,Passerellidae,6303,Yes,Edge,Lower
2015-10-23,12.0,CHI,Junco,hyemalis,Passerellidae,6303,Yes,Edge,Lower
2015-10-23,12.0,CHI,Junco,hyemalis,Passerellidae,6303,Yes,Edge,Lower
2015-10-23,12.0,CHI,Regulus,satrapa,Regulidae,1029,Yes,Forest,Upper
2015-10-23,12.0,MP,Zonotrichia,leucophrys,Passerellidae,1090,Yes,Edge,Lower
2015-10-23,12.0,CHI,Zonotrichia,leucophrys,Passerellidae,1090,Yes,Edge,Lower
2015-10-23,12.0,CHI,Zonotrichia,leucophrys,Passerellidae,1090,Yes,Edge,Lower
2015-10-23,12.0,CHI,Regulus,satrapa,Regulidae,1029,Yes,Forest,Upper
2015-10-23,12.0,CHI,Melospiza,lincolnii,Passerellidae,2029,yes,edge,Lower
2015-10-23,12.0,CHI,Regulus,satrapa,Regulidae,1029,Yes,Forest,Upper
2015-10-23,12.0,CHI,Regulus,satrapa,Regulidae,1029,Yes,Forest,Upper
2015-10-23,12.0,MP,Junco,hyemalis,Passerellidae,6303,Yes,Edge,Lower
2015-10-23,12.0,CHI,Zonotrichia,leucophrys,Passerellidae,1090,Yes,Edge,Lower
2015-10-23,12.0,CHI,Junco,hyemalis,Passerellidae,6303,Yes,Edge,Lower
2015-10-23,12.0,CHI,Zonotrichia,albicollis,Passerellidae,10133,Yes,Forest,Lower
2015-10-23,12.0,CHI,Junco,hyemalis,Passerellidae,6303,Yes,Edge,Lower
2015-10-23,12.0,CHI,Junco,hyemalis,Passerellidae,6303,Yes,Edge,Lower
2015-10-23,12.0,CHI,Junco,hyemalis,Passerellidae,6303,Yes,Edge,Lower
2015-10-23,12.0,CHI,Zonotrichia,albicollis,Passerellidae,10133,Yes,Forest,Lower
2015-10-23,12.0,CHI,Catharus,guttatus,Turdidae,3729,Yes,Forest,Lower
2015-10-23,12.0,CHI,Zonotrichia,albicollis,Passerellidae,10133,Yes,Forest,Lower
2015-10-23,12.0,CHI,Zonotrichia,albicollis,Passerellidae,10133,Yes,Forest,Lower
2015-10-23,12.0,CHI,Zonotrichia,albicollis,Passerellidae,10133,Yes,Forest,Lower
2015-10-23,12.0,CHI,Zonotrichia,albicollis,Passerellidae,10133,Yes,Forest,Lower
2015-10-23,12.0,CHI,Zonotrichia,albicollis,Passerellidae,10133,Yes,Forest,Lower
2015-10-23,12.0,CHI,Zonotrichia,albicollis,Passerellidae,10133,Yes,Forest,Lower
2015-10-23,12.0,CHI,Zonotrichia,albicollis,Passerellidae,10133,Yes,Forest,Lower
2015-10-23,12.0,CHI,Zonotrichia,albicollis,Passerellidae,10133,Yes,Forest,Lower
2015-10-23,12.0,CHI,Zonotrichia,albicollis,Passerellidae,10133,Yes,Forest,Lower
2015-10-23,12.0,CHI,Zonotrichia,albicollis,Passerellidae,10133,Yes,Forest,Lower
2015-10-23,12.0,CHI,Zonotrichia,albicollis,Passerellidae,10133,Yes,Forest,Lower
2015-10-23,12.0,CHI,Zonotrichia,albicollis,Passerellidae,10133,Yes,Forest,Lower
2015-10-23,12.0,CHI,Zonotrichia,albicollis,Passerellidae,10133,Yes,Forest,Lower
2015-10-23,12.0,CHI,Zonotrichia,albicollis,Passerellidae,10133,Yes,Forest,Lower
2015-10-23,12.0,CHI,Catharus,guttatus,Turdidae,3729,Yes,Forest,Lower
2015-10-23,12.0,CHI,Zonotrichia,albicollis,Passerellidae,10133,Yes,Forest,Lower
2015-10-23,12.0,CHI,Zonotrichia,albicollis,Passerellidae,10133,Yes,Forest,Lower
2015-10-23,12.0,CHI,Catharus,guttatus,Turdidae,3729,Yes,Forest,Lower
2015-10-23,12.0,CHI,Catharus,guttatus,Turdidae,3729,Yes,Forest,Lower
2015-10-23,12.0,CHI,Catharus,guttatus,Turdidae,3729,Yes,Forest,Lower
2015-10-23,12.0,CHI,Catharus,guttatus,Turdidae,3729,Yes,Forest,Lower
2015-10-23,12.0,CHI,Junco,hyemalis,Passerellidae,6303,Yes,Edge,Lower
2015-10-23,12.0,CHI,Junco,hyemalis,Passerellidae,6303,Yes,Edge,Lower
2015-10-23,12.0,CHI,Spizella,passerina,Passerellidae,68,Yes,Edge,Lower
2015-10-23,12.0,CHI,Zonotrichia,albicollis,Passerellidae,10133,Yes,Forest,Lower
2015-10-23,12.0,CHI,Zonotrichia,albicollis,Passerellidae,10133,Yes,Forest,Lower
2015-10-23,12.0,CHI,Zonotrichia,albicollis,Passerellidae,10133,Yes,Forest,Lower
2015-10-23,12.0,CHI,Zonotrichia,albicollis,Passerellidae,10133,Yes,Forest,Lower
2015-10-23,12.0,CHI,Zonotrichia,albicollis,Passerellidae,10133,Yes,Forest,Lower
2015-10-23,12.0,CHI,Zonotrichia,albicollis,Passerellidae,10133,Yes,Forest,Lower
2015-10-23,12.0,CHI,Zonotrichia,albicollis,Passerellidae,10133,Yes,Forest,Lower
2015-10-23,12.0,CHI,Zonotrichia,albicollis,Passerellidae,10133,Yes,Forest,Lower
2015-10-23,12.0,CHI,Zonotrichia,albicollis,Passerellidae,10133,Yes,Forest,Lower
2015-10-23,12.0,CHI,Zonotrichia,albicollis,Passerellidae,10133,Yes,Forest,Lower
2015-10-23,12.0,CHI,Junco,hyemalis,Passerellidae,6303,Yes,Edge,Lower
2015-10-23,12.0,CHI,Zonotrichia,albicollis,Passerellidae,10133,Yes,Forest,Lower
2015-10-23,12.0,CHI,Zonotrichia,albicollis,Passerellidae,10133,Yes,Forest,Lower
2015-10-23,12.0,CHI,Zonotrichia,albicollis,Passerellidae,10133,Yes,Forest,Lower
2015-10-23,12.0,CHI,Zonotrichia,albicollis,Passerellidae,10133,Yes,Forest,Lower
2015-10-23,12.0,CHI,Zonotrichia,albicollis,Passerellidae,10133,Yes,Forest,Lower
2015-10-23,12.0,CHI,Zonotrichia,albicollis,Passerellidae,10133,Yes,Forest,Lower
2015-10-23,12.0,CHI,Zonotrichia,albicollis,Passerellidae,10133,Yes,Forest,Lower
2015-10-23,12.0,CHI,Zonotrichia,albicollis,Passerellidae,10133,Yes,Forest,Lower
2015-10-23,12.0,MP,Junco,hyemalis,Passerellidae,6303,Yes,Edge,Lower
2015-10-23,12.0,CHI,Junco,hyemalis,Passerellidae,6303,Yes,Edge,Lower
2015-10-23,12.0,CHI,Zonotrichia,albicollis,Passerellidae,10133,Yes,Forest,Lower
2015-10-23,12.0,CHI,Zonotrichia,albicollis,Passerellidae,10133,Yes,Forest,Lower
2015-10-23,12.0,CHI,Zonotrichia,albicollis,Passerellidae,10133,Yes,Forest,Lower
2015-10-23,12.0,CHI,Catharus,guttatus,Turdidae,3729,Yes,Forest,Lower
2015-10-24,9.0,CHI,Zonotrichia,albicollis,Passerellidae,10133,Yes,Forest,Lower
2015-10-24,9.0,CHI,Melospiza,melodia,Passerellidae,5124,Yes,Edge,Lower
2015-10-24,9.0,CHI,Zonotrichia,leucophrys,Passerellidae,1090,Yes,Edge,Lower
2015-10-24,9.0,MP,troglodytes,hiemalis,Troglodytidae,474,No,Forest,Lower
2015-10-24,9.0,CHI,Zonotrichia,albicollis,Passerellidae,10133,Yes,Forest,Lower
2015-10-24,9.0,CHI,Regulus,calendula,Regulidae,416,No,Forest,Upper
2015-10-24,9.0,CHI,Zonotrichia,albicollis,Passerellidae,10133,Yes,Forest,Lower
2015-10-24,9.0,CHI,Zonotrichia,albicollis,Passerellidae,10133,Yes,Forest,Lower
2015-10-24,9.0,CHI,Zonotrichia,albicollis,Passerellidae,10133,Yes,Forest,Lower
2015-10-24,9.0,CHI,Zonotrichia,albicollis,Passerellidae,10133,Yes,Forest,Lower
2015-10-24,9.0,CHI,Melospiza,melodia,Passerellidae,5124,Yes,Edge,Lower
2015-10-24,9.0,CHI,Catharus,guttatus,Turdidae,3729,Yes,Forest,Lower
2015-10-24,9.0,CHI,Zonotrichia,albicollis,Passerellidae,10133,Yes,Forest,Lower
2015-10-24,9.0,CHI,Passerella,iliaca,Passerellidae,2443,Yes,Edge,Lower
2015-10-24,9.0,CHI,Melospiza,lincolnii,Passerellidae,2029,yes,edge,Lower
2015-10-24,9.0,CHI,Melospiza,lincolnii,Passerellidae,2029,yes,edge,Lower
2015-10-25,11.0,CHI,Melospiza,melodia,Passerellidae,5124,Yes,Edge,Lower
2015-10-25,11.0,CHI,Melospiza,lincolnii,Passerellidae,2029,yes,edge,Lower
2015-10-25,11.0,CHI,Junco,hyemalis,Passerellidae,6303,Yes,Edge,Lower
2015-10-25,11.0,CHI,Catharus,guttatus,Turdidae,3729,Yes,Forest,Lower
2015-10-25,11.0,CHI,Catharus,guttatus,Turdidae,3729,Yes,Forest,Lower
2015-10-25,11.0,CHI,Zonotrichia,albicollis,Passerellidae,10133,Yes,Forest,Lower
2015-10-25,11.0,CHI,Melospiza,lincolnii,Passerellidae,2029,yes,edge,Lower
2015-10-25,11.0,CHI,Zonotrichia,albicollis,Passerellidae,10133,Yes,Forest,Lower
2015-10-25,11.0,CHI,Junco,hyemalis,Passerellidae,6303,Yes,Edge,Lower
2015-10-25,11.0,CHI,Zonotrichia,albicollis,Passerellidae,10133,Yes,Forest,Lower
2015-10-25,11.0,CHI,Junco,hyemalis,Passerellidae,6303,Yes,Edge,Lower
2015-10-25,11.0,CHI,Zonotrichia,albicollis,Passerellidae,10133,Yes,Forest,Lower
2015-10-25,11.0,CHI,Junco,hyemalis,Passerellidae,6303,Yes,Edge,Lower
2015-10-25,11.0,CHI,Zonotrichia,albicollis,Passerellidae,10133,Yes,Forest,Lower
2015-10-25,11.0,CHI,Junco,hyemalis,Passerellidae,6303,Yes,Edge,Lower
2015-10-25,11.0,CHI,Junco,hyemalis,Passerellidae,6303,Yes,Edge,Lower
2015-10-25,11.0,MP,Catharus,guttatus,Turdidae,3729,Yes,Forest,Lower
2015-10-25,11.0,CHI,Passerella,iliaca,Passerellidae,2443,Yes,Edge,Lower
2015-10-26,13.0,CHI,Catharus,guttatus,Turdidae,3729,Yes,Forest,Lower
2015-10-26,13.0,CHI,Catharus,guttatus,Turdidae,3729,Yes,Forest,Lower
2015-10-26,13.0,CHI,troglodytes,hiemalis,Troglodytidae,474,No,Forest,Lower
2015-10-26,13.0,CHI,Zonotrichia,albicollis,Passerellidae,10133,Yes,Forest,Lower
2015-10-26,13.0,CHI,Regulus,satrapa,Regulidae,1029,Yes,Forest,Upper
2015-10-26,13.0,CHI,Regulus,satrapa,Regulidae,1029,Yes,Forest,Upper
2015-10-26,13.0,CHI,Zonotrichia,albicollis,Passerellidae,10133,Yes,Forest,Lower
2015-10-26,13.0,CHI,Junco,hyemalis,Passerellidae,6303,Yes,Edge,Lower
2015-10-26,13.0,CHI,Zonotrichia,albicollis,Passerellidae,10133,Yes,Forest,Lower
2015-10-26,13.0,CHI,Zonotrichia,leucophrys,Passerellidae,1090,Yes,Edge,Lower
2015-10-27,13.0,MP,Junco,hyemalis,Passerellidae,6303,Yes,Edge,Lower
2015-10-27,13.0,CHI,Junco,hyemalis,Passerellidae,6303,Yes,Edge,Lower
2015-10-27,13.0,CHI,Zonotrichia,albicollis,Passerellidae,10133,Yes,Forest,Lower
2015-10-27,13.0,MP,Zonotrichia,albicollis,Passerellidae,10133,Yes,Forest,Lower
2015-10-27,13.0,CHI,Zonotrichia,albicollis,Passerellidae,10133,Yes,Forest,Lower
2015-10-27,13.0,CHI,Zonotrichia,albicollis,Passerellidae,10133,Yes,Forest,Lower
2015-10-28,9.0,CHI,Zonotrichia,albicollis,Passerellidae,10133,Yes,Forest,Lower
2015-10-28,9.0,MP,Zonotrichia,leucophrys,Passerellidae,1090,Yes,Edge,Lower
2015-10-28,9.0,CHI,Passerella,iliaca,Passerellidae,2443,Yes,Edge,Lower
2015-10-29,8.0,CHI,Passerella,iliaca,Passerellidae,2443,Yes,Edge,Lower
2015-10-29,8.0,CHI,Junco,hyemalis,Passerellidae,6303,Yes,Edge,Lower
2015-10-29,8.0,CHI,Zonotrichia,albicollis,Passerellidae,10133,Yes,Forest,Lower
2015-10-30,7.0,CHI,Passerella,iliaca,Passerellidae,2443,Yes,Edge,Lower
2015-10-30,7.0,CHI,Passerella,iliaca,Passerellidae,2443,Yes,Edge,Lower
2015-10-30,7.0,MP,Spizelloides,arborea,Passerellidae,1262,Yes,Edge,Lower
2015-10-30,7.0,CHI,Junco,hyemalis,Passerellidae,6303,Yes,Edge,Lower
2015-10-30,7.0,MP,Spizelloides,arborea,Passerellidae,1262,Yes,Edge,Lower
2015-10-30,7.0,CHI,Junco,hyemalis,Passerellidae,6303,Yes,Edge,Lower
2015-10-30,7.0,CHI,Junco,hyemalis,Passerellidae,6303,Yes,Edge,Lower
2015-10-30,7.0,CHI,Junco,hyemalis,Passerellidae,6303,Yes,Edge,Lower
2015-10-30,7.0,CHI,Zonotrichia,albicollis,Passerellidae,10133,Yes,Forest,Lower
2015-10-30,7.0,CHI,Setophaga,caerulescens,Parulidae,183,Yes,Forest,Upper
2015-10-31,4.0,CHI,Oreothlypis,celata,Parulidae,227,Yes,Edge,Lower
2015-11-02,3.0,MP,Passerella,iliaca,Passerellidae,2443,Yes,Edge,Lower
2015-11-02,3.0,CHI,Zonotrichia,leucophrys,Passerellidae,1090,Yes,Edge,Lower
2015-11-02,3.0,CHI,Catharus,guttatus,Turdidae,3729,Yes,Forest,Lower
2015-11-02,3.0,MP,Junco,hyemalis,Passerellidae,6303,Yes,Edge,Lower
2015-11-03,3.0,CHI,Junco,hyemalis,Passerellidae,6303,Yes,Edge,Lower
2015-11-03,3.0,CHI,Junco,hyemalis,Passerellidae,6303,Yes,Edge,Lower
2015-11-03,3.0,CHI,Junco,hyemalis,Passerellidae,6303,Yes,Edge,Lower
2015-11-03,3.0,CHI,Passerella,iliaca,Passerellidae,2443,Yes,Edge,Lower
2015-11-03,3.0,CHI,Passerella,iliaca,Passerellidae,2443,Yes,Edge,Lower
2015-11-03,3.0,CHI,Passerella,iliaca,Passerellidae,2443,Yes,Edge,Lower
2015-11-04,14.0,MP,catharus,ustulatus,Turdidae,2331,Yes,Forest,Lower
2015-11-04,14.0,MP,Passerella,iliaca,Passerellidae,2443,Yes,Edge,Lower
2015-11-04,14.0,CHI,Passerella,iliaca,Passerellidae,2443,Yes,Edge,Lower
2015-11-04,14.0,MP,Melospiza,melodia,Passerellidae,5124,Yes,Edge,Lower
2015-11-04,14.0,MP,Zonotrichia,leucophrys,Passerellidae,1090,Yes,Edge,Lower
2015-11-04,14.0,CHI,Regulus,satrapa,Regulidae,1029,Yes,Forest,Upper
2015-11-04,14.0,CHI,Zonotrichia,leucophrys,Passerellidae,1090,Yes,Edge,Lower
2015-11-04,14.0,CHI,Zonotrichia,leucophrys,Passerellidae,1090,Yes,Edge,Lower
2015-11-04,14.0,CHI,Zonotrichia,leucophrys,Passerellidae,1090,Yes,Edge,Lower
2015-11-04,14.0,MP,Zonotrichia,leucophrys,Passerellidae,1090,Yes,Edge,Lower
2015-11-05,13.0,CHI,Junco,hyemalis,Passerellidae,6303,Yes,Edge,Lower
2015-11-05,13.0,MP,Oreothlypis,celata,Parulidae,227,Yes,Edge,Lower
2015-11-05,13.0,CHI,Ammodramus,savannarum,Passerellidae,106,Yes,Open,Lower
2015-11-05,13.0,CHI,Regulus,satrapa,Regulidae,1029,Yes,Forest,Upper
2015-11-05,13.0,CHI,Catharus,guttatus,Turdidae,3729,Yes,Forest,Lower
2015-11-05,13.0,MP,Zonotrichia,leucophrys,Passerellidae,1090,Yes,Edge,Lower
2015-11-05,13.0,CHI,Oreothlypis,celata,Parulidae,227,Yes,Edge,Lower
2015-11-06,16.0,MP,Passerella,iliaca,Passerellidae,2443,Yes,Edge,Lower
2015-11-06,16.0,MP,Zonotrichia,leucophrys,Passerellidae,1090,Yes,Edge,Lower
2015-11-06,16.0,MP,Zonotrichia,leucophrys,Passerellidae,1090,Yes,Edge,Lower
2015-11-07,17.0,MP,Junco,hyemalis,Passerellidae,6303,Yes,Edge,Lower
2015-11-07,17.0,CHI,Junco,hyemalis,Passerellidae,6303,Yes,Edge,Lower
2015-11-07,17.0,MP,Junco,hyemalis,Passerellidae,6303,Yes,Edge,Lower
2015-11-07,17.0,CHI,Junco,hyemalis,Passerellidae,6303,Yes,Edge,Lower
2015-11-07,17.0,CHI,Junco,hyemalis,Passerellidae,6303,Yes,Edge,Lower
2015-11-07,17.0,MP,Junco,hyemalis,Passerellidae,6303,Yes,Edge,Lower
2015-11-07,17.0,CHI,Junco,hyemalis,Passerellidae,6303,Yes,Edge,Lower
2015-11-07,17.0,MP,Junco,hyemalis,Passerellidae,6303,Yes,Edge,Lower
2015-11-07,17.0,CHI,Junco,hyemalis,Passerellidae,6303,Yes,Edge,Lower
2015-11-07,17.0,CHI,Junco,hyemalis,Passerellidae,6303,Yes,Edge,Lower
2015-11-07,17.0,CHI,Junco,hyemalis,Passerellidae,6303,Yes,Edge,Lower
2015-11-07,17.0,CHI,Junco,hyemalis,Passerellidae,6303,Yes,Edge,Lower
2015-11-07,17.0,MP,Junco,hyemalis,Passerellidae,6303,Yes,Edge,Lower
2015-11-07,17.0,CHI,Sayornis,phoebe,Tyrannidae,24,No,Edge,Upper
2015-11-07,17.0,CHI,catharus,ustulatus,Turdidae,2331,Yes,Forest,Lower
2015-11-07,17.0,MP,Passerella,iliaca,Passerellidae,2443,Yes,Edge,Lower
2015-11-07,17.0,CHI,Junco,hyemalis,Passerellidae,6303,Yes,Edge,Lower
2015-11-07,17.0,CHI,Passerella,iliaca,Passerellidae,2443,Yes,Edge,Lower
2015-11-07,17.0,CHI,Junco,hyemalis,Passerellidae,6303,Yes,Edge,Lower
2015-11-07,17.0,CHI,Junco,hyemalis,Passerellidae,6303,Yes,Edge,Lower
2015-11-07,17.0,MP,Spizelloides,arborea,Passerellidae,1262,Yes,Edge,Lower
2015-11-07,17.0,MP,Spizelloides,arborea,Passerellidae,1262,Yes,Edge,Lower
2015-11-07,17.0,MP,Spizelloides,arborea,Passerellidae,1262,Yes,Edge,Lower
2015-11-07,17.0,MP,Junco,hyemalis,Passerellidae,6303,Yes,Edge,Lower
2015-11-07,17.0,MP,Junco,hyemalis,Passerellidae,6303,Yes,Edge,Lower
2015-11-07,17.0,MP,Junco,hyemalis,Passerellidae,6303,Yes,Edge,Lower
2015-11-07,17.0,CHI,Junco,hyemalis,Passerellidae,6303,Yes,Edge,Lower
2015-11-07,17.0,MP,Junco,hyemalis,Passerellidae,6303,Yes,Edge,Lower
2015-11-07,17.0,CHI,Junco,hyemalis,Passerellidae,6303,Yes,Edge,Lower
2015-11-07,17.0,CHI,Junco,hyemalis,Passerellidae,6303,Yes,Edge,Lower
2015-11-07,17.0,CHI,Junco,hyemalis,Passerellidae,6303,Yes,Edge,Lower
2015-11-07,17.0,CHI,Junco,hyemalis,Passerellidae,6303,Yes,Edge,Lower
2015-11-07,17.0,CHI,Junco,hyemalis,Passerellidae,6303,Yes,Edge,Lower
2015-11-07,17.0,MP,Junco,hyemalis,Passerellidae,6303,Yes,Edge,Lower
2015-11-07,17.0,MP,Junco,hyemalis,Passerellidae,6303,Yes,Edge,Lower
2015-11-07,17.0,CHI,Passerella,iliaca,Passerellidae,2443,Yes,Edge,Lower
2015-11-07,17.0,MP,Passerella,iliaca,Passerellidae,2443,Yes,Edge,Lower
2015-11-07,17.0,MP,Catharus,guttatus,Turdidae,3729,Yes,Forest,Lower
2015-11-07,17.0,CHI,Melospiza,melodia,Passerellidae,5124,Yes,Edge,Lower
2015-11-07,17.0,CHI,Zonotrichia,albicollis,Passerellidae,10133,Yes,Forest,Lower
2015-11-07,17.0,CHI,Setophaga,coronata,Parulidae,887,yes,forest,Upper
2015-11-07,17.0,CHI,Zonotrichia,albicollis,Passerellidae,10133,Yes,Forest,Lower
2015-11-08,16.0,CHI,Junco,hyemalis,Passerellidae,6303,Yes,Edge,Lower
2015-11-08,16.0,CHI,Junco,hyemalis,Passerellidae,6303,Yes,Edge,Lower
2015-11-08,16.0,CHI,Junco,hyemalis,Passerellidae,6303,Yes,Edge,Lower
2015-11-08,16.0,CHI,Junco,hyemalis,Passerellidae,6303,Yes,Edge,Lower
2015-11-08,16.0,CHI,Junco,hyemalis,Passerellidae,6303,Yes,Edge,Lower
2015-11-08,16.0,MP,Junco,hyemalis,Passerellidae,6303,Yes,Edge,Lower
2015-11-08,16.0,CHI,Junco,hyemalis,Passerellidae,6303,Yes,Edge,Lower
2015-11-08,16.0,CHI,Junco,hyemalis,Passerellidae,6303,Yes,Edge,Lower
2015-11-08,16.0,CHI,Junco,hyemalis,Passerellidae,6303,Yes,Edge,Lower
2015-11-08,16.0,MP,Junco,hyemalis,Passerellidae,6303,Yes,Edge,Lower
2015-11-08,16.0,MP,Junco,hyemalis,Passerellidae,6303,Yes,Edge,Lower
2015-11-08,16.0,CHI,Junco,hyemalis,Passerellidae,6303,Yes,Edge,Lower
2015-11-08,16.0,CHI,Junco,hyemalis,Passerellidae,6303,Yes,Edge,Lower
2015-11-08,16.0,CHI,Junco,hyemalis,Passerellidae,6303,Yes,Edge,Lower
2015-11-08,16.0,MP,Spizelloides,arborea,Passerellidae,1262,Yes,Edge,Lower
2015-11-08,16.0,CHI,Spizelloides,arborea,Passerellidae,1262,Yes,Edge,Lower
2015-11-08,16.0,CHI,Zonotrichia,albicollis,Passerellidae,10133,Yes,Forest,Lower
2015-11-08,16.0,CHI,Junco,hyemalis,Passerellidae,6303,Yes,Edge,Lower
2015-11-08,16.0,CHI,Zonotrichia,albicollis,Passerellidae,10133,Yes,Forest,Lower
2015-11-08,16.0,CHI,Setophaga,americana,Parulidae,59,Yes,Forest,Upper
2015-11-08,16.0,MP,Passerella,iliaca,Passerellidae,2443,Yes,Edge,Lower
2015-11-08,16.0,MP,Passerella,iliaca,Passerellidae,2443,Yes,Edge,Lower
2015-11-08,16.0,CHI,Passerella,iliaca,Passerellidae,2443,Yes,Edge,Lower
2015-11-08,16.0,CHI,Junco,hyemalis,Passerellidae,6303,Yes,Edge,Lower
2015-11-08,16.0,CHI,Junco,hyemalis,Passerellidae,6303,Yes,Edge,Lower
2015-11-08,16.0,CHI,Zonotrichia,albicollis,Passerellidae,10133,Yes,Forest,Lower
2015-11-08,16.0,CHI,Junco,hyemalis,Passerellidae,6303,Yes,Edge,Lower
2015-11-08,16.0,MP,Junco,hyemalis,Passerellidae,6303,Yes,Edge,Lower
2015-11-08,16.0,MP,Junco,hyemalis,Passerellidae,6303,Yes,Edge,Lower
2015-11-08,16.0,CHI,Junco,hyemalis,Passerellidae,6303,Yes,Edge,Lower
2015-11-08,16.0,CHI,Junco,hyemalis,Passerellidae,6303,Yes,Edge,Lower
2015-11-08,16.0,CHI,Junco,hyemalis,Passerellidae,6303,Yes,Edge,Lower
2015-11-08,16.0,MP,Junco,hyemalis,Passerellidae,6303,Yes,Edge,Lower
2015-11-08,16.0,CHI,Junco,hyemalis,Passerellidae,6303,Yes,Edge,Lower
2015-11-08,16.0,MP,Junco,hyemalis,Passerellidae,6303,Yes,Edge,Lower
2015-11-08,16.0,MP,Spizelloides,arborea,Passerellidae,1262,Yes,Edge,Lower
2015-11-08,16.0,CHI,Passerella,iliaca,Passerellidae,2443,Yes,Edge,Lower
2015-11-08,16.0,MP,Junco,hyemalis,Passerellidae,6303,Yes,Edge,Lower
2015-11-08,16.0,CHI,Oreothlypis,celata,Parulidae,227,Yes,Edge,Lower
2015-11-09,16.0,CHI,Catharus,guttatus,Turdidae,3729,Yes,Forest,Lower
2015-11-09,16.0,CHI,Passerella,iliaca,Passerellidae,2443,Yes,Edge,Lower
2015-11-09,16.0,MP,Spizelloides,arborea,Passerellidae,1262,Yes,Edge,Lower
2015-11-09,16.0,MP,Junco,hyemalis,Passerellidae,6303,Yes,Edge,Lower
2015-11-09,16.0,CHI,Junco,hyemalis,Passerellidae,6303,Yes,Edge,Lower
2015-11-09,16.0,MP,Junco,hyemalis,Passerellidae,6303,Yes,Edge,Lower
2015-11-09,16.0,MP,Junco,hyemalis,Passerellidae,6303,Yes,Edge,Lower
2015-11-09,16.0,MP,Zonotrichia,leucophrys,Passerellidae,1090,Yes,Edge,Lower
2015-11-09,16.0,CHI,Zonotrichia,albicollis,Passerellidae,10133,Yes,Forest,Lower
2015-11-09,16.0,CHI,Zonotrichia,albicollis,Passerellidae,10133,Yes,Forest,Lower
2015-11-10,16.0,MP,Spizelloides,arborea,Passerellidae,1262,Yes,Edge,Lower
2015-11-10,16.0,MP,Spizelloides,arborea,Passerellidae,1262,Yes,Edge,Lower
2015-11-10,16.0,CHI,Spizelloides,arborea,Passerellidae,1262,Yes,Edge,Lower
2015-11-10,16.0,MP,Spizelloides,arborea,Passerellidae,1262,Yes,Edge,Lower
2015-11-10,16.0,MP,Spizelloides,arborea,Passerellidae,1262,Yes,Edge,Lower
2015-11-10,16.0,CHI,Spizelloides,arborea,Passerellidae,1262,Yes,Edge,Lower
2015-11-10,16.0,CHI,Junco,hyemalis,Passerellidae,6303,Yes,Edge,Lower
2015-11-10,16.0,CHI,Junco,hyemalis,Passerellidae,6303,Yes,Edge,Lower
2015-11-10,16.0,MP,Passerella,iliaca,Passerellidae,2443,Yes,Edge,Lower
2015-11-10,16.0,CHI,Passerella,iliaca,Passerellidae,2443,Yes,Edge,Lower
2015-11-10,16.0,MP,Passerella,iliaca,Passerellidae,2443,Yes,Edge,Lower
2015-11-11,3.0,MP,Spizelloides,arborea,Passerellidae,1262,Yes,Edge,Lower
2015-11-11,3.0,CHI,Passerella,iliaca,Passerellidae,2443,Yes,Edge,Lower
2015-11-11,3.0,CHI,Passerella,iliaca,Passerellidae,2443,Yes,Edge,Lower
2015-11-13,3.0,MP,Junco,hyemalis,Passerellidae,6303,Yes,Edge,Lower
2015-11-13,3.0,CHI,Junco,hyemalis,Passerellidae,6303,Yes,Edge,Lower
2015-11-13,3.0,CHI,Junco,hyemalis,Passerellidae,6303,Yes,Edge,Lower
2015-11-13,3.0,CHI,Junco,hyemalis,Passerellidae,6303,Yes,Edge,Lower
2015-11-13,3.0,MP,Zonotrichia,albicollis,Passerellidae,10133,Yes,Forest,Lower
2015-11-13,3.0,CHI,Zonotrichia,albicollis,Passerellidae,10133,Yes,Forest,Lower
2015-11-13,3.0,MP,Spizelloides,arborea,Passerellidae,1262,Yes,Edge,Lower
2015-11-13,3.0,CHI,Spizelloides,arborea,Passerellidae,1262,Yes,Edge,Lower
2015-11-13,3.0,CHI,Spizelloides,arborea,Passerellidae,1262,Yes,Edge,Lower
2015-11-13,3.0,CHI,Zonotrichia,albicollis,Passerellidae,10133,Yes,Forest,Lower
2015-11-14,3.0,CHI,Passerella,iliaca,Passerellidae,2443,Yes,Edge,Lower
2015-11-14,3.0,CHI,Junco,hyemalis,Passerellidae,6303,Yes,Edge,Lower
2015-11-14,3.0,CHI,Junco,hyemalis,Passerellidae,6303,Yes,Edge,Lower
2015-11-14,3.0,CHI,Spizelloides,arborea,Passerellidae,1262,Yes,Edge,Lower
2015-11-14,3.0,CHI,Junco,hyemalis,Passerellidae,6303,Yes,Edge,Lower
2015-11-14,3.0,MP,Junco,hyemalis,Passerellidae,6303,Yes,Edge,Lower
2015-11-14,3.0,CHI,Junco,hyemalis,Passerellidae,6303,Yes,Edge,Lower
2015-11-14,3.0,CHI,Junco,hyemalis,Passerellidae,6303,Yes,Edge,Lower
2015-11-14,3.0,CHI,Passerella,iliaca,Passerellidae,2443,Yes,Edge,Lower
2015-11-14,3.0,CHI,Passerella,iliaca,Passerellidae,2443,Yes,Edge,Lower
2015-11-14,3.0,CHI,Spizelloides,arborea,Passerellidae,1262,Yes,Edge,Lower
2015-11-14,3.0,CHI,Passerella,iliaca,Passerellidae,2443,Yes,Edge,Lower
2015-11-15,3.0,CHI,Spizelloides,arborea,Passerellidae,1262,Yes,Edge,Lower
2015-11-15,3.0,CHI,Junco,hyemalis,Passerellidae,6303,Yes,Edge,Lower
2015-11-15,3.0,CHI,Junco,hyemalis,Passerellidae,6303,Yes,Edge,Lower
2015-11-15,3.0,CHI,Junco,hyemalis,Passerellidae,6303,Yes,Edge,Lower
2015-11-15,3.0,MP,Junco,hyemalis,Passerellidae,6303,Yes,Edge,Lower
2015-11-15,3.0,MP,Junco,hyemalis,Passerellidae,6303,Yes,Edge,Lower
2015-11-15,3.0,CHI,catharus,ustulatus,Turdidae,2331,Yes,Forest,Lower
2015-11-15,3.0,MP,Junco,hyemalis,Passerellidae,6303,Yes,Edge,Lower
2015-11-15,3.0,CHI,Junco,hyemalis,Passerellidae,6303,Yes,Edge,Lower
2015-11-15,3.0,CHI,Junco,hyemalis,Passerellidae,6303,Yes,Edge,Lower
2015-11-15,3.0,MP,Spizelloides,arborea,Passerellidae,1262,Yes,Edge,Lower
2015-11-15,3.0,MP,Junco,hyemalis,Passerellidae,6303,Yes,Edge,Lower
2015-11-16,3.0,MP,Spizelloides,arborea,Passerellidae,1262,Yes,Edge,Lower
2015-11-17,16.0,MP,Junco,hyemalis,Passerellidae,6303,Yes,Edge,Lower
2015-11-18,13.0,CHI,Junco,hyemalis,Passerellidae,6303,Yes,Edge,Lower
2015-11-18,13.0,CHI,Catharus,guttatus,Turdidae,3729,Yes,Forest,Lower
2015-11-18,13.0,CHI,Junco,hyemalis,Passerellidae,6303,Yes,Edge,Lower
2015-11-19,16.0,MP,Spizelloides,arborea,Passerellidae,1262,Yes,Edge,Lower
2015-11-19,16.0,CHI,Spizelloides,arborea,Passerellidae,1262,Yes,Edge,Lower
2015-11-19,16.0,MP,Spizelloides,arborea,Passerellidae,1262,Yes,Edge,Lower
2015-11-19,16.0,MP,Spizelloides,arborea,Passerellidae,1262,Yes,Edge,Lower
2015-11-20,16.0,MP,Spizelloides,arborea,Passerellidae,1262,Yes,Edge,Lower
2015-11-20,16.0,MP,Junco,hyemalis,Passerellidae,6303,Yes,Edge,Lower
2015-11-20,16.0,CHI,Spizelloides,arborea,Passerellidae,1262,Yes,Edge,Lower
2015-11-20,16.0,MP,Passerella,iliaca,Passerellidae,2443,Yes,Edge,Lower
2015-11-20,16.0,CHI,Passerella,iliaca,Passerellidae,2443,Yes,Edge,Lower
2015-11-20,16.0,MP,Spizelloides,arborea,Passerellidae,1262,Yes,Edge,Lower
2016-03-07,17.0,MP,Melospiza,melodia,Passerellidae,5124,Yes,Edge,Lower
2016-03-07,17.0,MP,Melospiza,melodia,Passerellidae,5124,Yes,Edge,Lower
2016-03-07,17.0,MP,Melospiza,melodia,Passerellidae,5124,Yes,Edge,Lower
2016-03-07,17.0,MP,Melospiza,melodia,Passerellidae,5124,Yes,Edge,Lower
2016-03-07,17.0,MP,Melospiza,melodia,Passerellidae,5124,Yes,Edge,Lower
2016-03-07,17.0,MP,Melospiza,melodia,Passerellidae,5124,Yes,Edge,Lower
2016-03-07,17.0,MP,Spizelloides,arborea,Passerellidae,1262,Yes,Edge,Lower
2016-03-07,17.0,MP,Melospiza,melodia,Passerellidae,5124,Yes,Edge,Lower
2016-03-07,17.0,MP,Spizelloides,arborea,Passerellidae,1262,Yes,Edge,Lower
2016-03-07,17.0,MP,Melospiza,melodia,Passerellidae,5124,Yes,Edge,Lower
2016-03-07,17.0,MP,Melospiza,melodia,Passerellidae,5124,Yes,Edge,Lower
2016-03-07,17.0,MP,Melospiza,melodia,Passerellidae,5124,Yes,Edge,Lower
2016-03-07,17.0,MP,Melospiza,melodia,Passerellidae,5124,Yes,Edge,Lower
2016-03-07,17.0,MP,Melospiza,melodia,Passerellidae,5124,Yes,Edge,Lower
2016-03-07,17.0,MP,Melospiza,melodia,Passerellidae,5124,Yes,Edge,Lower
2016-03-07,17.0,MP,Passerculus,sandwichensis,Passerellidae,274,yes,open,Lower	
2016-03-07,17.0,MP,Melospiza,melodia,Passerellidae,5124,Yes,Edge,Lower
2016-03-07,17.0,MP,Melospiza,melodia,Passerellidae,5124,Yes,Edge,Lower
2016-03-07,17.0,MP,Melospiza,melodia,Passerellidae,5124,Yes,Edge,Lower
2016-03-07,17.0,MP,Melospiza,melodia,Passerellidae,5124,Yes,Edge,Lower
2016-03-07,17.0,MP,Melospiza,melodia,Passerellidae,5124,Yes,Edge,Lower
2016-03-07,17.0,MP,Melospiza,melodia,Passerellidae,5124,Yes,Edge,Lower
2016-03-07,17.0,MP,Passerella,iliaca,Passerellidae,2443,Yes,Edge,Lower
2016-03-09,14.0,MP,Melospiza,melodia,Passerellidae,5124,Yes,Edge,Lower
2016-03-09,14.0,MP,Melospiza,melodia,Passerellidae,5124,Yes,Edge,Lower
2016-03-09,14.0,MP,Melospiza,melodia,Passerellidae,5124,Yes,Edge,Lower
2016-03-09,14.0,MP,Melospiza,melodia,Passerellidae,5124,Yes,Edge,Lower
2016-03-09,14.0,MP,Melospiza,melodia,Passerellidae,5124,Yes,Edge,Lower
2016-03-09,14.0,MP,Melospiza,melodia,Passerellidae,5124,Yes,Edge,Lower
2016-03-09,14.0,MP,Melospiza,melodia,Passerellidae,5124,Yes,Edge,Lower
2016-03-09,14.0,MP,Melospiza,melodia,Passerellidae,5124,Yes,Edge,Lower
2016-03-09,14.0,MP,Melospiza,melodia,Passerellidae,5124,Yes,Edge,Lower
2016-03-09,14.0,MP,Melospiza,melodia,Passerellidae,5124,Yes,Edge,Lower
2016-03-09,14.0,MP,Melospiza,melodia,Passerellidae,5124,Yes,Edge,Lower
2016-03-09,14.0,MP,Melospiza,melodia,Passerellidae,5124,Yes,Edge,Lower
2016-03-09,14.0,MP,Melospiza,melodia,Passerellidae,5124,Yes,Edge,Lower
2016-03-09,14.0,MP,Passerella,iliaca,Passerellidae,2443,Yes,Edge,Lower
2016-03-09,14.0,MP,Melospiza,melodia,Passerellidae,5124,Yes,Edge,Lower
2016-03-09,14.0,MP,Passerella,iliaca,Passerellidae,2443,Yes,Edge,Lower
2016-03-09,14.0,MP,Spizelloides,arborea,Passerellidae,1262,Yes,Edge,Lower
2016-03-09,14.0,MP,Spizelloides,arborea,Passerellidae,1262,Yes,Edge,Lower
2016-03-09,14.0,MP,Spizelloides,arborea,Passerellidae,1262,Yes,Edge,Lower
2016-03-09,14.0,MP,Spizelloides,arborea,Passerellidae,1262,Yes,Edge,Lower
2016-03-09,14.0,MP,Melospiza,melodia,Passerellidae,5124,Yes,Edge,Lower
2016-03-09,14.0,MP,Passerella,iliaca,Passerellidae,2443,Yes,Edge,Lower
2016-03-09,14.0,MP,Passerella,iliaca,Passerellidae,2443,Yes,Edge,Lower
2016-03-10,14.0,MP,Passerella,iliaca,Passerellidae,2443,Yes,Edge,Lower
2016-03-10,14.0,MP,Passerella,iliaca,Passerellidae,2443,Yes,Edge,Lower
2016-03-10,14.0,MP,Passerella,iliaca,Passerellidae,2443,Yes,Edge,Lower
2016-03-10,14.0,MP,Melospiza,melodia,Passerellidae,5124,Yes,Edge,Lower
2016-03-10,14.0,MP,Melospiza,melodia,Passerellidae,5124,Yes,Edge,Lower
2016-03-10,14.0,MP,Melospiza,melodia,Passerellidae,5124,Yes,Edge,Lower
2016-03-11,14.0,MP,Melospiza,melodia,Passerellidae,5124,Yes,Edge,Lower
2016-03-14,17.0,MP,Junco,hyemalis,Passerellidae,6303,Yes,Edge,Lower
2016-03-15,17.0,MP,Melospiza,melodia,Passerellidae,5124,Yes,Edge,Lower
2016-03-16,10.0,MP,Spizelloides,arborea,Passerellidae,1262,Yes,Edge,Lower
2016-03-16,10.0,MP,Melospiza,melodia,Passerellidae,5124,Yes,Edge,Lower
2016-03-16,10.0,MP,Passerella,iliaca,Passerellidae,2443,Yes,Edge,Lower
2016-03-16,10.0,MP,Passerella,iliaca,Passerellidae,2443,Yes,Edge,Lower
2016-03-16,10.0,MP,Passerella,iliaca,Passerellidae,2443,Yes,Edge,Lower
2016-03-16,10.0,MP,Melospiza,melodia,Passerellidae,5124,Yes,Edge,Lower
2016-03-16,10.0,MP,Melospiza,melodia,Passerellidae,5124,Yes,Edge,Lower
2016-03-16,10.0,MP,Melospiza,melodia,Passerellidae,5124,Yes,Edge,Lower
2016-03-16,10.0,MP,Spizelloides,arborea,Passerellidae,1262,Yes,Edge,Lower
2016-03-16,10.0,MP,Melospiza,melodia,Passerellidae,5124,Yes,Edge,Lower
2016-03-16,10.0,MP,Melospiza,melodia,Passerellidae,5124,Yes,Edge,Lower
2016-03-16,10.0,MP,Passerella,iliaca,Passerellidae,2443,Yes,Edge,Lower
2016-03-16,10.0,MP,Melospiza,melodia,Passerellidae,5124,Yes,Edge,Lower
2016-03-16,10.0,MP,Melospiza,melodia,Passerellidae,5124,Yes,Edge,Lower
2016-03-16,10.0,MP,Melospiza,melodia,Passerellidae,5124,Yes,Edge,Lower
2016-03-16,10.0,MP,Melospiza,melodia,Passerellidae,5124,Yes,Edge,Lower
2016-03-16,10.0,MP,Melospiza,melodia,Passerellidae,5124,Yes,Edge,Lower
2016-03-16,10.0,MP,Melospiza,melodia,Passerellidae,5124,Yes,Edge,Lower
2016-03-16,10.0,MP,Melospiza,melodia,Passerellidae,5124,Yes,Edge,Lower
2016-03-16,10.0,MP,Melospiza,melodia,Passerellidae,5124,Yes,Edge,Lower
2016-03-16,10.0,MP,Melospiza,melodia,Passerellidae,5124,Yes,Edge,Lower
2016-03-16,10.0,MP,Melospiza,melodia,Passerellidae,5124,Yes,Edge,Lower
2016-03-16,10.0,MP,Melospiza,melodia,Passerellidae,5124,Yes,Edge,Lower
2016-03-17,12.0,MP,Melospiza,melodia,Passerellidae,5124,Yes,Edge,Lower
2016-03-17,12.0,MP,Melospiza,melodia,Passerellidae,5124,Yes,Edge,Lower
2016-03-17,12.0,MP,Melospiza,melodia,Passerellidae,5124,Yes,Edge,Lower
2016-03-17,12.0,MP,Melospiza,melodia,Passerellidae,5124,Yes,Edge,Lower
2016-03-17,12.0,MP,Junco,hyemalis,Passerellidae,6303,Yes,Edge,Lower
2016-03-17,12.0,MP,Melospiza,melodia,Passerellidae,5124,Yes,Edge,Lower
2016-03-17,12.0,MP,Junco,hyemalis,Passerellidae,6303,Yes,Edge,Lower
2016-03-17,12.0,MP,Melospiza,melodia,Passerellidae,5124,Yes,Edge,Lower
2016-03-17,12.0,MP,Melospiza,melodia,Passerellidae,5124,Yes,Edge,Lower
2016-03-17,12.0,MP,Passerella,iliaca,Passerellidae,2443,Yes,Edge,Lower
2016-03-17,12.0,MP,Passerella,iliaca,Passerellidae,2443,Yes,Edge,Lower
2016-03-22,17.0,MP,Junco,hyemalis,Passerellidae,6303,Yes,Edge,Lower
2016-03-22,17.0,MP,Melospiza,melodia,Passerellidae,5124,Yes,Edge,Lower
2016-03-28,7.0,MP,Passerella,iliaca,Passerellidae,2443,Yes,Edge,Lower
2016-04-06,3.0,MP,Catharus,guttatus,Turdidae,3729,Yes,Forest,Lower
2016-04-13,17.0,MP,Melospiza,melodia,Passerellidae,5124,Yes,Edge,Lower
2016-04-15,17.0,MP,Spizella,passerina,Passerellidae,68,Yes,Edge,Lower
2016-04-15,17.0,MP,Junco,hyemalis,Passerellidae,6303,Yes,Edge,Lower
2016-04-15,17.0,MP,Melospiza,melodia,Passerellidae,5124,Yes,Edge,Lower
2016-04-15,17.0,MP,Pipilo,erythrophthalmus,Passerellidae,82,Rare,Edge,Lower
2016-04-19,12.0,MP,Zonotrichia,albicollis,Passerellidae,10133,Yes,Forest,Lower
2016-04-20,12.0,MP,Toxostoma,rufum,Mimidae,166,No,Edge,Lower
2016-04-22,4.0,MP,Toxostoma,rufum,Mimidae,166,No,Edge,Lower
2016-04-23,4.0,MP,Zonotrichia,albicollis,Passerellidae,10133,Yes,Forest,Lower
2016-04-24,4.0,MP,Catharus,guttatus,Turdidae,3729,Yes,Forest,Lower
2016-04-25,4.0,MP,Zonotrichia,albicollis,Passerellidae,10133,Yes,Forest,Lower
2016-04-26,5.0,MP,Geothlypis,trichas,Parulidae,1555,Yes,Open,Lower
2016-05-07,6.0,MP,Hylocichla,mustelina,Turdidae,500,Yes,Forest,Lower
2016-05-07,6.0,MP,Zonotrichia,albicollis,Passerellidae,10133,Yes,Forest,Lower
2016-05-07,6.0,MP,Zonotrichia,albicollis,Passerellidae,10133,Yes,Forest,Lower
2016-05-07,6.0,MP,Zonotrichia,albicollis,Passerellidae,10133,Yes,Forest,Lower
2016-05-07,6.0,MP,Zonotrichia,albicollis,Passerellidae,10133,Yes,Forest,Lower
2016-05-07,6.0,MP,Zonotrichia,albicollis,Passerellidae,10133,Yes,Forest,Lower
2016-05-07,6.0,MP,Zonotrichia,albicollis,Passerellidae,10133,Yes,Forest,Lower
2016-05-09,4.0,MP,Hylocichla,mustelina,Turdidae,500,Yes,Forest,Lower
2016-05-10,4.0,MP,Melospiza,lincolnii,Passerellidae,2029,yes,edge,Lower
2016-05-12,4.0,MP,Oreothlypis,ruficapilla,Parulidae,1690,Yes,Forest,Upper
2016-05-12,4.0,MP,Hylocichla,mustelina,Turdidae,500,Yes,Forest,Lower
2016-05-13,4.0,MP,Catharus,fuscescens,Turdidae,727,Yes,Forest,Lower
2016-05-13,4.0,MP,Zonotrichia,leucophrys,Passerellidae,1090,Yes,Edge,Lower
2016-05-13,4.0,MP,Parkesia,noveboracensis,Parulidae,916,Yes,Forest,Lower
2016-05-13,4.0,MP,Seiurus,aurocapilla,Parulidae,4580,Yes,Forest,Lower
2016-05-15,4.0,MP,Melospiza,lincolnii,Passerellidae,2029,yes,edge,Lower
2016-05-16,4.0,MP,Geothlypis,trichas,Parulidae,1555,Yes,Open,Lower
2016-05-18,17.0,MP,Parkesia,noveboracensis,Parulidae,916,Yes,Forest,Lower
2016-05-19,17.0,MP,Seiurus,aurocapilla,Parulidae,4580,Yes,Forest,Lower
2016-05-20,11.0,MP,Contopus,virens,Tyrannidae,70,No,Forest,Upper
2016-05-20,11.0,MP,Geothlypis,trichas,Parulidae,1555,Yes,Open,Lower
2016-05-22,11.0,MP,Geothlypis,trichas,Parulidae,1555,Yes,Open,Lower
2016-05-24,11.0,MP,Melospiza,lincolnii,Passerellidae,2029,yes,edge,Lower
2016-05-24,11.0,MP,Seiurus,aurocapilla,Parulidae,4580,Yes,Forest,Lower
2016-05-24,11.0,MP,Melospiza,lincolnii,Passerellidae,2029,yes,edge,Lower
2016-05-24,11.0,MP,Seiurus,aurocapilla,Parulidae,4580,Yes,Forest,Lower
2016-05-24,11.0,MP,Passerina,cyanea,Cardinalidae,725,yes,edge,Upper
2016-05-24,11.0,MP,Passerculus,sandwichensis,Passerellidae,274,yes,open,Lower	
2016-05-24,11.0,MP,Setophaga,magnolia,Parulidae,1224,yes,forest,Upper
2016-05-24,11.0,MP,Setophaga,caerulescens,Parulidae,183,Yes,Forest,Upper
2016-05-25,11.0,MP,catharus,ustulatus,Turdidae,2331,Yes,Forest,Lower
2016-05-25,11.0,MP,Myiarchus,crinitus,Tyrannidae,28,No,Edge,Upper
2016-05-25,11.0,MP,Geothlypis,trichas,Parulidae,1555,Yes,Open,Lower
2016-05-30,9.0,MP,dumetella,carolinensis,Mimidae,599,no,edge,Lower
2016-08-22,3.0,MP,Oreothlypis,peregrina,Parulidae,2515,Yes,Edge,Upper
2016-08-22,3.0,CHI,catharus,ustulatus,Turdidae,2331,Yes,Forest,Lower
2016-08-22,3.0,CHI,Seiurus,aurocapilla,Parulidae,4580,Yes,Forest,Lower
2016-08-22,3.0,CHI,Oreothlypis,peregrina,Parulidae,2515,Yes,Edge,Upper
2016-08-23,3.0,CHI,Parkesia,noveboracensis,Parulidae,916,Yes,Forest,Lower
2016-08-23,3.0,CHI,Mniotilta,varia,Parulidae,620,Yes,Forest,Upper
2016-08-24,16.0,CHI,Setophaga,pensylvanica,Parulidae,303,Yes,Edge,Upper
2016-08-24,16.0,CHI,Oreothlypis,peregrina,Parulidae,2515,Yes,Edge,Upper
2016-08-24,16.0,CHI,setophaga,ruticilla,Parulidae,868,Yes,Edge,Upper
2016-08-26,3.0,CHI,setophaga,ruticilla,Parulidae,868,Yes,Edge,Upper
2016-08-26,3.0,CHI,Parkesia,noveboracensis,Parulidae,916,Yes,Forest,Lower
2016-08-26,3.0,CHI,Oreothlypis,peregrina,Parulidae,2515,Yes,Edge,Upper
2016-08-26,3.0,CHI,Seiurus,aurocapilla,Parulidae,4580,Yes,Forest,Lower
2016-08-26,3.0,CHI,Cardellina,canadensis,Parulidae,241,Yes,Forest,Lower
2016-08-26,3.0,CHI,catharus,ustulatus,Turdidae,2331,Yes,Forest,Lower
2016-08-26,3.0,CHI,Seiurus,aurocapilla,Parulidae,4580,Yes,Forest,Lower
2016-08-26,3.0,CHI,catharus,ustulatus,Turdidae,2331,Yes,Forest,Lower
2016-08-26,3.0,CHI,Setophaga,magnolia,Parulidae,1224,yes,forest,Upper
2016-08-26,3.0,CHI,catharus,ustulatus,Turdidae,2331,Yes,Forest,Lower
2016-08-26,3.0,CHI,catharus,ustulatus,Turdidae,2331,Yes,Forest,Lower
2016-08-26,3.0,MP,Seiurus,aurocapilla,Parulidae,4580,Yes,Forest,Lower
2016-08-27,3.0,CHI,Oreothlypis,ruficapilla,Parulidae,1690,Yes,Forest,Upper
2016-08-27,3.0,CHI,Setophaga,coronata,Parulidae,887,yes,forest,Upper
2016-08-27,3.0,CHI,Empidonax,flaviventris,Tyrannidae,68,No,Forest,Upper
2016-08-27,3.0,CHI,Seiurus,aurocapilla,Parulidae,4580,Yes,Forest,Lower
2016-08-27,3.0,CHI,Mniotilta,varia,Parulidae,620,Yes,Forest,Upper
2016-08-27,3.0,CHI,Oreothlypis,peregrina,Parulidae,2515,Yes,Edge,Upper
2016-08-27,3.0,CHI,catharus,ustulatus,Turdidae,2331,Yes,Forest,Lower
2016-08-27,3.0,CHI,catharus,ustulatus,Turdidae,2331,Yes,Forest,Lower
2016-08-28,3.0,CHI,setophaga,ruticilla,Parulidae,868,Yes,Edge,Upper
2016-08-28,3.0,CHI,Setophaga,pensylvanica,Parulidae,303,Yes,Edge,Upper
2016-08-28,3.0,CHI,catharus,ustulatus,Turdidae,2331,Yes,Forest,Lower
2016-08-29,14.0,CHI,Seiurus,aurocapilla,Parulidae,4580,Yes,Forest,Lower
2016-08-29,14.0,CHI,Icterus,galbula,Icteridae,83,Yes,Edge,Upper
2016-08-29,14.0,CHI,catharus,ustulatus,Turdidae,2331,Yes,Forest,Lower
2016-08-29,14.0,CHI,setophaga,ruticilla,Parulidae,868,Yes,Edge,Upper
2016-08-29,14.0,CHI,Seiurus,aurocapilla,Parulidae,4580,Yes,Forest,Lower
2016-08-29,14.0,CHI,geothlypis,philadelphia,Parulidae,430,Yes,Edge,Lower
2016-08-29,14.0,CHI,Setophaga,pensylvanica,Parulidae,303,Yes,Edge,Upper
2016-08-30,16.0,MP,Catharus,fuscescens,Turdidae,727,Yes,Forest,Lower
2016-08-30,16.0,MP,Passerina,cyanea,Cardinalidae,725,yes,edge,Upper
2016-08-30,16.0,CHI,Parkesia,noveboracensis,Parulidae,916,Yes,Forest,Lower
2016-08-30,16.0,CHI,geothlypis,philadelphia,Parulidae,430,Yes,Edge,Lower
2016-09-01,16.0,CHI,geothlypis,philadelphia,Parulidae,430,Yes,Edge,Lower
2016-09-01,16.0,CHI,Parkesia,noveboracensis,Parulidae,916,Yes,Forest,Lower
2016-09-01,16.0,CHI,Parkesia,noveboracensis,Parulidae,916,Yes,Forest,Lower
2016-09-01,16.0,CHI,catharus,ustulatus,Turdidae,2331,Yes,Forest,Lower
2016-09-01,16.0,CHI,Oporornis,agilis,Parulidae,365,Yes,Forest,Lower
2016-09-01,16.0,MP,Oreothlypis,peregrina,Parulidae,2515,Yes,Edge,Upper
2016-09-01,16.0,CHI,catharus,ustulatus,Turdidae,2331,Yes,Forest,Lower
2016-09-01,16.0,CHI,Melospiza,lincolnii,Passerellidae,2029,yes,edge,Lower
2016-09-01,16.0,CHI,catharus,ustulatus,Turdidae,2331,Yes,Forest,Lower
2016-09-01,16.0,CHI,catharus,ustulatus,Turdidae,2331,Yes,Forest,Lower
2016-09-02,17.0,CHI,Setophaga,castanea,Parulidae,287,Yes,Forest,Upper
2016-09-02,17.0,CHI,Sitta,canadensis,Sittidae,260,Yes,Forest,Upper
2016-09-02,17.0,CHI,Setophaga,palmarum,Parulidae,694,Yes,Edge,Lower
2016-09-02,17.0,CHI,geothlypis,philadelphia,Parulidae,430,Yes,Edge,Lower
2016-09-02,17.0,CHI,Setophaga,striata,Parulidae,787,Yes,Forest,Upper
2016-09-02,17.0,CHI,Cardellina,canadensis,Parulidae,241,Yes,Forest,Lower
2016-09-02,17.0,CHI,Oporornis,agilis,Parulidae,365,Yes,Forest,Lower
2016-09-02,17.0,CHI,Setophaga,fusca,Parulidae,201,Yes,Forest,Upper
2016-09-02,17.0,CHI,Cardellina,pusilla,Parulidae,185,Yes,Edge,Lower
2016-09-02,17.0,CHI,Setophaga,magnolia,Parulidae,1224,yes,forest,Upper
2016-09-03,16.0,CHI,Setophaga,striata,Parulidae,787,Yes,Forest,Upper
2016-09-03,16.0,MP,Oreothlypis,ruficapilla,Parulidae,1690,Yes,Forest,Upper
2016-09-03,16.0,CHI,Setophaga,virens,Parulidae,223,Yes,Forest,Upper
2016-09-03,16.0,CHI,geothlypis,philadelphia,Parulidae,430,Yes,Edge,Lower
2016-09-03,16.0,CHI,Oporornis,agilis,Parulidae,365,Yes,Forest,Lower
2016-09-03,16.0,CHI,Oreothlypis,ruficapilla,Parulidae,1690,Yes,Forest,Upper
2016-09-03,16.0,CHI,geothlypis,philadelphia,Parulidae,430,Yes,Edge,Lower
2016-09-03,16.0,CHI,Setophaga,castanea,Parulidae,287,Yes,Forest,Upper
2016-09-03,16.0,CHI,catharus,ustulatus,Turdidae,2331,Yes,Forest,Lower
2016-09-03,16.0,CHI,Oreothlypis,ruficapilla,Parulidae,1690,Yes,Forest,Upper
2016-09-03,16.0,CHI,catharus,ustulatus,Turdidae,2331,Yes,Forest,Lower
2016-09-05,16.0,CHI,Setophaga,striata,Parulidae,787,Yes,Forest,Upper
2016-09-05,16.0,MP,Passerculus,sandwichensis,Passerellidae,274,yes,open,Lower	
2016-09-05,16.0,MP,Zonotrichia,albicollis,Passerellidae,10133,Yes,Forest,Lower
2016-09-05,16.0,MP,Setophaga,striata,Parulidae,787,Yes,Forest,Upper
2016-09-05,16.0,CHI,Seiurus,aurocapilla,Parulidae,4580,Yes,Forest,Lower
2016-09-05,16.0,MP,Setophaga,petechia,Parulidae,77,Yes,Edge,Upper
2016-09-06,16.0,CHI,Oporornis,agilis,Parulidae,365,Yes,Forest,Lower
2016-09-06,16.0,CHI,Oporornis,agilis,Parulidae,365,Yes,Forest,Lower
2016-09-06,16.0,CHI,Oporornis,agilis,Parulidae,365,Yes,Forest,Lower
2016-09-06,16.0,CHI,Setophaga,castanea,Parulidae,287,Yes,Forest,Upper
2016-09-06,16.0,CHI,Setophaga,caerulescens,Parulidae,183,Yes,Forest,Upper
2016-09-07,13.0,CHI,Setophaga,tigrina,Parulidae,182,Yes,Forest,Upper
2016-09-07,13.0,MP,Oreothlypis,peregrina,Parulidae,2515,Yes,Edge,Upper
2016-09-07,13.0,CHI,Setophaga,striata,Parulidae,787,Yes,Forest,Upper
2016-09-08,17.0,CHI,setophaga,ruticilla,Parulidae,868,Yes,Edge,Upper
2016-09-08,17.0,MP,Catharus,fuscescens,Turdidae,727,Yes,Forest,Lower
2016-09-08,17.0,CHI,Catharus,fuscescens,Turdidae,727,Yes,Forest,Lower
2016-09-08,17.0,CHI,Catharus,fuscescens,Turdidae,727,Yes,Forest,Lower
2016-09-08,17.0,CHI,setophaga,ruticilla,Parulidae,868,Yes,Edge,Upper
2016-09-08,17.0,CHI,Setophaga,palmarum,Parulidae,694,Yes,Edge,Lower
2016-09-08,17.0,MP,catharus,ustulatus,Turdidae,2331,Yes,Forest,Lower
2016-09-08,17.0,CHI,Setophaga,virens,Parulidae,223,Yes,Forest,Upper
2016-09-08,17.0,CHI,Setophaga,striata,Parulidae,787,Yes,Forest,Upper
2016-09-08,17.0,CHI,Setophaga,caerulescens,Parulidae,183,Yes,Forest,Upper
2016-09-08,17.0,CHI,Seiurus,aurocapilla,Parulidae,4580,Yes,Forest,Lower
2016-09-08,17.0,CHI,Setophaga,magnolia,Parulidae,1224,yes,forest,Upper
2016-09-08,17.0,CHI,Parkesia,noveboracensis,Parulidae,916,Yes,Forest,Lower
2016-09-08,17.0,CHI,Setophaga,fusca,Parulidae,201,Yes,Forest,Upper
2016-09-08,17.0,CHI,Setophaga,fusca,Parulidae,201,Yes,Forest,Upper
2016-09-08,17.0,CHI,Setophaga,fusca,Parulidae,201,Yes,Forest,Upper
2016-09-08,17.0,CHI,Oreothlypis,peregrina,Parulidae,2515,Yes,Edge,Upper
2016-09-08,17.0,CHI,Setophaga,pensylvanica,Parulidae,303,Yes,Edge,Upper
2016-09-08,17.0,CHI,Catharus,minimus,Turdidae,822,Yes,Forest,Lower
2016-09-08,17.0,CHI,setophaga,ruticilla,Parulidae,868,Yes,Edge,Upper
2016-09-08,17.0,CHI,Seiurus,aurocapilla,Parulidae,4580,Yes,Forest,Lower
2016-09-08,17.0,CHI,catharus,ustulatus,Turdidae,2331,Yes,Forest,Lower
2016-09-08,17.0,CHI,Setophaga,fusca,Parulidae,201,Yes,Forest,Upper
2016-09-08,17.0,CHI,catharus,ustulatus,Turdidae,2331,Yes,Forest,Lower
2016-09-08,17.0,CHI,catharus,ustulatus,Turdidae,2331,Yes,Forest,Lower
2016-09-08,17.0,CHI,catharus,ustulatus,Turdidae,2331,Yes,Forest,Lower
2016-09-08,17.0,CHI,catharus,ustulatus,Turdidae,2331,Yes,Forest,Lower
2016-09-08,17.0,CHI,catharus,ustulatus,Turdidae,2331,Yes,Forest,Lower
2016-09-08,17.0,CHI,Setophaga,castanea,Parulidae,287,Yes,Forest,Upper
2016-09-08,17.0,CHI,catharus,ustulatus,Turdidae,2331,Yes,Forest,Lower
2016-09-08,17.0,CHI,catharus,ustulatus,Turdidae,2331,Yes,Forest,Lower
2016-09-09,17.0,MP,catharus,ustulatus,Turdidae,2331,Yes,Forest,Lower
2016-09-09,17.0,CHI,Oreothlypis,peregrina,Parulidae,2515,Yes,Edge,Upper
2016-09-09,17.0,CHI,Catharus,minimus,Turdidae,822,Yes,Forest,Lower
2016-09-09,17.0,CHI,catharus,ustulatus,Turdidae,2331,Yes,Forest,Lower
2016-09-09,17.0,CHI,catharus,ustulatus,Turdidae,2331,Yes,Forest,Lower
2016-09-09,17.0,CHI,Geothlypis,trichas,Parulidae,1555,Yes,Open,Lower
2016-09-09,17.0,CHI,Setophaga,caerulescens,Parulidae,183,Yes,Forest,Upper
2016-09-09,17.0,MP,Oreothlypis,peregrina,Parulidae,2515,Yes,Edge,Upper
2016-09-09,17.0,CHI,Setophaga,magnolia,Parulidae,1224,yes,forest,Upper
2016-09-09,17.0,MP,catharus,ustulatus,Turdidae,2331,Yes,Forest,Lower
2016-09-09,17.0,CHI,Oreothlypis,peregrina,Parulidae,2515,Yes,Edge,Upper
2016-09-09,17.0,CHI,Oporornis,agilis,Parulidae,365,Yes,Forest,Lower
2016-09-09,17.0,CHI,catharus,ustulatus,Turdidae,2331,Yes,Forest,Lower
2016-09-09,17.0,CHI,Oreothlypis,peregrina,Parulidae,2515,Yes,Edge,Upper
2016-09-09,17.0,CHI,Geothlypis,trichas,Parulidae,1555,Yes,Open,Lower
2016-09-09,17.0,CHI,Seiurus,aurocapilla,Parulidae,4580,Yes,Forest,Lower
2016-09-09,17.0,CHI,Seiurus,aurocapilla,Parulidae,4580,Yes,Forest,Lower
2016-09-09,17.0,CHI,Geothlypis,trichas,Parulidae,1555,Yes,Open,Lower
2016-09-09,17.0,CHI,Setophaga,striata,Parulidae,787,Yes,Forest,Upper
2016-09-09,17.0,MP,catharus,ustulatus,Turdidae,2331,Yes,Forest,Lower
2016-09-09,17.0,CHI,setophaga,ruticilla,Parulidae,868,Yes,Edge,Upper
2016-09-09,17.0,CHI,setophaga,ruticilla,Parulidae,868,Yes,Edge,Upper
2016-09-09,17.0,MP,Oporornis,agilis,Parulidae,365,Yes,Forest,Lower
2016-09-09,17.0,CHI,Setophaga,americana,Parulidae,59,Yes,Forest,Upper
2016-09-09,17.0,CHI,Sitta,canadensis,Sittidae,260,Yes,Forest,Upper
2016-09-09,17.0,CHI,Oreothlypis,peregrina,Parulidae,2515,Yes,Edge,Upper
2016-09-09,17.0,CHI,Oreothlypis,ruficapilla,Parulidae,1690,Yes,Forest,Upper
2016-09-09,17.0,CHI,catharus,ustulatus,Turdidae,2331,Yes,Forest,Lower
2016-09-09,17.0,CHI,catharus,ustulatus,Turdidae,2331,Yes,Forest,Lower
2016-09-09,17.0,CHI,catharus,ustulatus,Turdidae,2331,Yes,Forest,Lower
2016-09-09,17.0,CHI,catharus,ustulatus,Turdidae,2331,Yes,Forest,Lower
2016-09-09,17.0,CHI,catharus,ustulatus,Turdidae,2331,Yes,Forest,Lower
2016-09-09,17.0,CHI,catharus,ustulatus,Turdidae,2331,Yes,Forest,Lower
2016-09-10,17.0,MP,catharus,ustulatus,Turdidae,2331,Yes,Forest,Lower
2016-09-10,17.0,CHI,Oporornis,agilis,Parulidae,365,Yes,Forest,Lower
2016-09-10,17.0,CHI,Seiurus,aurocapilla,Parulidae,4580,Yes,Forest,Lower
2016-09-10,17.0,CHI,Geothlypis,trichas,Parulidae,1555,Yes,Open,Lower
2016-09-10,17.0,MP,setophaga,ruticilla,Parulidae,868,Yes,Edge,Upper
2016-09-10,17.0,MP,Setophaga,striata,Parulidae,787,Yes,Forest,Upper
2016-09-10,17.0,MP,Seiurus,aurocapilla,Parulidae,4580,Yes,Forest,Lower
2016-09-10,17.0,MP,catharus,ustulatus,Turdidae,2331,Yes,Forest,Lower
2016-09-10,17.0,CHI,catharus,ustulatus,Turdidae,2331,Yes,Forest,Lower
2016-09-10,17.0,CHI,Setophaga,striata,Parulidae,787,Yes,Forest,Upper
2016-09-10,17.0,CHI,Cardellina,pusilla,Parulidae,185,Yes,Edge,Lower
2016-09-10,17.0,MP,Setophaga,striata,Parulidae,787,Yes,Forest,Upper
2016-09-10,17.0,CHI,Seiurus,aurocapilla,Parulidae,4580,Yes,Forest,Lower
2016-09-10,17.0,CHI,catharus,ustulatus,Turdidae,2331,Yes,Forest,Lower
2016-09-10,17.0,CHI,catharus,ustulatus,Turdidae,2331,Yes,Forest,Lower
2016-09-10,17.0,CHI,catharus,ustulatus,Turdidae,2331,Yes,Forest,Lower
2016-09-10,17.0,CHI,Setophaga,pinus,Parulidae,49,Yes,Forest,Upper
2016-09-10,17.0,CHI,Geothlypis,trichas,Parulidae,1555,Yes,Open,Lower
2016-09-10,17.0,CHI,Setophaga,virens,Parulidae,223,Yes,Forest,Upper
2016-09-10,17.0,CHI,Oporornis,agilis,Parulidae,365,Yes,Forest,Lower
2016-09-11,17.0,CHI,Setophaga,striata,Parulidae,787,Yes,Forest,Upper
2016-09-11,17.0,CHI,Setophaga,striata,Parulidae,787,Yes,Forest,Upper
2016-09-11,17.0,CHI,catharus,ustulatus,Turdidae,2331,Yes,Forest,Lower
2016-09-11,17.0,CHI,Setophaga,striata,Parulidae,787,Yes,Forest,Upper
2016-09-11,17.0,CHI,Setophaga,striata,Parulidae,787,Yes,Forest,Upper
2016-09-11,17.0,CHI,catharus,ustulatus,Turdidae,2331,Yes,Forest,Lower
2016-09-11,17.0,CHI,catharus,ustulatus,Turdidae,2331,Yes,Forest,Lower
2016-09-11,17.0,MP,Setophaga,palmarum,Parulidae,694,Yes,Edge,Lower
2016-09-11,17.0,CHI,Geothlypis,trichas,Parulidae,1555,Yes,Open,Lower
2016-09-11,17.0,MP,catharus,ustulatus,Turdidae,2331,Yes,Forest,Lower
2016-09-11,17.0,CHI,catharus,ustulatus,Turdidae,2331,Yes,Forest,Lower
2016-09-11,17.0,CHI,catharus,ustulatus,Turdidae,2331,Yes,Forest,Lower
2016-09-11,17.0,CHI,catharus,ustulatus,Turdidae,2331,Yes,Forest,Lower
2016-09-11,17.0,MP,catharus,ustulatus,Turdidae,2331,Yes,Forest,Lower
2016-09-11,17.0,CHI,catharus,ustulatus,Turdidae,2331,Yes,Forest,Lower
2016-09-11,17.0,CHI,Setophaga,striata,Parulidae,787,Yes,Forest,Upper
2016-09-11,17.0,CHI,Catharus,minimus,Turdidae,822,Yes,Forest,Lower
2016-09-11,17.0,MP,Setophaga,striata,Parulidae,787,Yes,Forest,Upper
2016-09-11,17.0,CHI,catharus,ustulatus,Turdidae,2331,Yes,Forest,Lower
2016-09-11,17.0,CHI,catharus,ustulatus,Turdidae,2331,Yes,Forest,Lower
2016-09-11,17.0,CHI,Pheucticus,ludovicianus,Cardinalidae,397,Yes,Forest,Upper
2016-09-11,17.0,CHI,catharus,ustulatus,Turdidae,2331,Yes,Forest,Lower
2016-09-11,17.0,CHI,Hylocichla,mustelina,Turdidae,500,Yes,Forest,Lower
2016-09-11,17.0,CHI,catharus,ustulatus,Turdidae,2331,Yes,Forest,Lower
2016-09-11,17.0,CHI,Setophaga,striata,Parulidae,787,Yes,Forest,Upper
2016-09-11,17.0,CHI,Oporornis,agilis,Parulidae,365,Yes,Forest,Lower
2016-09-11,17.0,CHI,Seiurus,aurocapilla,Parulidae,4580,Yes,Forest,Lower
2016-09-11,17.0,CHI,Oporornis,agilis,Parulidae,365,Yes,Forest,Lower
2016-09-11,17.0,CHI,Setophaga,magnolia,Parulidae,1224,yes,forest,Upper
2016-09-11,17.0,CHI,Setophaga,magnolia,Parulidae,1224,yes,forest,Upper
2016-09-11,17.0,CHI,Seiurus,aurocapilla,Parulidae,4580,Yes,Forest,Lower
2016-09-11,17.0,CHI,Seiurus,aurocapilla,Parulidae,4580,Yes,Forest,Lower
2016-09-11,17.0,CHI,Seiurus,aurocapilla,Parulidae,4580,Yes,Forest,Lower
2016-09-11,17.0,CHI,Seiurus,aurocapilla,Parulidae,4580,Yes,Forest,Lower
2016-09-11,17.0,CHI,Seiurus,aurocapilla,Parulidae,4580,Yes,Forest,Lower
2016-09-11,17.0,CHI,Seiurus,aurocapilla,Parulidae,4580,Yes,Forest,Lower
2016-09-11,17.0,CHI,Setophaga,pinus,Parulidae,49,Yes,Forest,Upper
2016-09-11,17.0,CHI,Seiurus,aurocapilla,Parulidae,4580,Yes,Forest,Lower
2016-09-11,17.0,CHI,Mniotilta,varia,Parulidae,620,Yes,Forest,Upper
2016-09-11,17.0,CHI,Seiurus,aurocapilla,Parulidae,4580,Yes,Forest,Lower
2016-09-11,17.0,CHI,Catharus,minimus,Turdidae,822,Yes,Forest,Lower
2016-09-11,17.0,CHI,Catharus,minimus,Turdidae,822,Yes,Forest,Lower
2016-09-11,17.0,CHI,Catharus,minimus,Turdidae,822,Yes,Forest,Lower
2016-09-11,17.0,CHI,Catharus,minimus,Turdidae,822,Yes,Forest,Lower
2016-09-11,17.0,CHI,Oporornis,agilis,Parulidae,365,Yes,Forest,Lower
2016-09-11,17.0,CHI,Seiurus,aurocapilla,Parulidae,4580,Yes,Forest,Lower
2016-09-11,17.0,CHI,setophaga,ruticilla,Parulidae,868,Yes,Edge,Upper
2016-09-11,17.0,CHI,Seiurus,aurocapilla,Parulidae,4580,Yes,Forest,Lower
2016-09-11,17.0,CHI,Catharus,minimus,Turdidae,822,Yes,Forest,Lower
2016-09-11,17.0,CHI,Seiurus,aurocapilla,Parulidae,4580,Yes,Forest,Lower
2016-09-11,17.0,CHI,Catharus,minimus,Turdidae,822,Yes,Forest,Lower
2016-09-11,17.0,CHI,Setophaga,pensylvanica,Parulidae,303,Yes,Edge,Upper
2016-09-11,17.0,CHI,Catharus,minimus,Turdidae,822,Yes,Forest,Lower
2016-09-11,17.0,CHI,setophaga,ruticilla,Parulidae,868,Yes,Edge,Upper
2016-09-11,17.0,MP,Catharus,fuscescens,Turdidae,727,Yes,Forest,Lower
2016-09-11,17.0,MP,Seiurus,aurocapilla,Parulidae,4580,Yes,Forest,Lower
2016-09-11,17.0,CHI,geothlypis,philadelphia,Parulidae,430,Yes,Edge,Lower
2016-09-11,17.0,CHI,Oreothlypis,peregrina,Parulidae,2515,Yes,Edge,Upper
2016-09-11,17.0,CHI,Oreothlypis,peregrina,Parulidae,2515,Yes,Edge,Upper
2016-09-12,17.0,MP,Oporornis,agilis,Parulidae,365,Yes,Forest,Lower
2016-09-12,17.0,MP,Setophaga,caerulescens,Parulidae,183,Yes,Forest,Upper
2016-09-12,17.0,CHI,Oreothlypis,peregrina,Parulidae,2515,Yes,Edge,Upper
2016-09-12,17.0,MP,Pheucticus,ludovicianus,Cardinalidae,397,Yes,Forest,Upper
2016-09-12,17.0,CHI,Setophaga,fusca,Parulidae,201,Yes,Forest,Upper
2016-09-12,17.0,CHI,Oreothlypis,peregrina,Parulidae,2515,Yes,Edge,Upper
2016-09-12,17.0,CHI,catharus,ustulatus,Turdidae,2331,Yes,Forest,Lower
2016-09-12,17.0,CHI,Pheucticus,ludovicianus,Cardinalidae,397,Yes,Forest,Upper
2016-09-12,17.0,CHI,Cardellina,pusilla,Parulidae,185,Yes,Edge,Lower
2016-09-12,17.0,CHI,Seiurus,aurocapilla,Parulidae,4580,Yes,Forest,Lower
2016-09-12,17.0,CHI,Catharus,fuscescens,Turdidae,727,Yes,Forest,Lower
2016-09-12,17.0,CHI,catharus,ustulatus,Turdidae,2331,Yes,Forest,Lower
2016-09-12,17.0,CHI,catharus,ustulatus,Turdidae,2331,Yes,Forest,Lower
2016-09-12,17.0,CHI,catharus,ustulatus,Turdidae,2331,Yes,Forest,Lower
2016-09-12,17.0,CHI,catharus,ustulatus,Turdidae,2331,Yes,Forest,Lower
2016-09-12,17.0,CHI,catharus,ustulatus,Turdidae,2331,Yes,Forest,Lower
2016-09-12,17.0,CHI,Oreothlypis,ruficapilla,Parulidae,1690,Yes,Forest,Upper
2016-09-12,17.0,CHI,catharus,ustulatus,Turdidae,2331,Yes,Forest,Lower
2016-09-12,17.0,MP,catharus,ustulatus,Turdidae,2331,Yes,Forest,Lower
2016-09-12,17.0,MP,catharus,ustulatus,Turdidae,2331,Yes,Forest,Lower
2016-09-12,17.0,CHI,Setophaga,striata,Parulidae,787,Yes,Forest,Upper
2016-09-12,17.0,CHI,Setophaga,striata,Parulidae,787,Yes,Forest,Upper
2016-09-12,17.0,CHI,Setophaga,striata,Parulidae,787,Yes,Forest,Upper
2016-09-12,17.0,CHI,Catharus,minimus,Turdidae,822,Yes,Forest,Lower
2016-09-12,17.0,CHI,catharus,ustulatus,Turdidae,2331,Yes,Forest,Lower
2016-09-13,17.0,CHI,Setophaga,tigrina,Parulidae,182,Yes,Forest,Upper
2016-09-13,17.0,CHI,Vireo,olivaceus,Vireonidae,133,No,Forest,Upper
2016-09-13,17.0,CHI,Catharus,minimus,Turdidae,822,Yes,Forest,Lower
2016-09-13,17.0,CHI,setophaga,ruticilla,Parulidae,868,Yes,Edge,Upper
2016-09-14,17.0,MP,Oporornis,agilis,Parulidae,365,Yes,Forest,Lower
2016-09-14,17.0,CHI,Setophaga,magnolia,Parulidae,1224,yes,forest,Upper
2016-09-14,17.0,CHI,Oreothlypis,peregrina,Parulidae,2515,Yes,Edge,Upper
2016-09-14,17.0,CHI,Setophaga,magnolia,Parulidae,1224,yes,forest,Upper
2016-09-14,17.0,CHI,Catharus,minimus,Turdidae,822,Yes,Forest,Lower
2016-09-14,17.0,CHI,Catharus,minimus,Turdidae,822,Yes,Forest,Lower
2016-09-14,17.0,CHI,Parkesia,noveboracensis,Parulidae,916,Yes,Forest,Lower
2016-09-14,17.0,CHI,Cardellina,pusilla,Parulidae,185,Yes,Edge,Lower
2016-09-14,17.0,CHI,Oreothlypis,ruficapilla,Parulidae,1690,Yes,Forest,Upper
2016-09-14,17.0,CHI,Oreothlypis,ruficapilla,Parulidae,1690,Yes,Forest,Upper
2016-09-14,17.0,MP,Melospiza,lincolnii,Passerellidae,2029,yes,edge,Lower
2016-09-14,17.0,MP,Melospiza,lincolnii,Passerellidae,2029,yes,edge,Lower
2016-09-14,17.0,MP,Oreothlypis,peregrina,Parulidae,2515,Yes,Edge,Upper
2016-09-14,17.0,CHI,catharus,ustulatus,Turdidae,2331,Yes,Forest,Lower
2016-09-14,17.0,CHI,catharus,ustulatus,Turdidae,2331,Yes,Forest,Lower
2016-09-14,17.0,CHI,Setophaga,palmarum,Parulidae,694,Yes,Edge,Lower
2016-09-14,17.0,CHI,setophaga,ruticilla,Parulidae,868,Yes,Edge,Upper
2016-09-14,17.0,CHI,setophaga,ruticilla,Parulidae,868,Yes,Edge,Upper
2016-09-14,17.0,CHI,Seiurus,aurocapilla,Parulidae,4580,Yes,Forest,Lower
2016-09-14,17.0,CHI,Hylocichla,mustelina,Turdidae,500,Yes,Forest,Lower
2016-09-14,17.0,CHI,Vireo,olivaceus,Vireonidae,133,No,Forest,Upper
2016-09-14,17.0,MP,catharus,ustulatus,Turdidae,2331,Yes,Forest,Lower
2016-09-14,17.0,CHI,catharus,ustulatus,Turdidae,2331,Yes,Forest,Lower
2016-09-14,17.0,CHI,Setophaga,palmarum,Parulidae,694,Yes,Edge,Lower
2016-09-14,17.0,CHI,Setophaga,palmarum,Parulidae,694,Yes,Edge,Lower
2016-09-14,17.0,CHI,Setophaga,palmarum,Parulidae,694,Yes,Edge,Lower
2016-09-14,17.0,CHI,Setophaga,palmarum,Parulidae,694,Yes,Edge,Lower
2016-09-15,17.0,MP,Setophaga,striata,Parulidae,787,Yes,Forest,Upper
2016-09-15,17.0,MP,catharus,ustulatus,Turdidae,2331,Yes,Forest,Lower
2016-09-15,17.0,CHI,Oreothlypis,ruficapilla,Parulidae,1690,Yes,Forest,Upper
2016-09-15,17.0,MP,catharus,ustulatus,Turdidae,2331,Yes,Forest,Lower
2016-09-15,17.0,CHI,Geothlypis,trichas,Parulidae,1555,Yes,Open,Lower
2016-09-15,17.0,CHI,Oreothlypis,ruficapilla,Parulidae,1690,Yes,Forest,Upper
2016-09-15,17.0,MP,Setophaga,palmarum,Parulidae,694,Yes,Edge,Lower
2016-09-15,17.0,CHI,Oreothlypis,ruficapilla,Parulidae,1690,Yes,Forest,Upper
2016-09-15,17.0,CHI,Setophaga,castanea,Parulidae,287,Yes,Forest,Upper
2016-09-15,17.0,CHI,Catharus,fuscescens,Turdidae,727,Yes,Forest,Lower
2016-09-15,17.0,CHI,Catharus,minimus,Turdidae,822,Yes,Forest,Lower
2016-09-15,17.0,CHI,Catharus,minimus,Turdidae,822,Yes,Forest,Lower
2016-09-16,17.0,CHI,Seiurus,aurocapilla,Parulidae,4580,Yes,Forest,Lower
2016-09-16,17.0,MP,Setophaga,palmarum,Parulidae,694,Yes,Edge,Lower
2016-09-16,17.0,CHI,Setophaga,castanea,Parulidae,287,Yes,Forest,Upper
2016-09-16,17.0,CHI,Parkesia,noveboracensis,Parulidae,916,Yes,Forest,Lower
2016-09-16,17.0,CHI,Melospiza,lincolnii,Passerellidae,2029,yes,edge,Lower
2016-09-16,17.0,CHI,Setophaga,castanea,Parulidae,287,Yes,Forest,Upper
2016-09-16,17.0,CHI,Setophaga,castanea,Parulidae,287,Yes,Forest,Upper
2016-09-16,17.0,CHI,Catharus,minimus,Turdidae,822,Yes,Forest,Lower
2016-09-16,17.0,CHI,Setophaga,magnolia,Parulidae,1224,yes,forest,Upper
2016-09-16,17.0,CHI,catharus,ustulatus,Turdidae,2331,Yes,Forest,Lower
2016-09-16,17.0,CHI,catharus,ustulatus,Turdidae,2331,Yes,Forest,Lower
2016-09-17,17.0,CHI,setophaga,ruticilla,Parulidae,868,Yes,Edge,Upper
2016-09-17,17.0,CHI,Oreothlypis,peregrina,Parulidae,2515,Yes,Edge,Upper
2016-09-17,17.0,MP,Oreothlypis,peregrina,Parulidae,2515,Yes,Edge,Upper
2016-09-17,17.0,CHI,Oreothlypis,peregrina,Parulidae,2515,Yes,Edge,Upper
2016-09-17,17.0,CHI,Mniotilta,varia,Parulidae,620,Yes,Forest,Upper
2016-09-17,17.0,CHI,Setophaga,palmarum,Parulidae,694,Yes,Edge,Lower
2016-09-17,17.0,CHI,Oreothlypis,peregrina,Parulidae,2515,Yes,Edge,Upper
2016-09-17,17.0,CHI,Mniotilta,varia,Parulidae,620,Yes,Forest,Upper
2016-09-17,17.0,MP,Setophaga,castanea,Parulidae,287,Yes,Forest,Upper
2016-09-17,17.0,CHI,Setophaga,castanea,Parulidae,287,Yes,Forest,Upper
2016-09-17,17.0,CHI,catharus,ustulatus,Turdidae,2331,Yes,Forest,Lower
2016-09-17,17.0,CHI,catharus,ustulatus,Turdidae,2331,Yes,Forest,Lower
2016-09-17,17.0,MP,Setophaga,palmarum,Parulidae,694,Yes,Edge,Lower
2016-09-17,17.0,MP,catharus,ustulatus,Turdidae,2331,Yes,Forest,Lower
2016-09-17,17.0,CHI,catharus,ustulatus,Turdidae,2331,Yes,Forest,Lower
2016-09-17,17.0,CHI,catharus,ustulatus,Turdidae,2331,Yes,Forest,Lower
2016-09-17,17.0,CHI,catharus,ustulatus,Turdidae,2331,Yes,Forest,Lower
2016-09-17,17.0,MP,catharus,ustulatus,Turdidae,2331,Yes,Forest,Lower
2016-09-17,17.0,CHI,catharus,ustulatus,Turdidae,2331,Yes,Forest,Lower
2016-09-17,17.0,CHI,dumetella,carolinensis,Mimidae,599,no,edge,Lower
2016-09-17,17.0,CHI,Setophaga,pensylvanica,Parulidae,303,Yes,Edge,Upper
2016-09-17,17.0,MP,Setophaga,caerulescens,Parulidae,183,Yes,Forest,Upper
2016-09-17,17.0,CHI,Seiurus,aurocapilla,Parulidae,4580,Yes,Forest,Lower
2016-09-17,17.0,CHI,Seiurus,aurocapilla,Parulidae,4580,Yes,Forest,Lower
2016-09-17,17.0,CHI,Seiurus,aurocapilla,Parulidae,4580,Yes,Forest,Lower
2016-09-17,17.0,MP,Setophaga,striata,Parulidae,787,Yes,Forest,Upper
2016-09-17,17.0,CHI,Contopus,virens,Tyrannidae,70,No,Forest,Upper
2016-09-17,17.0,CHI,Seiurus,aurocapilla,Parulidae,4580,Yes,Forest,Lower
2016-09-17,17.0,CHI,Setophaga,pinus,Parulidae,49,Yes,Forest,Upper
2016-09-17,17.0,CHI,Setophaga,magnolia,Parulidae,1224,yes,forest,Upper
2016-09-17,17.0,CHI,Oporornis,agilis,Parulidae,365,Yes,Forest,Lower
2016-09-17,17.0,CHI,Oporornis,agilis,Parulidae,365,Yes,Forest,Lower
2016-09-18,14.0,CHI,Sitta,canadensis,Sittidae,260,Yes,Forest,Upper
2016-09-18,14.0,CHI,Oreothlypis,peregrina,Parulidae,2515,Yes,Edge,Upper
2016-09-18,14.0,CHI,Seiurus,aurocapilla,Parulidae,4580,Yes,Forest,Lower
2016-09-18,14.0,CHI,Seiurus,aurocapilla,Parulidae,4580,Yes,Forest,Lower
2016-09-18,14.0,CHI,Seiurus,aurocapilla,Parulidae,4580,Yes,Forest,Lower
2016-09-18,14.0,MP,Catharus,minimus,Turdidae,822,Yes,Forest,Lower
2016-09-18,14.0,CHI,Setophaga,coronata,Parulidae,887,yes,forest,Upper
2016-09-18,14.0,CHI,Seiurus,aurocapilla,Parulidae,4580,Yes,Forest,Lower
2016-09-18,14.0,CHI,Seiurus,aurocapilla,Parulidae,4580,Yes,Forest,Lower
2016-09-18,14.0,MP,Setophaga,striata,Parulidae,787,Yes,Forest,Upper
2016-09-18,14.0,CHI,Oreothlypis,peregrina,Parulidae,2515,Yes,Edge,Upper
2016-09-18,14.0,CHI,Zonotrichia,albicollis,Passerellidae,10133,Yes,Forest,Lower
2016-09-18,14.0,CHI,Oreothlypis,peregrina,Parulidae,2515,Yes,Edge,Upper
2016-09-18,14.0,MP,Oreothlypis,peregrina,Parulidae,2515,Yes,Edge,Upper
2016-09-18,14.0,CHI,Geothlypis,trichas,Parulidae,1555,Yes,Open,Lower
2016-09-18,14.0,CHI,Geothlypis,trichas,Parulidae,1555,Yes,Open,Lower
2016-09-18,14.0,CHI,Setophaga,pensylvanica,Parulidae,303,Yes,Edge,Upper
2016-09-18,14.0,CHI,Setophaga,pensylvanica,Parulidae,303,Yes,Edge,Upper
2016-09-18,14.0,CHI,Setophaga,striata,Parulidae,787,Yes,Forest,Upper
2016-09-18,14.0,MP,Seiurus,aurocapilla,Parulidae,4580,Yes,Forest,Lower
2016-09-18,14.0,CHI,Seiurus,aurocapilla,Parulidae,4580,Yes,Forest,Lower
2016-09-18,14.0,CHI,Seiurus,aurocapilla,Parulidae,4580,Yes,Forest,Lower
2016-09-18,14.0,CHI,Seiurus,aurocapilla,Parulidae,4580,Yes,Forest,Lower
2016-09-18,14.0,CHI,setophaga,ruticilla,Parulidae,868,Yes,Edge,Upper
2016-09-18,14.0,CHI,setophaga,ruticilla,Parulidae,868,Yes,Edge,Upper
2016-09-18,14.0,CHI,Seiurus,aurocapilla,Parulidae,4580,Yes,Forest,Lower
2016-09-18,14.0,CHI,Seiurus,aurocapilla,Parulidae,4580,Yes,Forest,Lower
2016-09-18,14.0,CHI,Oreothlypis,peregrina,Parulidae,2515,Yes,Edge,Upper
2016-09-18,14.0,CHI,Catharus,minimus,Turdidae,822,Yes,Forest,Lower
2016-09-18,14.0,CHI,Catharus,minimus,Turdidae,822,Yes,Forest,Lower
2016-09-18,14.0,CHI,catharus,ustulatus,Turdidae,2331,Yes,Forest,Lower
2016-09-18,14.0,MP,catharus,ustulatus,Turdidae,2331,Yes,Forest,Lower
2016-09-18,14.0,CHI,catharus,ustulatus,Turdidae,2331,Yes,Forest,Lower
2016-09-18,14.0,MP,catharus,ustulatus,Turdidae,2331,Yes,Forest,Lower
2016-09-18,14.0,CHI,catharus,ustulatus,Turdidae,2331,Yes,Forest,Lower
2016-09-18,14.0,MP,catharus,ustulatus,Turdidae,2331,Yes,Forest,Lower
2016-09-18,14.0,CHI,catharus,ustulatus,Turdidae,2331,Yes,Forest,Lower
2016-09-18,14.0,CHI,catharus,ustulatus,Turdidae,2331,Yes,Forest,Lower
2016-09-18,14.0,CHI,catharus,ustulatus,Turdidae,2331,Yes,Forest,Lower
2016-09-18,14.0,CHI,catharus,ustulatus,Turdidae,2331,Yes,Forest,Lower
2016-09-18,14.0,CHI,catharus,ustulatus,Turdidae,2331,Yes,Forest,Lower
2016-09-18,14.0,CHI,catharus,ustulatus,Turdidae,2331,Yes,Forest,Lower
2016-09-18,14.0,CHI,catharus,ustulatus,Turdidae,2331,Yes,Forest,Lower
2016-09-19,17.0,CHI,Sitta,canadensis,Sittidae,260,Yes,Forest,Upper
2016-09-19,17.0,MP,Oreothlypis,peregrina,Parulidae,2515,Yes,Edge,Upper
2016-09-19,17.0,CHI,Setophaga,magnolia,Parulidae,1224,yes,forest,Upper
2016-09-19,17.0,CHI,Seiurus,aurocapilla,Parulidae,4580,Yes,Forest,Lower
2016-09-19,17.0,CHI,Setophaga,magnolia,Parulidae,1224,yes,forest,Upper
2016-09-19,17.0,CHI,Seiurus,aurocapilla,Parulidae,4580,Yes,Forest,Lower
2016-09-19,17.0,MP,Seiurus,aurocapilla,Parulidae,4580,Yes,Forest,Lower
2016-09-19,17.0,MP,Seiurus,aurocapilla,Parulidae,4580,Yes,Forest,Lower
2016-09-19,17.0,CHI,catharus,ustulatus,Turdidae,2331,Yes,Forest,Lower
2016-09-19,17.0,CHI,Setophaga,pensylvanica,Parulidae,303,Yes,Edge,Upper
2016-09-19,17.0,CHI,Setophaga,pensylvanica,Parulidae,303,Yes,Edge,Upper
2016-09-19,17.0,CHI,Oreothlypis,ruficapilla,Parulidae,1690,Yes,Forest,Upper
2016-09-19,17.0,CHI,Sitta,canadensis,Sittidae,260,Yes,Forest,Upper
2016-09-19,17.0,CHI,catharus,ustulatus,Turdidae,2331,Yes,Forest,Lower
2016-09-19,17.0,CHI,catharus,ustulatus,Turdidae,2331,Yes,Forest,Lower
2016-09-19,17.0,CHI,catharus,ustulatus,Turdidae,2331,Yes,Forest,Lower
2016-09-19,17.0,MP,catharus,ustulatus,Turdidae,2331,Yes,Forest,Lower
2016-09-19,17.0,CHI,Catharus,minimus,Turdidae,822,Yes,Forest,Lower
2016-09-19,17.0,CHI,Oreothlypis,peregrina,Parulidae,2515,Yes,Edge,Upper
2016-09-19,17.0,MP,Oporornis,agilis,Parulidae,365,Yes,Forest,Lower
2016-09-19,17.0,CHI,Seiurus,aurocapilla,Parulidae,4580,Yes,Forest,Lower
2016-09-19,17.0,CHI,Oreothlypis,peregrina,Parulidae,2515,Yes,Edge,Upper
2016-09-19,17.0,CHI,Seiurus,aurocapilla,Parulidae,4580,Yes,Forest,Lower
2016-09-19,17.0,CHI,dumetella,carolinensis,Mimidae,599,no,edge,Lower
2016-09-19,17.0,CHI,Pheucticus,ludovicianus,Cardinalidae,397,Yes,Forest,Upper
2016-09-19,17.0,CHI,Seiurus,aurocapilla,Parulidae,4580,Yes,Forest,Lower
2016-09-19,17.0,CHI,Seiurus,aurocapilla,Parulidae,4580,Yes,Forest,Lower
2016-09-19,17.0,CHI,Setophaga,palmarum,Parulidae,694,Yes,Edge,Lower
2016-09-20,17.0,MP,Catharus,minimus,Turdidae,822,Yes,Forest,Lower
2016-09-20,17.0,CHI,Catharus,minimus,Turdidae,822,Yes,Forest,Lower
2016-09-20,17.0,CHI,Catharus,minimus,Turdidae,822,Yes,Forest,Lower
2016-09-20,17.0,CHI,catharus,ustulatus,Turdidae,2331,Yes,Forest,Lower
2016-09-20,17.0,CHI,Catharus,minimus,Turdidae,822,Yes,Forest,Lower
2016-09-20,17.0,CHI,catharus,ustulatus,Turdidae,2331,Yes,Forest,Lower
2016-09-20,17.0,CHI,catharus,ustulatus,Turdidae,2331,Yes,Forest,Lower
2016-09-20,17.0,MP,Geothlypis,trichas,Parulidae,1555,Yes,Open,Lower
2016-09-20,17.0,CHI,Setophaga,magnolia,Parulidae,1224,yes,forest,Upper
2016-09-20,17.0,CHI,catharus,ustulatus,Turdidae,2331,Yes,Forest,Lower
2016-09-20,17.0,CHI,Setophaga,magnolia,Parulidae,1224,yes,forest,Upper
2016-09-20,17.0,CHI,Seiurus,aurocapilla,Parulidae,4580,Yes,Forest,Lower
2016-09-20,17.0,CHI,Setophaga,virens,Parulidae,223,Yes,Forest,Upper
2016-09-20,17.0,MP,catharus,ustulatus,Turdidae,2331,Yes,Forest,Lower
2016-09-20,17.0,MP,Mniotilta,varia,Parulidae,620,Yes,Forest,Upper
2016-09-20,17.0,CHI,Oreothlypis,ruficapilla,Parulidae,1690,Yes,Forest,Upper
2016-09-20,17.0,CHI,Cistothorus,platensis,Troglodytidae,60,no,open,Lower
2016-09-20,17.0,CHI,geothlypis,philadelphia,Parulidae,430,Yes,Edge,Lower
2016-09-20,17.0,CHI,Oreothlypis,peregrina,Parulidae,2515,Yes,Edge,Upper
2016-09-20,17.0,CHI,Oreothlypis,ruficapilla,Parulidae,1690,Yes,Forest,Upper
2016-09-20,17.0,MP,Pheucticus,ludovicianus,Cardinalidae,397,Yes,Forest,Upper
2016-09-21,17.0,CHI,catharus,ustulatus,Turdidae,2331,Yes,Forest,Lower
2016-09-21,17.0,CHI,Setophaga,virens,Parulidae,223,Yes,Forest,Upper
2016-09-21,17.0,CHI,Seiurus,aurocapilla,Parulidae,4580,Yes,Forest,Lower
2016-09-21,17.0,CHI,Seiurus,aurocapilla,Parulidae,4580,Yes,Forest,Lower
2016-09-21,17.0,CHI,Setophaga,castanea,Parulidae,287,Yes,Forest,Upper
2016-09-21,17.0,MP,Setophaga,palmarum,Parulidae,694,Yes,Edge,Lower
2016-09-22,17.0,CHI,geothlypis,philadelphia,Parulidae,430,Yes,Edge,Lower
2016-09-22,17.0,CHI,Setophaga,striata,Parulidae,787,Yes,Forest,Upper
2016-09-22,17.0,CHI,catharus,ustulatus,Turdidae,2331,Yes,Forest,Lower
2016-09-22,17.0,CHI,Zonotrichia,albicollis,Passerellidae,10133,Yes,Forest,Lower
2016-09-22,17.0,CHI,Setophaga,virens,Parulidae,223,Yes,Forest,Upper
2016-09-23,17.0,CHI,Junco,hyemalis,Passerellidae,6303,Yes,Edge,Lower
2016-09-23,17.0,CHI,Seiurus,aurocapilla,Parulidae,4580,Yes,Forest,Lower
2016-09-23,17.0,CHI,Setophaga,castanea,Parulidae,287,Yes,Forest,Upper
2016-09-23,17.0,CHI,Parkesia,noveboracensis,Parulidae,916,Yes,Forest,Lower
2016-09-23,17.0,CHI,Toxostoma,rufum,Mimidae,166,No,Edge,Lower
2016-09-23,17.0,CHI,Catharus,minimus,Turdidae,822,Yes,Forest,Lower
2016-09-23,17.0,CHI,Zonotrichia,albicollis,Passerellidae,10133,Yes,Forest,Lower
2016-09-23,17.0,CHI,Hylocichla,mustelina,Turdidae,500,Yes,Forest,Lower
2016-09-23,17.0,CHI,Setophaga,magnolia,Parulidae,1224,yes,forest,Upper
2016-09-23,17.0,CHI,Setophaga,magnolia,Parulidae,1224,yes,forest,Upper
2016-09-23,17.0,CHI,Spizella,pallida,Passerellidae,50,Yes,Open,Lower
2016-09-23,17.0,CHI,Setophaga,striata,Parulidae,787,Yes,Forest,Upper
2016-09-23,17.0,CHI,Setophaga,striata,Parulidae,787,Yes,Forest,Upper
2016-09-23,17.0,CHI,catharus,ustulatus,Turdidae,2331,Yes,Forest,Lower
2016-09-23,17.0,CHI,Setophaga,fusca,Parulidae,201,Yes,Forest,Upper
2016-09-23,17.0,CHI,Geothlypis,trichas,Parulidae,1555,Yes,Open,Lower
2016-09-23,17.0,CHI,Zonotrichia,albicollis,Passerellidae,10133,Yes,Forest,Lower
2016-09-23,17.0,CHI,Zonotrichia,albicollis,Passerellidae,10133,Yes,Forest,Lower
2016-09-23,17.0,CHI,Oreothlypis,ruficapilla,Parulidae,1690,Yes,Forest,Upper
2016-09-24,17.0,CHI,Geothlypis,trichas,Parulidae,1555,Yes,Open,Lower
2016-09-24,17.0,CHI,Oreothlypis,ruficapilla,Parulidae,1690,Yes,Forest,Upper
2016-09-24,17.0,CHI,Geothlypis,trichas,Parulidae,1555,Yes,Open,Lower
2016-09-24,17.0,CHI,Geothlypis,trichas,Parulidae,1555,Yes,Open,Lower
2016-09-24,17.0,CHI,Sitta,canadensis,Sittidae,260,Yes,Forest,Upper
2016-09-24,17.0,CHI,Geothlypis,trichas,Parulidae,1555,Yes,Open,Lower
2016-09-24,17.0,CHI,Oreothlypis,ruficapilla,Parulidae,1690,Yes,Forest,Upper
2016-09-24,17.0,CHI,Oreothlypis,ruficapilla,Parulidae,1690,Yes,Forest,Upper
2016-09-24,17.0,CHI,Oreothlypis,ruficapilla,Parulidae,1690,Yes,Forest,Upper
2016-09-24,17.0,CHI,Sitta,canadensis,Sittidae,260,Yes,Forest,Upper
2016-09-24,17.0,CHI,Oreothlypis,ruficapilla,Parulidae,1690,Yes,Forest,Upper
2016-09-24,17.0,CHI,Zonotrichia,leucophrys,Passerellidae,1090,Yes,Edge,Lower
2016-09-24,17.0,CHI,Catharus,minimus,Turdidae,822,Yes,Forest,Lower
2016-09-24,17.0,CHI,Seiurus,aurocapilla,Parulidae,4580,Yes,Forest,Lower
2016-09-24,17.0,CHI,Seiurus,aurocapilla,Parulidae,4580,Yes,Forest,Lower
2016-09-24,17.0,CHI,Setophaga,fusca,Parulidae,201,Yes,Forest,Upper
2016-09-24,17.0,CHI,Catharus,minimus,Turdidae,822,Yes,Forest,Lower
2016-09-24,17.0,MP,Passerculus,sandwichensis,Passerellidae,274,yes,open,Lower	
2016-09-24,17.0,CHI,Setophaga,tigrina,Parulidae,182,Yes,Forest,Upper
2016-09-24,17.0,CHI,Zonotrichia,albicollis,Passerellidae,10133,Yes,Forest,Lower
2016-09-24,17.0,CHI,Zonotrichia,albicollis,Passerellidae,10133,Yes,Forest,Lower
2016-09-24,17.0,CHI,setophaga,ruticilla,Parulidae,868,Yes,Edge,Upper
2016-09-24,17.0,CHI,Setophaga,magnolia,Parulidae,1224,yes,forest,Upper
2016-09-24,17.0,CHI,Ammodramus,savannarum,Passerellidae,106,Yes,Open,Lower
2016-09-24,17.0,CHI,Setophaga,magnolia,Parulidae,1224,yes,forest,Upper
2016-09-24,17.0,CHI,Mniotilta,varia,Parulidae,620,Yes,Forest,Upper
2016-09-24,17.0,CHI,troglodytes,hiemalis,Troglodytidae,474,No,Forest,Lower
2016-09-24,17.0,CHI,Melospiza,lincolnii,Passerellidae,2029,yes,edge,Lower
2016-09-24,17.0,CHI,Catharus,minimus,Turdidae,822,Yes,Forest,Lower
2016-09-24,17.0,CHI,Setophaga,magnolia,Parulidae,1224,yes,forest,Upper
2016-09-24,17.0,CHI,Passerina,cyanea,Cardinalidae,725,yes,edge,Upper
2016-09-24,17.0,CHI,Melospiza,lincolnii,Passerellidae,2029,yes,edge,Lower
2016-09-24,17.0,MP,Melospiza,lincolnii,Passerellidae,2029,yes,edge,Lower
2016-09-26,3.0,CHI,Catharus,minimus,Turdidae,822,Yes,Forest,Lower
2016-09-26,3.0,CHI,Oreothlypis,peregrina,Parulidae,2515,Yes,Edge,Upper
2016-09-26,3.0,CHI,Zonotrichia,albicollis,Passerellidae,10133,Yes,Forest,Lower
2016-09-26,3.0,CHI,Zonotrichia,albicollis,Passerellidae,10133,Yes,Forest,Lower
2016-09-26,3.0,CHI,Setophaga,striata,Parulidae,787,Yes,Forest,Upper
2016-09-26,3.0,CHI,Setophaga,tigrina,Parulidae,182,Yes,Forest,Upper
2016-09-26,3.0,CHI,Setophaga,striata,Parulidae,787,Yes,Forest,Upper
2016-09-26,3.0,CHI,Setophaga,striata,Parulidae,787,Yes,Forest,Upper
2016-09-26,3.0,CHI,Mniotilta,varia,Parulidae,620,Yes,Forest,Upper
2016-09-26,3.0,CHI,Mniotilta,varia,Parulidae,620,Yes,Forest,Upper
2016-09-26,3.0,CHI,Setophaga,striata,Parulidae,787,Yes,Forest,Upper
2016-09-26,3.0,CHI,Setophaga,pensylvanica,Parulidae,303,Yes,Edge,Upper
2016-09-26,3.0,CHI,Setophaga,striata,Parulidae,787,Yes,Forest,Upper
2016-09-26,3.0,CHI,Setophaga,striata,Parulidae,787,Yes,Forest,Upper
2016-09-26,3.0,CHI,Parkesia,noveboracensis,Parulidae,916,Yes,Forest,Lower
2016-09-26,3.0,CHI,Toxostoma,rufum,Mimidae,166,No,Edge,Lower
2016-09-26,3.0,MP,Toxostoma,rufum,Mimidae,166,No,Edge,Lower
2016-09-26,3.0,CHI,Setophaga,striata,Parulidae,787,Yes,Forest,Upper
2016-09-26,3.0,CHI,Setophaga,striata,Parulidae,787,Yes,Forest,Upper
2016-09-26,3.0,CHI,Setophaga,striata,Parulidae,787,Yes,Forest,Upper
2016-09-26,3.0,CHI,Setophaga,palmarum,Parulidae,694,Yes,Edge,Lower
2016-09-26,3.0,CHI,Setophaga,palmarum,Parulidae,694,Yes,Edge,Lower
2016-09-26,3.0,CHI,catharus,ustulatus,Turdidae,2331,Yes,Forest,Lower
2016-09-26,3.0,CHI,catharus,ustulatus,Turdidae,2331,Yes,Forest,Lower
2016-09-26,3.0,CHI,Setophaga,palmarum,Parulidae,694,Yes,Edge,Lower
2016-09-26,3.0,CHI,Setophaga,palmarum,Parulidae,694,Yes,Edge,Lower
2016-09-26,3.0,CHI,Setophaga,striata,Parulidae,787,Yes,Forest,Upper
2016-09-26,3.0,CHI,Setophaga,palmarum,Parulidae,694,Yes,Edge,Lower
2016-09-26,3.0,CHI,Setophaga,virens,Parulidae,223,Yes,Forest,Upper
2016-09-26,3.0,CHI,Seiurus,aurocapilla,Parulidae,4580,Yes,Forest,Lower
2016-09-26,3.0,CHI,Oreothlypis,peregrina,Parulidae,2515,Yes,Edge,Upper
2016-09-26,3.0,CHI,Setophaga,magnolia,Parulidae,1224,yes,forest,Upper
2016-09-26,3.0,CHI,Setophaga,magnolia,Parulidae,1224,yes,forest,Upper
2016-09-26,3.0,CHI,Setophaga,magnolia,Parulidae,1224,yes,forest,Upper
2016-09-26,3.0,CHI,Seiurus,aurocapilla,Parulidae,4580,Yes,Forest,Lower
2016-09-26,3.0,CHI,Seiurus,aurocapilla,Parulidae,4580,Yes,Forest,Lower
2016-09-26,3.0,CHI,Setophaga,magnolia,Parulidae,1224,yes,forest,Upper
2016-09-26,3.0,CHI,Seiurus,aurocapilla,Parulidae,4580,Yes,Forest,Lower
2016-09-26,3.0,CHI,Oreothlypis,peregrina,Parulidae,2515,Yes,Edge,Upper
2016-09-26,3.0,CHI,Seiurus,aurocapilla,Parulidae,4580,Yes,Forest,Lower
2016-09-26,3.0,CHI,Seiurus,aurocapilla,Parulidae,4580,Yes,Forest,Lower
2016-09-26,3.0,CHI,Oreothlypis,peregrina,Parulidae,2515,Yes,Edge,Upper
2016-09-26,3.0,CHI,Seiurus,aurocapilla,Parulidae,4580,Yes,Forest,Lower
2016-09-26,3.0,CHI,Seiurus,aurocapilla,Parulidae,4580,Yes,Forest,Lower
2016-09-26,3.0,CHI,Seiurus,aurocapilla,Parulidae,4580,Yes,Forest,Lower
2016-09-26,3.0,CHI,Oreothlypis,ruficapilla,Parulidae,1690,Yes,Forest,Upper
2016-09-26,3.0,CHI,Oreothlypis,peregrina,Parulidae,2515,Yes,Edge,Upper
2016-09-26,3.0,CHI,Oreothlypis,peregrina,Parulidae,2515,Yes,Edge,Upper
2016-09-26,3.0,CHI,Oreothlypis,peregrina,Parulidae,2515,Yes,Edge,Upper
2016-09-26,3.0,MP,Oreothlypis,ruficapilla,Parulidae,1690,Yes,Forest,Upper
2016-09-26,3.0,CHI,Seiurus,aurocapilla,Parulidae,4580,Yes,Forest,Lower
2016-09-26,3.0,MP,Seiurus,aurocapilla,Parulidae,4580,Yes,Forest,Lower
2016-09-27,4.0,CHI,Passerina,cyanea,Cardinalidae,725,yes,edge,Upper
2016-09-27,4.0,CHI,Geothlypis,trichas,Parulidae,1555,Yes,Open,Lower
2016-09-27,4.0,CHI,Geothlypis,trichas,Parulidae,1555,Yes,Open,Lower
2016-09-27,4.0,CHI,Geothlypis,trichas,Parulidae,1555,Yes,Open,Lower
2016-09-27,4.0,CHI,Geothlypis,trichas,Parulidae,1555,Yes,Open,Lower
2016-09-27,4.0,CHI,Pheucticus,ludovicianus,Cardinalidae,397,Yes,Forest,Upper
2016-09-27,4.0,CHI,Geothlypis,trichas,Parulidae,1555,Yes,Open,Lower
2016-09-27,4.0,CHI,Geothlypis,trichas,Parulidae,1555,Yes,Open,Lower
2016-09-27,4.0,CHI,Geothlypis,trichas,Parulidae,1555,Yes,Open,Lower
2016-09-27,4.0,CHI,Geothlypis,trichas,Parulidae,1555,Yes,Open,Lower
2016-09-27,4.0,CHI,Setophaga,magnolia,Parulidae,1224,yes,forest,Upper
2016-09-27,4.0,CHI,Setophaga,magnolia,Parulidae,1224,yes,forest,Upper
2016-09-27,4.0,CHI,Setophaga,magnolia,Parulidae,1224,yes,forest,Upper
2016-09-27,4.0,CHI,Setophaga,coronata,Parulidae,887,yes,forest,Upper
2016-09-27,4.0,CHI,Setophaga,americana,Parulidae,59,Yes,Forest,Upper
2016-09-27,4.0,CHI,Setophaga,coronata,Parulidae,887,yes,forest,Upper
2016-09-27,4.0,CHI,Setophaga,magnolia,Parulidae,1224,yes,forest,Upper
2016-09-27,4.0,CHI,Setophaga,magnolia,Parulidae,1224,yes,forest,Upper
2016-09-27,4.0,MP,Setophaga,magnolia,Parulidae,1224,yes,forest,Upper
2016-09-27,4.0,CHI,Setophaga,coronata,Parulidae,887,yes,forest,Upper
2016-09-27,4.0,CHI,Mniotilta,varia,Parulidae,620,Yes,Forest,Upper
2016-09-27,4.0,CHI,Mniotilta,varia,Parulidae,620,Yes,Forest,Upper
2016-09-27,4.0,CHI,Zonotrichia,albicollis,Passerellidae,10133,Yes,Forest,Lower
2016-09-27,4.0,CHI,Setophaga,pensylvanica,Parulidae,303,Yes,Edge,Upper
2016-09-27,4.0,CHI,catharus,ustulatus,Turdidae,2331,Yes,Forest,Lower
2016-09-27,4.0,CHI,Passerella,iliaca,Passerellidae,2443,Yes,Edge,Lower
2016-09-27,4.0,CHI,Catharus,minimus,Turdidae,822,Yes,Forest,Lower
2016-09-27,4.0,CHI,Piranga,olivacea,Cardinalidae,127,Yes,Forest,Upper
2016-09-27,4.0,MP,Geothlypis,trichas,Parulidae,1555,Yes,Open,Lower
2016-09-27,4.0,CHI,Setophaga,pensylvanica,Parulidae,303,Yes,Edge,Upper
2016-09-27,4.0,CHI,Setophaga,palmarum,Parulidae,694,Yes,Edge,Lower
2016-09-27,4.0,CHI,Oreothlypis,celata,Parulidae,227,Yes,Edge,Lower
2016-09-27,4.0,CHI,Setophaga,magnolia,Parulidae,1224,yes,forest,Upper
2016-09-27,4.0,MP,Pheucticus,ludovicianus,Cardinalidae,397,Yes,Forest,Upper
2016-09-27,4.0,CHI,Seiurus,aurocapilla,Parulidae,4580,Yes,Forest,Lower
2016-09-27,4.0,CHI,Seiurus,aurocapilla,Parulidae,4580,Yes,Forest,Lower
2016-09-27,4.0,CHI,Melospiza,lincolnii,Passerellidae,2029,yes,edge,Lower
2016-09-27,4.0,CHI,Seiurus,aurocapilla,Parulidae,4580,Yes,Forest,Lower
2016-09-27,4.0,CHI,Seiurus,aurocapilla,Parulidae,4580,Yes,Forest,Lower
2016-09-27,4.0,CHI,Seiurus,aurocapilla,Parulidae,4580,Yes,Forest,Lower
2016-09-27,4.0,CHI,Seiurus,aurocapilla,Parulidae,4580,Yes,Forest,Lower
2016-09-27,4.0,CHI,Seiurus,aurocapilla,Parulidae,4580,Yes,Forest,Lower
2016-09-27,4.0,CHI,Seiurus,aurocapilla,Parulidae,4580,Yes,Forest,Lower
2016-09-27,4.0,CHI,Seiurus,aurocapilla,Parulidae,4580,Yes,Forest,Lower
2016-09-27,4.0,CHI,Parkesia,noveboracensis,Parulidae,916,Yes,Forest,Lower
2016-09-27,4.0,CHI,Seiurus,aurocapilla,Parulidae,4580,Yes,Forest,Lower
2016-09-27,4.0,CHI,Seiurus,aurocapilla,Parulidae,4580,Yes,Forest,Lower
2016-09-27,4.0,CHI,Seiurus,aurocapilla,Parulidae,4580,Yes,Forest,Lower
2016-09-27,4.0,CHI,Oreothlypis,peregrina,Parulidae,2515,Yes,Edge,Upper
2016-09-27,4.0,MP,Seiurus,aurocapilla,Parulidae,4580,Yes,Forest,Lower
2016-09-27,4.0,CHI,Oreothlypis,peregrina,Parulidae,2515,Yes,Edge,Upper
2016-09-27,4.0,CHI,Oreothlypis,peregrina,Parulidae,2515,Yes,Edge,Upper
2016-09-27,4.0,CHI,Oreothlypis,peregrina,Parulidae,2515,Yes,Edge,Upper
2016-09-27,4.0,MP,catharus,ustulatus,Turdidae,2331,Yes,Forest,Lower
2016-09-27,4.0,CHI,Pheucticus,ludovicianus,Cardinalidae,397,Yes,Forest,Upper
2016-09-27,4.0,CHI,Seiurus,aurocapilla,Parulidae,4580,Yes,Forest,Lower
2016-09-27,4.0,CHI,setophaga,ruticilla,Parulidae,868,Yes,Edge,Upper
2016-09-27,4.0,CHI,Setophaga,palmarum,Parulidae,694,Yes,Edge,Lower
2016-09-27,4.0,CHI,Setophaga,palmarum,Parulidae,694,Yes,Edge,Lower
2016-09-27,4.0,CHI,cistothorus,palustris,Troglodytidae,91,No,Open,Lower
2016-09-27,4.0,CHI,Setophaga,palmarum,Parulidae,694,Yes,Edge,Lower
2016-09-27,4.0,CHI,Setophaga,virens,Parulidae,223,Yes,Forest,Upper
2016-09-27,4.0,CHI,Setophaga,palmarum,Parulidae,694,Yes,Edge,Lower
2016-09-27,4.0,CHI,Setophaga,striata,Parulidae,787,Yes,Forest,Upper
2016-09-27,4.0,CHI,Setophaga,virens,Parulidae,223,Yes,Forest,Upper
2016-09-27,4.0,MP,Setophaga,striata,Parulidae,787,Yes,Forest,Upper
2016-09-27,4.0,CHI,Cistothorus,platensis,Troglodytidae,60,no,open,Lower
2016-09-27,4.0,MP,Pheucticus,ludovicianus,Cardinalidae,397,Yes,Forest,Upper
2016-09-27,4.0,CHI,Setophaga,fusca,Parulidae,201,Yes,Forest,Upper
2016-09-27,4.0,CHI,Sitta,canadensis,Sittidae,260,Yes,Forest,Upper
2016-09-27,4.0,MP,Oreothlypis,peregrina,Parulidae,2515,Yes,Edge,Upper
2016-09-27,4.0,MP,Oreothlypis,peregrina,Parulidae,2515,Yes,Edge,Upper
2016-09-27,4.0,CHI,Oreothlypis,peregrina,Parulidae,2515,Yes,Edge,Upper
2016-09-27,4.0,CHI,Oreothlypis,peregrina,Parulidae,2515,Yes,Edge,Upper
2016-09-27,4.0,CHI,dumetella,carolinensis,Mimidae,599,no,edge,Lower
2016-09-27,4.0,CHI,dumetella,carolinensis,Mimidae,599,no,edge,Lower
2016-09-27,4.0,CHI,dumetella,carolinensis,Mimidae,599,no,edge,Lower
2016-09-28,7.0,CHI,dumetella,carolinensis,Mimidae,599,no,edge,Lower
2016-09-28,7.0,CHI,dumetella,carolinensis,Mimidae,599,no,edge,Lower
2016-09-28,7.0,MP,Pheucticus,ludovicianus,Cardinalidae,397,Yes,Forest,Upper
2016-09-28,7.0,MP,Catharus,minimus,Turdidae,822,Yes,Forest,Lower
2016-09-28,7.0,CHI,Oreothlypis,ruficapilla,Parulidae,1690,Yes,Forest,Upper
2016-09-28,7.0,MP,Setophaga,palmarum,Parulidae,694,Yes,Edge,Lower
2016-09-28,7.0,CHI,cistothorus,palustris,Troglodytidae,91,No,Open,Lower
2016-09-28,7.0,CHI,Setophaga,virens,Parulidae,223,Yes,Forest,Upper
2016-09-28,7.0,CHI,Seiurus,aurocapilla,Parulidae,4580,Yes,Forest,Lower
2016-09-28,7.0,CHI,Seiurus,aurocapilla,Parulidae,4580,Yes,Forest,Lower
2016-09-28,7.0,CHI,Seiurus,aurocapilla,Parulidae,4580,Yes,Forest,Lower
2016-09-28,7.0,CHI,Seiurus,aurocapilla,Parulidae,4580,Yes,Forest,Lower
2016-09-28,7.0,CHI,Oreothlypis,peregrina,Parulidae,2515,Yes,Edge,Upper
2016-09-28,7.0,CHI,Oreothlypis,peregrina,Parulidae,2515,Yes,Edge,Upper
2016-09-28,7.0,CHI,Parkesia,noveboracensis,Parulidae,916,Yes,Forest,Lower
2016-09-28,7.0,MP,Seiurus,aurocapilla,Parulidae,4580,Yes,Forest,Lower
2016-09-28,7.0,CHI,Regulus,satrapa,Regulidae,1029,Yes,Forest,Upper
2016-09-28,7.0,CHI,Regulus,satrapa,Regulidae,1029,Yes,Forest,Upper
2016-09-28,7.0,CHI,Contopus,virens,Tyrannidae,70,No,Forest,Upper
2016-09-28,7.0,CHI,Melospiza,lincolnii,Passerellidae,2029,yes,edge,Lower
2016-09-28,7.0,CHI,Mniotilta,varia,Parulidae,620,Yes,Forest,Upper
2016-09-28,7.0,CHI,Setophaga,palmarum,Parulidae,694,Yes,Edge,Lower
2016-09-28,7.0,CHI,Geothlypis,trichas,Parulidae,1555,Yes,Open,Lower
2016-09-28,7.0,CHI,Zonotrichia,albicollis,Passerellidae,10133,Yes,Forest,Lower
2016-09-28,7.0,CHI,Oreothlypis,peregrina,Parulidae,2515,Yes,Edge,Upper
2016-09-28,7.0,CHI,Seiurus,aurocapilla,Parulidae,4580,Yes,Forest,Lower
2016-09-29,3.0,CHI,Setophaga,americana,Parulidae,59,Yes,Forest,Upper
2016-09-29,3.0,CHI,Regulus,satrapa,Regulidae,1029,Yes,Forest,Upper
2016-09-29,3.0,CHI,Setophaga,striata,Parulidae,787,Yes,Forest,Upper
2016-09-29,3.0,CHI,Setophaga,pinus,Parulidae,49,Yes,Forest,Upper
2016-09-29,3.0,CHI,Setophaga,striata,Parulidae,787,Yes,Forest,Upper
2016-09-29,3.0,CHI,Setophaga,striata,Parulidae,787,Yes,Forest,Upper
2016-09-29,3.0,CHI,Setophaga,striata,Parulidae,787,Yes,Forest,Upper
2016-09-29,3.0,CHI,Setophaga,striata,Parulidae,787,Yes,Forest,Upper
2016-09-29,3.0,CHI,Passerina,cyanea,Cardinalidae,725,yes,edge,Upper
2016-09-29,3.0,CHI,Sitta,canadensis,Sittidae,260,Yes,Forest,Upper
2016-09-29,3.0,CHI,Zonotrichia,albicollis,Passerellidae,10133,Yes,Forest,Lower
2016-09-29,3.0,CHI,Setophaga,pensylvanica,Parulidae,303,Yes,Edge,Upper
2016-09-29,3.0,CHI,Sitta,canadensis,Sittidae,260,Yes,Forest,Upper
2016-09-29,3.0,CHI,Sitta,canadensis,Sittidae,260,Yes,Forest,Upper
2016-09-29,3.0,CHI,Setophaga,virens,Parulidae,223,Yes,Forest,Upper
2016-09-29,3.0,CHI,Sitta,canadensis,Sittidae,260,Yes,Forest,Upper
2016-09-29,3.0,CHI,Sitta,canadensis,Sittidae,260,Yes,Forest,Upper
2016-09-29,3.0,CHI,Sitta,canadensis,Sittidae,260,Yes,Forest,Upper
2016-09-29,3.0,CHI,Setophaga,magnolia,Parulidae,1224,yes,forest,Upper
2016-09-29,3.0,CHI,Setophaga,magnolia,Parulidae,1224,yes,forest,Upper
2016-09-29,3.0,CHI,Setophaga,striata,Parulidae,787,Yes,Forest,Upper
2016-09-29,3.0,CHI,Setophaga,striata,Parulidae,787,Yes,Forest,Upper
2016-09-29,3.0,CHI,Mniotilta,varia,Parulidae,620,Yes,Forest,Upper
2016-09-29,3.0,CHI,Setophaga,striata,Parulidae,787,Yes,Forest,Upper
2016-09-29,3.0,CHI,Catharus,guttatus,Turdidae,3729,Yes,Forest,Lower
2016-09-29,3.0,CHI,Parkesia,noveboracensis,Parulidae,916,Yes,Forest,Lower
2016-09-29,3.0,CHI,Regulus,satrapa,Regulidae,1029,Yes,Forest,Upper
2016-09-29,3.0,CHI,Regulus,satrapa,Regulidae,1029,Yes,Forest,Upper
2016-09-29,3.0,CHI,troglodytes,hiemalis,Troglodytidae,474,No,Forest,Lower
2016-09-29,3.0,CHI,Regulus,satrapa,Regulidae,1029,Yes,Forest,Upper
2016-09-29,3.0,CHI,Regulus,satrapa,Regulidae,1029,Yes,Forest,Upper
2016-09-29,3.0,CHI,Oreothlypis,ruficapilla,Parulidae,1690,Yes,Forest,Upper
2016-09-29,3.0,CHI,Parkesia,noveboracensis,Parulidae,916,Yes,Forest,Lower
2016-09-29,3.0,CHI,Oreothlypis,ruficapilla,Parulidae,1690,Yes,Forest,Upper
2016-09-29,3.0,CHI,Oreothlypis,ruficapilla,Parulidae,1690,Yes,Forest,Upper
2016-09-29,3.0,CHI,Oreothlypis,ruficapilla,Parulidae,1690,Yes,Forest,Upper
2016-09-29,3.0,CHI,Oreothlypis,ruficapilla,Parulidae,1690,Yes,Forest,Upper
2016-09-29,3.0,CHI,Oreothlypis,ruficapilla,Parulidae,1690,Yes,Forest,Upper
2016-09-29,3.0,CHI,Regulus,satrapa,Regulidae,1029,Yes,Forest,Upper
2016-09-29,3.0,CHI,Oreothlypis,ruficapilla,Parulidae,1690,Yes,Forest,Upper
2016-09-29,3.0,CHI,Oreothlypis,ruficapilla,Parulidae,1690,Yes,Forest,Upper
2016-09-29,3.0,CHI,Pheucticus,ludovicianus,Cardinalidae,397,Yes,Forest,Upper
2016-09-29,3.0,CHI,Catharus,minimus,Turdidae,822,Yes,Forest,Lower
2016-09-29,3.0,CHI,Mniotilta,varia,Parulidae,620,Yes,Forest,Upper
2016-09-29,3.0,CHI,Mniotilta,varia,Parulidae,620,Yes,Forest,Upper
2016-09-29,3.0,CHI,Setophaga,striata,Parulidae,787,Yes,Forest,Upper
2016-09-29,3.0,CHI,Setophaga,striata,Parulidae,787,Yes,Forest,Upper
2016-09-29,3.0,CHI,Setophaga,striata,Parulidae,787,Yes,Forest,Upper
2016-09-29,3.0,CHI,Setophaga,coronata,Parulidae,887,yes,forest,Upper
2016-09-29,3.0,CHI,Setophaga,coronata,Parulidae,887,yes,forest,Upper
2016-09-29,3.0,CHI,Setophaga,coronata,Parulidae,887,yes,forest,Upper
2016-09-29,3.0,CHI,Setophaga,coronata,Parulidae,887,yes,forest,Upper
2016-09-29,3.0,CHI,Oreothlypis,ruficapilla,Parulidae,1690,Yes,Forest,Upper
2016-09-29,3.0,CHI,Oreothlypis,ruficapilla,Parulidae,1690,Yes,Forest,Upper
2016-09-29,3.0,CHI,Parkesia,noveboracensis,Parulidae,916,Yes,Forest,Lower
2016-09-29,3.0,CHI,Setophaga,coronata,Parulidae,887,yes,forest,Upper
2016-09-29,3.0,CHI,Setophaga,caerulescens,Parulidae,183,Yes,Forest,Upper
2016-09-29,3.0,CHI,Zonotrichia,albicollis,Passerellidae,10133,Yes,Forest,Lower
2016-09-29,3.0,CHI,Zonotrichia,albicollis,Passerellidae,10133,Yes,Forest,Lower
2016-09-29,3.0,CHI,Seiurus,aurocapilla,Parulidae,4580,Yes,Forest,Lower
2016-09-29,3.0,CHI,Zonotrichia,albicollis,Passerellidae,10133,Yes,Forest,Lower
2016-09-29,3.0,CHI,Zonotrichia,albicollis,Passerellidae,10133,Yes,Forest,Lower
2016-09-29,3.0,CHI,Seiurus,aurocapilla,Parulidae,4580,Yes,Forest,Lower
2016-09-29,3.0,CHI,Seiurus,aurocapilla,Parulidae,4580,Yes,Forest,Lower
2016-09-29,3.0,CHI,Seiurus,aurocapilla,Parulidae,4580,Yes,Forest,Lower
2016-09-29,3.0,CHI,Zonotrichia,albicollis,Passerellidae,10133,Yes,Forest,Lower
2016-09-29,3.0,CHI,Seiurus,aurocapilla,Parulidae,4580,Yes,Forest,Lower
2016-09-29,3.0,CHI,Zonotrichia,albicollis,Passerellidae,10133,Yes,Forest,Lower
2016-09-29,3.0,CHI,Seiurus,aurocapilla,Parulidae,4580,Yes,Forest,Lower
2016-09-29,3.0,CHI,Zonotrichia,albicollis,Passerellidae,10133,Yes,Forest,Lower
2016-09-29,3.0,CHI,Zonotrichia,albicollis,Passerellidae,10133,Yes,Forest,Lower
2016-09-29,3.0,CHI,Seiurus,aurocapilla,Parulidae,4580,Yes,Forest,Lower
2016-09-29,3.0,CHI,Seiurus,aurocapilla,Parulidae,4580,Yes,Forest,Lower
2016-09-29,3.0,CHI,Zonotrichia,albicollis,Passerellidae,10133,Yes,Forest,Lower
2016-09-29,3.0,CHI,Zonotrichia,albicollis,Passerellidae,10133,Yes,Forest,Lower
2016-09-29,3.0,CHI,Zonotrichia,leucophrys,Passerellidae,1090,Yes,Edge,Lower
2016-09-29,3.0,CHI,Zonotrichia,albicollis,Passerellidae,10133,Yes,Forest,Lower
2016-09-29,3.0,CHI,Zonotrichia,albicollis,Passerellidae,10133,Yes,Forest,Lower
2016-09-29,3.0,CHI,Zonotrichia,albicollis,Passerellidae,10133,Yes,Forest,Lower
2016-09-29,3.0,CHI,Zonotrichia,albicollis,Passerellidae,10133,Yes,Forest,Lower
2016-09-29,3.0,CHI,Setophaga,castanea,Parulidae,287,Yes,Forest,Upper
2016-09-29,3.0,CHI,Zonotrichia,albicollis,Passerellidae,10133,Yes,Forest,Lower
2016-09-29,3.0,CHI,Zonotrichia,albicollis,Passerellidae,10133,Yes,Forest,Lower
2016-09-29,3.0,CHI,Zonotrichia,albicollis,Passerellidae,10133,Yes,Forest,Lower
2016-09-29,3.0,CHI,Zonotrichia,albicollis,Passerellidae,10133,Yes,Forest,Lower
2016-09-29,3.0,CHI,Zonotrichia,albicollis,Passerellidae,10133,Yes,Forest,Lower
2016-09-29,3.0,CHI,Setophaga,castanea,Parulidae,287,Yes,Forest,Upper
2016-09-29,3.0,CHI,setophaga,ruticilla,Parulidae,868,Yes,Edge,Upper
2016-09-29,3.0,CHI,setophaga,ruticilla,Parulidae,868,Yes,Edge,Upper
2016-09-29,3.0,CHI,setophaga,ruticilla,Parulidae,868,Yes,Edge,Upper
2016-09-29,3.0,CHI,setophaga,ruticilla,Parulidae,868,Yes,Edge,Upper
2016-09-29,3.0,CHI,Zonotrichia,albicollis,Passerellidae,10133,Yes,Forest,Lower
2016-09-29,3.0,CHI,Zonotrichia,albicollis,Passerellidae,10133,Yes,Forest,Lower
2016-09-29,3.0,CHI,Zonotrichia,albicollis,Passerellidae,10133,Yes,Forest,Lower
2016-09-29,3.0,CHI,Zonotrichia,albicollis,Passerellidae,10133,Yes,Forest,Lower
2016-09-29,3.0,CHI,Zonotrichia,albicollis,Passerellidae,10133,Yes,Forest,Lower
2016-09-29,3.0,CHI,Zonotrichia,albicollis,Passerellidae,10133,Yes,Forest,Lower
2016-09-29,3.0,CHI,Seiurus,aurocapilla,Parulidae,4580,Yes,Forest,Lower
2016-09-29,3.0,MP,Toxostoma,rufum,Mimidae,166,No,Edge,Lower
2016-09-29,3.0,CHI,Seiurus,aurocapilla,Parulidae,4580,Yes,Forest,Lower
2016-09-29,3.0,CHI,Zonotrichia,albicollis,Passerellidae,10133,Yes,Forest,Lower
2016-09-29,3.0,CHI,Seiurus,aurocapilla,Parulidae,4580,Yes,Forest,Lower
2016-09-29,3.0,CHI,Zonotrichia,albicollis,Passerellidae,10133,Yes,Forest,Lower
2016-09-29,3.0,CHI,Zonotrichia,albicollis,Passerellidae,10133,Yes,Forest,Lower
2016-09-29,3.0,CHI,Zonotrichia,albicollis,Passerellidae,10133,Yes,Forest,Lower
2016-09-29,3.0,CHI,Zonotrichia,albicollis,Passerellidae,10133,Yes,Forest,Lower
2016-09-29,3.0,CHI,Zonotrichia,albicollis,Passerellidae,10133,Yes,Forest,Lower
2016-09-29,3.0,CHI,Zonotrichia,albicollis,Passerellidae,10133,Yes,Forest,Lower
2016-09-29,3.0,CHI,Seiurus,aurocapilla,Parulidae,4580,Yes,Forest,Lower
2016-09-29,3.0,CHI,Seiurus,aurocapilla,Parulidae,4580,Yes,Forest,Lower
2016-09-29,3.0,CHI,Seiurus,aurocapilla,Parulidae,4580,Yes,Forest,Lower
2016-09-29,3.0,CHI,Zonotrichia,albicollis,Passerellidae,10133,Yes,Forest,Lower
2016-09-29,3.0,CHI,Zonotrichia,albicollis,Passerellidae,10133,Yes,Forest,Lower
2016-09-29,3.0,CHI,Junco,hyemalis,Passerellidae,6303,Yes,Edge,Lower
2016-09-29,3.0,CHI,Junco,hyemalis,Passerellidae,6303,Yes,Edge,Lower
2016-09-29,3.0,CHI,Zonotrichia,albicollis,Passerellidae,10133,Yes,Forest,Lower
2016-09-29,3.0,CHI,Seiurus,aurocapilla,Parulidae,4580,Yes,Forest,Lower
2016-09-29,3.0,CHI,Zonotrichia,albicollis,Passerellidae,10133,Yes,Forest,Lower
2016-09-29,3.0,CHI,Zonotrichia,albicollis,Passerellidae,10133,Yes,Forest,Lower
2016-09-29,3.0,CHI,Seiurus,aurocapilla,Parulidae,4580,Yes,Forest,Lower
2016-09-29,3.0,CHI,Zonotrichia,albicollis,Passerellidae,10133,Yes,Forest,Lower
2016-09-29,3.0,CHI,Zonotrichia,albicollis,Passerellidae,10133,Yes,Forest,Lower
2016-09-29,3.0,CHI,Seiurus,aurocapilla,Parulidae,4580,Yes,Forest,Lower
2016-09-29,3.0,CHI,Zonotrichia,albicollis,Passerellidae,10133,Yes,Forest,Lower
2016-09-29,3.0,CHI,Zonotrichia,albicollis,Passerellidae,10133,Yes,Forest,Lower
2016-09-29,3.0,CHI,Zonotrichia,albicollis,Passerellidae,10133,Yes,Forest,Lower
2016-09-29,3.0,CHI,Seiurus,aurocapilla,Parulidae,4580,Yes,Forest,Lower
2016-09-29,3.0,CHI,Seiurus,aurocapilla,Parulidae,4580,Yes,Forest,Lower
2016-09-29,3.0,CHI,Zonotrichia,albicollis,Passerellidae,10133,Yes,Forest,Lower
2016-09-29,3.0,CHI,Zonotrichia,albicollis,Passerellidae,10133,Yes,Forest,Lower
2016-09-29,3.0,CHI,Zonotrichia,albicollis,Passerellidae,10133,Yes,Forest,Lower
2016-09-29,3.0,CHI,Zonotrichia,albicollis,Passerellidae,10133,Yes,Forest,Lower
2016-09-29,3.0,CHI,Zonotrichia,albicollis,Passerellidae,10133,Yes,Forest,Lower
2016-09-29,3.0,CHI,dumetella,carolinensis,Mimidae,599,no,edge,Lower
2016-09-29,3.0,CHI,Zonotrichia,albicollis,Passerellidae,10133,Yes,Forest,Lower
2016-09-29,3.0,CHI,Zonotrichia,albicollis,Passerellidae,10133,Yes,Forest,Lower
2016-09-29,3.0,MP,catharus,ustulatus,Turdidae,2331,Yes,Forest,Lower
2016-09-29,3.0,CHI,Zonotrichia,albicollis,Passerellidae,10133,Yes,Forest,Lower
2016-09-29,3.0,CHI,Zonotrichia,albicollis,Passerellidae,10133,Yes,Forest,Lower
2016-09-29,3.0,CHI,catharus,ustulatus,Turdidae,2331,Yes,Forest,Lower
2016-09-29,3.0,CHI,catharus,ustulatus,Turdidae,2331,Yes,Forest,Lower
2016-09-29,3.0,CHI,catharus,ustulatus,Turdidae,2331,Yes,Forest,Lower
2016-09-29,3.0,CHI,Zonotrichia,albicollis,Passerellidae,10133,Yes,Forest,Lower
2016-09-29,3.0,CHI,Setophaga,palmarum,Parulidae,694,Yes,Edge,Lower
2016-09-29,3.0,CHI,Oreothlypis,peregrina,Parulidae,2515,Yes,Edge,Upper
2016-09-29,3.0,CHI,Melospiza,lincolnii,Passerellidae,2029,yes,edge,Lower
2016-09-29,3.0,CHI,Geothlypis,trichas,Parulidae,1555,Yes,Open,Lower
2016-09-29,3.0,CHI,Geothlypis,trichas,Parulidae,1555,Yes,Open,Lower
2016-09-29,3.0,CHI,Seiurus,aurocapilla,Parulidae,4580,Yes,Forest,Lower
2016-09-29,3.0,CHI,Geothlypis,trichas,Parulidae,1555,Yes,Open,Lower
2016-09-29,3.0,CHI,Melospiza,lincolnii,Passerellidae,2029,yes,edge,Lower
2016-09-29,3.0,CHI,Zonotrichia,albicollis,Passerellidae,10133,Yes,Forest,Lower
2016-09-29,3.0,CHI,Zonotrichia,albicollis,Passerellidae,10133,Yes,Forest,Lower
2016-09-29,3.0,CHI,Zonotrichia,albicollis,Passerellidae,10133,Yes,Forest,Lower
2016-09-29,3.0,CHI,Melospiza,lincolnii,Passerellidae,2029,yes,edge,Lower
2016-09-29,3.0,CHI,Zonotrichia,albicollis,Passerellidae,10133,Yes,Forest,Lower
2016-09-29,3.0,CHI,Melospiza,lincolnii,Passerellidae,2029,yes,edge,Lower
2016-09-29,3.0,CHI,Melospiza,lincolnii,Passerellidae,2029,yes,edge,Lower
2016-10-01,4.0,CHI,Seiurus,aurocapilla,Parulidae,4580,Yes,Forest,Lower
2016-10-01,4.0,MP,Setophaga,pinus,Parulidae,49,Yes,Forest,Upper
2016-10-01,4.0,MP,Seiurus,aurocapilla,Parulidae,4580,Yes,Forest,Lower
2016-10-01,4.0,CHI,Setophaga,fusca,Parulidae,201,Yes,Forest,Upper
2016-10-01,4.0,CHI,Oporornis,agilis,Parulidae,365,Yes,Forest,Lower
2016-10-01,4.0,CHI,Seiurus,aurocapilla,Parulidae,4580,Yes,Forest,Lower
2016-10-01,4.0,CHI,Zonotrichia,albicollis,Passerellidae,10133,Yes,Forest,Lower
2016-10-01,4.0,CHI,Geothlypis,trichas,Parulidae,1555,Yes,Open,Lower
2016-10-01,4.0,CHI,Geothlypis,trichas,Parulidae,1555,Yes,Open,Lower
2016-10-01,4.0,CHI,Sitta,canadensis,Sittidae,260,Yes,Forest,Upper
2016-10-01,4.0,CHI,troglodytes,hiemalis,Troglodytidae,474,No,Forest,Lower
2016-10-01,4.0,CHI,Zonotrichia,albicollis,Passerellidae,10133,Yes,Forest,Lower
2016-10-01,4.0,CHI,Sitta,canadensis,Sittidae,260,Yes,Forest,Upper
2016-10-01,4.0,MP,Zonotrichia,albicollis,Passerellidae,10133,Yes,Forest,Lower
2016-10-01,4.0,MP,Zonotrichia,albicollis,Passerellidae,10133,Yes,Forest,Lower
2016-10-01,4.0,CHI,catharus,ustulatus,Turdidae,2331,Yes,Forest,Lower
2016-10-01,4.0,CHI,Zonotrichia,albicollis,Passerellidae,10133,Yes,Forest,Lower
2016-10-01,4.0,MP,Setophaga,coronata,Parulidae,887,yes,forest,Upper
2016-10-01,4.0,CHI,Zonotrichia,albicollis,Passerellidae,10133,Yes,Forest,Lower
2016-10-01,4.0,MP,Zonotrichia,albicollis,Passerellidae,10133,Yes,Forest,Lower
2016-10-01,4.0,CHI,Zonotrichia,albicollis,Passerellidae,10133,Yes,Forest,Lower
2016-10-01,4.0,MP,Setophaga,tigrina,Parulidae,182,Yes,Forest,Upper
2016-10-01,4.0,CHI,Catharus,minimus,Turdidae,822,Yes,Forest,Lower
2016-10-01,4.0,CHI,Zonotrichia,albicollis,Passerellidae,10133,Yes,Forest,Lower
2016-10-01,4.0,CHI,Sayornis,phoebe,Tyrannidae,24,No,Edge,Upper
2016-10-01,4.0,CHI,Melospiza,lincolnii,Passerellidae,2029,yes,edge,Lower
2016-10-01,4.0,CHI,catharus,ustulatus,Turdidae,2331,Yes,Forest,Lower
2016-10-02,4.0,CHI,Zonotrichia,albicollis,Passerellidae,10133,Yes,Forest,Lower
2016-10-02,4.0,CHI,Melospiza,lincolnii,Passerellidae,2029,yes,edge,Lower
2016-10-02,4.0,CHI,Oreothlypis,peregrina,Parulidae,2515,Yes,Edge,Upper
2016-10-02,4.0,CHI,Oreothlypis,peregrina,Parulidae,2515,Yes,Edge,Upper
2016-10-02,4.0,CHI,Regulus,satrapa,Regulidae,1029,Yes,Forest,Upper
2016-10-02,4.0,CHI,Zonotrichia,albicollis,Passerellidae,10133,Yes,Forest,Lower
2016-10-02,4.0,CHI,Zonotrichia,albicollis,Passerellidae,10133,Yes,Forest,Lower
2016-10-02,4.0,CHI,Seiurus,aurocapilla,Parulidae,4580,Yes,Forest,Lower
2016-10-02,4.0,CHI,Seiurus,aurocapilla,Parulidae,4580,Yes,Forest,Lower
2016-10-02,4.0,CHI,Seiurus,aurocapilla,Parulidae,4580,Yes,Forest,Lower
2016-10-02,4.0,CHI,Pheucticus,ludovicianus,Cardinalidae,397,Yes,Forest,Upper
2016-10-02,4.0,CHI,Zonotrichia,albicollis,Passerellidae,10133,Yes,Forest,Lower
2016-10-02,4.0,CHI,Setophaga,palmarum,Parulidae,694,Yes,Edge,Lower
2016-10-02,4.0,MP,geothlypis,philadelphia,Parulidae,430,Yes,Edge,Lower
2016-10-02,4.0,CHI,Zonotrichia,leucophrys,Passerellidae,1090,Yes,Edge,Lower
2016-10-02,4.0,CHI,setophaga,ruticilla,Parulidae,868,Yes,Edge,Upper
2016-10-02,4.0,CHI,Zonotrichia,albicollis,Passerellidae,10133,Yes,Forest,Lower
2016-10-02,4.0,CHI,Zonotrichia,albicollis,Passerellidae,10133,Yes,Forest,Lower
2016-10-02,4.0,CHI,Setophaga,striata,Parulidae,787,Yes,Forest,Upper
2016-10-02,4.0,CHI,Zonotrichia,albicollis,Passerellidae,10133,Yes,Forest,Lower
2016-10-02,4.0,CHI,Oreothlypis,ruficapilla,Parulidae,1690,Yes,Forest,Upper
2016-10-02,4.0,CHI,catharus,ustulatus,Turdidae,2331,Yes,Forest,Lower
2016-10-02,4.0,CHI,Setophaga,striata,Parulidae,787,Yes,Forest,Upper
2016-10-02,4.0,CHI,Zonotrichia,albicollis,Passerellidae,10133,Yes,Forest,Lower
2016-10-02,4.0,CHI,Sitta,canadensis,Sittidae,260,Yes,Forest,Upper
2016-10-02,4.0,MP,Zonotrichia,albicollis,Passerellidae,10133,Yes,Forest,Lower
2016-10-02,4.0,CHI,Oreothlypis,ruficapilla,Parulidae,1690,Yes,Forest,Upper
2016-10-02,4.0,CHI,Geothlypis,trichas,Parulidae,1555,Yes,Open,Lower
2016-10-02,4.0,CHI,Geothlypis,trichas,Parulidae,1555,Yes,Open,Lower
2016-10-02,4.0,CHI,Geothlypis,trichas,Parulidae,1555,Yes,Open,Lower
2016-10-02,4.0,CHI,Melospiza,lincolnii,Passerellidae,2029,yes,edge,Lower
2016-10-02,4.0,CHI,Geothlypis,trichas,Parulidae,1555,Yes,Open,Lower
2016-10-02,4.0,CHI,Melospiza,melodia,Passerellidae,5124,Yes,Edge,Lower
2016-10-02,4.0,CHI,Zonotrichia,albicollis,Passerellidae,10133,Yes,Forest,Lower
2016-10-02,4.0,CHI,Setophaga,caerulescens,Parulidae,183,Yes,Forest,Upper
2016-10-02,4.0,CHI,Oreothlypis,ruficapilla,Parulidae,1690,Yes,Forest,Upper
2016-10-03,4.0,CHI,Hylocichla,mustelina,Turdidae,500,Yes,Forest,Lower
2016-10-03,4.0,CHI,Hylocichla,mustelina,Turdidae,500,Yes,Forest,Lower
2016-10-03,4.0,CHI,Seiurus,aurocapilla,Parulidae,4580,Yes,Forest,Lower
2016-10-03,4.0,CHI,Regulus,satrapa,Regulidae,1029,Yes,Forest,Upper
2016-10-03,4.0,CHI,Seiurus,aurocapilla,Parulidae,4580,Yes,Forest,Lower
2016-10-03,4.0,CHI,Seiurus,aurocapilla,Parulidae,4580,Yes,Forest,Lower
2016-10-03,4.0,CHI,Regulus,satrapa,Regulidae,1029,Yes,Forest,Upper
2016-10-03,4.0,CHI,Seiurus,aurocapilla,Parulidae,4580,Yes,Forest,Lower
2016-10-03,4.0,CHI,troglodytes,hiemalis,Troglodytidae,474,No,Forest,Lower
2016-10-03,4.0,CHI,Regulus,satrapa,Regulidae,1029,Yes,Forest,Upper
2016-10-03,4.0,CHI,troglodytes,hiemalis,Troglodytidae,474,No,Forest,Lower
2016-10-03,4.0,CHI,troglodytes,hiemalis,Troglodytidae,474,No,Forest,Lower
2016-10-03,4.0,CHI,troglodytes,hiemalis,Troglodytidae,474,No,Forest,Lower
2016-10-03,4.0,CHI,troglodytes,hiemalis,Troglodytidae,474,No,Forest,Lower
2016-10-03,4.0,CHI,Pheucticus,ludovicianus,Cardinalidae,397,Yes,Forest,Upper
2016-10-03,4.0,CHI,Oreothlypis,ruficapilla,Parulidae,1690,Yes,Forest,Upper
2016-10-03,4.0,CHI,Junco,hyemalis,Passerellidae,6303,Yes,Edge,Lower
2016-10-03,4.0,CHI,Junco,hyemalis,Passerellidae,6303,Yes,Edge,Lower
2016-10-03,4.0,CHI,Setophaga,palmarum,Parulidae,694,Yes,Edge,Lower
2016-10-03,4.0,CHI,Setophaga,palmarum,Parulidae,694,Yes,Edge,Lower
2016-10-03,4.0,CHI,Regulus,satrapa,Regulidae,1029,Yes,Forest,Upper
2016-10-03,4.0,CHI,Oreothlypis,ruficapilla,Parulidae,1690,Yes,Forest,Upper
2016-10-03,4.0,CHI,Setophaga,magnolia,Parulidae,1224,yes,forest,Upper
2016-10-03,4.0,CHI,Setophaga,magnolia,Parulidae,1224,yes,forest,Upper
2016-10-03,4.0,CHI,Oreothlypis,ruficapilla,Parulidae,1690,Yes,Forest,Upper
2016-10-03,4.0,CHI,troglodytes,hiemalis,Troglodytidae,474,No,Forest,Lower
2016-10-03,4.0,CHI,Regulus,satrapa,Regulidae,1029,Yes,Forest,Upper
2016-10-03,4.0,CHI,Regulus,satrapa,Regulidae,1029,Yes,Forest,Upper
2016-10-03,4.0,CHI,Junco,hyemalis,Passerellidae,6303,Yes,Edge,Lower
2016-10-03,4.0,CHI,Junco,hyemalis,Passerellidae,6303,Yes,Edge,Lower
2016-10-03,4.0,CHI,Regulus,satrapa,Regulidae,1029,Yes,Forest,Upper
2016-10-03,4.0,CHI,catharus,ustulatus,Turdidae,2331,Yes,Forest,Lower
2016-10-03,4.0,CHI,Oreothlypis,ruficapilla,Parulidae,1690,Yes,Forest,Upper
2016-10-03,4.0,CHI,Regulus,satrapa,Regulidae,1029,Yes,Forest,Upper
2016-10-03,4.0,CHI,Oreothlypis,peregrina,Parulidae,2515,Yes,Edge,Upper
2016-10-03,4.0,CHI,Catharus,guttatus,Turdidae,3729,Yes,Forest,Lower
2016-10-03,4.0,CHI,Zonotrichia,albicollis,Passerellidae,10133,Yes,Forest,Lower
2016-10-03,4.0,CHI,Zonotrichia,albicollis,Passerellidae,10133,Yes,Forest,Lower
2016-10-03,4.0,CHI,Catharus,guttatus,Turdidae,3729,Yes,Forest,Lower
2016-10-03,4.0,CHI,Zonotrichia,albicollis,Passerellidae,10133,Yes,Forest,Lower
2016-10-03,4.0,CHI,Regulus,calendula,Regulidae,416,No,Forest,Upper
2016-10-03,4.0,CHI,Catharus,guttatus,Turdidae,3729,Yes,Forest,Lower
2016-10-03,4.0,CHI,Catharus,guttatus,Turdidae,3729,Yes,Forest,Lower
2016-10-03,4.0,CHI,Setophaga,striata,Parulidae,787,Yes,Forest,Upper
2016-10-03,4.0,CHI,Setophaga,striata,Parulidae,787,Yes,Forest,Upper
2016-10-03,4.0,CHI,Zonotrichia,albicollis,Passerellidae,10133,Yes,Forest,Lower
2016-10-03,4.0,MP,Setophaga,striata,Parulidae,787,Yes,Forest,Upper
2016-10-03,4.0,CHI,Geothlypis,trichas,Parulidae,1555,Yes,Open,Lower
2016-10-03,4.0,CHI,Melospiza,lincolnii,Passerellidae,2029,yes,edge,Lower
2016-10-03,4.0,CHI,Melospiza,lincolnii,Passerellidae,2029,yes,edge,Lower
2016-10-03,4.0,CHI,Melospiza,lincolnii,Passerellidae,2029,yes,edge,Lower
2016-10-03,4.0,CHI,Melospiza,lincolnii,Passerellidae,2029,yes,edge,Lower
2016-10-03,4.0,MP,Melospiza,lincolnii,Passerellidae,2029,yes,edge,Lower
2016-10-03,4.0,CHI,Junco,hyemalis,Passerellidae,6303,Yes,Edge,Lower
2016-10-03,4.0,CHI,Junco,hyemalis,Passerellidae,6303,Yes,Edge,Lower
2016-10-03,4.0,CHI,Catharus,guttatus,Turdidae,3729,Yes,Forest,Lower
2016-10-03,4.0,MP,Setophaga,striata,Parulidae,787,Yes,Forest,Upper
2016-10-03,4.0,CHI,Zonotrichia,albicollis,Passerellidae,10133,Yes,Forest,Lower
2016-10-03,4.0,CHI,Zonotrichia,albicollis,Passerellidae,10133,Yes,Forest,Lower
2016-10-03,4.0,MP,Zonotrichia,albicollis,Passerellidae,10133,Yes,Forest,Lower
2016-10-03,4.0,CHI,Oreothlypis,peregrina,Parulidae,2515,Yes,Edge,Upper
2016-10-03,4.0,CHI,Sitta,canadensis,Sittidae,260,Yes,Forest,Upper
2016-10-03,4.0,CHI,Catharus,guttatus,Turdidae,3729,Yes,Forest,Lower
2016-10-03,4.0,CHI,Sitta,canadensis,Sittidae,260,Yes,Forest,Upper
2016-10-03,4.0,CHI,Catharus,guttatus,Turdidae,3729,Yes,Forest,Lower
2016-10-03,4.0,CHI,Catharus,guttatus,Turdidae,3729,Yes,Forest,Lower
2016-10-03,4.0,MP,Zonotrichia,albicollis,Passerellidae,10133,Yes,Forest,Lower
2016-10-03,4.0,MP,Catharus,guttatus,Turdidae,3729,Yes,Forest,Lower
2016-10-03,4.0,CHI,Zonotrichia,albicollis,Passerellidae,10133,Yes,Forest,Lower
2016-10-03,4.0,CHI,Catharus,guttatus,Turdidae,3729,Yes,Forest,Lower
2016-10-03,4.0,MP,Zonotrichia,albicollis,Passerellidae,10133,Yes,Forest,Lower
2016-10-03,4.0,CHI,Geothlypis,trichas,Parulidae,1555,Yes,Open,Lower
2016-10-03,4.0,MP,Zonotrichia,albicollis,Passerellidae,10133,Yes,Forest,Lower
2016-10-03,4.0,MP,Zonotrichia,albicollis,Passerellidae,10133,Yes,Forest,Lower
2016-10-03,4.0,CHI,Geothlypis,trichas,Parulidae,1555,Yes,Open,Lower
2016-10-04,14.0,CHI,Oreothlypis,peregrina,Parulidae,2515,Yes,Edge,Upper
2016-10-04,14.0,CHI,Zonotrichia,albicollis,Passerellidae,10133,Yes,Forest,Lower
2016-10-04,14.0,CHI,Zonotrichia,albicollis,Passerellidae,10133,Yes,Forest,Lower
2016-10-04,14.0,CHI,Zonotrichia,albicollis,Passerellidae,10133,Yes,Forest,Lower
2016-10-04,14.0,CHI,Zonotrichia,albicollis,Passerellidae,10133,Yes,Forest,Lower
2016-10-04,14.0,CHI,Zonotrichia,albicollis,Passerellidae,10133,Yes,Forest,Lower
2016-10-04,14.0,CHI,Zonotrichia,albicollis,Passerellidae,10133,Yes,Forest,Lower
2016-10-04,14.0,CHI,Zonotrichia,albicollis,Passerellidae,10133,Yes,Forest,Lower
2016-10-04,14.0,CHI,Zonotrichia,albicollis,Passerellidae,10133,Yes,Forest,Lower
2016-10-04,14.0,CHI,Melospiza,lincolnii,Passerellidae,2029,yes,edge,Lower
2016-10-04,14.0,MP,Zonotrichia,leucophrys,Passerellidae,1090,Yes,Edge,Lower
2016-10-04,14.0,MP,Zonotrichia,leucophrys,Passerellidae,1090,Yes,Edge,Lower
2016-10-04,14.0,CHI,dumetella,carolinensis,Mimidae,599,no,edge,Lower
2016-10-04,14.0,CHI,Catharus,guttatus,Turdidae,3729,Yes,Forest,Lower
2016-10-04,14.0,CHI,Catharus,guttatus,Turdidae,3729,Yes,Forest,Lower
2016-10-04,14.0,CHI,Catharus,guttatus,Turdidae,3729,Yes,Forest,Lower
2016-10-04,14.0,MP,Parkesia,noveboracensis,Parulidae,916,Yes,Forest,Lower
2016-10-04,14.0,CHI,Junco,hyemalis,Passerellidae,6303,Yes,Edge,Lower
2016-10-04,14.0,MP,Oreothlypis,ruficapilla,Parulidae,1690,Yes,Forest,Upper
2016-10-04,14.0,MP,Junco,hyemalis,Passerellidae,6303,Yes,Edge,Lower
2016-10-04,14.0,CHI,Oreothlypis,ruficapilla,Parulidae,1690,Yes,Forest,Upper
2016-10-04,14.0,CHI,Setophaga,striata,Parulidae,787,Yes,Forest,Upper
2016-10-04,14.0,CHI,Melospiza,lincolnii,Passerellidae,2029,yes,edge,Lower
2016-10-04,14.0,CHI,Melospiza,lincolnii,Passerellidae,2029,yes,edge,Lower
2016-10-04,14.0,MP,Oreothlypis,ruficapilla,Parulidae,1690,Yes,Forest,Upper
2016-10-04,14.0,CHI,Melospiza,lincolnii,Passerellidae,2029,yes,edge,Lower
2016-10-04,14.0,MP,catharus,ustulatus,Turdidae,2331,Yes,Forest,Lower
2016-10-04,14.0,CHI,Regulus,satrapa,Regulidae,1029,Yes,Forest,Upper
2016-10-04,14.0,CHI,Regulus,satrapa,Regulidae,1029,Yes,Forest,Upper
2016-10-04,14.0,CHI,Regulus,satrapa,Regulidae,1029,Yes,Forest,Upper
2016-10-04,14.0,CHI,Regulus,satrapa,Regulidae,1029,Yes,Forest,Upper
2016-10-04,14.0,CHI,Regulus,satrapa,Regulidae,1029,Yes,Forest,Upper
2016-10-04,14.0,CHI,Regulus,satrapa,Regulidae,1029,Yes,Forest,Upper
2016-10-04,14.0,MP,Zonotrichia,albicollis,Passerellidae,10133,Yes,Forest,Lower
2016-10-04,14.0,CHI,Regulus,satrapa,Regulidae,1029,Yes,Forest,Upper
2016-10-04,14.0,CHI,Zonotrichia,albicollis,Passerellidae,10133,Yes,Forest,Lower
2016-10-04,14.0,CHI,Zonotrichia,albicollis,Passerellidae,10133,Yes,Forest,Lower
2016-10-04,14.0,CHI,Zonotrichia,albicollis,Passerellidae,10133,Yes,Forest,Lower
2016-10-04,14.0,CHI,Regulus,satrapa,Regulidae,1029,Yes,Forest,Upper
2016-10-04,14.0,CHI,Setophaga,castanea,Parulidae,287,Yes,Forest,Upper
2016-10-05,14.0,CHI,Setophaga,tigrina,Parulidae,182,Yes,Forest,Upper
2016-10-05,14.0,CHI,Seiurus,aurocapilla,Parulidae,4580,Yes,Forest,Lower
2016-10-05,14.0,CHI,Melospiza,lincolnii,Passerellidae,2029,yes,edge,Lower
2016-10-05,14.0,CHI,Mniotilta,varia,Parulidae,620,Yes,Forest,Upper
2016-10-05,14.0,CHI,Regulus,satrapa,Regulidae,1029,Yes,Forest,Upper
2016-10-05,14.0,CHI,Melospiza,lincolnii,Passerellidae,2029,yes,edge,Lower
2016-10-05,14.0,CHI,Regulus,satrapa,Regulidae,1029,Yes,Forest,Upper
2016-10-05,14.0,CHI,Regulus,satrapa,Regulidae,1029,Yes,Forest,Upper
2016-10-05,14.0,MP,Sitta,canadensis,Sittidae,260,Yes,Forest,Upper
2016-10-05,14.0,MP,Regulus,satrapa,Regulidae,1029,Yes,Forest,Upper
2016-10-05,14.0,CHI,Oreothlypis,ruficapilla,Parulidae,1690,Yes,Forest,Upper
2016-10-05,14.0,CHI,Oreothlypis,peregrina,Parulidae,2515,Yes,Edge,Upper
2016-10-05,14.0,CHI,Oreothlypis,ruficapilla,Parulidae,1690,Yes,Forest,Upper
2016-10-05,14.0,MP,Zonotrichia,leucophrys,Passerellidae,1090,Yes,Edge,Lower
2016-10-05,14.0,CHI,Zonotrichia,leucophrys,Passerellidae,1090,Yes,Edge,Lower
2016-10-05,14.0,MP,Zonotrichia,leucophrys,Passerellidae,1090,Yes,Edge,Lower
2016-10-05,14.0,CHI,Setophaga,castanea,Parulidae,287,Yes,Forest,Upper
2016-10-05,14.0,MP,Oreothlypis,ruficapilla,Parulidae,1690,Yes,Forest,Upper
2016-10-05,14.0,CHI,Geothlypis,trichas,Parulidae,1555,Yes,Open,Lower
2016-10-05,14.0,CHI,Oreothlypis,ruficapilla,Parulidae,1690,Yes,Forest,Upper
2016-10-05,14.0,MP,Oreothlypis,ruficapilla,Parulidae,1690,Yes,Forest,Upper
2016-10-05,14.0,MP,troglodytes,hiemalis,Troglodytidae,474,No,Forest,Lower
2016-10-05,14.0,CHI,troglodytes,hiemalis,Troglodytidae,474,No,Forest,Lower
2016-10-05,14.0,MP,Zonotrichia,albicollis,Passerellidae,10133,Yes,Forest,Lower
2016-10-05,14.0,CHI,Oreothlypis,ruficapilla,Parulidae,1690,Yes,Forest,Upper
2016-10-05,14.0,CHI,Seiurus,aurocapilla,Parulidae,4580,Yes,Forest,Lower
2016-10-05,14.0,MP,Zonotrichia,albicollis,Passerellidae,10133,Yes,Forest,Lower
2016-10-05,14.0,CHI,Zonotrichia,albicollis,Passerellidae,10133,Yes,Forest,Lower
2016-10-05,14.0,CHI,Zonotrichia,albicollis,Passerellidae,10133,Yes,Forest,Lower
2016-10-05,14.0,MP,Zonotrichia,albicollis,Passerellidae,10133,Yes,Forest,Lower
2016-10-06,17.0,CHI,Parkesia,noveboracensis,Parulidae,916,Yes,Forest,Lower
2016-10-06,17.0,MP,Setophaga,striata,Parulidae,787,Yes,Forest,Upper
2016-10-06,17.0,MP,Catharus,guttatus,Turdidae,3729,Yes,Forest,Lower
2016-10-06,17.0,CHI,Catharus,guttatus,Turdidae,3729,Yes,Forest,Lower
2016-10-06,17.0,CHI,Catharus,guttatus,Turdidae,3729,Yes,Forest,Lower
2016-10-06,17.0,CHI,Geothlypis,trichas,Parulidae,1555,Yes,Open,Lower
2016-10-06,17.0,CHI,Setophaga,magnolia,Parulidae,1224,yes,forest,Upper
2016-10-06,17.0,CHI,Oreothlypis,peregrina,Parulidae,2515,Yes,Edge,Upper
2016-10-06,17.0,MP,Junco,hyemalis,Passerellidae,6303,Yes,Edge,Lower
2016-10-06,17.0,CHI,Oreothlypis,peregrina,Parulidae,2515,Yes,Edge,Upper
2016-10-06,17.0,CHI,Seiurus,aurocapilla,Parulidae,4580,Yes,Forest,Lower
2016-10-06,17.0,MP,Setophaga,striata,Parulidae,787,Yes,Forest,Upper
2016-10-06,17.0,CHI,Zonotrichia,albicollis,Passerellidae,10133,Yes,Forest,Lower
2016-10-06,17.0,CHI,Zonotrichia,albicollis,Passerellidae,10133,Yes,Forest,Lower
2016-10-06,17.0,CHI,Zonotrichia,albicollis,Passerellidae,10133,Yes,Forest,Lower
2016-10-06,17.0,CHI,Zonotrichia,albicollis,Passerellidae,10133,Yes,Forest,Lower
2016-10-06,17.0,CHI,Zonotrichia,albicollis,Passerellidae,10133,Yes,Forest,Lower
2016-10-07,17.0,CHI,Oreothlypis,ruficapilla,Parulidae,1690,Yes,Forest,Upper
2016-10-07,17.0,CHI,Oreothlypis,ruficapilla,Parulidae,1690,Yes,Forest,Upper
2016-10-07,17.0,MP,Setophaga,coronata,Parulidae,887,yes,forest,Upper
2016-10-07,17.0,CHI,Oreothlypis,ruficapilla,Parulidae,1690,Yes,Forest,Upper
2016-10-07,17.0,CHI,Toxostoma,rufum,Mimidae,166,No,Edge,Lower
2016-10-07,17.0,MP,Setophaga,striata,Parulidae,787,Yes,Forest,Upper
2016-10-07,17.0,CHI,Zonotrichia,albicollis,Passerellidae,10133,Yes,Forest,Lower
2016-10-07,17.0,MP,Zonotrichia,leucophrys,Passerellidae,1090,Yes,Edge,Lower
2016-10-07,17.0,CHI,Sitta,canadensis,Sittidae,260,Yes,Forest,Upper
2016-10-07,17.0,CHI,Setophaga,palmarum,Parulidae,694,Yes,Edge,Lower
2016-10-07,17.0,MP,Oreothlypis,celata,Parulidae,227,Yes,Edge,Lower
2016-10-07,17.0,CHI,Regulus,calendula,Regulidae,416,No,Forest,Upper
2016-10-07,17.0,CHI,Zonotrichia,albicollis,Passerellidae,10133,Yes,Forest,Lower
2016-10-07,17.0,CHI,Regulus,satrapa,Regulidae,1029,Yes,Forest,Upper
2016-10-07,17.0,CHI,Regulus,satrapa,Regulidae,1029,Yes,Forest,Upper
2016-10-07,17.0,MP,Oreothlypis,ruficapilla,Parulidae,1690,Yes,Forest,Upper
2016-10-07,17.0,CHI,Zonotrichia,albicollis,Passerellidae,10133,Yes,Forest,Lower
2016-10-07,17.0,CHI,Zonotrichia,albicollis,Passerellidae,10133,Yes,Forest,Lower
2016-10-07,17.0,MP,Setophaga,coronata,Parulidae,887,yes,forest,Upper
2016-10-08,17.0,MP,Oreothlypis,ruficapilla,Parulidae,1690,Yes,Forest,Upper
2016-10-08,17.0,CHI,Oreothlypis,ruficapilla,Parulidae,1690,Yes,Forest,Upper
2016-10-08,17.0,MP,Oreothlypis,peregrina,Parulidae,2515,Yes,Edge,Upper
2016-10-08,17.0,CHI,Oreothlypis,peregrina,Parulidae,2515,Yes,Edge,Upper
2016-10-08,17.0,CHI,Troglodytes,aedon,Troglodytidae,104,No,Edge,Lower
2016-10-08,17.0,CHI,Setophaga,coronata,Parulidae,887,yes,forest,Upper
2016-10-08,17.0,CHI,Oreothlypis,peregrina,Parulidae,2515,Yes,Edge,Upper
2016-10-08,17.0,CHI,Zonotrichia,albicollis,Passerellidae,10133,Yes,Forest,Lower
2016-10-08,17.0,CHI,Zonotrichia,albicollis,Passerellidae,10133,Yes,Forest,Lower
2016-10-08,17.0,CHI,Zonotrichia,albicollis,Passerellidae,10133,Yes,Forest,Lower
2016-10-08,17.0,CHI,Zonotrichia,albicollis,Passerellidae,10133,Yes,Forest,Lower
2016-10-08,17.0,CHI,Zonotrichia,albicollis,Passerellidae,10133,Yes,Forest,Lower
2016-10-08,17.0,CHI,Zonotrichia,albicollis,Passerellidae,10133,Yes,Forest,Lower
2016-10-08,17.0,CHI,Catharus,guttatus,Turdidae,3729,Yes,Forest,Lower
2016-10-08,17.0,MP,Catharus,guttatus,Turdidae,3729,Yes,Forest,Lower
2016-10-08,17.0,MP,Catharus,guttatus,Turdidae,3729,Yes,Forest,Lower
2016-10-08,17.0,MP,Catharus,guttatus,Turdidae,3729,Yes,Forest,Lower
2016-10-08,17.0,CHI,Zonotrichia,albicollis,Passerellidae,10133,Yes,Forest,Lower
2016-10-08,17.0,CHI,Passerella,iliaca,Passerellidae,2443,Yes,Edge,Lower
2016-10-08,17.0,CHI,Zonotrichia,albicollis,Passerellidae,10133,Yes,Forest,Lower
2016-10-08,17.0,CHI,Zonotrichia,albicollis,Passerellidae,10133,Yes,Forest,Lower
2016-10-08,17.0,CHI,Zonotrichia,albicollis,Passerellidae,10133,Yes,Forest,Lower
2016-10-08,17.0,CHI,Zonotrichia,albicollis,Passerellidae,10133,Yes,Forest,Lower
2016-10-08,17.0,CHI,Zonotrichia,albicollis,Passerellidae,10133,Yes,Forest,Lower
2016-10-08,17.0,CHI,Zonotrichia,albicollis,Passerellidae,10133,Yes,Forest,Lower
2016-10-08,17.0,CHI,Zonotrichia,albicollis,Passerellidae,10133,Yes,Forest,Lower
2016-10-08,17.0,CHI,Zonotrichia,albicollis,Passerellidae,10133,Yes,Forest,Lower
2016-10-08,17.0,CHI,Seiurus,aurocapilla,Parulidae,4580,Yes,Forest,Lower
2016-10-08,17.0,CHI,Zonotrichia,albicollis,Passerellidae,10133,Yes,Forest,Lower
2016-10-08,17.0,CHI,Zonotrichia,albicollis,Passerellidae,10133,Yes,Forest,Lower
2016-10-08,17.0,CHI,Regulus,satrapa,Regulidae,1029,Yes,Forest,Upper
2016-10-08,17.0,CHI,Zonotrichia,albicollis,Passerellidae,10133,Yes,Forest,Lower
2016-10-08,17.0,CHI,Zonotrichia,albicollis,Passerellidae,10133,Yes,Forest,Lower
2016-10-08,17.0,CHI,Geothlypis,trichas,Parulidae,1555,Yes,Open,Lower
2016-10-08,17.0,CHI,Geothlypis,trichas,Parulidae,1555,Yes,Open,Lower
2016-10-08,17.0,CHI,Geothlypis,trichas,Parulidae,1555,Yes,Open,Lower
2016-10-08,17.0,CHI,Geothlypis,trichas,Parulidae,1555,Yes,Open,Lower
2016-10-08,17.0,CHI,Geothlypis,trichas,Parulidae,1555,Yes,Open,Lower
2016-10-08,17.0,CHI,Geothlypis,trichas,Parulidae,1555,Yes,Open,Lower
2016-10-08,17.0,CHI,Melospiza,lincolnii,Passerellidae,2029,yes,edge,Lower
2016-10-08,17.0,CHI,Oreothlypis,peregrina,Parulidae,2515,Yes,Edge,Upper
2016-10-08,17.0,CHI,dumetella,carolinensis,Mimidae,599,no,edge,Lower
2016-10-08,17.0,MP,Zonotrichia,albicollis,Passerellidae,10133,Yes,Forest,Lower
2016-10-08,17.0,CHI,Zonotrichia,albicollis,Passerellidae,10133,Yes,Forest,Lower
2016-10-08,17.0,CHI,dumetella,carolinensis,Mimidae,599,no,edge,Lower
2016-10-08,17.0,CHI,dumetella,carolinensis,Mimidae,599,no,edge,Lower
2016-10-08,17.0,MP,Zonotrichia,albicollis,Passerellidae,10133,Yes,Forest,Lower
2016-10-08,17.0,CHI,dumetella,carolinensis,Mimidae,599,no,edge,Lower
2016-10-08,17.0,MP,Zonotrichia,albicollis,Passerellidae,10133,Yes,Forest,Lower
2016-10-08,17.0,CHI,Zonotrichia,albicollis,Passerellidae,10133,Yes,Forest,Lower
2016-10-08,17.0,CHI,Zonotrichia,albicollis,Passerellidae,10133,Yes,Forest,Lower
2016-10-08,17.0,CHI,Zonotrichia,albicollis,Passerellidae,10133,Yes,Forest,Lower
2016-10-08,17.0,CHI,Zonotrichia,albicollis,Passerellidae,10133,Yes,Forest,Lower
2016-10-08,17.0,CHI,Zonotrichia,albicollis,Passerellidae,10133,Yes,Forest,Lower
2016-10-08,17.0,CHI,Zonotrichia,albicollis,Passerellidae,10133,Yes,Forest,Lower
2016-10-08,17.0,CHI,dumetella,carolinensis,Mimidae,599,no,edge,Lower
2016-10-08,17.0,CHI,Regulus,satrapa,Regulidae,1029,Yes,Forest,Upper
2016-10-08,17.0,CHI,Zonotrichia,albicollis,Passerellidae,10133,Yes,Forest,Lower
2016-10-08,17.0,CHI,Passerella,iliaca,Passerellidae,2443,Yes,Edge,Lower
2016-10-08,17.0,MP,Regulus,satrapa,Regulidae,1029,Yes,Forest,Upper
2016-10-08,17.0,CHI,Passerina,cyanea,Cardinalidae,725,yes,edge,Upper
2016-10-08,17.0,CHI,Passerina,cyanea,Cardinalidae,725,yes,edge,Upper
2016-10-08,17.0,MP,Setophaga,coronata,Parulidae,887,yes,forest,Upper
2016-10-08,17.0,CHI,Sitta,canadensis,Sittidae,260,Yes,Forest,Upper
2016-10-08,17.0,CHI,Sitta,canadensis,Sittidae,260,Yes,Forest,Upper
2016-10-08,17.0,CHI,Regulus,calendula,Regulidae,416,No,Forest,Upper
2016-10-08,17.0,CHI,Setophaga,palmarum,Parulidae,694,Yes,Edge,Lower
2016-10-08,17.0,CHI,Setophaga,palmarum,Parulidae,694,Yes,Edge,Lower
2016-10-08,17.0,CHI,Setophaga,palmarum,Parulidae,694,Yes,Edge,Lower
2016-10-08,17.0,CHI,Junco,hyemalis,Passerellidae,6303,Yes,Edge,Lower
2016-10-08,17.0,CHI,Parkesia,noveboracensis,Parulidae,916,Yes,Forest,Lower
2016-10-08,17.0,CHI,Setophaga,magnolia,Parulidae,1224,yes,forest,Upper
2016-10-08,17.0,CHI,Melospiza,melodia,Passerellidae,5124,Yes,Edge,Lower
2016-10-08,17.0,CHI,Setophaga,striata,Parulidae,787,Yes,Forest,Upper
2016-10-08,17.0,CHI,Junco,hyemalis,Passerellidae,6303,Yes,Edge,Lower
2016-10-08,17.0,MP,Setophaga,coronata,Parulidae,887,yes,forest,Upper
2016-10-08,17.0,MP,Setophaga,coronata,Parulidae,887,yes,forest,Upper
2016-10-08,17.0,MP,Passerina,cyanea,Cardinalidae,725,yes,edge,Upper
2016-10-08,17.0,CHI,Setophaga,coronata,Parulidae,887,yes,forest,Upper
2016-10-08,17.0,CHI,Setophaga,coronata,Parulidae,887,yes,forest,Upper
2016-10-08,17.0,CHI,troglodytes,hiemalis,Troglodytidae,474,No,Forest,Lower
2016-10-09,17.0,CHI,troglodytes,hiemalis,Troglodytidae,474,No,Forest,Lower
2016-10-09,17.0,CHI,Oreothlypis,ruficapilla,Parulidae,1690,Yes,Forest,Upper
2016-10-09,17.0,MP,Oreothlypis,ruficapilla,Parulidae,1690,Yes,Forest,Upper
2016-10-09,17.0,CHI,Zonotrichia,albicollis,Passerellidae,10133,Yes,Forest,Lower
2016-10-09,17.0,CHI,Zonotrichia,albicollis,Passerellidae,10133,Yes,Forest,Lower
2016-10-09,17.0,CHI,Zonotrichia,albicollis,Passerellidae,10133,Yes,Forest,Lower
2016-10-09,17.0,CHI,Zonotrichia,albicollis,Passerellidae,10133,Yes,Forest,Lower
2016-10-09,17.0,CHI,Zonotrichia,albicollis,Passerellidae,10133,Yes,Forest,Lower
2016-10-09,17.0,CHI,Zonotrichia,albicollis,Passerellidae,10133,Yes,Forest,Lower
2016-10-09,17.0,CHI,Passerella,iliaca,Passerellidae,2443,Yes,Edge,Lower
2016-10-09,17.0,CHI,Oreothlypis,peregrina,Parulidae,2515,Yes,Edge,Upper
2016-10-09,17.0,CHI,Junco,hyemalis,Passerellidae,6303,Yes,Edge,Lower
2016-10-09,17.0,CHI,Zonotrichia,albicollis,Passerellidae,10133,Yes,Forest,Lower
2016-10-09,17.0,CHI,Geothlypis,trichas,Parulidae,1555,Yes,Open,Lower
2016-10-09,17.0,CHI,Melospiza,lincolnii,Passerellidae,2029,yes,edge,Lower
2016-10-09,17.0,CHI,Zonotrichia,albicollis,Passerellidae,10133,Yes,Forest,Lower
2016-10-09,17.0,CHI,Melospiza,lincolnii,Passerellidae,2029,yes,edge,Lower
2016-10-09,17.0,CHI,Melospiza,lincolnii,Passerellidae,2029,yes,edge,Lower
2016-10-09,17.0,CHI,Zonotrichia,albicollis,Passerellidae,10133,Yes,Forest,Lower
2016-10-09,17.0,CHI,Melospiza,lincolnii,Passerellidae,2029,yes,edge,Lower
2016-10-09,17.0,CHI,Melospiza,lincolnii,Passerellidae,2029,yes,edge,Lower
2016-10-09,17.0,CHI,Zonotrichia,albicollis,Passerellidae,10133,Yes,Forest,Lower
2016-10-09,17.0,CHI,Junco,hyemalis,Passerellidae,6303,Yes,Edge,Lower
2016-10-09,17.0,CHI,Melospiza,lincolnii,Passerellidae,2029,yes,edge,Lower
2016-10-09,17.0,CHI,troglodytes,hiemalis,Troglodytidae,474,No,Forest,Lower
2016-10-09,17.0,CHI,Melospiza,lincolnii,Passerellidae,2029,yes,edge,Lower
2016-10-09,17.0,CHI,Zonotrichia,albicollis,Passerellidae,10133,Yes,Forest,Lower
2016-10-09,17.0,CHI,Regulus,satrapa,Regulidae,1029,Yes,Forest,Upper
2016-10-09,17.0,CHI,Junco,hyemalis,Passerellidae,6303,Yes,Edge,Lower
2016-10-09,17.0,CHI,Regulus,satrapa,Regulidae,1029,Yes,Forest,Upper
2016-10-09,17.0,CHI,Catharus,guttatus,Turdidae,3729,Yes,Forest,Lower
2016-10-09,17.0,CHI,Catharus,guttatus,Turdidae,3729,Yes,Forest,Lower
2016-10-09,17.0,CHI,Catharus,guttatus,Turdidae,3729,Yes,Forest,Lower
2016-10-09,17.0,CHI,Catharus,guttatus,Turdidae,3729,Yes,Forest,Lower
2016-10-09,17.0,CHI,Catharus,guttatus,Turdidae,3729,Yes,Forest,Lower
2016-10-09,17.0,CHI,Catharus,guttatus,Turdidae,3729,Yes,Forest,Lower
2016-10-09,17.0,CHI,Catharus,guttatus,Turdidae,3729,Yes,Forest,Lower
2016-10-09,17.0,CHI,Regulus,satrapa,Regulidae,1029,Yes,Forest,Upper
2016-10-09,17.0,CHI,Zonotrichia,leucophrys,Passerellidae,1090,Yes,Edge,Lower
2016-10-09,17.0,CHI,Zonotrichia,leucophrys,Passerellidae,1090,Yes,Edge,Lower
2016-10-09,17.0,CHI,Zonotrichia,leucophrys,Passerellidae,1090,Yes,Edge,Lower
2016-10-09,17.0,CHI,troglodytes,hiemalis,Troglodytidae,474,No,Forest,Lower
2016-10-09,17.0,CHI,troglodytes,hiemalis,Troglodytidae,474,No,Forest,Lower
2016-10-09,17.0,CHI,Oreothlypis,celata,Parulidae,227,Yes,Edge,Lower
2016-10-09,17.0,CHI,Setophaga,coronata,Parulidae,887,yes,forest,Upper
2016-10-09,17.0,CHI,Regulus,calendula,Regulidae,416,No,Forest,Upper
2016-10-09,17.0,CHI,Setophaga,pinus,Parulidae,49,Yes,Forest,Upper
2016-10-09,17.0,CHI,Oreothlypis,celata,Parulidae,227,Yes,Edge,Lower
2016-10-09,17.0,CHI,troglodytes,hiemalis,Troglodytidae,474,No,Forest,Lower
2016-10-09,17.0,CHI,Setophaga,coronata,Parulidae,887,yes,forest,Upper
2016-10-09,17.0,CHI,dumetella,carolinensis,Mimidae,599,no,edge,Lower
2016-10-09,17.0,CHI,Setophaga,coronata,Parulidae,887,yes,forest,Upper
2016-10-09,17.0,CHI,troglodytes,hiemalis,Troglodytidae,474,No,Forest,Lower
2016-10-09,17.0,CHI,Setophaga,caerulescens,Parulidae,183,Yes,Forest,Upper
2016-10-09,17.0,MP,Junco,hyemalis,Passerellidae,6303,Yes,Edge,Lower
2016-10-09,17.0,CHI,Setophaga,palmarum,Parulidae,694,Yes,Edge,Lower
2016-10-09,17.0,CHI,Regulus,calendula,Regulidae,416,No,Forest,Upper
2016-10-10,15.0,CHI,Oreothlypis,ruficapilla,Parulidae,1690,Yes,Forest,Upper
2016-10-10,15.0,CHI,Oreothlypis,ruficapilla,Parulidae,1690,Yes,Forest,Upper
2016-10-10,15.0,CHI,Oreothlypis,ruficapilla,Parulidae,1690,Yes,Forest,Upper
2016-10-10,15.0,CHI,Regulus,satrapa,Regulidae,1029,Yes,Forest,Upper
2016-10-10,15.0,CHI,Regulus,satrapa,Regulidae,1029,Yes,Forest,Upper
2016-10-10,15.0,CHI,Regulus,satrapa,Regulidae,1029,Yes,Forest,Upper
2016-10-10,15.0,CHI,Regulus,satrapa,Regulidae,1029,Yes,Forest,Upper
2016-10-10,15.0,CHI,Regulus,satrapa,Regulidae,1029,Yes,Forest,Upper
2016-10-10,15.0,CHI,catharus,ustulatus,Turdidae,2331,Yes,Forest,Lower
2016-10-10,15.0,CHI,catharus,ustulatus,Turdidae,2331,Yes,Forest,Lower
2016-10-10,15.0,CHI,Oreothlypis,ruficapilla,Parulidae,1690,Yes,Forest,Upper
2016-10-10,15.0,CHI,Regulus,satrapa,Regulidae,1029,Yes,Forest,Upper
2016-10-10,15.0,CHI,Passerella,iliaca,Passerellidae,2443,Yes,Edge,Lower
2016-10-10,15.0,CHI,Zonotrichia,albicollis,Passerellidae,10133,Yes,Forest,Lower
2016-10-10,15.0,MP,Zonotrichia,leucophrys,Passerellidae,1090,Yes,Edge,Lower
2016-10-10,15.0,MP,Zonotrichia,leucophrys,Passerellidae,1090,Yes,Edge,Lower
2016-10-10,15.0,MP,Zonotrichia,leucophrys,Passerellidae,1090,Yes,Edge,Lower
2016-10-10,15.0,CHI,Zonotrichia,albicollis,Passerellidae,10133,Yes,Forest,Lower
2016-10-10,15.0,CHI,Zonotrichia,albicollis,Passerellidae,10133,Yes,Forest,Lower
2016-10-10,15.0,CHI,Zonotrichia,albicollis,Passerellidae,10133,Yes,Forest,Lower
2016-10-10,15.0,CHI,Zonotrichia,albicollis,Passerellidae,10133,Yes,Forest,Lower
2016-10-10,15.0,CHI,Zonotrichia,albicollis,Passerellidae,10133,Yes,Forest,Lower
2016-10-10,15.0,CHI,Zonotrichia,leucophrys,Passerellidae,1090,Yes,Edge,Lower
2016-10-10,15.0,CHI,Melospiza,lincolnii,Passerellidae,2029,yes,edge,Lower
2016-10-10,15.0,CHI,Zonotrichia,albicollis,Passerellidae,10133,Yes,Forest,Lower
2016-10-10,15.0,CHI,Catharus,guttatus,Turdidae,3729,Yes,Forest,Lower
2016-10-10,15.0,CHI,Catharus,guttatus,Turdidae,3729,Yes,Forest,Lower
2016-10-10,15.0,CHI,Melospiza,lincolnii,Passerellidae,2029,yes,edge,Lower
2016-10-10,15.0,CHI,Catharus,guttatus,Turdidae,3729,Yes,Forest,Lower
2016-10-10,15.0,CHI,Zonotrichia,albicollis,Passerellidae,10133,Yes,Forest,Lower
2016-10-10,15.0,CHI,Melospiza,lincolnii,Passerellidae,2029,yes,edge,Lower
2016-10-10,15.0,CHI,Oreothlypis,celata,Parulidae,227,Yes,Edge,Lower
2016-10-10,15.0,CHI,troglodytes,hiemalis,Troglodytidae,474,No,Forest,Lower
2016-10-10,15.0,CHI,Zonotrichia,albicollis,Passerellidae,10133,Yes,Forest,Lower
2016-10-10,15.0,CHI,Zonotrichia,albicollis,Passerellidae,10133,Yes,Forest,Lower
2016-10-11,5.0,CHI,Zonotrichia,albicollis,Passerellidae,10133,Yes,Forest,Lower
2016-10-11,5.0,CHI,Oreothlypis,peregrina,Parulidae,2515,Yes,Edge,Upper
2016-10-11,5.0,CHI,Regulus,satrapa,Regulidae,1029,Yes,Forest,Upper
2016-10-11,5.0,CHI,Oreothlypis,peregrina,Parulidae,2515,Yes,Edge,Upper
2016-10-11,5.0,CHI,Seiurus,aurocapilla,Parulidae,4580,Yes,Forest,Lower
2016-10-11,5.0,CHI,dumetella,carolinensis,Mimidae,599,no,edge,Lower
2016-10-11,5.0,CHI,Setophaga,coronata,Parulidae,887,yes,forest,Upper
2016-10-12,10.0,CHI,Zonotrichia,albicollis,Passerellidae,10133,Yes,Forest,Lower
2016-10-12,10.0,CHI,Seiurus,aurocapilla,Parulidae,4580,Yes,Forest,Lower
2016-10-12,10.0,MP,Catharus,minimus,Turdidae,822,Yes,Forest,Lower
2016-10-13,15.0,CHI,Catharus,guttatus,Turdidae,3729,Yes,Forest,Lower
2016-10-13,15.0,CHI,Catharus,guttatus,Turdidae,3729,Yes,Forest,Lower
2016-10-13,15.0,CHI,Catharus,guttatus,Turdidae,3729,Yes,Forest,Lower
2016-10-13,15.0,CHI,Catharus,guttatus,Turdidae,3729,Yes,Forest,Lower
2016-10-13,15.0,CHI,Catharus,guttatus,Turdidae,3729,Yes,Forest,Lower
2016-10-13,15.0,CHI,Catharus,guttatus,Turdidae,3729,Yes,Forest,Lower
2016-10-13,15.0,CHI,Regulus,satrapa,Regulidae,1029,Yes,Forest,Upper
2016-10-13,15.0,CHI,Catharus,guttatus,Turdidae,3729,Yes,Forest,Lower
2016-10-13,15.0,CHI,Setophaga,coronata,Parulidae,887,yes,forest,Upper
2016-10-13,15.0,CHI,Setophaga,coronata,Parulidae,887,yes,forest,Upper
2016-10-13,15.0,CHI,Junco,hyemalis,Passerellidae,6303,Yes,Edge,Lower
2016-10-13,15.0,CHI,Junco,hyemalis,Passerellidae,6303,Yes,Edge,Lower
2016-10-13,15.0,CHI,Junco,hyemalis,Passerellidae,6303,Yes,Edge,Lower
2016-10-13,15.0,CHI,Junco,hyemalis,Passerellidae,6303,Yes,Edge,Lower
2016-10-13,15.0,CHI,Junco,hyemalis,Passerellidae,6303,Yes,Edge,Lower
2016-10-13,15.0,CHI,Junco,hyemalis,Passerellidae,6303,Yes,Edge,Lower
2016-10-13,15.0,CHI,Catharus,guttatus,Turdidae,3729,Yes,Forest,Lower
2016-10-13,15.0,CHI,Junco,hyemalis,Passerellidae,6303,Yes,Edge,Lower
2016-10-13,15.0,CHI,Junco,hyemalis,Passerellidae,6303,Yes,Edge,Lower
2016-10-13,15.0,CHI,Junco,hyemalis,Passerellidae,6303,Yes,Edge,Lower
2016-10-13,15.0,CHI,Seiurus,aurocapilla,Parulidae,4580,Yes,Forest,Lower
2016-10-13,15.0,CHI,Regulus,satrapa,Regulidae,1029,Yes,Forest,Upper
2016-10-13,15.0,CHI,Regulus,satrapa,Regulidae,1029,Yes,Forest,Upper
2016-10-13,15.0,CHI,Regulus,satrapa,Regulidae,1029,Yes,Forest,Upper
2016-10-13,15.0,CHI,Regulus,satrapa,Regulidae,1029,Yes,Forest,Upper
2016-10-13,15.0,CHI,Regulus,satrapa,Regulidae,1029,Yes,Forest,Upper
2016-10-13,15.0,CHI,Zonotrichia,leucophrys,Passerellidae,1090,Yes,Edge,Lower
2016-10-13,15.0,CHI,Mniotilta,varia,Parulidae,620,Yes,Forest,Upper
2016-10-13,15.0,CHI,Catharus,guttatus,Turdidae,3729,Yes,Forest,Lower
2016-10-13,15.0,CHI,Junco,hyemalis,Passerellidae,6303,Yes,Edge,Lower
2016-10-13,15.0,CHI,Zonotrichia,albicollis,Passerellidae,10133,Yes,Forest,Lower
2016-10-13,15.0,CHI,Zonotrichia,albicollis,Passerellidae,10133,Yes,Forest,Lower
2016-10-13,15.0,CHI,Passerella,iliaca,Passerellidae,2443,Yes,Edge,Lower
2016-10-13,15.0,CHI,Passerella,iliaca,Passerellidae,2443,Yes,Edge,Lower
2016-10-13,15.0,CHI,Passerella,iliaca,Passerellidae,2443,Yes,Edge,Lower
2016-10-13,15.0,CHI,Zonotrichia,albicollis,Passerellidae,10133,Yes,Forest,Lower
2016-10-14,15.0,CHI,Spizella,pallida,Passerellidae,50,Yes,Open,Lower
2016-10-14,15.0,CHI,Zonotrichia,leucophrys,Passerellidae,1090,Yes,Edge,Lower
2016-10-14,15.0,CHI,Catharus,guttatus,Turdidae,3729,Yes,Forest,Lower
2016-10-14,15.0,CHI,Catharus,guttatus,Turdidae,3729,Yes,Forest,Lower
2016-10-14,15.0,CHI,Catharus,guttatus,Turdidae,3729,Yes,Forest,Lower
2016-10-14,15.0,CHI,Passerella,iliaca,Passerellidae,2443,Yes,Edge,Lower
2016-10-14,15.0,CHI,Junco,hyemalis,Passerellidae,6303,Yes,Edge,Lower
2016-10-14,15.0,CHI,Regulus,satrapa,Regulidae,1029,Yes,Forest,Upper
2016-10-14,15.0,CHI,Regulus,satrapa,Regulidae,1029,Yes,Forest,Upper
2016-10-14,15.0,CHI,Regulus,satrapa,Regulidae,1029,Yes,Forest,Upper
2016-10-14,15.0,CHI,Oreothlypis,ruficapilla,Parulidae,1690,Yes,Forest,Upper
2016-10-14,15.0,CHI,Junco,hyemalis,Passerellidae,6303,Yes,Edge,Lower
2016-10-15,14.0,CHI,Zonotrichia,albicollis,Passerellidae,10133,Yes,Forest,Lower
2016-10-15,14.0,CHI,Zonotrichia,albicollis,Passerellidae,10133,Yes,Forest,Lower
2016-10-15,14.0,CHI,dumetella,carolinensis,Mimidae,599,no,edge,Lower
2016-10-15,14.0,CHI,Oreothlypis,peregrina,Parulidae,2515,Yes,Edge,Upper
2016-10-15,14.0,CHI,Oreothlypis,peregrina,Parulidae,2515,Yes,Edge,Upper
2016-10-15,14.0,CHI,Catharus,guttatus,Turdidae,3729,Yes,Forest,Lower
2016-10-15,14.0,MP,Spizella,passerina,Passerellidae,68,Yes,Edge,Lower
2016-10-15,14.0,CHI,Zonotrichia,albicollis,Passerellidae,10133,Yes,Forest,Lower
2016-10-15,14.0,CHI,Zonotrichia,albicollis,Passerellidae,10133,Yes,Forest,Lower
2016-10-15,14.0,CHI,Zonotrichia,albicollis,Passerellidae,10133,Yes,Forest,Lower
2016-10-15,14.0,CHI,Junco,hyemalis,Passerellidae,6303,Yes,Edge,Lower
2016-10-17,14.0,CHI,Sitta,canadensis,Sittidae,260,Yes,Forest,Upper
2016-10-18,10.0,CHI,Zonotrichia,albicollis,Passerellidae,10133,Yes,Forest,Lower
2016-10-18,10.0,CHI,Zonotrichia,albicollis,Passerellidae,10133,Yes,Forest,Lower
2016-10-18,10.0,CHI,Oreothlypis,peregrina,Parulidae,2515,Yes,Edge,Upper
2016-10-18,10.0,CHI,Junco,hyemalis,Passerellidae,6303,Yes,Edge,Lower
2016-10-18,10.0,CHI,troglodytes,hiemalis,Troglodytidae,474,No,Forest,Lower
2016-10-18,10.0,CHI,Catharus,guttatus,Turdidae,3729,Yes,Forest,Lower
2016-10-18,10.0,CHI,Passerella,iliaca,Passerellidae,2443,Yes,Edge,Lower
2016-10-18,10.0,CHI,Regulus,satrapa,Regulidae,1029,Yes,Forest,Upper
2016-10-18,10.0,CHI,Catharus,guttatus,Turdidae,3729,Yes,Forest,Lower
2016-10-19,10.0,CHI,Junco,hyemalis,Passerellidae,6303,Yes,Edge,Lower
2016-10-19,10.0,CHI,Junco,hyemalis,Passerellidae,6303,Yes,Edge,Lower
2016-10-19,10.0,CHI,Junco,hyemalis,Passerellidae,6303,Yes,Edge,Lower
2016-10-19,10.0,CHI,Junco,hyemalis,Passerellidae,6303,Yes,Edge,Lower
2016-10-19,10.0,CHI,Catharus,guttatus,Turdidae,3729,Yes,Forest,Lower
2016-10-19,10.0,CHI,Catharus,guttatus,Turdidae,3729,Yes,Forest,Lower
2016-10-19,10.0,CHI,Junco,hyemalis,Passerellidae,6303,Yes,Edge,Lower
2016-10-19,10.0,CHI,Junco,hyemalis,Passerellidae,6303,Yes,Edge,Lower
2016-10-19,10.0,CHI,Junco,hyemalis,Passerellidae,6303,Yes,Edge,Lower
2016-10-19,10.0,CHI,Junco,hyemalis,Passerellidae,6303,Yes,Edge,Lower
2016-10-19,10.0,CHI,Junco,hyemalis,Passerellidae,6303,Yes,Edge,Lower
2016-10-19,10.0,CHI,Junco,hyemalis,Passerellidae,6303,Yes,Edge,Lower
2016-10-19,10.0,CHI,Junco,hyemalis,Passerellidae,6303,Yes,Edge,Lower
2016-10-19,10.0,CHI,Junco,hyemalis,Passerellidae,6303,Yes,Edge,Lower
2016-10-19,10.0,CHI,Junco,hyemalis,Passerellidae,6303,Yes,Edge,Lower
2016-10-19,10.0,CHI,Junco,hyemalis,Passerellidae,6303,Yes,Edge,Lower
2016-10-19,10.0,CHI,Junco,hyemalis,Passerellidae,6303,Yes,Edge,Lower
2016-10-19,10.0,CHI,Junco,hyemalis,Passerellidae,6303,Yes,Edge,Lower
2016-10-19,10.0,CHI,Catharus,guttatus,Turdidae,3729,Yes,Forest,Lower
2016-10-19,10.0,CHI,Catharus,guttatus,Turdidae,3729,Yes,Forest,Lower
2016-10-19,10.0,CHI,Junco,hyemalis,Passerellidae,6303,Yes,Edge,Lower
2016-10-19,10.0,CHI,Catharus,guttatus,Turdidae,3729,Yes,Forest,Lower
2016-10-19,10.0,CHI,Junco,hyemalis,Passerellidae,6303,Yes,Edge,Lower
2016-10-19,10.0,CHI,Junco,hyemalis,Passerellidae,6303,Yes,Edge,Lower
2016-10-19,10.0,CHI,Junco,hyemalis,Passerellidae,6303,Yes,Edge,Lower
2016-10-19,10.0,CHI,troglodytes,hiemalis,Troglodytidae,474,No,Forest,Lower
2016-10-19,10.0,CHI,Junco,hyemalis,Passerellidae,6303,Yes,Edge,Lower
2016-10-19,10.0,CHI,Junco,hyemalis,Passerellidae,6303,Yes,Edge,Lower
2016-10-19,10.0,CHI,Junco,hyemalis,Passerellidae,6303,Yes,Edge,Lower
2016-10-19,10.0,CHI,Passerella,iliaca,Passerellidae,2443,Yes,Edge,Lower
2016-10-19,10.0,CHI,Junco,hyemalis,Passerellidae,6303,Yes,Edge,Lower
2016-10-19,10.0,CHI,Passerella,iliaca,Passerellidae,2443,Yes,Edge,Lower
2016-10-19,10.0,CHI,Passerella,iliaca,Passerellidae,2443,Yes,Edge,Lower
2016-10-19,10.0,CHI,Catharus,guttatus,Turdidae,3729,Yes,Forest,Lower
2016-10-19,10.0,CHI,Zonotrichia,leucophrys,Passerellidae,1090,Yes,Edge,Lower
2016-10-19,10.0,CHI,cistothorus,palustris,Troglodytidae,91,No,Open,Lower
2016-10-19,10.0,CHI,Zonotrichia,albicollis,Passerellidae,10133,Yes,Forest,Lower
2016-10-19,10.0,CHI,Zonotrichia,albicollis,Passerellidae,10133,Yes,Forest,Lower
2016-10-19,10.0,CHI,Zonotrichia,albicollis,Passerellidae,10133,Yes,Forest,Lower
2016-10-19,10.0,CHI,Zonotrichia,albicollis,Passerellidae,10133,Yes,Forest,Lower
2016-10-19,10.0,CHI,Zonotrichia,albicollis,Passerellidae,10133,Yes,Forest,Lower
2016-10-19,10.0,CHI,Zonotrichia,albicollis,Passerellidae,10133,Yes,Forest,Lower
2016-10-19,10.0,CHI,Zonotrichia,albicollis,Passerellidae,10133,Yes,Forest,Lower
2016-10-19,10.0,CHI,Zonotrichia,albicollis,Passerellidae,10133,Yes,Forest,Lower
2016-10-19,10.0,CHI,Zonotrichia,albicollis,Passerellidae,10133,Yes,Forest,Lower
2016-10-19,10.0,CHI,Junco,hyemalis,Passerellidae,6303,Yes,Edge,Lower
2016-10-19,10.0,CHI,Zonotrichia,albicollis,Passerellidae,10133,Yes,Forest,Lower
2016-10-19,10.0,CHI,Zonotrichia,albicollis,Passerellidae,10133,Yes,Forest,Lower
2016-10-19,10.0,CHI,Zonotrichia,albicollis,Passerellidae,10133,Yes,Forest,Lower
2016-10-19,10.0,CHI,Zonotrichia,albicollis,Passerellidae,10133,Yes,Forest,Lower
2016-10-19,10.0,CHI,Zonotrichia,albicollis,Passerellidae,10133,Yes,Forest,Lower
2016-10-19,10.0,MP,Zonotrichia,albicollis,Passerellidae,10133,Yes,Forest,Lower
2016-10-19,10.0,CHI,Melospiza,lincolnii,Passerellidae,2029,yes,edge,Lower
2016-10-19,10.0,CHI,Melospiza,melodia,Passerellidae,5124,Yes,Edge,Lower
2016-10-19,10.0,CHI,Melospiza,melodia,Passerellidae,5124,Yes,Edge,Lower
2016-10-19,10.0,MP,Junco,hyemalis,Passerellidae,6303,Yes,Edge,Lower
2016-10-19,10.0,CHI,Junco,hyemalis,Passerellidae,6303,Yes,Edge,Lower
2016-10-19,10.0,CHI,Junco,hyemalis,Passerellidae,6303,Yes,Edge,Lower
2016-10-19,10.0,CHI,Junco,hyemalis,Passerellidae,6303,Yes,Edge,Lower
2016-10-19,10.0,CHI,Junco,hyemalis,Passerellidae,6303,Yes,Edge,Lower
2016-10-19,10.0,CHI,Junco,hyemalis,Passerellidae,6303,Yes,Edge,Lower
2016-10-19,10.0,CHI,Zonotrichia,albicollis,Passerellidae,10133,Yes,Forest,Lower
2016-10-19,10.0,CHI,Catharus,guttatus,Turdidae,3729,Yes,Forest,Lower
2016-10-19,10.0,CHI,Junco,hyemalis,Passerellidae,6303,Yes,Edge,Lower
2016-10-19,10.0,CHI,Catharus,guttatus,Turdidae,3729,Yes,Forest,Lower
2016-10-19,10.0,CHI,Regulus,satrapa,Regulidae,1029,Yes,Forest,Upper
2016-10-19,10.0,CHI,Regulus,satrapa,Regulidae,1029,Yes,Forest,Upper
2016-10-19,10.0,CHI,Regulus,satrapa,Regulidae,1029,Yes,Forest,Upper
2016-10-19,10.0,CHI,Regulus,satrapa,Regulidae,1029,Yes,Forest,Upper
2016-10-19,10.0,CHI,Regulus,satrapa,Regulidae,1029,Yes,Forest,Upper
2016-10-19,10.0,CHI,Regulus,satrapa,Regulidae,1029,Yes,Forest,Upper
2016-10-19,10.0,CHI,Regulus,satrapa,Regulidae,1029,Yes,Forest,Upper
2016-10-19,10.0,CHI,Regulus,satrapa,Regulidae,1029,Yes,Forest,Upper
2016-10-19,10.0,CHI,Regulus,calendula,Regulidae,416,No,Forest,Upper
2016-10-19,10.0,CHI,Regulus,satrapa,Regulidae,1029,Yes,Forest,Upper
2016-10-19,10.0,CHI,Regulus,satrapa,Regulidae,1029,Yes,Forest,Upper
2016-10-19,10.0,CHI,Regulus,satrapa,Regulidae,1029,Yes,Forest,Upper
2016-10-19,10.0,CHI,Regulus,satrapa,Regulidae,1029,Yes,Forest,Upper
2016-10-19,10.0,CHI,Regulus,satrapa,Regulidae,1029,Yes,Forest,Upper
2016-10-19,10.0,CHI,Regulus,satrapa,Regulidae,1029,Yes,Forest,Upper
2016-10-19,10.0,CHI,Regulus,satrapa,Regulidae,1029,Yes,Forest,Upper
2016-10-19,10.0,CHI,Regulus,satrapa,Regulidae,1029,Yes,Forest,Upper
2016-10-19,10.0,CHI,Catharus,guttatus,Turdidae,3729,Yes,Forest,Lower
2016-10-19,10.0,CHI,Regulus,satrapa,Regulidae,1029,Yes,Forest,Upper
2016-10-19,10.0,MP,Catharus,guttatus,Turdidae,3729,Yes,Forest,Lower
2016-10-19,10.0,CHI,Regulus,satrapa,Regulidae,1029,Yes,Forest,Upper
2016-10-19,10.0,MP,Catharus,guttatus,Turdidae,3729,Yes,Forest,Lower
2016-10-19,10.0,CHI,Catharus,guttatus,Turdidae,3729,Yes,Forest,Lower
2016-10-19,10.0,MP,Catharus,guttatus,Turdidae,3729,Yes,Forest,Lower
2016-10-19,10.0,CHI,Catharus,guttatus,Turdidae,3729,Yes,Forest,Lower
2016-10-19,10.0,CHI,Sitta,canadensis,Sittidae,260,Yes,Forest,Upper
2016-10-19,10.0,CHI,Sitta,canadensis,Sittidae,260,Yes,Forest,Upper
2016-10-19,10.0,CHI,Catharus,guttatus,Turdidae,3729,Yes,Forest,Lower
2016-10-19,10.0,CHI,Catharus,guttatus,Turdidae,3729,Yes,Forest,Lower
2016-10-19,10.0,CHI,Catharus,guttatus,Turdidae,3729,Yes,Forest,Lower
2016-10-19,10.0,CHI,Catharus,guttatus,Turdidae,3729,Yes,Forest,Lower
2016-10-19,10.0,CHI,Catharus,guttatus,Turdidae,3729,Yes,Forest,Lower
2016-10-19,10.0,CHI,Catharus,guttatus,Turdidae,3729,Yes,Forest,Lower
2016-10-19,10.0,CHI,Catharus,guttatus,Turdidae,3729,Yes,Forest,Lower
2016-10-19,10.0,CHI,Catharus,guttatus,Turdidae,3729,Yes,Forest,Lower
2016-10-19,10.0,MP,Catharus,guttatus,Turdidae,3729,Yes,Forest,Lower
2016-10-19,10.0,CHI,troglodytes,hiemalis,Troglodytidae,474,No,Forest,Lower
2016-10-20,9.0,CHI,Regulus,satrapa,Regulidae,1029,Yes,Forest,Upper
2016-10-20,9.0,CHI,Regulus,calendula,Regulidae,416,No,Forest,Upper
2016-10-20,9.0,CHI,Zonotrichia,albicollis,Passerellidae,10133,Yes,Forest,Lower
2016-10-20,9.0,CHI,Zonotrichia,albicollis,Passerellidae,10133,Yes,Forest,Lower
2016-10-20,9.0,CHI,Regulus,satrapa,Regulidae,1029,Yes,Forest,Upper
2016-10-20,9.0,CHI,Melospiza,lincolnii,Passerellidae,2029,yes,edge,Lower
2016-10-20,9.0,CHI,Regulus,satrapa,Regulidae,1029,Yes,Forest,Upper
2016-10-20,9.0,CHI,Regulus,satrapa,Regulidae,1029,Yes,Forest,Upper
2016-10-20,9.0,CHI,Junco,hyemalis,Passerellidae,6303,Yes,Edge,Lower
2016-10-20,9.0,CHI,Junco,hyemalis,Passerellidae,6303,Yes,Edge,Lower
2016-10-20,9.0,CHI,Catharus,guttatus,Turdidae,3729,Yes,Forest,Lower
2016-10-20,9.0,CHI,Regulus,satrapa,Regulidae,1029,Yes,Forest,Upper
2016-10-20,9.0,CHI,Catharus,guttatus,Turdidae,3729,Yes,Forest,Lower
2016-10-20,9.0,CHI,Catharus,guttatus,Turdidae,3729,Yes,Forest,Lower
2016-10-20,9.0,CHI,Passerella,iliaca,Passerellidae,2443,Yes,Edge,Lower
2016-10-20,9.0,CHI,Junco,hyemalis,Passerellidae,6303,Yes,Edge,Lower
2016-10-20,9.0,CHI,Junco,hyemalis,Passerellidae,6303,Yes,Edge,Lower
2016-10-20,9.0,CHI,Setophaga,caerulescens,Parulidae,183,Yes,Forest,Upper
2016-10-20,9.0,CHI,Junco,hyemalis,Passerellidae,6303,Yes,Edge,Lower
2016-10-20,9.0,CHI,Sitta,canadensis,Sittidae,260,Yes,Forest,Upper
2016-10-21,10.0,CHI,Catharus,guttatus,Turdidae,3729,Yes,Forest,Lower
2016-10-21,10.0,CHI,Regulus,satrapa,Regulidae,1029,Yes,Forest,Upper
2016-10-21,10.0,CHI,Regulus,satrapa,Regulidae,1029,Yes,Forest,Upper
2016-10-21,10.0,CHI,Catharus,guttatus,Turdidae,3729,Yes,Forest,Lower
2016-10-21,10.0,CHI,Regulus,satrapa,Regulidae,1029,Yes,Forest,Upper
2016-10-21,10.0,CHI,Regulus,satrapa,Regulidae,1029,Yes,Forest,Upper
2016-10-21,10.0,CHI,Regulus,satrapa,Regulidae,1029,Yes,Forest,Upper
2016-10-21,10.0,CHI,Regulus,satrapa,Regulidae,1029,Yes,Forest,Upper
2016-10-21,10.0,CHI,Regulus,satrapa,Regulidae,1029,Yes,Forest,Upper
2016-10-21,10.0,CHI,Regulus,satrapa,Regulidae,1029,Yes,Forest,Upper
2016-10-21,10.0,CHI,Regulus,satrapa,Regulidae,1029,Yes,Forest,Upper
2016-10-21,10.0,CHI,Regulus,satrapa,Regulidae,1029,Yes,Forest,Upper
2016-10-21,10.0,CHI,Regulus,satrapa,Regulidae,1029,Yes,Forest,Upper
2016-10-21,10.0,CHI,Regulus,satrapa,Regulidae,1029,Yes,Forest,Upper
2016-10-21,10.0,CHI,Regulus,satrapa,Regulidae,1029,Yes,Forest,Upper
2016-10-21,10.0,CHI,Regulus,satrapa,Regulidae,1029,Yes,Forest,Upper
2016-10-21,10.0,CHI,Regulus,satrapa,Regulidae,1029,Yes,Forest,Upper
2016-10-21,10.0,CHI,Regulus,satrapa,Regulidae,1029,Yes,Forest,Upper
2016-10-21,10.0,CHI,Regulus,satrapa,Regulidae,1029,Yes,Forest,Upper
2016-10-21,10.0,CHI,Catharus,guttatus,Turdidae,3729,Yes,Forest,Lower
2016-10-21,10.0,CHI,Catharus,guttatus,Turdidae,3729,Yes,Forest,Lower
2016-10-21,10.0,CHI,Regulus,satrapa,Regulidae,1029,Yes,Forest,Upper
2016-10-21,10.0,CHI,Regulus,satrapa,Regulidae,1029,Yes,Forest,Upper
2016-10-21,10.0,CHI,Zonotrichia,albicollis,Passerellidae,10133,Yes,Forest,Lower
2016-10-21,10.0,CHI,Passerella,iliaca,Passerellidae,2443,Yes,Edge,Lower
2016-10-21,10.0,CHI,Oreothlypis,celata,Parulidae,227,Yes,Edge,Lower
2016-10-21,10.0,CHI,Oreothlypis,celata,Parulidae,227,Yes,Edge,Lower
2016-10-21,10.0,CHI,Zonotrichia,leucophrys,Passerellidae,1090,Yes,Edge,Lower
2016-10-21,10.0,CHI,Zonotrichia,leucophrys,Passerellidae,1090,Yes,Edge,Lower
2016-10-21,10.0,CHI,Zonotrichia,leucophrys,Passerellidae,1090,Yes,Edge,Lower
2016-10-21,10.0,CHI,Passerella,iliaca,Passerellidae,2443,Yes,Edge,Lower
2016-10-21,10.0,CHI,Junco,hyemalis,Passerellidae,6303,Yes,Edge,Lower
2016-10-21,10.0,CHI,Junco,hyemalis,Passerellidae,6303,Yes,Edge,Lower
2016-10-21,10.0,CHI,Junco,hyemalis,Passerellidae,6303,Yes,Edge,Lower
2016-10-21,10.0,CHI,Setophaga,coronata,Parulidae,887,yes,forest,Upper
2016-10-21,10.0,CHI,Regulus,satrapa,Regulidae,1029,Yes,Forest,Upper
2016-10-21,10.0,CHI,Regulus,satrapa,Regulidae,1029,Yes,Forest,Upper
2016-10-21,10.0,CHI,Zonotrichia,albicollis,Passerellidae,10133,Yes,Forest,Lower
2016-10-21,10.0,CHI,Passerella,iliaca,Passerellidae,2443,Yes,Edge,Lower
2016-10-21,10.0,CHI,Zonotrichia,albicollis,Passerellidae,10133,Yes,Forest,Lower
2016-10-22,7.0,CHI,Zonotrichia,albicollis,Passerellidae,10133,Yes,Forest,Lower
2016-10-22,7.0,MP,Junco,hyemalis,Passerellidae,6303,Yes,Edge,Lower
2016-10-22,7.0,MP,Junco,hyemalis,Passerellidae,6303,Yes,Edge,Lower
2016-10-22,7.0,CHI,Junco,hyemalis,Passerellidae,6303,Yes,Edge,Lower
2016-10-22,7.0,CHI,Junco,hyemalis,Passerellidae,6303,Yes,Edge,Lower
2016-10-22,7.0,MP,Spizelloides,arborea,Passerellidae,1262,Yes,Edge,Lower
2016-10-22,7.0,CHI,Oreothlypis,ruficapilla,Parulidae,1690,Yes,Forest,Upper
2016-10-22,7.0,CHI,Seiurus,aurocapilla,Parulidae,4580,Yes,Forest,Lower
2016-10-22,7.0,CHI,Passerella,iliaca,Passerellidae,2443,Yes,Edge,Lower
2016-10-22,7.0,CHI,Regulus,calendula,Regulidae,416,No,Forest,Upper
2016-10-22,7.0,MP,Zonotrichia,albicollis,Passerellidae,10133,Yes,Forest,Lower
2016-10-22,7.0,CHI,Catharus,guttatus,Turdidae,3729,Yes,Forest,Lower
2016-10-22,7.0,CHI,Regulus,satrapa,Regulidae,1029,Yes,Forest,Upper
2016-10-22,7.0,CHI,Regulus,satrapa,Regulidae,1029,Yes,Forest,Upper
2016-10-22,7.0,CHI,Regulus,satrapa,Regulidae,1029,Yes,Forest,Upper
2016-10-22,7.0,CHI,Regulus,satrapa,Regulidae,1029,Yes,Forest,Upper
2016-10-22,7.0,CHI,Regulus,satrapa,Regulidae,1029,Yes,Forest,Upper
2016-10-22,7.0,CHI,Catharus,guttatus,Turdidae,3729,Yes,Forest,Lower
2016-10-22,7.0,CHI,Regulus,satrapa,Regulidae,1029,Yes,Forest,Upper
2016-10-22,7.0,CHI,Passerella,iliaca,Passerellidae,2443,Yes,Edge,Lower
2016-10-23,10.0,CHI,Zonotrichia,leucophrys,Passerellidae,1090,Yes,Edge,Lower
2016-10-23,10.0,CHI,Setophaga,coronata,Parulidae,887,yes,forest,Upper
2016-10-23,10.0,CHI,Junco,hyemalis,Passerellidae,6303,Yes,Edge,Lower
2016-10-23,10.0,CHI,Sitta,canadensis,Sittidae,260,Yes,Forest,Upper
2016-10-23,10.0,CHI,Passerella,iliaca,Passerellidae,2443,Yes,Edge,Lower
2016-10-23,10.0,CHI,Junco,hyemalis,Passerellidae,6303,Yes,Edge,Lower
2016-10-23,10.0,CHI,Junco,hyemalis,Passerellidae,6303,Yes,Edge,Lower
2016-10-23,10.0,CHI,Junco,hyemalis,Passerellidae,6303,Yes,Edge,Lower
2016-10-23,10.0,CHI,Melospiza,lincolnii,Passerellidae,2029,yes,edge,Lower
2016-10-23,10.0,CHI,Oreothlypis,celata,Parulidae,227,Yes,Edge,Lower
2016-10-23,10.0,CHI,Regulus,satrapa,Regulidae,1029,Yes,Forest,Upper
2016-10-23,10.0,CHI,Catharus,guttatus,Turdidae,3729,Yes,Forest,Lower
2016-10-23,10.0,CHI,Regulus,satrapa,Regulidae,1029,Yes,Forest,Upper
2016-10-23,10.0,CHI,Regulus,satrapa,Regulidae,1029,Yes,Forest,Upper
2016-10-23,10.0,CHI,Catharus,guttatus,Turdidae,3729,Yes,Forest,Lower
2016-10-24,10.0,CHI,Catharus,guttatus,Turdidae,3729,Yes,Forest,Lower
2016-10-24,10.0,CHI,Junco,hyemalis,Passerellidae,6303,Yes,Edge,Lower
2016-10-24,10.0,CHI,Junco,hyemalis,Passerellidae,6303,Yes,Edge,Lower
2016-10-24,10.0,CHI,Junco,hyemalis,Passerellidae,6303,Yes,Edge,Lower
2016-10-24,10.0,CHI,Junco,hyemalis,Passerellidae,6303,Yes,Edge,Lower
2016-10-24,10.0,CHI,Catharus,guttatus,Turdidae,3729,Yes,Forest,Lower
2016-10-24,10.0,CHI,Catharus,guttatus,Turdidae,3729,Yes,Forest,Lower
2016-10-24,10.0,CHI,Catharus,guttatus,Turdidae,3729,Yes,Forest,Lower
2016-10-24,10.0,CHI,Regulus,satrapa,Regulidae,1029,Yes,Forest,Upper
2016-10-24,10.0,CHI,Regulus,calendula,Regulidae,416,No,Forest,Upper
2016-10-24,10.0,CHI,Regulus,satrapa,Regulidae,1029,Yes,Forest,Upper
2016-10-24,10.0,CHI,Junco,hyemalis,Passerellidae,6303,Yes,Edge,Lower
2016-10-24,10.0,CHI,Spizelloides,arborea,Passerellidae,1262,Yes,Edge,Lower
2016-10-24,10.0,CHI,Sitta,canadensis,Sittidae,260,Yes,Forest,Upper
2016-10-24,10.0,CHI,Zonotrichia,albicollis,Passerellidae,10133,Yes,Forest,Lower
2016-10-24,10.0,CHI,Sitta,canadensis,Sittidae,260,Yes,Forest,Upper
2016-10-24,10.0,CHI,Zonotrichia,albicollis,Passerellidae,10133,Yes,Forest,Lower
2016-10-24,10.0,CHI,Zonotrichia,albicollis,Passerellidae,10133,Yes,Forest,Lower
2016-10-24,10.0,CHI,Zonotrichia,albicollis,Passerellidae,10133,Yes,Forest,Lower
2016-10-25,9.0,CHI,Junco,hyemalis,Passerellidae,6303,Yes,Edge,Lower
2016-10-25,9.0,CHI,Junco,hyemalis,Passerellidae,6303,Yes,Edge,Lower
2016-10-25,9.0,CHI,Passerella,iliaca,Passerellidae,2443,Yes,Edge,Lower
2016-10-25,9.0,CHI,Passerella,iliaca,Passerellidae,2443,Yes,Edge,Lower
2016-10-25,9.0,CHI,Passerella,iliaca,Passerellidae,2443,Yes,Edge,Lower
2016-10-25,9.0,CHI,Junco,hyemalis,Passerellidae,6303,Yes,Edge,Lower
2016-10-25,9.0,CHI,Junco,hyemalis,Passerellidae,6303,Yes,Edge,Lower
2016-10-25,9.0,CHI,Junco,hyemalis,Passerellidae,6303,Yes,Edge,Lower
2016-10-25,9.0,CHI,Junco,hyemalis,Passerellidae,6303,Yes,Edge,Lower
2016-10-25,9.0,CHI,Passerella,iliaca,Passerellidae,2443,Yes,Edge,Lower
2016-10-25,9.0,CHI,Passerella,iliaca,Passerellidae,2443,Yes,Edge,Lower
2016-10-25,9.0,CHI,Regulus,satrapa,Regulidae,1029,Yes,Forest,Upper
2016-10-25,9.0,CHI,Junco,hyemalis,Passerellidae,6303,Yes,Edge,Lower
2016-10-25,9.0,CHI,Zonotrichia,albicollis,Passerellidae,10133,Yes,Forest,Lower
2016-10-25,9.0,CHI,Catharus,guttatus,Turdidae,3729,Yes,Forest,Lower
2016-10-25,9.0,CHI,troglodytes,hiemalis,Troglodytidae,474,No,Forest,Lower
2016-10-25,9.0,CHI,Regulus,satrapa,Regulidae,1029,Yes,Forest,Upper
2016-10-25,9.0,CHI,Junco,hyemalis,Passerellidae,6303,Yes,Edge,Lower
2016-10-26,9.0,CHI,Passerella,iliaca,Passerellidae,2443,Yes,Edge,Lower
2016-10-26,9.0,CHI,Catharus,guttatus,Turdidae,3729,Yes,Forest,Lower
2016-10-26,9.0,CHI,Junco,hyemalis,Passerellidae,6303,Yes,Edge,Lower
2016-10-26,9.0,CHI,Junco,hyemalis,Passerellidae,6303,Yes,Edge,Lower
2016-10-26,9.0,CHI,Melospiza,lincolnii,Passerellidae,2029,yes,edge,Lower
2016-10-26,9.0,CHI,troglodytes,hiemalis,Troglodytidae,474,No,Forest,Lower
2016-10-26,9.0,CHI,Catharus,guttatus,Turdidae,3729,Yes,Forest,Lower
2016-10-27,6.0,CHI,Zonotrichia,albicollis,Passerellidae,10133,Yes,Forest,Lower
2016-10-27,6.0,CHI,Catharus,guttatus,Turdidae,3729,Yes,Forest,Lower
2016-10-27,6.0,CHI,Catharus,guttatus,Turdidae,3729,Yes,Forest,Lower
2016-10-27,6.0,CHI,Regulus,calendula,Regulidae,416,No,Forest,Upper
2016-10-28,15.0,CHI,Setophaga,palmarum,Parulidae,694,Yes,Edge,Lower
2016-10-28,15.0,CHI,Regulus,satrapa,Regulidae,1029,Yes,Forest,Upper
2016-10-28,15.0,CHI,Parkesia,noveboracensis,Parulidae,916,Yes,Forest,Lower
2016-10-28,15.0,MP,Junco,hyemalis,Passerellidae,6303,Yes,Edge,Lower
2016-10-29,6.0,MP,Junco,hyemalis,Passerellidae,6303,Yes,Edge,Lower
2016-10-29,6.0,MP,Zonotrichia,leucophrys,Passerellidae,1090,Yes,Edge,Lower
2016-10-29,6.0,CHI,catharus,ustulatus,Turdidae,2331,Yes,Forest,Lower
2016-10-29,6.0,CHI,Regulus,calendula,Regulidae,416,No,Forest,Upper
2016-10-29,6.0,MP,Zonotrichia,leucophrys,Passerellidae,1090,Yes,Edge,Lower
2016-10-30,3.0,CHI,Passerella,iliaca,Passerellidae,2443,Yes,Edge,Lower
2016-10-30,3.0,CHI,Passerella,iliaca,Passerellidae,2443,Yes,Edge,Lower
2016-10-30,3.0,CHI,Regulus,satrapa,Regulidae,1029,Yes,Forest,Upper
2016-10-30,3.0,CHI,Melospiza,melodia,Passerellidae,5124,Yes,Edge,Lower
2016-10-30,3.0,CHI,Zonotrichia,albicollis,Passerellidae,10133,Yes,Forest,Lower
2016-10-30,3.0,CHI,Passerella,iliaca,Passerellidae,2443,Yes,Edge,Lower
2016-10-30,3.0,CHI,Catharus,guttatus,Turdidae,3729,Yes,Forest,Lower
2016-10-30,3.0,CHI,Catharus,guttatus,Turdidae,3729,Yes,Forest,Lower
2016-10-30,3.0,CHI,Regulus,satrapa,Regulidae,1029,Yes,Forest,Upper
2016-10-30,3.0,CHI,Regulus,satrapa,Regulidae,1029,Yes,Forest,Upper
2016-10-30,3.0,CHI,Regulus,satrapa,Regulidae,1029,Yes,Forest,Upper
2016-10-30,3.0,CHI,Catharus,guttatus,Turdidae,3729,Yes,Forest,Lower
2016-10-30,3.0,CHI,Zonotrichia,albicollis,Passerellidae,10133,Yes,Forest,Lower
2016-10-30,3.0,CHI,Junco,hyemalis,Passerellidae,6303,Yes,Edge,Lower
2016-10-30,3.0,CHI,Junco,hyemalis,Passerellidae,6303,Yes,Edge,Lower
2016-10-30,3.0,CHI,Zonotrichia,albicollis,Passerellidae,10133,Yes,Forest,Lower
2016-10-30,3.0,CHI,Zonotrichia,albicollis,Passerellidae,10133,Yes,Forest,Lower
2016-10-30,3.0,CHI,Zonotrichia,albicollis,Passerellidae,10133,Yes,Forest,Lower
2016-10-30,3.0,CHI,Junco,hyemalis,Passerellidae,6303,Yes,Edge,Lower
2016-10-30,3.0,CHI,Junco,hyemalis,Passerellidae,6303,Yes,Edge,Lower
2016-10-30,3.0,CHI,Junco,hyemalis,Passerellidae,6303,Yes,Edge,Lower
2016-10-31,16.0,CHI,Zonotrichia,albicollis,Passerellidae,10133,Yes,Forest,Lower
2016-10-31,16.0,MP,Junco,hyemalis,Passerellidae,6303,Yes,Edge,Lower
2016-10-31,16.0,CHI,Regulus,satrapa,Regulidae,1029,Yes,Forest,Upper
2016-10-31,16.0,CHI,Regulus,satrapa,Regulidae,1029,Yes,Forest,Upper
2016-10-31,16.0,CHI,Junco,hyemalis,Passerellidae,6303,Yes,Edge,Lower
2016-10-31,16.0,CHI,Catharus,guttatus,Turdidae,3729,Yes,Forest,Lower
2016-10-31,16.0,MP,Junco,hyemalis,Passerellidae,6303,Yes,Edge,Lower
2016-11-01,13.0,MP,Junco,hyemalis,Passerellidae,6303,Yes,Edge,Lower
2016-11-01,13.0,CHI,Regulus,satrapa,Regulidae,1029,Yes,Forest,Upper
2016-11-01,13.0,CHI,Zonotrichia,albicollis,Passerellidae,10133,Yes,Forest,Lower
2016-11-01,13.0,MP,Zonotrichia,leucophrys,Passerellidae,1090,Yes,Edge,Lower
2016-11-01,13.0,MP,Catharus,guttatus,Turdidae,3729,Yes,Forest,Lower
2016-11-01,13.0,MP,Passerella,iliaca,Passerellidae,2443,Yes,Edge,Lower
2016-11-02,17.0,CHI,Junco,hyemalis,Passerellidae,6303,Yes,Edge,Lower
2016-11-02,17.0,CHI,Junco,hyemalis,Passerellidae,6303,Yes,Edge,Lower
2016-11-02,17.0,CHI,Junco,hyemalis,Passerellidae,6303,Yes,Edge,Lower
2016-11-02,17.0,CHI,Junco,hyemalis,Passerellidae,6303,Yes,Edge,Lower
2016-11-02,17.0,CHI,Junco,hyemalis,Passerellidae,6303,Yes,Edge,Lower
2016-11-02,17.0,CHI,Catharus,guttatus,Turdidae,3729,Yes,Forest,Lower
2016-11-02,17.0,CHI,Junco,hyemalis,Passerellidae,6303,Yes,Edge,Lower
2016-11-02,17.0,CHI,Zonotrichia,albicollis,Passerellidae,10133,Yes,Forest,Lower
2016-11-02,17.0,CHI,Junco,hyemalis,Passerellidae,6303,Yes,Edge,Lower
2016-11-02,17.0,CHI,Junco,hyemalis,Passerellidae,6303,Yes,Edge,Lower
2016-11-02,17.0,CHI,Spizelloides,arborea,Passerellidae,1262,Yes,Edge,Lower
2016-11-02,17.0,CHI,Spizelloides,arborea,Passerellidae,1262,Yes,Edge,Lower
2016-11-02,17.0,MP,Spizelloides,arborea,Passerellidae,1262,Yes,Edge,Lower
2016-11-02,17.0,CHI,Zonotrichia,albicollis,Passerellidae,10133,Yes,Forest,Lower
2016-11-02,17.0,CHI,Zonotrichia,albicollis,Passerellidae,10133,Yes,Forest,Lower
2016-11-02,17.0,CHI,Catharus,guttatus,Turdidae,3729,Yes,Forest,Lower
2016-11-02,17.0,CHI,Zonotrichia,albicollis,Passerellidae,10133,Yes,Forest,Lower
2016-11-02,17.0,MP,Junco,hyemalis,Passerellidae,6303,Yes,Edge,Lower
2016-11-02,17.0,MP,Junco,hyemalis,Passerellidae,6303,Yes,Edge,Lower
2016-11-02,17.0,CHI,Junco,hyemalis,Passerellidae,6303,Yes,Edge,Lower
2016-11-02,17.0,MP,Junco,hyemalis,Passerellidae,6303,Yes,Edge,Lower
2016-11-02,17.0,MP,Passerella,iliaca,Passerellidae,2443,Yes,Edge,Lower
2016-11-02,17.0,CHI,Passerella,iliaca,Passerellidae,2443,Yes,Edge,Lower
2016-11-02,17.0,CHI,Passerella,iliaca,Passerellidae,2443,Yes,Edge,Lower
2016-11-02,17.0,CHI,Passerella,iliaca,Passerellidae,2443,Yes,Edge,Lower
2016-11-02,17.0,CHI,Passerella,iliaca,Passerellidae,2443,Yes,Edge,Lower
2016-11-02,17.0,CHI,Passerella,iliaca,Passerellidae,2443,Yes,Edge,Lower
2016-11-02,17.0,CHI,Passerella,iliaca,Passerellidae,2443,Yes,Edge,Lower
2016-11-02,17.0,CHI,Catharus,guttatus,Turdidae,3729,Yes,Forest,Lower
2016-11-02,17.0,CHI,Junco,hyemalis,Passerellidae,6303,Yes,Edge,Lower
2016-11-02,17.0,CHI,Catharus,guttatus,Turdidae,3729,Yes,Forest,Lower
2016-11-02,17.0,MP,Passerella,iliaca,Passerellidae,2443,Yes,Edge,Lower
2016-11-03,17.0,CHI,Catharus,guttatus,Turdidae,3729,Yes,Forest,Lower
2016-11-03,17.0,CHI,Spizelloides,arborea,Passerellidae,1262,Yes,Edge,Lower
2016-11-03,17.0,MP,Junco,hyemalis,Passerellidae,6303,Yes,Edge,Lower
2016-11-03,17.0,MP,Junco,hyemalis,Passerellidae,6303,Yes,Edge,Lower
2016-11-03,17.0,CHI,Junco,hyemalis,Passerellidae,6303,Yes,Edge,Lower
2016-11-03,17.0,CHI,Junco,hyemalis,Passerellidae,6303,Yes,Edge,Lower
2016-11-03,17.0,CHI,troglodytes,hiemalis,Troglodytidae,474,No,Forest,Lower
2016-11-03,17.0,CHI,Zonotrichia,albicollis,Passerellidae,10133,Yes,Forest,Lower
2016-11-03,17.0,MP,Zonotrichia,albicollis,Passerellidae,10133,Yes,Forest,Lower
2016-11-04,14.0,CHI,Junco,hyemalis,Passerellidae,6303,Yes,Edge,Lower
2016-11-04,14.0,MP,Spizelloides,arborea,Passerellidae,1262,Yes,Edge,Lower
2016-11-04,14.0,CHI,Spizelloides,arborea,Passerellidae,1262,Yes,Edge,Lower
2016-11-04,14.0,CHI,Junco,hyemalis,Passerellidae,6303,Yes,Edge,Lower
2016-11-04,14.0,CHI,Junco,hyemalis,Passerellidae,6303,Yes,Edge,Lower
2016-11-04,14.0,CHI,Junco,hyemalis,Passerellidae,6303,Yes,Edge,Lower
2016-11-04,14.0,CHI,Junco,hyemalis,Passerellidae,6303,Yes,Edge,Lower
2016-11-04,14.0,CHI,Passerella,iliaca,Passerellidae,2443,Yes,Edge,Lower
2016-11-04,14.0,CHI,Junco,hyemalis,Passerellidae,6303,Yes,Edge,Lower
2016-11-04,14.0,MP,Junco,hyemalis,Passerellidae,6303,Yes,Edge,Lower
2016-11-05,17.0,CHI,Zonotrichia,albicollis,Passerellidae,10133,Yes,Forest,Lower
2016-11-05,17.0,CHI,Catharus,guttatus,Turdidae,3729,Yes,Forest,Lower
2016-11-05,17.0,MP,Passerella,iliaca,Passerellidae,2443,Yes,Edge,Lower
2016-11-05,17.0,CHI,Catharus,guttatus,Turdidae,3729,Yes,Forest,Lower
2016-11-05,17.0,MP,Catharus,guttatus,Turdidae,3729,Yes,Forest,Lower
2016-11-05,17.0,CHI,Zonotrichia,albicollis,Passerellidae,10133,Yes,Forest,Lower
2016-11-06,17.0,CHI,Passerella,iliaca,Passerellidae,2443,Yes,Edge,Lower
2016-11-06,17.0,MP,Spizelloides,arborea,Passerellidae,1262,Yes,Edge,Lower
2016-11-06,17.0,CHI,Junco,hyemalis,Passerellidae,6303,Yes,Edge,Lower
2016-11-06,17.0,CHI,Junco,hyemalis,Passerellidae,6303,Yes,Edge,Lower
2016-11-06,17.0,CHI,Junco,hyemalis,Passerellidae,6303,Yes,Edge,Lower
2016-11-06,17.0,CHI,Junco,hyemalis,Passerellidae,6303,Yes,Edge,Lower
2016-11-06,17.0,MP,Junco,hyemalis,Passerellidae,6303,Yes,Edge,Lower
2016-11-06,17.0,CHI,Spizelloides,arborea,Passerellidae,1262,Yes,Edge,Lower
2016-11-06,17.0,CHI,Zonotrichia,albicollis,Passerellidae,10133,Yes,Forest,Lower
2016-11-06,17.0,MP,Spizelloides,arborea,Passerellidae,1262,Yes,Edge,Lower
2016-11-06,17.0,CHI,Passerella,iliaca,Passerellidae,2443,Yes,Edge,Lower
2016-11-06,17.0,MP,Junco,hyemalis,Passerellidae,6303,Yes,Edge,Lower
2016-11-07,17.0,CHI,Junco,hyemalis,Passerellidae,6303,Yes,Edge,Lower
2016-11-07,17.0,MP,Junco,hyemalis,Passerellidae,6303,Yes,Edge,Lower
2016-11-07,17.0,CHI,Junco,hyemalis,Passerellidae,6303,Yes,Edge,Lower
2016-11-07,17.0,CHI,Junco,hyemalis,Passerellidae,6303,Yes,Edge,Lower
2016-11-07,17.0,CHI,Junco,hyemalis,Passerellidae,6303,Yes,Edge,Lower
2016-11-07,17.0,CHI,Junco,hyemalis,Passerellidae,6303,Yes,Edge,Lower
2016-11-07,17.0,CHI,Spizelloides,arborea,Passerellidae,1262,Yes,Edge,Lower
2016-11-07,17.0,CHI,Junco,hyemalis,Passerellidae,6303,Yes,Edge,Lower
2016-11-07,17.0,CHI,Catharus,guttatus,Turdidae,3729,Yes,Forest,Lower
2016-11-07,17.0,MP,Zonotrichia,leucophrys,Passerellidae,1090,Yes,Edge,Lower
2016-11-08,14.0,CHI,Zonotrichia,albicollis,Passerellidae,10133,Yes,Forest,Lower
2016-11-08,14.0,MP,Junco,hyemalis,Passerellidae,6303,Yes,Edge,Lower
2016-11-09,14.0,CHI,Setophaga,coronata,Parulidae,887,yes,forest,Upper
2016-11-09,14.0,CHI,Junco,hyemalis,Passerellidae,6303,Yes,Edge,Lower
2016-11-09,14.0,MP,Passerella,iliaca,Passerellidae,2443,Yes,Edge,Lower
2016-11-09,14.0,CHI,Regulus,satrapa,Regulidae,1029,Yes,Forest,Upper
2016-11-09,14.0,CHI,Passerella,iliaca,Passerellidae,2443,Yes,Edge,Lower
2016-11-09,14.0,MP,Passerella,iliaca,Passerellidae,2443,Yes,Edge,Lower
2016-11-09,14.0,CHI,Passerella,iliaca,Passerellidae,2443,Yes,Edge,Lower
2016-11-09,14.0,CHI,Junco,hyemalis,Passerellidae,6303,Yes,Edge,Lower
2016-11-09,14.0,MP,Spizelloides,arborea,Passerellidae,1262,Yes,Edge,Lower
2016-11-10,14.0,MP,Spizelloides,arborea,Passerellidae,1262,Yes,Edge,Lower
2016-11-10,14.0,MP,Spizelloides,arborea,Passerellidae,1262,Yes,Edge,Lower
2016-11-10,14.0,MP,Spizelloides,arborea,Passerellidae,1262,Yes,Edge,Lower
2016-11-10,14.0,MP,Spizelloides,arborea,Passerellidae,1262,Yes,Edge,Lower
2016-11-10,14.0,MP,Spizelloides,arborea,Passerellidae,1262,Yes,Edge,Lower
2016-11-10,14.0,MP,Spizelloides,arborea,Passerellidae,1262,Yes,Edge,Lower
2016-11-11,14.0,CHI,Passerella,iliaca,Passerellidae,2443,Yes,Edge,Lower
2016-11-11,14.0,CHI,Junco,hyemalis,Passerellidae,6303,Yes,Edge,Lower
2016-11-11,14.0,CHI,Junco,hyemalis,Passerellidae,6303,Yes,Edge,Lower
2016-11-11,14.0,CHI,Junco,hyemalis,Passerellidae,6303,Yes,Edge,Lower
2016-11-11,14.0,MP,Junco,hyemalis,Passerellidae,6303,Yes,Edge,Lower
2016-11-12,14.0,CHI,Regulus,satrapa,Regulidae,1029,Yes,Forest,Upper
2016-11-12,14.0,CHI,Spizelloides,arborea,Passerellidae,1262,Yes,Edge,Lower
2016-11-12,14.0,CHI,Junco,hyemalis,Passerellidae,6303,Yes,Edge,Lower
2016-11-12,14.0,CHI,Seiurus,aurocapilla,Parulidae,4580,Yes,Forest,Lower
2016-11-12,14.0,CHI,Junco,hyemalis,Passerellidae,6303,Yes,Edge,Lower
2016-11-13,11.0,CHI,Passerella,iliaca,Passerellidae,2443,Yes,Edge,Lower
2016-11-13,11.0,CHI,Junco,hyemalis,Passerellidae,6303,Yes,Edge,Lower
2016-11-13,11.0,MP,Spizelloides,arborea,Passerellidae,1262,Yes,Edge,Lower
2016-11-14,14.0,CHI,Spizelloides,arborea,Passerellidae,1262,Yes,Edge,Lower
2016-11-16,8.0,CHI,Junco,hyemalis,Passerellidae,6303,Yes,Edge,Lower
2016-11-18,11.0,CHI,Setophaga,coronata,Parulidae,887,yes,forest,Upper
